OptimalFront
unaryHyperVol 290
4
6 9  100 0000101000000100010110000010001100110101000110011001010100000011010000110010100010101000101011110110
4 10  100 0000101000000100010110000010001100110101000110011001010100000011110000110010100010101000101011110110
3 11  100 0000101000000100010110000010001100110101000110011001010100000011011010110010100010101000101011110110
2 12  100 1010101000010001010110000010001100110101000110011001010100000011011010110010100010101000101011110101
-------------------------
runNumber 0
genCount 12174
elapsedTime 599.973
unaryHyperVol 280
binaryHyperVol 4.25
additiveEps 0.333333
entropy 0.449615
archive 0
3
6 10  100 1010101000010001010110000010001100110101000110011001010100000011010000110010100010101000101011110101
4 11  100 1010101000010001010110000010001100110101000110011001010100000011110000110010100010101000101011110101
2 12  100 1010101000010001010110000010001100110101000110011001010100000011011010110010100010101000101011110101
runNumber 1
genCount 11696
elapsedTime 599.928
unaryHyperVol 280
binaryHyperVol 4.25
additiveEps 0.333333
entropy 0.449615
archive 1
3
6 10  100 0000101000010001010110000010001100110101000110011001010100000011010000110010100010101000101011110101
4 11  100 0000101000010001010110000010001100110101000110011001010100000011110000110010100010101000101011110101
2 12  100 0000101000010001010110000010001100110101000110011001010100000011011010110010100010101000101011110101
runNumber 2
genCount 12139
elapsedTime 599.862
unaryHyperVol 280
binaryHyperVol 4.25
additiveEps 0.333333
entropy 0.449615
archive 2
3
6 10  100 1010101000010001010110000010001100110101000110011001010100011011010000110010100010101000101011110110
4 11  100 1010101000010001010110000010001100110101000110010001010100011011010000110010100010101000101011110110
2 12  100 1010101000010001010110000010001100110101000110011001010100011011011010110010100010101000101011110110
runNumber 3
genCount 11917
elapsedTime 599.947
unaryHyperVol 290
binaryHyperVol 0
additiveEps 0
entropy 0.326045
archive 3
4
6 9  100 0000101000000100010110000010001100110101000110011001010100000011010000110010100010101000101011110110
4 10  100 0000101000000100010110000010001100110101000110011001010100000011110000110010100010101000101011110110
3 11  100 0000101000000100010110000010001100110101000110011001010100000011011010110010100010101000101011110110
2 12  100 0000101000010001010110000010001100110101000110011001010100000011011010110010100010101000101011110110
runNumber 4
genCount 11789
elapsedTime 600.35
unaryHyperVol 290
binaryHyperVol 0
additiveEps 0
entropy 0.326045
archive 4
4
6 9  100 0000101000000100010110000010001100110101000110011001010100000011010000110010100010101000101011110110
4 10  100 0000101000000100010110000010001100110101000110011001010100000011110000110010100010101000101011110110
3 11  100 0000101000000100010110000010001100110101000110011001010100000011011010110010100010101000101011110110
2 12  100 0000101000010001010110000010001100110101000110011001010100000011011010110010100010101000101011110110
runNumber 5
genCount 11780
elapsedTime 600
unaryHyperVol 290
binaryHyperVol 0
additiveEps 0
entropy 0.326045
archive 5
4
6 9  100 0000101000000100010110000010001100110101000110011001010100000011010000110010100010101000101011110110
4 10  100 0000101000000100010110000010001100110101000110010001010100000011010000110010100010101000101011110110
3 11  100 0000101000000100010110000010001100110101000110011001010100000011011010110010100010101000101011110110
2 12  100 0000101000010001010110000010001100110101000110011001010100000011011010110010100010101000101011110110
runNumber 6
genCount 11855
elapsedTime 599.938
unaryHyperVol 290
binaryHyperVol 0
additiveEps 0
entropy 0.326045
archive 6
4
6 9  100 0000101000000100010110000010001100110101000110011001010100011011010000110010100010101000101011110101
4 10  100 0000101000000100010110000010001100110101000110010001010100011011010000110010100010101000101011110101
3 11  100 0000101000000100010110000010001100110101000110011001010100011011011010110010100010101000101011110101
2 12  100 0000101000010001010110000010001100110101000110011001010100011011011010110010100010101000101011110101
runNumber 7
genCount 11732
elapsedTime 599.698
unaryHyperVol 290
binaryHyperVol 0
additiveEps 0
entropy 0.326045
archive 7
4
6 9  100 0000101000000100010110000010001100110101000110011001010100011011010000110010100010101000101011110110
4 10  100 0000101000000100010110000010001100110101000110010001010100011011010000110010100010101000101011110110
3 11  100 0000101000000100010110000010001100110101000110011001010100011011011010110010100010101000101011110110
2 12  100 0000101000010001010110000010001100110101000110011001010100011011011010110010100010101000101011110110
runNumber 8
genCount 12000
elapsedTime 599.866
unaryHyperVol 289
binaryHyperVol 0.0833333
additiveEps 0.25
entropy 0.46166
archive 8
3
6 9  100 1010101000000101010110000010000000110101000110011001010100011011010000110010100010101000101011110110
4 10  100 1010101000000101010110000010000000110101000110010001010100011011010000110010100010101000101011110110
2 12  100 1010101000010001010110000010001100110101000110011001010100011011011010110010100010101000101011110110
runNumber 9
genCount 12142
elapsedTime 599.889
unaryHyperVol 290
binaryHyperVol 0
additiveEps 0
entropy 0.326045
archive 9
4
6 9  100 0000101000000100010110000010001100110101000110011001010100011011010000110010100010101000101011110101
4 10  100 0000101000000100010110000010001100110101000110010001010100011011010000110010100010101000101011110101
3 11  100 0000101000000100010110000010001100110101000110011001010100011011011010110010100010101000101011110101
2 12  100 0000101000010001010110000010001100110101000110011001010100011011011010110010100010101000101011110101
runNumber 10
genCount 12035
elapsedTime 599.544
unaryHyperVol 290
binaryHyperVol 0
additiveEps 0
entropy 0.326045
archive 10
4
6 9  100 0000101000000100010110000010001100110101000110011001010100000011010000110010100010101000101011110110
4 10  100 0000101000000100010110000010001100110101000110011001010100000011110000110010100010101000101011110110
3 11  100 0000101000000100010110000010001100110101000110011001010100000011011010110010100010101000101011110110
2 12  100 0000101000010001010110000010001100110101000110011001010100000011011010110010100010101000101011110110
runNumber 11
genCount 12033
elapsedTime 600.428
unaryHyperVol 287
binaryHyperVol 0.25
additiveEps 0.333333
entropy 0.466276
archive 11
3
6 9  100 1010101000000111010110000010001100110101000110011001010100011011010000110010100010101000101011110100
4 11  100 1010101000010001010110000010001100110101000110010001010100011011010000110010100010101000101011110110
2 12  100 1010101000010001010110000010001100110101000110011001010100011011011010110010100010101000101011110110
runNumber 12
genCount 12467
elapsedTime 599.557
unaryHyperVol 290
binaryHyperVol 0
additiveEps 0
entropy 0.326045
archive 12
4
6 9  100 0000101000000100010110000010001100110101000110011001010100011011010000110010100010101000101011110101
4 10  100 0000101000000100010110000010001100110101000110010001010100011011010000110010100010101000101011110101
3 11  100 0000101000000100010110000010001100110101000110011001010100011011011010110010100010101000101011110101
2 12  100 0000101000010001010110000010001100110101000110011001010100011011011010110010100010101000101011110101
runNumber 13
genCount 11773
elapsedTime 600.03
unaryHyperVol 287
binaryHyperVol 0.25
additiveEps 0.333333
entropy 0.466276
archive 13
3
6 9  100 1010101000000111010110000010001100110101000110011001010100000011010000110010100010101000101011110110
4 11  100 1010101000010001010110000010001100110101000110011001010100000011110000110010100010101000101011110110
2 12  100 1010101000010001010110000010001100110101000110011001010100000011011010110010100010101000101011110110
runNumber 14
genCount 11862
elapsedTime 599.994
unaryHyperVol 290
binaryHyperVol 0
additiveEps 0
entropy 0.326045
archive 14
4
6 9  100 0000101000000100010110000010001100110101000110011001010100000011010000110010100010101000101011110101
4 10  100 0000101000000100010110000010001100110101000110011001010100000011110000110010100010101000101011110101
3 11  100 0000101000000100010110000010001100110101000110011001010100000011011010110010100010101000101011110101
2 12  100 0000101000010001010110000010001100110101000110011001010100000011011010110010100010101000101011110101
runNumber 15
genCount 12094
elapsedTime 599.995
unaryHyperVol 290
binaryHyperVol 0
additiveEps 0
entropy 0.326045
archive 15
4
6 9  100 0000101000000100010110000010001100110101000110011001010100000011010000110010100010101000101011110101
4 10  100 0000101000000100010110000010001100110101000110010001010100011011010000110010100010101000101011110101
3 11  100 0000101000000100010110000010001100110101000110011001010100011011011010110010100010101000101011110101
2 12  100 0000101000010001010110000010001100110101000110011001010100011011011010110010100010101000101011110101
runNumber 16
genCount 12144
elapsedTime 599.896
unaryHyperVol 290
binaryHyperVol 0
additiveEps 0
entropy 0.326045
archive 16
4
6 9  100 0000101000000100010110000010001100110101000110011001010100011011010000110010100010101000101011110110
4 10  100 0000101000000100010110000010001100110101000110010001010100011011010000110010100010101000101011110110
3 11  100 0000011000000100010110000010001100110101000110011001010100011011011010110010100010101000101011110110
2 12  100 0000101000010001010110000010001100110101000110011001010100011011011010110010100010101000101011110110
runNumber 17
genCount 11937
elapsedTime 600.009
unaryHyperVol 290
binaryHyperVol 0
additiveEps 0
entropy 0.326045
archive 17
4
6 9  100 0000101000000100010110000010001100110101000110011001010100000011010000110010100010101000101011110110
4 10  100 0000101000000100010110000010001100110101000110011001010100000011110000110010100010101000101011110110
3 11  100 0000101000000100010110000010001100110101000110011001010100000011011010110010100010101000101011110110
2 12  100 0000101000010001010110000010001100110101000110011001010100000011011010110010100010101000101011110110
runNumber 18
genCount 11598
elapsedTime 599.677
unaryHyperVol 280
binaryHyperVol 4.25
additiveEps 0.333333
entropy 0.449615
archive 18
3
6 10  100 1010101000010001010110000010001100110101000110011001010100011011010000110010100010101000101011110110
4 11  100 1010101000010001010110000010001100110101000110010001010100011011010000110010100010101000101011110110
2 12  100 1010101000010001010110000010001100110101000110011001010100011011011010110010100010101000101011110110
runNumber 19
genCount 11738
elapsedTime 599.953
unaryHyperVol 289
binaryHyperVol 0.0833333
additiveEps 0.25
entropy 0.46166
archive 19
3
6 9  100 1010101000000101010110000010000000110101000110011001010100011011010000110010100010101000101011110101
4 10  100 1010101000000101010110000010000000110101000110010001010100011011010000110010100010101000101011110101
2 12  100 1010101000010001010110000010001100110101000110011001010100011011011010110010100010101000101011110101
runNumber 20
genCount 11924
elapsedTime 599.929
unaryHyperVol 290
binaryHyperVol 0
additiveEps 0
entropy 0.326045
archive 20
4
6 9  100 0000101000000100010110000010001100110101000110011001010100011011010000110010100010101000101011110101
4 10  100 0000101000000100010110000010001100110101000110010001010100011011010000110010100010101000101011110101
3 11  100 0000101000000100010110000010001100110101000110011001010100011011011010110010100010101000101011110101
2 12  100 0000101000010001010110000010001100110101000110011001010100011011011010110010100010101000101011110101
runNumber 21
genCount 11736
elapsedTime 599.967
unaryHyperVol 290
binaryHyperVol 0
additiveEps 0
entropy 0.326045
archive 21
4
6 9  100 0000101000000100010110000010001100110101000110011001010100011011010000110010100010101000101011110110
4 10  100 0000101000000100010110000010001100110101000110010001010100011011010000110010100010101000101011110110
3 11  100 0000101000000100010110000010001100110101000110011001010100011011011010110010100010101000101011110110
2 12  100 0000101000010001010110000010001100110101000110011001010100011011011010110010100010101000101011110110
runNumber 22
genCount 11914
elapsedTime 599.927
unaryHyperVol 290
binaryHyperVol 0
additiveEps 0
entropy 0.326045
archive 22
4
6 9  100 0000101000000100010110000010001100110101000110011001010100000011010000110010100010101000101011110110
4 10  100 0000101000000100010110000010001100110101000110011001010100000011110000110010100010101000101011110110
3 11  100 0000101000000100010110000010001100110101000110011001010100000011011010110010100010101000101011110110
2 12  100 0000101000010001010110000010001100110101000110011001010100000011011010110010100010101000101011110110
runNumber 23
genCount 11819
elapsedTime 599.578
unaryHyperVol 290
binaryHyperVol 0
additiveEps 0
entropy 0.326045
archive 23
4
6 9  100 0000101000000100010110000010001100110101000110011001010100000011010000110010100010101000101011110110
4 10  100 0000101000000100010110000010001100110101000110011001010100000011110000110010100010101000101011110110
3 11  100 0000101000000100010110000010001100110101000110011001010100000011011010110010100010101000101011110110
2 12  100 0000101000010001010110000010001100110101000110011001010100000011011010110010100010101000101011110110
runNumber 24
genCount 11800
elapsedTime 599.784
unaryHyperVol 290
binaryHyperVol 0
additiveEps 0
entropy 0.326045
archive 24
4
6 9  100 0000101000000100010110000010001100110101000110011001010100000011010000110010100010101000101011110110
4 10  100 0000101000000100010110000010001100110101000110011001010100000011110000110010100010101000101011110110
3 11  100 0000101000000100010110000010001100110101000110011001010100000011011010110010100010101000101011110110
2 12  100 0000101000010001010110000010001100110101000110011001010100000011011010110010100010101000101011110110
runNumber 25
genCount 11862
elapsedTime 599.761
unaryHyperVol 287
binaryHyperVol 0.25
additiveEps 0.333333
entropy 0.466276
archive 25
3
6 9  100 1010101000000111010110000010001100110101000110011001010100000011010000110010100010101000101011110110
4 11  100 1010101000010001010110000010001100110101000110011001010100000011110000110010100010101000101011110110
2 12  100 1010101000010001010110000010001100110101000110011001010100000011011010110010100010101000101011110110
runNumber 26
genCount 11890
elapsedTime 599.831
unaryHyperVol 290
binaryHyperVol 0
additiveEps 0
entropy 0.326045
archive 26
4
6 9  100 0000101000000100010110000010001100110101000110011001010100011011010000110010100010101000101011110110
4 10  100 0000101000000100010110000010001100110101000110010001010100011011010000110010100010101000101011110110
3 11  100 0000101000000100010110000010001100110101000110011001010100011011011010110010100010101000101011110110
2 12  100 0000101000010001010110000010001100110101000110011001010100011011011010110010100010101000101011110110
runNumber 27
genCount 12036
elapsedTime 599.883
unaryHyperVol 290
binaryHyperVol 0
additiveEps 0
entropy 0.326045
archive 27
4
6 9  100 0000101000000100010110000010001100110101000110011001010100000011010000110010100010101000101011110110
4 10  100 0000101000000100010110000010001100110101000110011001010100000011110000110010100010101000101011110110
3 11  100 0000101000000100010110000010001100110101000110011001010100000011011010110010100010101000101011110110
2 12  100 0000101000010001010110000010001100110101000110011001010100000011011010110010100010101000101011110110
runNumber 28
genCount 11929
elapsedTime 599.376
unaryHyperVol 280
binaryHyperVol 4.25
additiveEps 0.333333
entropy 0.449615
archive 28
3
6 10  100 0000101000010001010110000010001100110101000110011001010100011011010000110010100010101000101011110110
4 11  100 0000101000010001010110000010001100110101000110011001010100000011110000110010100010101000101011110110
2 12  100 0000101000010001010110000010001100110101000110011001010100000011011010110010100010101000101011110110
runNumber 29
genCount 12099
elapsedTime 599.473
unaryHyperVol 289
binaryHyperVol 0.0833333
additiveEps 0.25
entropy 0.46166
archive 29
3
6 9  100 1010101000000101010110000010000000110101000110011001010100011011010000110010100010101000101011110110
4 10  100 1010101000000101010110000010000000110101000110010001010100011011010000110010100010101000101011110110
2 12  100 1010101000010001010110000010001100110101000110011001010100011011011010110010100010101000101011110110
