OptimalFront
unaryHyperVol 343
3
5 11  100 1000011100001010011001001010101110100100010010000010101101101001101010000100000100101000110100001001
4 12  100 1000011100001010011001001010101110100100010010000010101101101001101010000100000100101000010100001001
3 15  100 1000001100010010010000011010101110100100010000000010101101101001101010000100010100101000010111001001
-------------------------
runNumber 0
genCount 12211
elapsedTime 599.417
unaryHyperVol 310
binaryHyperVol 10.875
additiveEps 0.75
entropy 0.509891
archive 0
2
5 14  100 1000001100010010010000011010101110100100010000000010101101101001101010000100010100101000110111001001
3 15  100 1000001100010010010000011010101110100100010000000010101101101001101010000100010100101000010111001001
runNumber 1
genCount 11786
elapsedTime 599.94
unaryHyperVol 321
binaryHyperVol 7.25
additiveEps 0.5
entropy 0.470519
archive 1
3
5 13  100 1000011100010010011001001010101110100100010010000010101101101001101010000100010100101000110111001001
4 14  100 1000011100010010011001001010101110100100010010000010101101101001101010000100010100101000010111001001
3 15  100 1000010100010010011001001010101110100100010010000010101101101001101010000100010100101000010111001001
runNumber 2
genCount 11857
elapsedTime 600.029
unaryHyperVol 321
binaryHyperVol 7.25
additiveEps 0.5
entropy 0.470519
archive 2
3
5 13  100 1000011100010010011001001010101110100100010010000010101101101001101010000100010100101000110111001001
4 14  100 1000011100010010011001001010101110100100010000000010101101101001101010000100010100101000010111001001
3 15  100 1000010100010010011001001010101110100100010000000010101101101001101010000100010100101000010111001001
runNumber 3
genCount 11802
elapsedTime 599.906
unaryHyperVol 321
binaryHyperVol 7.25
additiveEps 0.5
entropy 0.470519
archive 3
3
5 13  100 1000011100010100011001001010101110100100010010000010101101101001101010000111100100101000110111001001
4 14  100 1000011100010100011001001010101110100100010010000010101101101001101010000111100100101000010111001001
3 15  100 1000010100010100011001001010101110100100010010000010101101101001101010000111100100101000010111001001
runNumber 4
genCount 12105
elapsedTime 599.956
unaryHyperVol 298
binaryHyperVol 11.7
additiveEps 0.8
entropy 0.49717
archive 4
2
5 15  100 1000011100010100011010011010101110100100010000000010101101101001101010000111100100010000110111001001
3 16  100 1000011100010100011010011010101110100100010010000010101101101001101010000111100100010000010111001001
runNumber 5
genCount 12114
elapsedTime 599.984
unaryHyperVol 298
binaryHyperVol 11.7
additiveEps 0.8
entropy 0.49717
archive 5
2
5 15  100 1000011100010010011010011010101110100100010000000010101101101001101010000100010100010000110111001001
3 16  100 1000011100010010011010011010101110100100010000000010101101101001101010000100010100010000111011001001
runNumber 6
genCount 11675
elapsedTime 599.951
unaryHyperVol 321
binaryHyperVol 7.25
additiveEps 0.5
entropy 0.470519
archive 6
3
5 13  100 1000011100010010011001001010101110100100010010000010101101101001101010000100010100101000110111001001
4 14  100 1000011100010010011001001010101110100100010010000010101101101001101010000100010100101000010111001001
3 15  100 1000010100010010011001001010101110100100010010000010101101101001101010000100010100101000010111001001
runNumber 7
genCount 11897
elapsedTime 600.033
unaryHyperVol 321
binaryHyperVol 7.25
additiveEps 0.5
entropy 0.470519
archive 7
3
5 13  100 1000011100000100011001001010101110100100010010000010101101101001101010000100010100101000110111001001
4 14  100 1000011100000100011001001010101110100100010010000010101101101001101010000100010100101000010111001001
3 15  100 1000010100000100011001001010101110100100010010000010101101101001101010000100010100101000010111001001
runNumber 8
genCount 12028
elapsedTime 599.972
unaryHyperVol 321
binaryHyperVol 7.25
additiveEps 0.5
entropy 0.470519
archive 8
3
5 13  100 1000011100010010011001001010101110100100010010000010101101101001101010000100010100101000110111001001
4 14  100 1000011100010010011001001010101110100100010010000010101101101001101010000100010100101000010111001001
3 15  100 1000010100010010011001001010101110100100010010000010101101101001101010000100010100101000010111001001
runNumber 9
genCount 11962
elapsedTime 599.945
unaryHyperVol 321
binaryHyperVol 7.25
additiveEps 0.5
entropy 0.470519
archive 9
3
5 13  100 1000011100010010011001001010101110100100010000000010101101101001101010000100010100101000110111001001
4 14  100 1000011100010010011001001010101110100100010010000010101101101001101010000100010100101000010111001001
3 15  100 1000010100010010011001001010101110100100010010000010101101101001101010000100010100101000010111001001
runNumber 10
genCount 11948
elapsedTime 600
unaryHyperVol 321
binaryHyperVol 7.25
additiveEps 0.5
entropy 0.470519
archive 10
3
5 13  100 1000011100010010011001001010101110100100010000000010101101101001101010000100010100101000110111001001
4 14  100 1000011100010010011001001010101110100100010000000010101101101001101010000100010100101000010111001001
3 15  100 1000010100010010011001001010101110100100010000000010101101101001101010000100010100101000010111001001
runNumber 11
genCount 12240
elapsedTime 599.976
unaryHyperVol 310
binaryHyperVol 10.875
additiveEps 0.75
entropy 0.509891
archive 11
2
5 14  100 1000001100010010010000011010101110100100010010000010101101101001101010000100010100101000110111001001
3 15  100 1000001100010010010000011010101110100100010010000010101101101001101010000100010100101000010111001001
runNumber 12
genCount 12149
elapsedTime 599.974
unaryHyperVol 310
binaryHyperVol 10.875
additiveEps 0.75
entropy 0.509891
archive 12
2
5 14  100 1000001100010010010000011010101110100100010000000010101101101001101010000100010100101000110111001001
3 15  100 1000001100010010010000011010101110100100010010000010101101101001101010000100010100101000010111001001
runNumber 13
genCount 11886
elapsedTime 599.996
unaryHyperVol 321
binaryHyperVol 7.25
additiveEps 0.5
entropy 0.470519
archive 13
3
5 13  100 1000011100010010011001001010101110100100010000000010101101101001101010000100010100101000110111001001
4 14  100 1000011100010010011001001010101110100100010010000010101101101001101010000100010100101000010111001001
3 15  100 1000010100010010011001001010101110100100010000000010101101101001101010000100010100101000010111001001
runNumber 14
genCount 11710
elapsedTime 600.005
unaryHyperVol 321
binaryHyperVol 7.25
additiveEps 0.5
entropy 0.470519
archive 14
3
5 13  100 1000011100010010011001001010101110100100010010000010101101101001101010000100010100101000110111001001
4 14  100 1000011100010010011001001010101110100100010010000010101101101001101010000100010100101000010111001001
3 15  100 1000010100010010011001001010101110100100010010000010101101101001101010000100010100101000010111001001
runNumber 15
genCount 11931
elapsedTime 599.942
unaryHyperVol 321
binaryHyperVol 7.25
additiveEps 0.5
entropy 0.470519
archive 15
3
5 13  100 1000011100010010011001001010101110100100010010000010101101101001101010000100010100101000110111001001
4 14  100 1000011100010010011001001010101110100100010010000010101101101001101010000100010100101000010111001001
3 15  100 1000010100010010011001001010101110100100010010000010101101101001101010000100010100101000010111001001
runNumber 16
genCount 12167
elapsedTime 599.974
unaryHyperVol 310
binaryHyperVol 10.875
additiveEps 0.75
entropy 0.509891
archive 16
2
5 14  100 1000001100010010010000011010101110100100010000000010101101101001101010000100010100101000110111001001
3 15  100 1000001100010010010000011010101110100100010000000010101101101001101010000100010100101000010111001001
runNumber 17
genCount 12061
elapsedTime 600.022
unaryHyperVol 321
binaryHyperVol 7.25
additiveEps 0.5
entropy 0.470519
archive 17
3
5 13  100 1000011100010010011001001010101110100100010000000010101101101001101010000100010100101000110111001001
4 14  100 1000011100010010011001001010101110100100010000000010101101101001101010000100010100101000010111001001
3 15  100 1000010100010010011001001010101110100100010010000010101101101001101010000100010100101000010111001001
runNumber 18
genCount 12367
elapsedTime 599.953
unaryHyperVol 298
binaryHyperVol 11.7
additiveEps 0.8
entropy 0.49717
archive 18
2
5 15  100 1000011100010010011010011010101110100100010010000010101101101001101010000100010100010000110111001001
3 16  100 1000011100010010011010011010101110100100010000000010101101101001101010000100010100010000111011001001
runNumber 19
genCount 12156
elapsedTime 599.948
unaryHyperVol 310
binaryHyperVol 10.875
additiveEps 0.75
entropy 0.509891
archive 19
2
5 14  100 1000001100010100010000011010101110100100010010000010101101101001101010000111100100101000110111001001
3 15  100 1000001100010100010000011010101110100100010010000010101101101001101010000111100100101000010111001001
runNumber 20
genCount 12306
elapsedTime 600.012
unaryHyperVol 310
binaryHyperVol 10.875
additiveEps 0.75
entropy 0.509891
archive 20
2
5 14  100 1000001100010010010000011010101110100100010000000010101101101001101010000100010100101000110111001001
3 15  100 1000001100010010010000011010101110100100010000000010101101101001101010000100010100101000010111001001
runNumber 21
genCount 12247
elapsedTime 599.965
unaryHyperVol 298
binaryHyperVol 11.7
additiveEps 0.8
entropy 0.49717
archive 21
2
5 15  100 1000011100010010011010011010101110100100010000000010101101101001101010000100010100010000110111001001
3 16  100 1000011100010010011010011010101110100100010000000010101101101001101010000100010100010000010111001001
runNumber 22
genCount 11402
elapsedTime 599.953
unaryHyperVol 332
binaryHyperVol 3.625
additiveEps 0.25
entropy 0.461422
archive 22
3
5 12  100 1000001100001010010000011010101110100100010000000010101101101001101010000100000100101000110100001001
4 13  100 1000001100001010010000011010101110100100010000000010101101101001101010000100000100101000010100001001
3 15  100 1000001100010010010000011010101110100100010000000010101101101001101010000100010100101000010111001001
runNumber 23
genCount 12157
elapsedTime 599.958
unaryHyperVol 310
binaryHyperVol 10.875
additiveEps 0.75
entropy 0.509891
archive 23
2
5 14  100 1000001100010010010000011010101110100100010010000010101101101001101010000100010100101000110111001001
3 15  100 1000001100010010010000011010101110100100010000000010101101101001101010000100010100101000010111001001
runNumber 24
genCount 11892
elapsedTime 599.963
unaryHyperVol 321
binaryHyperVol 7.25
additiveEps 0.5
entropy 0.470519
archive 24
3
5 13  100 1000011100010010011001001010101110100100010000000010101101101001101010000100010100101000110111001001
4 14  100 1000011100010010011001001010101110100100010010000010101101101001101010000100010100101000010111001001
3 15  100 1000010100010010011001001010101110100100010000000010101101101001101010000100010100101000010111001001
runNumber 25
genCount 11897
elapsedTime 599.952
unaryHyperVol 332
binaryHyperVol 3.625
additiveEps 0.25
entropy 0.461422
archive 25
3
5 12  100 1000001100001010010000011010101110100100010000000010101101101001101010000100000100101000110100001001
4 13  100 1000001100001010010000011010101110100100010000000010101101101001101010000100000100101000010100001001
3 15  100 1000001100010010010000011010101110100100010000000010101101101001101010000100010100101000010111001001
runNumber 26
genCount 12622
elapsedTime 599.963
unaryHyperVol 310
binaryHyperVol 10.875
additiveEps 0.75
entropy 0.509891
archive 26
2
5 14  100 1000001100010010010000011010101110100100010000000010101101101001101010000100010100101000110111001001
3 15  100 1000001100010010010000011010101110100100010010000010101101101001101010000100010100101000010111001001
runNumber 27
genCount 11906
elapsedTime 599.973
unaryHyperVol 343
binaryHyperVol 0
additiveEps 0
entropy 0.270001
archive 27
3
5 11  100 1000011100001010011001001010101110100100010010000010101101101001101010000100000100101000110100001001
4 12  100 1000011100001010011001001010101110100100010010000010101101101001101010000100000100101000010100001001
3 15  100 1000010100010010011001001010101110100100010000000010101101101001101010000100010100101000010111001001
runNumber 28
genCount 12254
elapsedTime 599.984
unaryHyperVol 310
binaryHyperVol 10.875
additiveEps 0.75
entropy 0.509891
archive 28
2
5 14  100 1000001100010010010000011010101110100100010000000010101101101001101010000100010100101000110111001001
3 15  100 1000001100010010010000011010101110100100010000000010101101101001101010000100010100101000010111001001
runNumber 29
genCount 12296
elapsedTime 599.964
unaryHyperVol 298
binaryHyperVol 11.7
additiveEps 0.8
entropy 0.49717
archive 29
2
5 15  100 1000011100010010011010011010101110100100010000000010101101101001101010000100010100010000110111001001
3 16  100 1000011100010010011010011010101110100100010000000010101101101001101010000100010100010000010111001001
