OptimalFront
unaryHyperVol 259
2
5 10  100 0000000100100100010001000010001100010101000101011001010100100011010000110001100010101000101011110111
3 11  100 0000000100100100010001000010001100010101000101011001010100100011011000110001100010101000101011110111
-------------------------
runNumber 0
genCount 12059
elapsedTime 599.481
unaryHyperVol 259
binaryHyperVol 0
additiveEps 0
entropy 0.326634
archive 0
2
5 10  100 0000000100100100010001000010001100010101000101011001010100100011010000110001100010101000101011110111
3 11  100 0000000100100100010001000010001100010101000101011001010100100011011000110001100010101000101011110111
runNumber 1
genCount 11277
elapsedTime 599.798
unaryHyperVol 218
binaryHyperVol 12.3
additiveEps 0.5
entropy 0.488319
archive 1
3
7 11  100 0110001000010001010110000010001100010101000101011001010100100011010000010001100001010100101011110111
5 12  100 0110001001010001010110000010001100010101000101011001010100100011010000010001100001010100101011110111
4 15  100 0110001001010001010110000010001100010101000101011001010100100011011000010001100000010000101011010011
runNumber 2
genCount 11837
elapsedTime 599.888
unaryHyperVol 205
binaryHyperVol 25.3333
additiveEps 0.833333
entropy 0.509891
archive 2
2
5 13  100 0000001000101001010000000010001100010101000101011001010100100011010000110000000001010100101011110111
4 16  100 0000001000101001010000000010001100010101000101011001010100100011011000110000000000010100101011010011
runNumber 3
genCount 11811
elapsedTime 599.873
unaryHyperVol 247
binaryHyperVol 2.7
additiveEps 0.5
entropy 0.442186
archive 3
3
5 11  100 1010001000100101010000000010000000010101000101011001010100010111010000110001100010100001101011110111
4 12  100 1010001000100101010000000010000000010101000101011001010100010111011000110001100010100001101011110111
3 15  100 0000001000101001010000000010001100010101000101011001010100010111011000110000000010100001101011110101
runNumber 4
genCount 11927
elapsedTime 599.583
unaryHyperVol 231
binaryHyperVol 7.3
additiveEps 0.6
entropy 0.5994
archive 4
3
5 13  100 0000001000101001010000000010001100010101000101011001010100100011010000110000000010100001101011110111
4 14  100 0000001000101001010000000010001100010101000101011001010100100011011000110000000010100001101011110111
3 15  100 0000001000101001010000000010001100010101000101011001010100100011011000110000000010100001101011110101
runNumber 5
genCount 11430
elapsedTime 600.904
unaryHyperVol 255
binaryHyperVol 0.444444
additiveEps 0.333333
entropy 0.51441
archive 5
4
6 10  100 1010000100100111010000000010001100010101000101011001010100100011010000110001100010101000101011110111
5 11  100 1010000100100111000001000010001100010101000101011001010100100011010000110001100010101000101011110111
4 12  100 1010000100100111000001000010001100010101000101011001010100100011011000110001100010101000101011110111
3 13  100 0110000101010001010001000010001100010101000101011001010100100011011000110001100010101000101011110111
runNumber 6
genCount 11719
elapsedTime 599.661
unaryHyperVol 259
binaryHyperVol 0
additiveEps 0
entropy 0.326634
archive 6
2
5 10  100 0000000100100100010001000010001100010101000101011001010100010111010000110001100010101000101011110111
3 11  100 0000000100100100010001000010001100010101000101011001010100010111011000110001100010101000101011110111
runNumber 7
genCount 12206
elapsedTime 599.834
unaryHyperVol 249
binaryHyperVol 4.16667
additiveEps 0.5
entropy 0.428269
archive 7
3
5 11  100 0000001000100100010000000010001100010101000101011001010100100011010000110001100010100001101011110111
4 12  100 0000001000100100010000000010001100010101000101011001010100100011011000110001100010100001101011110111
3 13  100 0000001000100100010000000010001100010101000101011001010100100011011000110001100010100001101011110101
runNumber 8
genCount 11724
elapsedTime 599.873
unaryHyperVol 259
binaryHyperVol 0
additiveEps 0
entropy 0.326634
archive 8
2
5 10  100 0000000100100100010001000010001100010101000101011001010100100011010000110001100010101000101011110111
3 11  100 0000000100100100010001000010001100010101000101011001010100100011011000110001100010101000101011110111
runNumber 9
genCount 11857
elapsedTime 599.887
unaryHyperVol 241
binaryHyperVol 8
additiveEps 0.666667
entropy 0.509891
archive 9
2
5 12  100 1010000100101001010001000010001100010101000101011001010100100011010000110000000010101000101011110111
3 13  100 1010000100101001010001000010001100010101000101011001010100100011011000110000000010101000101011110111
runNumber 10
genCount 11967
elapsedTime 599.845
unaryHyperVol 249
binaryHyperVol 4.16667
additiveEps 0.5
entropy 0.428269
archive 10
3
5 11  100 0000001000100100010000000010001100010101000101011001010100100011010000110001100010100001101011110111
4 12  100 0000001000100100010000000010001100010101000101011001010100100011011000110001100010100001101011110111
3 13  100 0000001000100100010000000010001100010101000101011001010100100011011000110001100010100001101011110101
runNumber 11
genCount 12017
elapsedTime 599.628
unaryHyperVol 199
binaryHyperVol 28.6
additiveEps 0.8
entropy 0.509891
archive 11
2
5 14  100 1010000111010001010000010010001100010101000101011001010100010111010000010001100010100000101011110111
4 15  100 1010000111010001010000010010001100010101000101011001010100010111011000010001100010100000101011110111
runNumber 12
genCount 12245
elapsedTime 599.883
unaryHyperVol 207
binaryHyperVol 28
additiveEps 0.75
entropy 0.509891
archive 12
2
5 13  100 0000001000100100011100000010001100010101000101011001010100010111010000110001100000010100101011010011
4 14  100 0000001000100100011100000010001100010101000101010001010100010111010000110001100000010100101011010011
runNumber 13
genCount 11579
elapsedTime 599.868
unaryHyperVol 259
binaryHyperVol 0
additiveEps 0
entropy 0.326634
archive 13
2
5 10  100 0000000100100100010001000010001100010101000101011001010100100011010000110001100010101000101011110111
3 11  100 0000000100100100010001000010001100010101000101011001010100100011011000110001100010101000101011110111
runNumber 14
genCount 11340
elapsedTime 599.888
unaryHyperVol 246
binaryHyperVol 4.33333
additiveEps 0.5
entropy 0.459066
archive 14
3
7 11  100 0110000100010001010001000010001100010101000101011001010100100011010000110001100010101000101011110111
5 12  100 0110000101010001010001000010001100010101000101011001010100100011010000110001100010101000101011110111
3 13  100 0110000101010001010001000010001100010101000101011001010100100011011000110001100010101000101011110111
runNumber 15
genCount 11510
elapsedTime 599.683
unaryHyperVol 231
binaryHyperVol 7.3
additiveEps 0.6
entropy 0.599401
archive 15
3
5 13  100 0000001000101001010000000010001100010101000101011001010100100011010000110000000010100001101011110111
4 14  100 0000001000101001010000000010001100010101000101011001010100100011011000110000000010100001101011110111
3 15  100 0000001000101001010000000010001100010101000101011001010100100011011000110000000010100001101011110101
runNumber 16
genCount 11219
elapsedTime 599.534
unaryHyperVol 246
binaryHyperVol 4.33333
additiveEps 0.5
entropy 0.459066
archive 16
3
7 11  100 0110000100010001010001000010001100010101000101011001010100100011010000110001100010101000101011110111
5 12  100 0110000101010001010001000010001100010101000101011001010100100011010000110001100010101000101011110111
3 13  100 0110000101010001010001000010001100010101000101011001010100100011011000110001100010101000101011110111
runNumber 17
genCount 11760
elapsedTime 599.557
unaryHyperVol 249
binaryHyperVol 4.16667
additiveEps 0.5
entropy 0.428269
archive 17
3
5 11  100 0000001000100100010000000010001100010101000101011001010100100011010000110001100010100001101011110111
4 12  100 0000001000100100010000000010001100010101000101011001010100100011011000110001100010100001101011110111
3 13  100 0000001000100100010000000010001100010101000101011001010100100011011000110001100010100001101011110101
runNumber 18
genCount 11578
elapsedTime 599.672
unaryHyperVol 221
binaryHyperVol 17
additiveEps 0.666667
entropy 0.456486
archive 18
3
6 11  100 1010001000100111010000000010001100010101000101011001010100100011010000010001100010100000101011110111
5 12  100 1010001000100111000000000010001100010101000101011001010100100011010000010001100010100000101011110111
4 13  100 1010001000100111000000000010001100010101000101010001010100100011010000010001100010100000101011110111
runNumber 19
genCount 11684
elapsedTime 599.668
unaryHyperVol 231
binaryHyperVol 7.3
additiveEps 0.6
entropy 0.5994
archive 19
3
5 13  100 1010001000101001010000000010001100010101000101011001010100100011010000110000000010100001101011110111
4 14  100 1010001000101001010000000010001100010101000101011001010100100011011000110000000010100001101011110111
3 15  100 1010001000101001010000000010001100010101000101011001010100100011011000110000000010100001101011110101
runNumber 20
genCount 11340
elapsedTime 600.07
unaryHyperVol 246
binaryHyperVol 4.33333
additiveEps 0.5
entropy 0.459066
archive 20
3
7 11  100 0110000100010001010001000010001100010101000101011001010100000011010000110001100010101000101011110111
5 12  100 0110000101010001010001000010001100010101000101011001010100100011010000110001100010101000101011110111
3 13  100 0110000101010001010001000010001100010101000101011001010100100011011000110001100010101000101011110111
runNumber 21
genCount 11720
elapsedTime 599.952
unaryHyperVol 241
binaryHyperVol 8
additiveEps 0.666667
entropy 0.509891
archive 21
2
5 12  100 1010000100101001010001000010001100010101000101011001010100100011010000110000000010101000101011110111
3 13  100 1010000100101001010001000010001100010101000101011001010100100011011000110000000010101000101011110111
runNumber 22
genCount 11912
elapsedTime 599.976
unaryHyperVol 259
binaryHyperVol 0
additiveEps 0
entropy 0.326634
archive 22
2
5 10  100 0000000100100100010001000010001100010101000101011001010100010111010000110001100010101000101011110111
3 11  100 0000000100100100010001000010001100010101000101011001010100010111011000110001100010101000101011110111
runNumber 23
genCount 11694
elapsedTime 600.494
unaryHyperVol 241
binaryHyperVol 8
additiveEps 0.666667
entropy 0.509891
archive 23
2
5 12  100 0000000100101001010001000010001100010101000101011001010100100011010000110000000010101000101011110111
3 13  100 0000000100101001010001000010001100010101000101011001010100100011011000110000000010101000101011110111
runNumber 24
genCount 11720
elapsedTime 599.767
unaryHyperVol 259
binaryHyperVol 0
additiveEps 0
entropy 0.326634
archive 24
2
5 10  100 0000000100100100010001000010001100010101000101011001010100100011010000110001100010101000101011110111
3 11  100 0000000100100100010001000010001100010101000101011001010100100011011000110001100010101000101011110111
runNumber 25
genCount 11624
elapsedTime 599.851
unaryHyperVol 229
binaryHyperVol 19.6667
additiveEps 0.666667
entropy 0.488066
archive 25
2
5 10  100 0000001000100100010110000010001100010101000101011001010100100011010000110001100001010101101011110111
4 13  100 0000001000100100010110000010001100010101000101011001010100100011000101110001100001010001101011110111
runNumber 26
genCount 11181
elapsedTime 599.949
unaryHyperVol 236
binaryHyperVol 5.05
additiveEps 0.5
entropy 0.392883
archive 26
4
7 12  100 0110001000010001010000000010001100010101000101011001010100100011010000110001100010100001101011110111
5 13  100 0110001001010001010000000010001100010101000101011001010100100011010000110001100010100001101011110111
4 14  100 0110001001010001010000000010001100010101000101011001010100100011011000110001100010100001101011110111
3 15  100 0110001001010001010000000010001100100101000101011001010100100011011000110001100010100001101011110101
runNumber 27
genCount 11692
elapsedTime 599.874
unaryHyperVol 249
binaryHyperVol 4.16667
additiveEps 0.5
entropy 0.428269
archive 27
3
5 11  100 0000001000100100010000000010001100010101000101011001010100010111010000110001100010100001101011110111
4 12  100 0000001000100100010000000010001100010101000101011001010100010111011000110001100010100001101011110111
3 13  100 0000001000100100010000000010001100010101000101011001010100010111011000110001100010100001101011110101
runNumber 28
genCount 11350
elapsedTime 599.895
unaryHyperVol 246
binaryHyperVol 4.33333
additiveEps 0.5
entropy 0.459066
archive 28
3
7 11  100 0110000100010001010001000010001100010101000101011001010100100011010000110001100010101000101011110111
5 12  100 0110000101010001010001000010001100010101000101011001010100100011010000110001100010101000101011110111
3 13  100 0110000101010001010001000010001100010101000101011001010100100011011000110001100010101000101011110111
runNumber 29
genCount 11778
elapsedTime 599.653
unaryHyperVol 246
binaryHyperVol 4.33333
additiveEps 0.5
entropy 0.459066
archive 29
3
7 11  100 0110000100010001010001000010001100010101000101011001010100100011010000110001100010101000101011110111
5 12  100 0110000101010001010001000010001100010101000101011001010100100011010000110001100010101000101011110111
3 13  100 0110000101010001010001000010001100010101000101011001010100100011011000110001100010101000101011110111
