OptimalFront
unaryHyperVol 229
3
5 8  100 1000011100101010011001001010101110100100011011000010101101111001100000000110000100101000110111001001
4 9  100 1000011100101010011001001010101110100100011011000010101101111001100000000110000100101000010111001001
3 10  100 1000010100101010011001001010101110100100011011000010101101111001100000000110000100101000010111001001
-------------------------
runNumber 0
genCount 11859
elapsedTime 600.022
unaryHyperVol 229
binaryHyperVol 0
additiveEps 0
entropy 0.461903
archive 0
3
5 8  100 1000011100101010011001001010101110100100011011000010101101111001100000000110000100101000110111001001
4 9  100 1000011100101010011001001010101110100100011011000010101101111001100000000110000100101000010111001001
3 10  100 1000010100101010011001001010101110100100011011000010101101111001100000000110000100101000010111001001
runNumber 1
genCount 11489
elapsedTime 600.001
unaryHyperVol 229
binaryHyperVol 0
additiveEps 0
entropy 0.461903
archive 1
3
5 8  100 1000011100101010011001001010101110100100011011000010101101111001100000000110000100101000110111001001
4 9  100 1000011100101010011001001010101110100100011011000010101101111001100000000110000100101000010111001001
3 10  100 1000010100101010011001001010101110100100011011000010101101111001100000000110000100101000010111001001
runNumber 2
genCount 12342
elapsedTime 600.02
unaryHyperVol 222
binaryHyperVol 5.25
additiveEps 0.5
entropy 0.509891
archive 2
2
5 9  100 1000001100101010010000011010101110100100011011000010101101111001100000000110000100101000110111001001
3 10  100 1000001100101010010000011010101110100100011011000010101101111001100000000110000100101000010111001001
runNumber 3
genCount 11612
elapsedTime 599.921
unaryHyperVol 229
binaryHyperVol 0
additiveEps 0
entropy 0.461903
archive 3
3
5 8  100 1000011100101010011001001010101110100100011011000010101101111001100000000110000100101000110111001001
4 9  100 1000011100101010011001001010101110100100011011000010101101111001100000000110000100101000010111001001
3 10  100 1000010100101010011001001010101110100100011011000010101101111001100000000110000100101000010111001001
runNumber 4
genCount 11780
elapsedTime 600.014
unaryHyperVol 229
binaryHyperVol 0
additiveEps 0
entropy 0.461903
archive 4
3
5 8  100 1000011100101010011001001010101110100100011011000010101101111001100000000110000100101000110111001001
4 9  100 1000011100101010011001001010101110100100011011000010101101111001100000000110000100101000010111001001
3 10  100 1000010100101010011001001010101110100100011011000010101101111001100000000110000100101000010111001001
runNumber 5
genCount 12249
elapsedTime 599.981
unaryHyperVol 222
binaryHyperVol 5.25
additiveEps 0.5
entropy 0.509891
archive 5
2
5 9  100 1000001100101010010000011010101110100100011011000010101101111001100000000110000100101000110111001001
3 10  100 1000001100101010010000011010101110100100011011000010101101111001100000000110000100101000010111001001
runNumber 6
genCount 12307
elapsedTime 599.96
unaryHyperVol 182
binaryHyperVol 28.5
additiveEps 1
entropy 0
archive 6
1
4 11  100 1000011100101010011010011010101110100100011011000010101101111001100000000110000100100101111011001001
runNumber 7
genCount 12008
elapsedTime 599.904
unaryHyperVol 229
binaryHyperVol 0
additiveEps 0
entropy 0.461903
archive 7
3
5 8  100 1000011100101010011001001010101110100100011011000010101101111001100000000110000100101000110111001001
4 9  100 1000011100101010011001001010101110100100011011000010101101111001100000000110000100101000010111001001
3 10  100 1000010100101010011001001010101110100100011011000010101101111001100000000110000100101000010111001001
runNumber 8
genCount 11707
elapsedTime 599.976
unaryHyperVol 229
binaryHyperVol 0
additiveEps 0
entropy 0.461903
archive 8
3
5 8  100 1000011100101010011001001010101110100100011011000010101101111001100000000110000100101000110111001001
4 9  100 1000011100101010011001001010101110100100011011000010101101111001100000000110000100101000010111001001
3 10  100 1000010100101010011001001010101110100100011011000010101101111001100000000110000100101000010111001001
runNumber 9
genCount 11428
elapsedTime 599.959
unaryHyperVol 229
binaryHyperVol 0
additiveEps 0
entropy 0.461903
archive 9
3
5 8  100 1000011100101010011001001010101110100100011011000010101101111001100000000110000100101000110111001001
4 9  100 1000011100101010011001001010101110100100011011000010101101111001100000000110000100101000010111001001
3 10  100 1000010100101010011001001010101110100100011011000010101101111001100000000110000100101000010111001001
runNumber 10
genCount 12290
elapsedTime 599.948
unaryHyperVol 222
binaryHyperVol 5.25
additiveEps 0.5
entropy 0.509891
archive 10
2
5 9  100 1000001100101010010000011010101110100100011011000010101101111001100000000110000100101000110111001001
3 10  100 1000001100101010010000011010101110100100011011000010101101111001100000000110000100101000010111001001
runNumber 11
genCount 11726
elapsedTime 599.993
unaryHyperVol 229
binaryHyperVol 0
additiveEps 0
entropy 0.461903
archive 11
3
5 8  100 1000011100101010011001001010101110100100011011000010101101111001100000000110000100101000110111001001
4 9  100 1000011100101010011001001010101110100100011011000010101101111001100000000110000100101000010111001001
3 10  100 1000010100101010011001001010101110100100011011000010101101111001100000000110000100101000010111001001
runNumber 12
genCount 11259
elapsedTime 599.993
unaryHyperVol 229
binaryHyperVol 0
additiveEps 0
entropy 0.461903
archive 12
3
5 8  100 1000011100101010011001001010101110100100011011000010101101111001100000000110000100101000110111001001
4 9  100 1000011100101010011001001010101110100100011011000010101101111001100000000110000100101000010111001001
3 10  100 1000010100101010011001001010101110100100011011000010101101111001100000000110000100101000010111001001
runNumber 13
genCount 11970
elapsedTime 599.963
unaryHyperVol 222
binaryHyperVol 5.25
additiveEps 0.5
entropy 0.509891
archive 13
2
5 9  100 1000001100101010010000011010101110100100011011000010101101111001100000000110000100101000110111001001
3 10  100 1000001100101010010000011010101110100100011011000010101101111001100000000110000100101000010111001001
runNumber 14
genCount 12112
elapsedTime 599.973
unaryHyperVol 229
binaryHyperVol 0
additiveEps 0
entropy 0.461903
archive 14
3
5 8  100 1000011100101010011001001010101110100100011011000010101101111001100000000110000100101000110111001001
4 9  100 1000011100101010011001001010101110100100011011000010101101111001100000000110000100101000010111001001
3 10  100 1000010100101010011001001010101110100100011011000010101101111001100000000110000100101000010111001001
runNumber 15
genCount 12160
elapsedTime 599.97
unaryHyperVol 222
binaryHyperVol 5.25
additiveEps 0.5
entropy 0.509891
archive 15
2
5 9  100 1000001100101010010000011010101110100100011011000010101101111001100000000110000100101000110111001001
3 10  100 1000001100101010010000011010101110100100011011000010101101111001100000000110000100101000010111001001
runNumber 16
genCount 11791
elapsedTime 599.966
unaryHyperVol 229
binaryHyperVol 0
additiveEps 0
entropy 0.461903
archive 16
3
5 8  100 1000011100101010011001001010101110100100011011000010101101111001100000000110000100101000110111001001
4 9  100 1000011100101010011001001010101110100100011011000010101101111001100000000110000100101000010111001001
3 10  100 1000010100101010011001001010101110100100011011000010101101111001100000000110000100101000010111001001
runNumber 17
genCount 11448
elapsedTime 599.947
unaryHyperVol 229
binaryHyperVol 0
additiveEps 0
entropy 0.461903
archive 17
3
5 8  100 1000011100101010011001001010101110100100011011000010101101111001100000000110000100101000110111001001
4 9  100 1000011100101010011001001010101110100100011011000010101101111001100000000110000100101000010111001001
3 10  100 1000010100101010011001001010101110100100011011000010101101111001100000000110000100101000010111001001
runNumber 18
genCount 12119
elapsedTime 600.01
unaryHyperVol 222
binaryHyperVol 5.25
additiveEps 0.5
entropy 0.509891
archive 18
2
5 9  100 1000001100101010010000011010101110100100011011000010101101111001100000000110000100101000110111001001
3 10  100 1000001100101010010000011010101110100100011011000010101101111001100000000110000100101000010111001001
runNumber 19
genCount 11802
elapsedTime 599.945
unaryHyperVol 229
binaryHyperVol 0
additiveEps 0
entropy 0.461903
archive 19
3
5 8  100 1000011100101010011001001010101110100100011011000010101101111001100000000110000100101000110111001001
4 9  100 1000011100101010011001001010101110100100011011000010101101111001100000000110000100101000010111001001
3 10  100 1000010100101010011001001010101110100100011011000010101101111001100000000110000100101000010111001001
runNumber 20
genCount 12223
elapsedTime 599.984
unaryHyperVol 222
binaryHyperVol 5.25
additiveEps 0.5
entropy 0.509891
archive 20
2
5 9  100 1000001100101010010000011010101110100100011011000010101101111001100000000110000100101000110111001001
3 10  100 1000001100101010010000011010101110100100011011000010101101111001100000000110000100101000010111001001
runNumber 21
genCount 12104
elapsedTime 599.915
unaryHyperVol 222
binaryHyperVol 5.25
additiveEps 0.5
entropy 0.509891
archive 21
2
5 9  100 1000001100101010010000011010101110100100011011000010101101111001100000000110000100101000110111001001
3 10  100 1000001100101010010000011010101110100100011011000010101101111001100000000110000100101000010111001001
runNumber 22
genCount 11893
elapsedTime 599.987
unaryHyperVol 229
binaryHyperVol 0
additiveEps 0
entropy 0.461903
archive 22
3
5 8  100 1000011100101010011001001010101110100100011011000010101101111001100000000110000100101000110111001001
4 9  100 1000011100101010011001001010101110100100011011000010101101111001100000000110000100101000010111001001
3 10  100 1000010100101010011001001010101110100100011011000010101101111001100000000110000100101000010111001001
runNumber 23
genCount 11873
elapsedTime 599.983
unaryHyperVol 229
binaryHyperVol 0
additiveEps 0
entropy 0.461903
archive 23
3
5 8  100 1000011100101010011001001010101110100100011011000010101101111001100000000110000100101000110111001001
4 9  100 1000011100101010011001001010101110100100011011000010101101111001100000000110000100101000010111001001
3 10  100 1000010100101010011001001010101110100100011011000010101101111001100000000110000100101000010111001001
runNumber 24
genCount 12199
elapsedTime 599.976
unaryHyperVol 222
binaryHyperVol 5.25
additiveEps 0.5
entropy 0.509891
archive 24
2
5 9  100 1000001100101010010000011010101110100100011011000010101101111001100000000110000100101000110111001001
3 10  100 1000001100101010010000011010101110100100011011000010101101111001100000000110000100101000010111001001
runNumber 25
genCount 12123
elapsedTime 599.892
unaryHyperVol 222
binaryHyperVol 5.25
additiveEps 0.5
entropy 0.509891
archive 25
2
5 9  100 1000001100101010010000011010101110100100011011000010101101111001100000000110000100101000110111001001
3 10  100 1000001100101010010000011010101110100100011011000010101101111001100000000110000100101000010111001001
runNumber 26
genCount 12038
elapsedTime 599.988
unaryHyperVol 229
binaryHyperVol 0
additiveEps 0
entropy 0.461903
archive 26
3
5 8  100 1000011100101010011001001010101110100100011011000010101101111001100000000110000100101000110111001001
4 9  100 1000011100101010011001001010101110100100011011000010101101111001100000000110000100101000010111001001
3 10  100 1000010100101010011001001010101110100100011011000010101101111001100000000110000100101000010111001001
runNumber 27
genCount 12091
elapsedTime 599.967
unaryHyperVol 222
binaryHyperVol 5.25
additiveEps 0.5
entropy 0.509891
archive 27
2
5 9  100 1000001100101010010000011010101110100100011011000010101101111001100000000110000100101000110111001001
3 10  100 1000001100101010010000011010101110100100011011000010101101111001100000000110000100101000010111001001
runNumber 28
genCount 12473
elapsedTime 600.005
unaryHyperVol 222
binaryHyperVol 5.25
additiveEps 0.5
entropy 0.509891
archive 28
2
5 9  100 1000001100101010010000011010101110100100011011000010101101111001100000000110000100101000110111001001
3 10  100 1000001100101010010000011010101110100100011011000010101101111001100000000110000100101000010111001001
runNumber 29
genCount 11736
elapsedTime 599.93
unaryHyperVol 229
binaryHyperVol 0
additiveEps 0
entropy 0.461903
archive 29
3
5 8  100 1000011100101010011001001010101110100100011011000010101101111001100000000110000100101000110111001001
4 9  100 1000011100101010011001001010101110100100011011000010101101111001100000000110000100101000010111001001
3 10  100 1000010100101010011001001010101110100100011011000010101101111001100000000110000100101000010111001001
