OptimalFront
unaryHyperVol 390
4
6 7  100 1000101011011101110001111110101001101110110101000010110111101001101000011101100011101000011101111000
5 8  100 1000101011011110110001111110101001101110110101000010110111101001101000011101100011101000011101111000
4 9  100 1000101011011101110001111110101001101110111010000010110111101001101000011101100011101000011101111000
3 10  100 1000101011011101110001111110101001101110111010000010110111101001101000011101100011101000011101111010
-------------------------
runNumber 0
genCount 11785
elapsedTime 599.425
unaryHyperVol 390
binaryHyperVol 0
additiveEps 0
entropy 0.168124
archive 0
4
6 7  100 1000101011011101110001111110101001101110110101000010110111101001101000011101100011101000011101111000
5 8  100 1000101011011110110001111110101001101110110101000010110111101001101000011101100011101000011101111000
4 9  100 1000101011011101110001111110101001101110111010000010110111101001101000011101100011101000011101111000
3 10  100 1000101011011101110001111110101001101110111010000010110111101001101000011101100011101000011101111010
runNumber 1
genCount 11630
elapsedTime 599.879
unaryHyperVol 390
binaryHyperVol 0
additiveEps 0
entropy 0.168124
archive 1
4
6 7  100 1000101011011101110001111110101001101110110101000010110111101001101000011101100011101000011101111000
5 8  100 1000101011011110110001111110101001101110110101000010110111101001101000011101100011101000011101111000
4 9  100 1000101011011101110001111110101001101110111010000010110111101001101000011101100011101000011101111000
3 10  100 1000101011011101110001111110101001101110111010000010110111101001101000011101100011101000011101111010
runNumber 2
genCount 11433
elapsedTime 599.99
unaryHyperVol 390
binaryHyperVol 0
additiveEps 0
entropy 0.168124
archive 2
4
6 7  100 1000101011011101110001111110101001101110110101000010110111101001101000011101100011101000011101111000
5 8  100 1000101011011110110001111110101001101110110101000010110111101001101000011101100011101000011101111000
4 9  100 1000101011011101110001111110101001101110111010000010110111101001101000011101100011101000011101111000
3 10  100 1000101011011101110001111110101001101110111010000010110111101001101000011101100011101000011101111010
runNumber 3
genCount 11533
elapsedTime 599.934
unaryHyperVol 390
binaryHyperVol 0
additiveEps 0
entropy 0.168124
archive 3
4
6 7  100 1000101011011101110001111110101001101110110101000010110111101001101000011101100011101000011101111000
5 8  100 1000101011011110110001111110101001101110110101000010110111101001101000011101100011101000011101111000
4 9  100 1000101011011101110001111110101001101110111010000010110111101001101000011101100011101000011101111000
3 10  100 1000101011011101110001111110101001101110111010000010110111101001101000011101100011101000011101111010
runNumber 4
genCount 11497
elapsedTime 599.908
unaryHyperVol 390
binaryHyperVol 0
additiveEps 0
entropy 0.168124
archive 4
4
6 7  100 1000101011011101110001111110101001101110110101000010110111101001101000011101100011101000011101111000
5 8  100 1000101011011110110001111110101001101110110101000010110111101001101000011101100011101000011101111000
4 9  100 1000101011011101110001111110101001101110111010000010110111101001101000011101100011101000011101111000
3 10  100 1000101011011101110001111110101001101110111010000010110111101001101000011101100011101000011101111010
runNumber 5
genCount 11243
elapsedTime 600.253
unaryHyperVol 390
binaryHyperVol 0
additiveEps 0
entropy 0.168124
archive 5
4
6 7  100 1000101011011101110001111110101001101110110101000010110111101001101000011101100011101000011101111000
5 8  100 1000101011011110110001111110101001101110110101000010110111101001101000011101100011101000011101111000
4 9  100 1000101011011101110001111110101001101110111010000010110111101001101000011101100011101000011101111000
3 10  100 1000101011011101110001111110101001101110111010000010110111101001101000011101100011101000011101111010
runNumber 6
genCount 11812
elapsedTime 599.878
unaryHyperVol 390
binaryHyperVol 0
additiveEps 0
entropy 0.168124
archive 6
4
6 7  100 1000101011011101110001111110101001101110110101000010110111101001101000011101100011101000011101111000
5 8  100 1000101011011110110001111110101001101110110101000010110111101001101000011101100011101000011101111000
4 9  100 1000101011011101110001111110101001101110111010000010110111101001101000011101100011101000011101111000
3 10  100 1000101011011101110001111110101001101110111010000010110111101001101000011101100011101000011101111010
runNumber 7
genCount 11785
elapsedTime 599.689
unaryHyperVol 390
binaryHyperVol 0
additiveEps 0
entropy 0.168124
archive 7
4
6 7  100 1000101011011101110001111110101001101110110101000010110111101001101000011101100011101000011101111000
5 8  100 1000101011011110110001111110101001101110110101000010110111101001101000011101100011101000011101111000
4 9  100 1000101011011101110001111110101001101110111010000010110111101001101000011101100011101000011101111000
3 10  100 1000101011011101110001111110101001101110111010000010110111101001101000011101100011101000011101111010
runNumber 8
genCount 11342
elapsedTime 599.713
unaryHyperVol 390
binaryHyperVol 0
additiveEps 0
entropy 0.168124
archive 8
4
6 7  100 1000101011011101110001111110101001101110110101000010110111101001101000011101100011101000011101111000
5 8  100 1000101011011110110001111110101001101110110101000010110111101001101000011101100011101000011101111000
4 9  100 1000101011011101110001111110101001101110111010000010110111101001101000011101100011101000011101111000
3 10  100 1000101011011101110001111110101001101110111010000010110111101001101000011101100011101000011101111010
runNumber 9
genCount 11488
elapsedTime 599.886
unaryHyperVol 390
binaryHyperVol 0
additiveEps 0
entropy 0.168124
archive 9
4
6 7  100 1000101011011101110001111110101001101110110101000010110111101001101000011101100011101000011101111000
5 8  100 1000101011011110110001111110101001101110110101000010110111101001101000011101100011101000011101111000
4 9  100 1000101011011101110001111110101001101110111010000010110111101001101000011101100011101000011101111000
3 10  100 1000101011011101110001111110101001101110111010000010110111101001101000011101100011101000011101111010
runNumber 10
genCount 11633
elapsedTime 599.264
unaryHyperVol 390
binaryHyperVol 0
additiveEps 0
entropy 0.168124
archive 10
4
6 7  100 1000101011011101110001111110101001101110110101000010110111101001101000011101100011101000011101111000
5 8  100 1000101011011110110001111110101001101110110101000010110111101001101000011101100011101000011101111000
4 9  100 1000101011011101110001111110101001101110111010000010110111101001101000011101100011101000011101111000
3 10  100 1000101011011101110001111110101001101110111010000010110111101001101000011101100011101000011101111010
runNumber 11
genCount 11487
elapsedTime 600.282
unaryHyperVol 390
binaryHyperVol 0
additiveEps 0
entropy 0.168124
archive 11
4
6 7  100 1000101011011101110001111110101001101110110101000010110111101001101000011101100011101000011101111000
5 8  100 1000101011011110110001111110101001101110110101000010110111101001101000011101100011101000011101111000
4 9  100 1000101011011101110001111110101001101110111010000010110111101001101000011101100011101000011101111000
3 10  100 1000101011011101110001111110101001101110111010000010110111101001101000011101100011101000011101111010
runNumber 12
genCount 11474
elapsedTime 599.787
unaryHyperVol 390
binaryHyperVol 0
additiveEps 0
entropy 0.168124
archive 12
4
6 7  100 1000101011011101110001111110101001101110110101000010110111101001101000011101100011101000011101111000
5 8  100 1000101011011110110001111110101001101110110101000010110111101001101000011101100011101000011101111000
4 9  100 1000101011011101110001111110101001101110111010000010110111101001101000011101100011101000011101111000
3 10  100 1000101011011101110001111110101001101110111010000010110111101001101000011101100011101000011101111010
runNumber 13
genCount 11031
elapsedTime 599.7
unaryHyperVol 390
binaryHyperVol 0
additiveEps 0
entropy 0.168124
archive 13
4
6 7  100 1000101011011101110001111110101001101110110101000010110111101001101000011101100011101000011101111000
5 8  100 1000101011011110110001111110101001101110110101000010110111101001101000011101100011101000011101111000
4 9  100 1000101011011101110001111110101001101110111010000010110111101001101000011101100011101000011101111000
3 10  100 1000101011011101110001111110101001101110111010000010110111101001101000011101100011101000011101111010
runNumber 14
genCount 11557
elapsedTime 599.857
unaryHyperVol 390
binaryHyperVol 0
additiveEps 0
entropy 0.168124
archive 14
4
6 7  100 1000101011011101110001111110101001101110110101000010110111101001101000011101100011101000011101111000
5 8  100 1000101011001110110000111110101001101110110101000010110111101001101000011101100011101000011101111000
4 9  100 1000101011011101110001111110101001101110111010000010110111101001101000011101100011101000011101111000
3 10  100 1000101011011101110001111110101001101110111010000010110111101001101000011101100011101000011101111010
runNumber 15
genCount 11598
elapsedTime 599.988
unaryHyperVol 390
binaryHyperVol 0
additiveEps 0
entropy 0.168124
archive 15
4
6 7  100 1000101011011101110001111110101001101110110101000010110111101001101000011101100011101000011101111000
5 8  100 1000101011011110110001111110101001101110110101000010110111101001101000011101100011101000011101111000
4 9  100 1000101011011101110001111110101001101110111010000010110111101001101000011101100011101000011101111000
3 10  100 1000101011011101110001111110101001101110111010000010110111101001101000011101100011101000011101111010
runNumber 16
genCount 11848
elapsedTime 599.995
unaryHyperVol 390
binaryHyperVol 0
additiveEps 0
entropy 0.168124
archive 16
4
6 7  100 1000101011011101110001111110101001101110110101000010110111101001101000011101100011101000011101111000
5 8  100 1000101011011110110001111110101001101110110101000010110111101001101000011101100011101000011101111000
4 9  100 1000101011011101110001111110101001101110111010000010110111101001101000011101100011101000011101111000
3 10  100 1000101011011101110001111110101001101110111010000010110111101001101000011101100011101000011101111010
runNumber 17
genCount 11721
elapsedTime 599.499
unaryHyperVol 390
binaryHyperVol 0
additiveEps 0
entropy 0.168124
archive 17
4
6 7  100 1000101011011101110001111110101001101110110101000010110111101001101000011101100011101000011101111000
5 8  100 1000101011011110110001111110101001101110110101000010110111101001101000011101100011101000011101111000
4 9  100 1000101011011101110001111110101001101110111010000010110111101001101000011101100011101000011101111000
3 10  100 1000101011011101110001111110101001101110111010000010110111101001101000011101100011101000011101111010
runNumber 18
genCount 11491
elapsedTime 599.928
unaryHyperVol 390
binaryHyperVol 0
additiveEps 0
entropy 0.168124
archive 18
4
6 7  100 1000101011011101110001111110101001101110110101000010110111101001101000011101100011101000011101111000
5 8  100 1000101011011110110001111110101001101110110101000010110111101001101000011101100011101000011101111000
4 9  100 1000101011011101110001111110101001101110111010000010110111101001101000011101100011101000011101111000
3 10  100 1000101011011101110001111110101001101110111010000010110111101001101000011101100011101000011101111010
runNumber 19
genCount 11434
elapsedTime 599.461
unaryHyperVol 390
binaryHyperVol 0
additiveEps 0
entropy 0.168124
archive 19
4
6 7  100 1000101011011101110001111110101001101110110101000010110111101001101000011101100011101000011101111000
5 8  100 1000101011011110110001111110101001101110110101000010110111101001101000011101100011101000011101111000
4 9  100 1000101011011101110001111110101001101110111010000010110111101001101000011101100011101000011101111000
3 10  100 1000101011011101110001111110101001101110111010000010110111101001101000011101100011101000011101111010
runNumber 20
genCount 11405
elapsedTime 599.939
unaryHyperVol 390
binaryHyperVol 0
additiveEps 0
entropy 0.168124
archive 20
4
6 7  100 1000101011011101110001111110101001101110110101000010110111101001101000011101100011101000011101111000
5 8  100 1000101011011110110001111110101001101110110101000010110111101001101000011101100011101000011101111000
4 9  100 1000101011011101110001111110101001101110111010000010110111101001101000011101100011101000011101111000
3 10  100 1000101011011101110001111110101001101110111010000010110111101001101000011101100011101000011101111010
runNumber 21
genCount 11595
elapsedTime 599.954
unaryHyperVol 390
binaryHyperVol 0
additiveEps 0
entropy 0.168124
archive 21
4
6 7  100 1000101011011101110001111110101001101110110101000010110111101001101000011101100011101000011101111000
5 8  100 1000101011011110110001111110101001101110110101000010110111101001101000011101100011101000011101111000
4 9  100 1000101011011101110001111110101001101110111010000010110111101001101000011101100011101000011101111000
3 10  100 1000101011011101110001111110101001101110111010000010110111101001101000011101100011101000011101111010
runNumber 22
genCount 11607
elapsedTime 599.956
unaryHyperVol 357
binaryHyperVol 14
additiveEps 0.333333
entropy 0.482558
archive 22
3
6 7  100 1000101011011101110000111110101001101110110101000010110111101001101000011101100011100000011101111000
5 8  100 1000101011011110110000111110101001101110110101000010110111101001101000011101100011100000011101111000
4 9  100 1000101011011101110000111110101001101110111010000010110111101001101000011101100011100000011101111000
runNumber 23
genCount 11419
elapsedTime 600.805
unaryHyperVol 390
binaryHyperVol 0
additiveEps 0
entropy 0.168124
archive 23
4
6 7  100 1000101011011101110001111110101001101110110101000010110111101001101000011101100011101000011101111000
5 8  100 1000101011011110110001111110101001101110110101000010110111101001101000011101100011101000011101111000
4 9  100 1000101011011101110001111110101001101110111010000010110111101001101000011101100011101000011101111000
3 10  100 1000101011011101110001111110101001101110111010000010110111101001101000011101100011101000011101111010
runNumber 24
genCount 11486
elapsedTime 600.408
unaryHyperVol 390
binaryHyperVol 0
additiveEps 0
entropy 0.168124
archive 24
4
6 7  100 1000101011011101110001111110101001101110110101000010110111101001101000011101100011101000011101111000
5 8  100 1000101011011110110001111110101001101110110101000010110111101001101000011101100011101000011101111000
4 9  100 1000101011011101110001111110101001101110111010000010110111101001101000011101100011101000011101111000
3 10  100 1000101011011101110001111110101001101110111010000010110111101001101000011101100011101000011101111010
runNumber 25
genCount 11668
elapsedTime 599.716
unaryHyperVol 390
binaryHyperVol 0
additiveEps 0
entropy 0.168124
archive 25
4
6 7  100 1000101011011101110001111110101001101110110101000010110111101001101000011101100011101000011101111000
5 8  100 1000101011011110110001111110101001101110110101000010110111101001101000011101100011101000011101111000
4 9  100 1000101011011101110001111110101001101110111010000010110111101001101000011101100011101000011101111000
3 10  100 1000101011011101110001111110101001101110111010000010110111101001101000011101100011101000011101111010
runNumber 26
genCount 11499
elapsedTime 599.791
unaryHyperVol 390
binaryHyperVol 0
additiveEps 0
entropy 0.168124
archive 26
4
6 7  100 1000101011011101110001111110101001101110110101000010110111101001101000011101100011101000011101111000
5 8  100 1000101011011110110001111110101001101110110101000010110111101001101000011101100011101000011101111000
4 9  100 1000101011011101110001111110101001101110111010000010110111101001101000011101100011101000011101111000
3 10  100 1000101011011101110001111110101001101110111010000010110111101001101000011101100011101000011101111010
runNumber 27
genCount 11707
elapsedTime 600.037
unaryHyperVol 390
binaryHyperVol 0
additiveEps 0
entropy 0.168124
archive 27
4
6 7  100 1000101011011101110001111110101001101110110101000010110111101001101000011101100011101000011101111000
5 8  100 1000101011011110110001111110101001101110110101000010110111101001101000011101100011101000011101111000
4 9  100 1000101011011101110001111110101001101110111010000010110111101001101000011101100011101000011101111000
3 10  100 1000101011011101110001111110101001101110111010000010110111101001101000011101100011101000011101111010
runNumber 28
genCount 11531
elapsedTime 600.195
unaryHyperVol 390
binaryHyperVol 0
additiveEps 0
entropy 0.168124
archive 28
4
6 7  100 1000101011011101110001111110101001101110110101000010110111101001101000011101100011101000011101111000
5 8  100 1000101011011110110001111110101001101110110101000010110111101001101000011101100011101000011101111000
4 9  100 1000101011011101110001111110101001101110111010000010110111101001101000011101100011101000011101111000
3 10  100 1000101011011101110001111110101001101110111010000010110111101001101000011101100011101000011101111010
runNumber 29
genCount 11633
elapsedTime 600.554
unaryHyperVol 390
binaryHyperVol 0
additiveEps 0
entropy 0.168124
archive 29
4
6 7  100 1000101011011101110001111110101001101110110101000010110111101001101000011101100011101000011101111000
5 8  100 1000101011011110110001111110101001101110110101000010110111101001101000011101100011101000011101111000
4 9  100 1000101011011101110001111110101001101110111010000010110111101001101000011101100011101000011101111000
3 10  100 1000101011011101110001111110101001101110111010000010110111101001101000011101100011101000011101111010
