OptimalFront
unaryHyperVol 240
2
6 11  100 1000011101100100101001001110100000101000101000000101101010001001001110110110111010010101100011001111
3 12  100 1000000001100100010000111110100000101000101000000101101010001001001110110110111010010101100011001111
-------------------------
runNumber 0
genCount 22089
elapsedTime 600.053
unaryHyperVol 234
binaryHyperVol 11
additiveEps 1
entropy 0
archive 0
1
3 12  100 1000000001100100010000111110100000101000101000000101101010001001001110110110111010010101100011001111
runNumber 1
genCount 12040
elapsedTime 600
unaryHyperVol 198
binaryHyperVol 20.3333
additiveEps 0.666667
entropy 0.509891
archive 1
2
6 13  100 0100101101010100110000111110101000101000101000000101101010001001001110110110111010010101100011001111
4 14  100 0100101101010001110000111110100000101000101000000101101010001001001110110110111010010101100011001111
runNumber 2
genCount 11955
elapsedTime 600.016
unaryHyperVol 230
binaryHyperVol 4.11111
additiveEps 0.333333
entropy 0.428269
archive 2
3
6 12  100 0100011101010100101010111110100000101000101000000101101010001001001110110110111010010101100011001101
4 13  100 0100101101010100101010111110100000101000101000000101101010001001001110110110111010010101100011001101
3 14  100 0100101101010100101010111110100000101000101000000101101010001001001110110110111010010001100011001101
runNumber 3
genCount 11441
elapsedTime 599.949
unaryHyperVol 197
binaryHyperVol 18.5
additiveEps 0.666667
entropy 0.5994
archive 3
3
6 13  100 1000101101000100000000111110100000101000101000000101101010001001001110110000001010010101000011001111
5 14  100 1000101101000100000000111110100010101000101000000101101010001001001110110000001010010101000011001111
4 15  100 1000101101000100000000111110100001011000101000000101101010001001001110110000001010010101000011001111
runNumber 4
genCount 11501
elapsedTime 599.962
unaryHyperVol 238
binaryHyperVol 0.333333
additiveEps 0.5
entropy 0.349763
archive 4
3
6 11  100 1000011101100100101001001110100000101000101000000101101010001001001110110110111010010101100011001111
5 12  100 1000011101100100101001001110100010101000101000000101101010001001001110110110111010010101100011001111
3 13  100 1000100101100100101001001110100000101000101000000101101010001001001110110110111010010101100011001111
runNumber 5
genCount 11916
elapsedTime 599.945
unaryHyperVol 238
binaryHyperVol 0.333333
additiveEps 0.5
entropy 0.349763
archive 5
3
6 11  100 1000011101100100101001001110100000101000101000000101101010001001001110110110111010010101100011001111
5 12  100 1000011101100100101001001110100010101000101000000101101010001001001110110110111010010101100011001111
3 13  100 1000100101100100101001001110100000101000101000000101101010001001001110110110111010010101100011001111
runNumber 6
genCount 11758
elapsedTime 599.983
unaryHyperVol 238
binaryHyperVol 0.333333
additiveEps 0.5
entropy 0.349763
archive 6
3
6 11  100 1000011101100100101001001110100000101000101000000101101010001001001110110110111010010101100011001111
5 12  100 1000011101100100101001001110100010101000101000000101101010001001001110110110111010010101100011001111
3 13  100 1000100101100100101001001110100000101000101000000101101010001001001110110110111010010101100011001111
runNumber 7
genCount 11598
elapsedTime 599.988
unaryHyperVol 239
binaryHyperVol 0.166667
additiveEps 0.333333
entropy 0.349763
archive 7
3
6 11  100 1000011101100100101010111110100000101000101000000101101010001001001110110110111010010101100011001101
4 12  100 1000101101100100101010111110100000101000101000000101101010001001001110110110111010010101100011001101
3 13  100 1000101101100100101010111110100000101000101000000101101010001001001110110110111010010001100011001101
runNumber 8
genCount 11615
elapsedTime 599.948
unaryHyperVol 239
binaryHyperVol 0.166667
additiveEps 0.333333
entropy 0.349763
archive 8
3
6 11  100 1000011101100100101010111110100000101000101000000101101010001001001110110110111010010101100011001101
4 12  100 1000101101100100101010111110100000101000101000000101101010001001001110110110111010010101100011001101
3 13  100 1000101101100100101010111110100000101000101000000101101010001001001110110110111010010001100011001101
runNumber 9
genCount 11803
elapsedTime 599.984
unaryHyperVol 239
binaryHyperVol 0.166667
additiveEps 0.333333
entropy 0.349763
archive 9
3
6 11  100 1000011101100100101010111110100000101000101000000101101010001001001110110110111010010101100011001101
4 12  100 1000101101100100101010111110100000101000101000000101101010001001001110110110111010010101100011001101
3 13  100 1000101101100100101010111110100000101000101000000101101010001001001110110110111010010001100011001101
runNumber 10
genCount 11964
elapsedTime 599.998
unaryHyperVol 234
binaryHyperVol 11
additiveEps 1
entropy 0
archive 10
1
3 12  100 1000000001100100010000111110100000101000101000000101101010001001001110110110111010010101100011001111
runNumber 11
genCount 11583
elapsedTime 599.957
unaryHyperVol 239
binaryHyperVol 0.166667
additiveEps 0.333333
entropy 0.349763
archive 11
3
6 11  100 1000011101100100101010111110100000101000101000000101101010001001001110110110111010010101100011001101
4 12  100 1000101101100100101010111110100000101000101000000101101010001001001110110110111010010101100011001101
3 13  100 1000101101100100101010111110100000101000101000000101101010001001001110110110111010010001100011001101
runNumber 12
genCount 11437
elapsedTime 599.935
unaryHyperVol 238
binaryHyperVol 0.333333
additiveEps 0.5
entropy 0.349763
archive 12
3
6 11  100 1000011101100100101001001110100000101000101000000101101010001001001110110110111010010101100011001111
5 12  100 1000011101100100101001001110100010101000101000000101101010001001001110110110111010010101100011001111
3 13  100 1000100101100100101001001110100000101000101000000101101010001001001110110110111010010101100011001111
runNumber 13
genCount 12156
elapsedTime 600.028
unaryHyperVol 234
binaryHyperVol 11
additiveEps 1
entropy 0
archive 13
1
3 12  100 1000000001100100010000111110100000101000101000000101101010001001001110110110111010010101100011001111
runNumber 14
genCount 11672
elapsedTime 599.946
unaryHyperVol 239
binaryHyperVol 0.166667
additiveEps 0.333333
entropy 0.349763
archive 14
3
6 11  100 1000011101100100101010111110100000101000101000000101101010001001001110110110111010010101100011001101
4 12  100 1000101101100100101010111110100000101000101000000101101010001001001110110110111010010101100011001101
3 13  100 1000101101100100101010111110100000101000101000000101101010001001001110110110111010010001100011001101
runNumber 15
genCount 12248
elapsedTime 599.952
unaryHyperVol 234
binaryHyperVol 11
additiveEps 1
entropy 0
archive 15
1
3 12  100 1000000001100100010000111110100000101000101000000101101010001001001110110110111010010101100011001111
runNumber 16
genCount 11793
elapsedTime 599.982
unaryHyperVol 238
binaryHyperVol 0.333333
additiveEps 0.5
entropy 0.349763
archive 16
3
6 11  100 1000011101100100101001001110100000101000101000000101101010001001001110110110111010010101100011001111
5 12  100 1000011101100100101001001110100010101000101000000101101010001001001110110110111010010101100011001111
3 13  100 1000100101100100101001001110100000101000101000000101101010001001001110110110111010010101100011001111
runNumber 17
genCount 11993
elapsedTime 599.939
unaryHyperVol 234
binaryHyperVol 11
additiveEps 1
entropy 0
archive 17
1
3 12  100 1000000001100100010000111110100000101000101000000101101010001001001110110110111010010101100011001111
runNumber 18
genCount 11825
elapsedTime 599.99
unaryHyperVol 238
binaryHyperVol 0.333333
additiveEps 0.5
entropy 0.349763
archive 18
3
6 11  100 1000011101100100101001001110100000101000101000000101101010001001001110110110111010010101100011001111
5 12  100 1000011101100100101001001110100010101000101000000101101010001001001110110110111010010101100011001111
3 13  100 1000100101100100101001001110100000101000101000000101101010001001001110110110111010010101100011001111
runNumber 19
genCount 11853
elapsedTime 600.01
unaryHyperVol 239
binaryHyperVol 0.166667
additiveEps 0.333333
entropy 0.349763
archive 19
3
6 11  100 1000011101100100101010111110100000101000101000000101101010001001001110110110111010010101100011001101
4 12  100 1000101101100100101010111110100000101000101000000101101010001001001110110110111010010101100011001101
3 13  100 1000101101100100101010111110100000101000101000000101101010001001001110110110111010010001100011001101
runNumber 20
genCount 12314
elapsedTime 599.976
unaryHyperVol 234
binaryHyperVol 11
additiveEps 1
entropy 0
archive 20
1
3 12  100 1000000001100100010000111110100000101000101000000101101010001001001110110110111010010101100011001111
runNumber 21
genCount 11765
elapsedTime 599.98
unaryHyperVol 238
binaryHyperVol 0.333333
additiveEps 0.5
entropy 0.349763
archive 21
3
6 11  100 1000011101100100101001001110100000101000101000000101101010001001001110110110111010010101100011001111
5 12  100 1000011101100100101001001110100010101000101000000101101010001001001110110110111010010101100011001111
3 13  100 1000100101100100101001001110100000101000101000000101101010001001001110110110111010010101100011001111
runNumber 22
genCount 11691
elapsedTime 599.952
unaryHyperVol 238
binaryHyperVol 0.333333
additiveEps 0.5
entropy 0.349763
archive 22
3
6 11  100 1000011101100100101001001110100000101000101000000101101010001001001110110110111010010101100011001111
5 12  100 1000011101100100101001001110100010101000101000000101101010001001001110110110111010010101100011001111
3 13  100 1000100101100100101001001110100000101000101000000101101010001001001110110110111010010101100011001111
runNumber 23
genCount 11575
elapsedTime 599.995
unaryHyperVol 239
binaryHyperVol 0.166667
additiveEps 0.333333
entropy 0.349763
archive 23
3
6 11  100 1000011101100100101010111110100000101000101000000101101010001001001110110110111010010101100011001101
4 12  100 1000101101100100101010111110100000101000101000000101101010001001001110110110111010010101100011001101
3 13  100 1000101101100100101010111110100000101000101000000101101010001001001110110110111010010001100011001101
runNumber 24
genCount 11136
elapsedTime 599.959
unaryHyperVol 238
binaryHyperVol 0.333333
additiveEps 0.5
entropy 0.349763
archive 24
3
6 11  100 1000011101100100101001001110100000101000101000000101101010001001001110110110111010010101100011001111
5 12  100 1000011101100100101001001110100010101000101000000101101010001001001110110110111010010101100011001111
3 13  100 1000100101100100101001001110100000101000101000000101101010001001001110110110111010010101100011001111
runNumber 25
genCount 11646
elapsedTime 599.95
unaryHyperVol 239
binaryHyperVol 0.166667
additiveEps 0.333333
entropy 0.349763
archive 25
3
6 11  100 1000011101100100101010111110100000101000101000000101101010001001001110110110111010010101100011001101
4 12  100 1000101101100100101010111110100000101000101000000101101010001001001110110110111010010101100011001101
3 13  100 1000101101100100101010111110100000101000101000000101101010001001001110110110111010010001100011001101
runNumber 26
genCount 11443
elapsedTime 599.979
unaryHyperVol 238
binaryHyperVol 0.333333
additiveEps 0.5
entropy 0.349763
archive 26
3
6 11  100 1000011101100100101001001110100000101000101000000101101010001001001110110110111010010101100011001111
5 12  100 1000011101100100101001001110100010101000101000000101101010001001001110110110111010010101100011001111
3 13  100 1000100101100100101001001110100000101000101000000101101010001001001110110110111010010101100011001111
runNumber 27
genCount 11601
elapsedTime 599.954
unaryHyperVol 238
binaryHyperVol 0.333333
additiveEps 0.5
entropy 0.349763
archive 27
3
6 11  100 1000011101100100101001001110100000101000101000000101101010001001001110110110111010010101100011001111
5 12  100 1000011101100100101001001110100010101000101000000101101010001001001110110110111010010101100011001111
3 13  100 1000100101100100101001001110100000101000101000000101101010001001001110110110111010010101100011001111
runNumber 28
genCount 11955
elapsedTime 600
unaryHyperVol 206
binaryHyperVol 18.3333
additiveEps 0.5
entropy 0.509891
archive 28
2
6 12  100 0100011100100100101001111110100000101000101000000101101010001001001110110110111010010101100011001111
4 13  100 0100101100100100101001111110100000101000101000000101101010001001001110110110111010010101100011001111
runNumber 29
genCount 11987
elapsedTime 599.95
unaryHyperVol 239
binaryHyperVol 0.166667
additiveEps 0.333333
entropy 0.349763
archive 29
3
6 11  100 1000011101100100101010111110100000101000101000000101101010001001001110110110111010010101100011001101
4 12  100 1000101101100100101010111110100000101000101000000101101010001001001110110110111010010101100011001101
3 13  100 1000101101100100101010111110100000101000101000000101101010001001001110110110111010010001100011001101
