OptimalFront
unaryHyperVol 325
3
6 8  100 0100011101110100101001000110011111010101001010000110010001101011001001111001100001100010110011110010
5 9  100 0100011101110100101001000110011111101101001010000110010001101011001010111001100001100010111011110110
3 10  100 0100011101010100101010000101011111101101001010000110010001101011001010111001100001010010111011110110
-------------------------
runNumber 0
genCount 15966
elapsedTime 599.584
unaryHyperVol 317
binaryHyperVol 4.11111
additiveEps 0.333333
entropy 0.466686
archive 0
3
5 9  100 0100011101110100101001000110011111101101001010000110010001101011001010111001100001100010111011110110
4 10  100 0100011101010100101001000110011111101101001010000110010001101011001010111001100001100010111011110110
3 11  100 0100010101010100101001000110011111101101001010000110010001101011001010111001100001100010111011110110
runNumber 1
genCount 60631
elapsedTime 599.973
unaryHyperVol 317
binaryHyperVol 4.11111
additiveEps 0.333333
entropy 0.466686
archive 1
3
5 9  100 0100011101110100101001000110011111010101001010000110010001101011001010111001100001100010111011110110
4 10  100 0100011101010100101001000110011111010101001010000110010001101011001010111001100001100010111011110110
3 11  100 0100010101010100101001000110011111010101001010000110010001101011001010111001100001100010111011110110
runNumber 2
genCount 70012
elapsedTime 600.009
unaryHyperVol 317
binaryHyperVol 4.11111
additiveEps 0.333333
entropy 0.466686
archive 2
3
5 9  100 0100011101110100101001000110011111101101001010000110010001101011001010111001100001100010111011110110
4 10  100 0100011101110000101001000110011111101101001010000110010001101011001010111001100001100010111011110110
3 11  100 0100010101010100101001000110011111101101001010000110010001101011001010111001100001100010111011110110
runNumber 3
genCount 68700
elapsedTime 599.927
unaryHyperVol 324
binaryHyperVol 0.111111
additiveEps 0.333333
entropy 0.380344
archive 3
4
6 8  100 0100011101110100101001000110011111010101001010000110010001101011001001111001100001100010110011110010
5 9  100 0100011101110100101001000110011111010101001010000110010001101011001010111001100001100010110011110010
4 10  100 0100011101010100101001000110011111010101001010000110010001101011001010111001100001100010111011110110
3 11  100 0100010101010100101001000110011111010101001010000110010001101011001010111001100001100010111011110110
runNumber 4
genCount 70062
elapsedTime 599.95
unaryHyperVol 317
binaryHyperVol 4.11111
additiveEps 0.333333
entropy 0.466686
archive 4
3
5 9  100 0100011101110100101001000101011111101101001010000110010001101011001010111001100001100010111011110110
4 10  100 0100011101010100101001000101011111101101001010000110010001101011001010111001100001100010111011110110
3 11  100 0100010101010100101001000101011111101101001010000110010001101011001010111001100001100010111011110110
runNumber 5
genCount 69846
elapsedTime 600.001
unaryHyperVol 317
binaryHyperVol 4.11111
additiveEps 0.333333
entropy 0.466686
archive 5
3
5 9  100 0100011101110100101001000110011111101101001010000110010001101011001010111001100001100010111011110110
4 10  100 0100011101010100101001000110011111101101001010000110010001101011001010111001100001100010111011110110
3 11  100 0100010101010100101001000110011111101101001010000110010001101011001010111001100001100010111011110110
runNumber 6
genCount 71854
elapsedTime 599.992
unaryHyperVol 318
binaryHyperVol 6
additiveEps 0.5
entropy 0.488066
archive 6
2
5 9  100 0100011101110100101010000101011111101101001010000110010001101011001010111001100001010010111011110110
3 10  100 0100011101010100101010000101011111101101001010000110010001101011001010111001100001010010111011110110
runNumber 7
genCount 72578
elapsedTime 600.005
unaryHyperVol 318
binaryHyperVol 6
additiveEps 0.5
entropy 0.488066
archive 7
2
5 9  100 0100011101110100101010000110011111101101001010000110010001101011001010111001100001010010111011110110
3 10  100 0100011101010100101010000110011111101101001010000110010001101011001010111001100001010010111011110110
runNumber 8
genCount 70279
elapsedTime 599.996
unaryHyperVol 317
binaryHyperVol 4.11111
additiveEps 0.333333
entropy 0.466686
archive 8
3
5 9  100 0100011101110100101001000110011111101101001010000110010001101011001010111001100001100010111011110110
4 10  100 0100011101010100101001000110011111101101001010000110010001101011001010111001100001100010111011110110
3 11  100 0100010101010100101001000110011111101101001010000110010001101011001010111001100001100010111011110110
runNumber 9
genCount 69856
elapsedTime 600.006
unaryHyperVol 317
binaryHyperVol 4.11111
additiveEps 0.333333
entropy 0.466686
archive 9
3
5 9  100 0100011101110100101001000110011111101101001010000110010001101011001010111001100001100010111011110110
4 10  100 0100011101010100101001000110011111101101001010000110010001101011001010111001100001100010111011110110
3 11  100 0100010101010100101001000110011111101101001010000110010001101011001010111001100001100010111011110110
runNumber 10
genCount 69632
elapsedTime 599.998
unaryHyperVol 317
binaryHyperVol 4.11111
additiveEps 0.333333
entropy 0.466686
archive 10
3
5 9  100 0100011101110100101001000101011111010101001010000110010001101011001010111001100001100010111011110110
4 10  100 0100011101010100101001000101011111010101001010000110010001101011001010111001100001100010111011110110
3 11  100 0100010101010100101001000101011111010101001010000110010001101011001010111001100001100010111011110110
runNumber 11
genCount 70083
elapsedTime 599.99
unaryHyperVol 317
binaryHyperVol 4.11111
additiveEps 0.333333
entropy 0.466686
archive 11
3
5 9  100 0100011101110100101001000110011111101101001010000110010001101011001010111001100001100010111011110110
4 10  100 0100011101010100101001000110011111101101001010000110010001101011001010111001100001100010111011110110
3 11  100 0100010101010100101001000110011111101101001010000110010001101011001010111001100001100010111011110110
runNumber 12
genCount 71887
elapsedTime 599.993
unaryHyperVol 318
binaryHyperVol 6
additiveEps 0.5
entropy 0.488066
archive 12
2
5 9  100 0100011101110100101010000110011111010101001010000110010001101011001010111001100001010010111011110110
3 10  100 0100011101010100101010000110011111010101001010000110010001101011001010111001100001010010111011110110
runNumber 13
genCount 72465
elapsedTime 600.003
unaryHyperVol 318
binaryHyperVol 6
additiveEps 0.5
entropy 0.488066
archive 13
2
5 9  100 0100011101110100101010000101011111101101001010000110010001101011001010111001100001010010111011110110
3 10  100 0100011101010100101010000101011111101101001010000110010001101011001010111001100001010010111011110110
runNumber 14
genCount 69913
elapsedTime 599.987
unaryHyperVol 317
binaryHyperVol 4.11111
additiveEps 0.333333
entropy 0.466686
archive 14
3
5 9  100 0100011101110100101001000101011111101101001010000110010001101011001010111001100001100010111011110110
4 10  100 0100011101010100101001000101011111101101001010000110010001101011001010111001100001100010111011110110
3 11  100 0100010101010100101001000101011111101101001010000110010001101011001010111001100001100010111011110110
runNumber 15
genCount 71970
elapsedTime 600.001
unaryHyperVol 318
binaryHyperVol 6
additiveEps 0.5
entropy 0.488066
archive 15
2
5 9  100 0100011101110100101010000110011111101101001010000110010001101011001010111001100001010010111011110110
3 10  100 0100011101010100101010000110011111101101001010000110010001101011001010111001100001010010111011110110
runNumber 16
genCount 72263
elapsedTime 599.99
unaryHyperVol 318
binaryHyperVol 6
additiveEps 0.5
entropy 0.488066
archive 16
2
5 9  100 0100011101110100101010000110011111010101001010000110010001101011001010111001100001010010111011110110
3 10  100 0100011101010100101010000110011111010101001010000110010001101011001010111001100001010010111011110110
runNumber 17
genCount 71913
elapsedTime 600.004
unaryHyperVol 318
binaryHyperVol 6
additiveEps 0.5
entropy 0.488066
archive 17
2
5 9  100 0100011101110100101010000101011111010101001010000110010001101011001010111001100001010010111011110110
3 10  100 0100011101010100101010000101011111010101001010000110010001101011001010111001100001010010111011110110
runNumber 18
genCount 70218
elapsedTime 599.999
unaryHyperVol 317
binaryHyperVol 4.11111
additiveEps 0.333333
entropy 0.466686
archive 18
3
5 9  100 0100011101110100101001000101011111101101001010000110010001101011001010111001100001100010111011110110
4 10  100 0100011101010100101001000101011111101101001010000110010001101011001010111001100001100010111011110110
3 11  100 0100010101010100101001000101011111101101001010000110010001101011001010111001100001100010111011110110
runNumber 19
genCount 70295
elapsedTime 600
unaryHyperVol 317
binaryHyperVol 4.11111
additiveEps 0.333333
entropy 0.466686
archive 19
3
5 9  100 0100011101110100101001000101011111010101001010000110010001101011001010111001100001100010111011110110
4 10  100 0100011101110000101001000101011111010101001010000110010001101011001010111001100001100010111011110110
3 11  100 0100010101010100101001000101011111010101001010000110010001101011001010111001100001100010111011110110
runNumber 20
genCount 69876
elapsedTime 599.968
unaryHyperVol 317
binaryHyperVol 4.11111
additiveEps 0.333333
entropy 0.466686
archive 20
3
5 9  100 0100011101110100101001000110011111101101001010000110010001101011001010111001100001100010111011110110
4 10  100 0100011101010100101001000110011111101101001010000110010001101011001010111001100001100010111011110110
3 11  100 0100010101010100101001000110011111101101001010000110010001101011001010111001100001100010111011110110
runNumber 21
genCount 70104
elapsedTime 599.998
unaryHyperVol 317
binaryHyperVol 4.11111
additiveEps 0.333333
entropy 0.466686
archive 21
3
5 9  100 0100011101110100101001000101011111101101001010000110010001101011001010111001100001100010111011110110
4 10  100 0100011101010100101001000101011111101101001010000110010001101011001010111001100001100010111011110110
3 11  100 0100010101010100101001000101011111101101001010000110010001101011001010111001100001100010111011110110
runNumber 22
genCount 72202
elapsedTime 599.994
unaryHyperVol 318
binaryHyperVol 6
additiveEps 0.5
entropy 0.488066
archive 22
2
5 9  100 0100011101110100101010000101011111010101001010000110010001101011001010111001100001010010111011110110
3 10  100 0100011101010100101010000101011111010101001010000110010001101011001010111001100001010010111011110110
runNumber 23
genCount 72517
elapsedTime 599.995
unaryHyperVol 318
binaryHyperVol 6
additiveEps 0.5
entropy 0.488066
archive 23
2
5 9  100 0100011101110100101010000110011111101101001010000110010001101011001010111001100001010010111011110110
3 10  100 0100011101010100101010000110011111101101001010000110010001101011001010111001100001010010111011110110
runNumber 24
genCount 72335
elapsedTime 600.003
unaryHyperVol 318
binaryHyperVol 6
additiveEps 0.5
entropy 0.488066
archive 24
2
5 9  100 0100011101110100101010000101011111101101001010000110010001101011001010111001100001010010111011110110
3 10  100 0100011101010100101010000101011111101101001010000110010001101011001010111001100001010010111011110110
runNumber 25
genCount 69982
elapsedTime 600.005
unaryHyperVol 317
binaryHyperVol 4.11111
additiveEps 0.333333
entropy 0.466686
archive 25
3
5 9  100 0100011101110100101001000101011111101101001010000110010001101011001010111001100001100010111011110110
4 10  100 0100011101010100101001000101011111101101001010000110010001101011001010111001100001100010111011110110
3 11  100 0100010101010100101001000101011111101101001010000110010001101011001010111001100001100010111011110110
runNumber 26
genCount 72512
elapsedTime 599.96
unaryHyperVol 318
binaryHyperVol 6
additiveEps 0.5
entropy 0.488066
archive 26
2
5 9  100 0100011101110100101010000110011111101101001010000110010001101011001010111001100001010010111011110110
3 10  100 0100011101010100101010000110011111101101001010000110010001101011001010111001100001010010111011110110
runNumber 27
genCount 69533
elapsedTime 599.998
unaryHyperVol 317
binaryHyperVol 4.11111
additiveEps 0.333333
entropy 0.466686
archive 27
3
5 9  100 0100011101110100101001000101011111010101001010000110010001101011001010111001100001100010111011110110
4 10  100 0100011101010100101001000101011111010101001010000110010001101011001010111001100001100010111011110110
3 11  100 0100010101010100101001000101011111010101001010000110010001101011001010111001100001100010111011110110
runNumber 28
genCount 71673
elapsedTime 600.008
unaryHyperVol 318
binaryHyperVol 6
additiveEps 0.5
entropy 0.488066
archive 28
2
5 9  100 0100011101110100101010000101011111101101001010000110010001101011001010111001100001010010111011110110
3 10  100 0100011101010100101010000101011111101101001010000110010001101011001010111001100001010010111011110110
runNumber 29
genCount 69968
elapsedTime 599.995
unaryHyperVol 317
binaryHyperVol 4.11111
additiveEps 0.333333
entropy 0.466686
archive 29
3
5 9  100 0100011101110100101001000101011111101101001010000110010001101011001010111001100001100010111011110110
4 10  100 0100011101010100101001000101011111101101001010000110010001101011001010111001100001100010111011110110
3 11  100 0100010101010100101001000101011111101101001010000110010001101011001010111001100001100010111011110110
