OptimalFront
unaryHyperVol 267
3
5 9  100 1011100011000000101001110010101001010101110101010000011010000011001010100010011000100001010111101001
4 10  100 1011100011000000101001110010101001010101110101010010011010000011001010100010011000100001010111101001
3 11  100 1011100111010000101001000010101001010101110101010010011010000011001010100010011000100001010111101001
-------------------------
runNumber 0
genCount 10917
elapsedTime 607.905
unaryHyperVol 215
binaryHyperVol 27.875
additiveEps 0.75
entropy 0.49717
archive 0
2
5 12  100 1011100111010000101001000010101001100101111011010000011010000011000110100010011001010111010111101001
4 13  100 1011100111010000101001000010101001100101111011010010011010000011000110100010011001010111010111101001
runNumber 1
genCount 12295
elapsedTime 599.901
unaryHyperVol 259
binaryHyperVol 5.75
additiveEps 0.5
entropy 0.509891
archive 1
2
5 10  100 1011100111010000101001000010101001010101110101010000011010000011001010100010011000100001010111101001
3 11  100 1011100111010000101001000010101001010101110101010010011010000011001010100010011000100001010111101001
runNumber 2
genCount 12012
elapsedTime 599.916
unaryHyperVol 258
binaryHyperVol 4
additiveEps 0.333333
entropy 0.456965
archive 2
3
5 10  100 1011100011010000000000110010101001010101111011010000011010000011000000100010011000100001010111101001
4 11  100 1011100011010000000000110010101001010101111011010010011010000011000000100010011000100001010111101001
3 12  100 1011000011010000010000110010101001010101111011010010011010000011000000100010011000100001010111101001
runNumber 3
genCount 12373
elapsedTime 600.014
unaryHyperVol 259
binaryHyperVol 5.75
additiveEps 0.5
entropy 0.509891
archive 3
2
5 10  100 1011100111010000101001000010101001100101111011010000011010000011001010100010011000100001010111101001
3 11  100 1011100111010000101001000010101001100101111011010010011010000011001010100010011000100001010111101001
runNumber 4
genCount 11689
elapsedTime 599.984
unaryHyperVol 258
binaryHyperVol 4
additiveEps 0.333333
entropy 0.456965
archive 4
3
5 10  100 1011100011010000000000110010101001010101111011010000011010000011000000100010011000100001010111101001
4 11  100 1011100011010000000000110010101001010101111011010010011010000011000000100010011000100001010111101001
3 12  100 1011000011010000010000110010101001010101111011010010011010000011001010100010011000100001010111101001
runNumber 5
genCount 12128
elapsedTime 599.857
unaryHyperVol 259
binaryHyperVol 5.75
additiveEps 0.5
entropy 0.509891
archive 5
2
5 10  100 1011100111010000101001000010101001010101111011010000011010000011000000100010011000100001010111101001
3 11  100 1011100111010000101001000010101001010101111011010010011010000011000000100010011000100001010111101001
runNumber 6
genCount 11493
elapsedTime 599.953
unaryHyperVol 249
binaryHyperVol 6
additiveEps 0.5
entropy 0.449615
archive 6
3
5 11  100 1011100111010000000001000010101001010101111011010000011010000011001010100010011000101011010111101001
4 12  100 1011100111010000000001000010101001010101111011010010011010000011001010100010011000101011010111101001
3 13  100 1011000111010000010001000010101001010101111011010010011010000011001010100010011000101011010111101001
runNumber 7
genCount 11758
elapsedTime 599.893
unaryHyperVol 231
binaryHyperVol 24.75
additiveEps 0.5
entropy 0.49717
archive 7
2
5 10  100 1011000011010000101010110010101001000101111011010000011010000011000110100010011001010001010111101001
4 11  100 1011000011010000101010110010101001000101111011010010011010000011000110100010011001010001010111101001
runNumber 8
genCount 11816
elapsedTime 599.955
unaryHyperVol 249
binaryHyperVol 6
additiveEps 0.5
entropy 0.449615
archive 8
3
5 11  100 1011100111010000000001000010101001010101111011010000011010000011001010100010011000101011010111101001
4 12  100 1011100111010000000001000010101001010101111011010010011010000011001010100010011000101011010111101001
3 13  100 1011000111010000010001000010101001010101111011010010011010000011001010100010011000101011010111101001
runNumber 9
genCount 11523
elapsedTime 600.013
unaryHyperVol 249
binaryHyperVol 6
additiveEps 0.5
entropy 0.449615
archive 9
3
5 11  100 1011100111010000000000000010101001010101111011010000011010000011000000100010011000101011010111101001
4 12  100 1011100111010000000001000010101001010101111011010010011010000011000000100010011000101011010111101001
3 13  100 1011000111010000010001000010101001010101111011010010011010000011000000100010011000101011010111101001
runNumber 10
genCount 12112
elapsedTime 599.877
unaryHyperVol 258
binaryHyperVol 4
additiveEps 0.333333
entropy 0.456965
archive 10
3
5 10  100 1011100011010000000000110010101001010101111011010000011010000011001010100010011000100001010111101001
4 11  100 1011100011010000000000110010101001010101111011010010011010000011001010100010011000100001010111101001
3 12  100 1011000011010000010000110010101001010101111011010010011010000011001010100010011000100001010111101001
runNumber 11
genCount 12364
elapsedTime 600.006
unaryHyperVol 259
binaryHyperVol 5.75
additiveEps 0.5
entropy 0.509891
archive 11
2
5 10  100 1011100111010000101001000010101001010101111011010000011010000011000000100010011000100001010111101001
3 11  100 1011100111010000101001000010101001010101111011010010011010000011000000100010011000100001010111101001
runNumber 12
genCount 11483
elapsedTime 599.999
unaryHyperVol 258
binaryHyperVol 4
additiveEps 0.333333
entropy 0.456965
archive 12
3
5 10  100 1011100011010000000000110010101001010101111011010000011010000011000000100010011000100001010111101001
4 11  100 1011100011010000000000110010101001010101111011010010011010000011000000100010011000100001010111101001
3 12  100 1011000011010000010000110010101001010101111011010010011010000011000000100010011000100001010111101001
runNumber 13
genCount 12196
elapsedTime 599.942
unaryHyperVol 239
binaryHyperVol 19
additiveEps 0.5
entropy 0.488066
archive 13
2
5 9  100 1011100011000000101001110010101001010101110101010000011010000011001010100010011000100001010111101001
4 10  100 1011100011000000101001110010101001010101110101010010011010000011001010100010011000100001010111101001
runNumber 14
genCount 12033
elapsedTime 599.946
unaryHyperVol 231
binaryHyperVol 24.75
additiveEps 0.5
entropy 0.49717
archive 14
2
5 10  100 1011100011010000101010110010101001010101110101010000011010000011000110100010011001010101010111101001
4 11  100 1011100011010000101010110010101001010101110101010010011010000011000110100010011001010101010111101001
runNumber 15
genCount 12367
elapsedTime 599.961
unaryHyperVol 259
binaryHyperVol 5.75
additiveEps 0.5
entropy 0.509891
archive 15
2
5 10  100 1011100111010000101001000010101001010101111011010000011010000011001010100010011000100001010111101001
3 11  100 1011100111010000101001000010101001010101111011010010011010000011001010100010011000100001010111101001
runNumber 16
genCount 11849
elapsedTime 599.952
unaryHyperVol 266
binaryHyperVol 0.166667
additiveEps 0.333333
entropy 0.431512
archive 16
3
5 9  100 1011100011000000101001110010101001100101111011010000011010000011001010100010011000100001010111101001
4 10  100 1011100011000000101001110010101001100101111011010010011010000011001010100010011000100001010111101001
3 12  100 1011000011010000010000110010101001100101111011010010011010000011001010100010011000100001010111101001
runNumber 17
genCount 12432
elapsedTime 599.961
unaryHyperVol 259
binaryHyperVol 5.75
additiveEps 0.5
entropy 0.509891
archive 17
2
5 10  100 1011100111010000101001000010101001010101111011010000011010000011001010100010011000100001010111101001
3 11  100 1011100111010000101001000010101001010101111011010010011010000011001010100010011000100001010111101001
runNumber 18
genCount 12102
elapsedTime 599.961
unaryHyperVol 258
binaryHyperVol 4
additiveEps 0.333333
entropy 0.456965
archive 18
3
5 10  100 1011100011010000000000110010101001010101111011010000011010000011000000100010011000100001010111101001
4 11  100 1011100011010000000000110010101001010101111011010010011010000011000000100010011000100001010111101001
3 12  100 1011000011010000010000110010101001010101111011010010011010000011000000100010011000100001010111101001
runNumber 19
genCount 12449
elapsedTime 599.902
unaryHyperVol 250
binaryHyperVol 7.83333
additiveEps 0.666667
entropy 0.49717
archive 19
2
5 11  100 1011000011010000010000110010101001100101111011010000011010000011001010100010011000100001010111101001
3 12  100 1011000011010000010000110010101001100101111011010010011010000011001010100010011000100001010111101001
runNumber 20
genCount 12045
elapsedTime 599.89
unaryHyperVol 250
binaryHyperVol 7.83333
additiveEps 0.666667
entropy 0.49717
archive 20
2
5 11  100 1011000011010000010000110010101001100101111011010000011010000011000000100010011000100001010111101001
3 12  100 1011000011010000010000110010101001100101111011010010011010000011000000100010011000100001010111101001
runNumber 21
genCount 11726
elapsedTime 599.93
unaryHyperVol 265
binaryHyperVol 0.333333
additiveEps 0.333333
entropy 0.546831
archive 21
3
5 9  100 1011100011010000101010110010101001100101110101010000011010000011001010100010011000010001010111001001
4 11  100 1011100011010000101010110010101001100101110101010010011010000011000110100010011001010001010111101001
3 12  100 1011000011010000010000110010101001100101110101010010011010000011001010100010011000100001010111101001
runNumber 22
genCount 12221
elapsedTime 599.98
unaryHyperVol 215
binaryHyperVol 27.875
additiveEps 0.75
entropy 0.49717
archive 22
2
5 12  100 1011100111010000101001000010101001100101110101010000011010000011000110100010011001010111010111101001
4 13  100 1011100111010000101001000010101001100101110101010010011010000011000110100010011001010111010111101001
runNumber 23
genCount 11792
elapsedTime 599.876
unaryHyperVol 258
binaryHyperVol 4
additiveEps 0.333333
entropy 0.456965
archive 23
3
5 10  100 1011100011010000000000110010101001010101111011010000011010000011001010100010011000100001010111101001
4 11  100 1011100011010000000000110010101001010101111011010010011010000011001010100010011000100001010111101001
3 12  100 1011000011010000010000110010101001010101111011010010011010000011001010100010011000100001010111101001
runNumber 24
genCount 12104
elapsedTime 599.894
unaryHyperVol 221
binaryHyperVol 24.1
additiveEps 0.6
entropy 0.49717
archive 24
2
5 11  100 1011100011010000000000110010101001010101111011010000011010000011001010100010011000010111010111001001
4 14  100 1011100011010000000000110010101001010101111011010010011010000011001010100010011000010111010111010000
runNumber 25
genCount 11833
elapsedTime 600.017
unaryHyperVol 258
binaryHyperVol 4
additiveEps 0.333333
entropy 0.456965
archive 25
3
5 10  100 1011100011010000000000110010101001010101111011010000011010000011001010100010011000100001010111101001
4 11  100 1011100011010000000000110010101001010101111011010010011010000011001010100010011000100001010111101001
3 12  100 1011000011010000010000110010101001010101111011010010011010000011000000100010011000100001010111101001
runNumber 26
genCount 12348
elapsedTime 599.911
unaryHyperVol 259
binaryHyperVol 5.75
additiveEps 0.5
entropy 0.509891
archive 26
2
5 10  100 1011100111010000101001000010101001100101111011010000011010000011001010100010011000100001010111101001
3 11  100 1011100111010000101001000010101001100101111011010010011010000011001010100010011000100001010111101001
runNumber 27
genCount 11655
elapsedTime 599.938
unaryHyperVol 249
binaryHyperVol 6
additiveEps 0.5
entropy 0.449615
archive 27
3
5 11  100 1011100111010000000001000010101001010101111011010000011010000011001010100010011000101011010111101001
4 12  100 1011100111010000000001000010101001010101111011010010011010000011001010100010011000101011010111101001
3 13  100 1011000111010000010001000010101001010101111011010010011010000011001010100010011000101011010111101001
runNumber 28
genCount 11414
elapsedTime 599.919
unaryHyperVol 258
binaryHyperVol 4
additiveEps 0.333333
entropy 0.456965
archive 28
3
5 10  100 1011100011010000000000110010101001010101110101010000011010000011000000100010011000100001010111101001
4 11  100 1011100011010000000000110010101001010101110101010010011010000011000000100010011000100001010111101001
3 12  100 1011000011010000010000110010101001010101110101010010011010000011000000100010011000100001010111101001
runNumber 29
genCount 12398
elapsedTime 599.902
unaryHyperVol 231
binaryHyperVol 24.75
additiveEps 0.5
entropy 0.49717
archive 29
2
5 10  100 1011100011000000000001110010101001010101111011010000011010000011001010100010011000101011010111101001
4 11  100 1011100011000000000001110010101001010101111011010010011010000011001010100010011000101011010111101001
