OptimalFront
unaryHyperVol 334
2
5 10  100 0000011101010100101010000100011111011001001010000110010001100111001001111001100001010001000011110101
3 11  100 0000011101010100101010000100011111011001001010000110010001100111001010111001100001010001000011110101
-------------------------
runNumber 0
genCount 11540
elapsedTime 599.175
unaryHyperVol 334
binaryHyperVol 0
additiveEps 0
entropy 0.326634
archive 0
2
5 10  100 0000011101010100101010000100011111011001001010000110010001100111001001111001100001010001000011110101
3 11  100 0000011101010100101010000100011111011001001010000110010001100111001010111001100001010001000011110101
runNumber 1
genCount 11765
elapsedTime 599.946
unaryHyperVol 285
binaryHyperVol 28.5
additiveEps 0.666667
entropy 0.509891
archive 1
2
5 12  100 0110011101110010101001000100011111011001001010000110010001100001001001111001000001010110000011110110
4 13  100 0110011101110010101001000100011111011001001010000110010001100001001010111001000001010110000011110110
runNumber 2
genCount 11661
elapsedTime 599.694
unaryHyperVol 320
binaryHyperVol 4
additiveEps 0.5
entropy 0.442186
archive 2
3
5 11  100 0110011101110010101001000100011111011001001010000110010001100111001001111000010001010110000011110110
4 12  100 0110011101110010101001000100011111011001001010000110010001100111001010111000010001010110000011110110
3 14  100 0110010101010010101001000100011111011001001010000110010001100111001010111000010001010110000011110110
runNumber 3
genCount 12031
elapsedTime 599.981
unaryHyperVol 298
binaryHyperVol 11.25
additiveEps 0.75
entropy 0.509891
archive 3
2
5 13  100 0000001101110100010000000100011111011001001010000110010001100111001001111000010001010110000011110110
3 14  100 0000001101110100010000000100011111011001001010000110010001100111001010111000010001010110000011110110
runNumber 4
genCount 11995
elapsedTime 599.984
unaryHyperVol 321
binaryHyperVol 5.16667
additiveEps 0.5
entropy 0.428269
archive 4
3
5 11  100 0000011101110100101001000100011111011001001010000110010001100111001001111000010001010110000011110110
4 12  100 0000011101110100101001000100011111011001001010000110010001100111001010111000010001010110000011110110
3 13  100 0000010101110100101001000100011111011001001010000110010001100111001010111000010001010110000011110110
runNumber 5
genCount 11917
elapsedTime 599.933
unaryHyperVol 334
binaryHyperVol 0
additiveEps 0
entropy 0.326634
archive 5
2
5 10  100 0000011101010100101010000100011111011001001010000110010001100111001001111001100001010001000011110101
3 11  100 0000011101010100101010000100011111011001001010000110010001100111001010111001100001010001000011110101
runNumber 6
genCount 11618
elapsedTime 599.775
unaryHyperVol 321
binaryHyperVol 5.16667
additiveEps 0.5
entropy 0.428269
archive 6
3
5 11  100 0110011101110010101010000100011111011001001010000110010001100111001001111000010001010001000011110101
4 12  100 0110011101110010101010000100011111011001001010000110010001100111001010111000010001010001000011110101
3 13  100 0110011101010010101010000100011111011001001010000110010001100111001010111000010001010001000011110101
runNumber 7
genCount 11915
elapsedTime 600.002
unaryHyperVol 298
binaryHyperVol 11.25
additiveEps 0.75
entropy 0.509891
archive 7
2
5 13  100 0000001101110100010000000100011111011001001010000110010001100111001001111000010001010110000011110110
3 14  100 0000001101110100010000000100011111011001001010000110010001100111001010111000010001010110000011110110
runNumber 8
genCount 12056
elapsedTime 599.93
unaryHyperVol 320
binaryHyperVol 4
additiveEps 0.5
entropy 0.442186
archive 8
3
5 11  100 0110011101110010101001000100011111011001001010000110010001100111001001111000010001010110000011110110
4 12  100 0110011101110010101001000100011111011001001010000110010001100111001010111000010001010110000011110110
3 14  100 0110010101010010101001000100011111011001001010000110010001100111001010111000010001010110000011110110
runNumber 9
genCount 11826
elapsedTime 600.015
unaryHyperVol 320
binaryHyperVol 4
additiveEps 0.5
entropy 0.442186
archive 9
3
5 11  100 0110011101110010101001000100011111011001001010000110010001100111001001111000010001010110000011110110
4 12  100 0110011101110010101001000100011111011001001010000110010001100111001010111000010001010110000011110110
3 14  100 0110010101010010101001000100011111011001001010000110010001100111001010111000010001010110100011110110
runNumber 10
genCount 12132
elapsedTime 599.793
unaryHyperVol 321
binaryHyperVol 5.16667
additiveEps 0.5
entropy 0.428269
archive 10
3
5 11  100 0110011101110010101010000100011111011001001010000110010001100111001001111000010001010001000011110101
4 12  100 0110011101110010101010000100011111011001001010000110010001100111001010111000010001010001000011110101
3 13  100 0110011101010010101010000100011111011001001010000110010001100111001010111000010001010001000011110101
runNumber 11
genCount 11649
elapsedTime 599.963
unaryHyperVol 321
binaryHyperVol 5.16667
additiveEps 0.5
entropy 0.428269
archive 11
3
5 11  100 0110011101110010101010000100011111011001001010000110010001100111001001111000010001010001000011110101
4 12  100 0110011101110010101010000100011111011001001010000110010001100111001010111000010001010001000011110101
3 13  100 0110011101010010101010000100011111011001001010000110010001100111001010111000010001010001000011110101
runNumber 12
genCount 11693
elapsedTime 600.007
unaryHyperVol 321
binaryHyperVol 5.16667
additiveEps 0.5
entropy 0.428269
archive 12
3
5 11  100 0000011101110100101001000100011111011001001010000110010001100111001001111000010001010110000011110110
4 12  100 0000011101110100101001000100011111011001001010000110010001100111001010111000010001010110000011110110
3 13  100 0000010101110100101001000100011111011001001010000110010001100111001010111000010001010110000011110110
runNumber 13
genCount 10879
elapsedTime 599.969
unaryHyperVol 321
binaryHyperVol 5.16667
additiveEps 0.5
entropy 0.428269
archive 13
3
5 11  100 0000011101110100101001000100011111011001001010000110010001100111001001111000010001010110000011110110
4 12  100 0000011101110100101001000100011111011001001010000110010001100111001010111000010001010110000011110110
3 13  100 0000010101110100101001000100011111011001001010000110010001100111001010111000010001010110000011110110
runNumber 14
genCount 11656
elapsedTime 600.009
unaryHyperVol 321
binaryHyperVol 5.16667
additiveEps 0.5
entropy 0.428269
archive 14
3
5 11  100 0000011101110100101001000100011111011001001010000110010001100111001001111000010001100001000011110101
4 12  100 0000011101110100101001000100011111011001001010000110010001100111001010111000010001100001000011110101
3 13  100 0000010101110100101001000100011111011001001010000110010001100111001010111000010001100001000011110101
runNumber 15
genCount 11452
elapsedTime 599.912
unaryHyperVol 321
binaryHyperVol 5.16667
additiveEps 0.5
entropy 0.428269
archive 15
3
5 11  100 0110011101110010101010000100011111011001001010000110010001100111001001111000010001010001000011110101
4 12  100 0110011101110010101010000100011111011001001010000110010001100111001010111000010001010001000011110101
3 13  100 0110011101010010101010000100011111011001001010000110010001100111001010111000010001010001000011110101
runNumber 16
genCount 12459
elapsedTime 600.003
unaryHyperVol 321
binaryHyperVol 5.16667
additiveEps 0.5
entropy 0.428269
archive 16
3
5 11  100 0000011101110100101001000100011111011001001010000110010001100111001001111000010001010110000011110110
4 12  100 0000011101110100101001000100011111011001001010000110010001100111001010111000010001010110000011110110
3 13  100 0000010101110100101001000100011111011001001010000110010001100111001010111000010001010110100011110110
runNumber 17
genCount 11965
elapsedTime 600
unaryHyperVol 297
binaryHyperVol 9.1
additiveEps 0.6
entropy 0.5994
archive 17
3
5 13  100 0110001101110010010000000100011111011001001010000110010001100111001001111000010001010110000011110110
4 14  100 0110001101110010010000000100011111011001001010000110010001100111001010111000010001010110000011110110
3 15  100 0110001101010010010000000100011111011001001010000110010001100111001010111000010001010110000011110110
runNumber 18
genCount 11267
elapsedTime 599.969
unaryHyperVol 320
binaryHyperVol 4
additiveEps 0.5
entropy 0.442186
archive 18
3
5 11  100 0110011101110010101001000100011111011001001010000110010001100111001001111000010001100001000011110101
4 12  100 0110011101110010101001000100011111011001001010000110010001100111001010111000010001100001000011110101
3 14  100 0110010101010010101001000100011111011001001010000110010001100111001010111000010001100001000011110101
runNumber 19
genCount 11699
elapsedTime 599.958
unaryHyperVol 298
binaryHyperVol 11.25
additiveEps 0.75
entropy 0.509891
archive 19
2
5 13  100 0000000101110100010001000100011111011001001010000110010001100111001001111000010001101010000011110110
3 14  100 0000000101110100010001000100011111011001001010000110010001100111001010111000010001101010000011110110
runNumber 20
genCount 12025
elapsedTime 600.117
unaryHyperVol 320
binaryHyperVol 4
additiveEps 0.5
entropy 0.442186
archive 20
3
5 11  100 0110011101110010101001000100011111011001001010000110010001100111001001111000010001010110000011110110
4 12  100 0110011101110010101001000100011111011001001010000110010001100111001010111000010001010110000011110110
3 14  100 0110010101010010101001000100011111011001001010000110010001100111001010111000010001010110000011110110
runNumber 21
genCount 11727
elapsedTime 599.962
unaryHyperVol 320
binaryHyperVol 4
additiveEps 0.5
entropy 0.442186
archive 21
3
5 11  100 0110011101110010101001000100011111011001001010000110010001100111001001111000010001010110000011110110
4 12  100 0110011101110010101001000100011111011001001010000110010001100111001010111000010001010110000011110110
3 14  100 0110010101010010101001000100011111011001001010000110010001100111001010111000010001010110100011110110
runNumber 22
genCount 11477
elapsedTime 599.979
unaryHyperVol 320
binaryHyperVol 4
additiveEps 0.5
entropy 0.442186
archive 22
3
5 11  100 0110011101110010101001000100011111011001001010000110010001100111001001111000010001010110000011110110
4 12  100 0110011101110010101001000100011111011001001010000110010001100111001010111000010001010110000011110110
3 14  100 0110010101010010101001000100011111011001001010000110010001100111001010111000010001010110000011110110
runNumber 23
genCount 11816
elapsedTime 599.957
unaryHyperVol 320
binaryHyperVol 4
additiveEps 0.5
entropy 0.442186
archive 23
3
5 11  100 0110011101110010101001000100011111011001001010000110010001100111001001111000010001100001000011110101
4 12  100 0110011101110010101001000100011111011001001010000110010001100111001010111000010001100001000011110101
3 14  100 0110010101010010101001000100011111011001001010000110010001100111001010111000010001100001000011110101
runNumber 24
genCount 11882
elapsedTime 599.976
unaryHyperVol 320
binaryHyperVol 4
additiveEps 0.5
entropy 0.442186
archive 24
3
5 11  100 0110011101110010101001000100011111011001001010000110010001100111001001111000010001010110000011110110
4 12  100 0110011101110010101001000100011111011001001010000110010001100111001010111000010001010110000011110110
3 14  100 0110010101010010101001000100011111011001001010000110010001100111001010111000010001010110000011110110
runNumber 25
genCount 11929
elapsedTime 599.991
unaryHyperVol 320
binaryHyperVol 4
additiveEps 0.5
entropy 0.442186
archive 25
3
5 11  100 0110011101110010101001000100011111011001001010000110010001100111001001111000010001010110000011110110
4 12  100 0110011101110010101001000100011111011001001010000110010001100111001010111000010001010110000011110110
3 14  100 0110010101010010101001000100011111011001001010000110010001100111001010111000010001010110000011110110
runNumber 26
genCount 11691
elapsedTime 599.947
unaryHyperVol 321
binaryHyperVol 5.16667
additiveEps 0.5
entropy 0.428269
archive 26
3
5 11  100 0000011101110100101001000100011111011001001010000110010001100111001001111000010001100001000011110101
4 12  100 0000011101110100101001000100011111011001001010000110010001100111001010111000010001100001000011110101
3 13  100 0000010101110100101001000100011111011001001010000110010001100111001010111000010001100001000011110101
runNumber 27
genCount 11499
elapsedTime 599.982
unaryHyperVol 333
binaryHyperVol 0.25
additiveEps 0.5
entropy 0.349763
archive 27
3
5 10  100 0000011101010100101001000100011111011001001010000110010001100111001001111001100001010110000011110110
4 11  100 0000011101010100101001000100011111011001001010000110010001100111001010111001100001010110000011110110
3 12  100 0000010101010100101001000100011111011001001010000110010001100111001010111001100001010110000011110110
runNumber 28
genCount 11712
elapsedTime 599.95
unaryHyperVol 320
binaryHyperVol 4
additiveEps 0.5
entropy 0.442186
archive 28
3
5 11  100 0110011101110010101001000100011111011001001010000110010001100111001001111000010001010110000011110110
4 12  100 0110011101110010101001000100011111011001001010000110010001100111001010111000010001010110000011110110
3 14  100 0110010101010010101001000100011111011001001010000110010001100111001010111000010001010110000011110110
runNumber 29
genCount 12075
elapsedTime 599.965
unaryHyperVol 320
binaryHyperVol 4
additiveEps 0.5
entropy 0.442186
archive 29
3
5 11  100 0110011101110010101001000100011111011001001010000110010001100111001001111000010001010110000011110110
4 12  100 0110011101110010101001000100011111011001001010000110010001100111001010111000010001010110000011110110
3 14  100 0110010101010010101001000100011111011001001010000110010001100111001010111000010001010110100011110110
