OptimalFront
unaryHyperVol 336
3
5 9  100 0110100101010001000000111111100001110101000000001010011011000011011000111011100100101001110100110111
4 10  100 0110100101010001000000111111100001010101000000001010011011000011011000111011100100101001110100110111
3 13  100 0110100101010001001001001111100001110101000000001010011010101011011000111011100100101001110100110111
-------------------------
runNumber 0
genCount 11629
elapsedTime 599.315
unaryHyperVol 336
binaryHyperVol 0
additiveEps 0
entropy 0.270001
archive 0
3
5 9  100 0110100101010001000000111111100001110101000000001010011011000011011000111011100100101001110100110111
4 10  100 0110100101010001000000111111100001010101000000001010011011000011011000111011100100101001110100110111
3 13  100 0110100101010001001001001111100001110101000000001010011010101011011000111011100100101001110100110111
runNumber 1
genCount 12153
elapsedTime 599.946
unaryHyperVol 289
binaryHyperVol 26.25
additiveEps 0.5
entropy 0.49717
archive 1
2
5 11  100 1010000010100111000000111111100001110101000110001010011011000011011000111011100100101001110100110111
4 12  100 1010000010100111000000111111100001010101000110001010011011000011011000111011100100101001110100110111
runNumber 2
genCount 11480
elapsedTime 600.003
unaryHyperVol 334
binaryHyperVol 0.2
additiveEps 0.2
entropy 0.494431
archive 2
3
5 9  100 1010100110101001000000111111100001110101000110001010011001000011011000111011010100101001110100110111
4 11  100 1010100110101001000000111111100001010101000110001010011011000011011000111000000100101001110100110111
3 14  100 1010100110101001001001001111100001110101000110001010011010101011011000111000000100101001110100110111
runNumber 3
genCount 11810
elapsedTime 600.026
unaryHyperVol 308
binaryHyperVol 19.625
additiveEps 0.5
entropy 0.509891
archive 3
2
5 9  100 1010100110101001000000111111100001110101000110001010011011000011011000111011010100101001110100110111
4 11  100 1010100110101001000000111111100001010101000110001010011001000011011000111000000100101001110100110111
runNumber 4
genCount 11548
elapsedTime 599.935
unaryHyperVol 334
binaryHyperVol 0.2
additiveEps 0.2
entropy 0.494431
archive 4
3
5 9  100 1010100110101001000000111111100001110101000110001010011011000011011000111011010100101001110100110111
4 11  100 1010100110101001000000111111100001010101000110001010011011000011011000111000000100101001110100110111
3 14  100 1010100110101001001001001111100001110101000110001010011010101011011000111000000100101001110100110111
runNumber 5
genCount 11957
elapsedTime 599.969
unaryHyperVol 270
binaryHyperVol 42.625
additiveEps 1
entropy 0
archive 5
1
5 10  100 1010100110101001000000111111100001110101000110001010011010101011010101111011010100101001110100110111
runNumber 6
genCount 11433
elapsedTime 599.994
unaryHyperVol 334
binaryHyperVol 0.2
additiveEps 0.2
entropy 0.494431
archive 6
3
5 9  100 1010100110101001000000111111100001110101000110001010011011000011011000111011010100101001110100110111
4 11  100 1010100110101001000000111111100001010101000110001010011001000011011000111000000100101001110100110111
3 14  100 1010100110101001001001001111100001110101000110001010011010101011011000111000000100101001110100110111
runNumber 7
genCount 11515
elapsedTime 599.938
unaryHyperVol 324
binaryHyperVol 2.41667
additiveEps 0.333333
entropy 0.517564
archive 7
3
5 10  100 1010100110100101000000111100000001110101000110001010011010101011010101111011100100101001110100110111
4 11  100 1010100110100101000000111100000001010101000110001010011010101011010101111011100100101001110100110111
3 15  100 0000100110100100001001001111100001110101000110001010011010101011010101111011100100101001110100110111
runNumber 8
genCount 12240
elapsedTime 599.993
unaryHyperVol 299
binaryHyperVol 22.875
additiveEps 0.5
entropy 0.49717
archive 8
2
5 10  100 1010100100010001000000110101100001110101000110001010011001000011011000111011100100101001110100110111
4 11  100 1010100100010001000000110101100001010101000110001010011001000011011000111011100100101001110100110111
runNumber 9
genCount 12138
elapsedTime 599.932
unaryHyperVol 326
binaryHyperVol 3.375
additiveEps 0.25
entropy 0.461422
archive 9
3
5 10  100 0110100101010001000000111111100001110101000110001010011010101011011000111011100100101001110100110111
4 11  100 0110100101010001000000111111100001010101000110001010011010101011011000111011100100101001110100110111
3 13  100 0110100101010001001001001111100001110101000110001010011010101011011000111011100100101001110100110111
runNumber 10
genCount 11483
elapsedTime 599.982
unaryHyperVol 334
binaryHyperVol 0.2
additiveEps 0.2
entropy 0.494431
archive 10
3
5 9  100 1010100110101001000000111111100001110101000110001010011001000011011000111011010100101001110100110111
4 11  100 1010100110101001000000111111100001010101000110001010011011000011011000111000000100101001110100110111
3 14  100 1010000010101001010000111111100001110101000110001010011010101011011000111000000100101001110100110111
runNumber 11
genCount 12090
elapsedTime 599.985
unaryHyperVol 334
binaryHyperVol 0.2
additiveEps 0.2
entropy 0.494431
archive 11
3
5 9  100 1010100110101001000000111111100001110101000110001010011001000011011000111011010100101001110100110111
4 11  100 1010100110101001000000111111100001010101000110001010011011000011011000111000000100101001110100110111
3 14  100 1010000010101001010000111111100001110101000110001010011010101011011000111000000100101001110100110111
runNumber 12
genCount 11706
elapsedTime 599.922
unaryHyperVol 326
binaryHyperVol 3.375
additiveEps 0.25
entropy 0.461422
archive 12
3
5 10  100 0110100101010001000000111111100001110101000000001010011010101011010101111011100100101001110100110111
4 11  100 0110100101010001000000111111100001010101000000001010011010101011010101111011100100101001110100110111
3 13  100 0110100101010001001001001111100001110101000000001010011010101011010101111011100100101001110100110111
runNumber 13
genCount 11561
elapsedTime 600.01
unaryHyperVol 326
binaryHyperVol 3.375
additiveEps 0.25
entropy 0.461422
archive 13
3
5 10  100 0110100101010001000000111111100001110101000000001010011010101011010101111011100100101001110100110111
4 11  100 0110100101010001000000111111100001010101000000001010011010101011010101111011100100101001110100110111
3 13  100 0110000001010001010000111111100001110101000000001010011010101011010101111011100100101001110100110111
runNumber 14
genCount 11632
elapsedTime 599.946
unaryHyperVol 324
binaryHyperVol 2.9
additiveEps 0.4
entropy 0.470929
archive 14
3
5 10  100 1010100110101001000000111111100001110101000110001010011010101011010101111011010100101001110100110111
4 12  100 1010100110101001000000111111100001010101000110001010011010101011010101111000000100101001110100110111
3 14  100 1010100110101001001001001111100001110101000110001010011010101011010101111000000100101001110100110111
runNumber 15
genCount 11697
elapsedTime 599.966
unaryHyperVol 334
binaryHyperVol 0.2
additiveEps 0.2
entropy 0.494431
archive 15
3
5 9  100 1010100110101001000000111111100001110101000110001010011001000011011000111011010100101001110100110111
4 11  100 1010100110101001000000111111100001010101000110001010011001000011011000111000000100101001110100110111
3 14  100 1010000010101001010000111111100001110101000110001010011010101011011000111000000100101001110100110111
runNumber 16
genCount 11797
elapsedTime 599.961
unaryHyperVol 314
binaryHyperVol 4.66667
additiveEps 0.333333
entropy 0.492564
archive 16
3
5 11  100 0000100110100100000000111111100001110101000110001010011011000011011000111011100100101001110100110111
4 12  100 0000100110100100000000111111100001010101000110001010011011000011011000111011100100101001110100110111
3 15  100 0000000010100100010000111111100001110101000110001010011010101011011000111011100100101001110100110111
runNumber 17
genCount 11792
elapsedTime 599.996
unaryHyperVol 336
binaryHyperVol 0
additiveEps 0
entropy 0.270001
archive 17
3
5 9  100 0110100101010001000000111111100001110101000000001010011011000011011000111011100100101001110100110111
4 10  100 0110100101010001000000111111100001010101000000001010011011000011011000111011100100101001110100110111
3 13  100 0110000001010001010000111111100001110101000000001010011010101011011000111011100100101001110100110111
runNumber 18
genCount 11542
elapsedTime 599.945
unaryHyperVol 326
binaryHyperVol 3.375
additiveEps 0.25
entropy 0.461422
archive 18
3
5 10  100 0110100101010001000000111111100001110101000110001010011010101011010101111011100100101001110100110111
4 11  100 0110100101010001000000111111100001010101000110001010011010101011010101111011100100101001110100110111
3 13  100 0110100101010001001001001111100001110101000110001010011010101011010101111011100100101001110100110111
runNumber 19
genCount 11893
elapsedTime 600.004
unaryHyperVol 299
binaryHyperVol 22.875
additiveEps 0.5
entropy 0.49717
archive 19
2
5 10  100 1010100110100101000000111100000001110101000000001010011010101011010101111011100100101001110100110111
4 11  100 1010100110100101000000111100000001010101000000001010011010101011010101111011100100101001110100110111
runNumber 20
genCount 11916
elapsedTime 599.955
unaryHyperVol 309
binaryHyperVol 19.5
additiveEps 0.5
entropy 0.488066
archive 20
2
5 9  100 1010100111010001000000011111100001110101000110001010011011000011011000111011100100101001110100110111
4 10  100 1010100111010001000000011111100001010101000110001010011001000011011000111011100100101001110100110111
runNumber 21
genCount 11542
elapsedTime 599.992
unaryHyperVol 334
binaryHyperVol 0.2
additiveEps 0.2
entropy 0.494431
archive 21
3
5 9  100 1010100110101001000000111111100001110101000110001010011011000011011000111011010100101001110100110111
4 11  100 1010100110101001000000111111100001010101000110001010011011000011011000111000000100101001110100110111
3 14  100 1010100110101001001001001111100001110101000110001010011010101011011000111000000100101001110100110111
runNumber 22
genCount 11402
elapsedTime 599.996
unaryHyperVol 326
binaryHyperVol 3.375
additiveEps 0.25
entropy 0.461422
archive 22
3
5 10  100 0110100101010001000000111111100001110101000110001010011010101011010101111011100100101001110100110111
4 11  100 0110100101010001000000111111100001010101000110001010011010101011010101111011100100101001110100110111
3 13  100 0110100101010001001001001111100001110101000110001010011010101011010101111011100100101001110100110111
runNumber 23
genCount 11618
elapsedTime 599.96
unaryHyperVol 334
binaryHyperVol 0.2
additiveEps 0.2
entropy 0.494431
archive 23
3
5 9  100 1010100110101001000000111111100001110101000110001010011011000011011000111011010100101001110100110111
4 11  100 1010100110101001000000111111100001010101000110001010011001000011011000111000000100101001110100110111
3 14  100 1010100110101001001001001111100001110101000110001010011010101011011000111000000100101001110100110111
runNumber 24
genCount 11493
elapsedTime 599.989
unaryHyperVol 324
binaryHyperVol 2.9
additiveEps 0.4
entropy 0.470929
archive 24
3
5 10  100 1010100110101001000000111111100001110101000000001010011010101011010101111011010100101001110100110111
4 12  100 1010100110101001000000111111100001010101000000001010011010101011010101111000000100101001110100110111
3 14  100 1010100110101001001001001111100001110101000000001010011010101011010101111000000100101001110100110111
runNumber 25
genCount 12167
elapsedTime 599.945
unaryHyperVol 309
binaryHyperVol 19.5
additiveEps 0.5
entropy 0.488066
archive 25
2
5 9  100 0110100101010001000000111111100001110101000110001010011011000011011000111011100100101001110100110111
4 10  100 0110100101010001000000111111100001010101000110001010011011000011011000111011100100101001110100110111
runNumber 26
genCount 11873
elapsedTime 599.978
unaryHyperVol 299
binaryHyperVol 22.875
additiveEps 0.5
entropy 0.49717
archive 26
2
5 10  100 0110100101010001000000111111100001110101000000001010011010101011010101111011100100101001110100110111
4 11  100 0110100101010001000000111111100001010101000000001010011010101011010101111011100100101001110100110111
runNumber 27
genCount 11658
elapsedTime 599.941
unaryHyperVol 336
binaryHyperVol 0
additiveEps 0
entropy 0.270001
archive 27
3
5 9  100 0110100101010001000000111111100001110101000000001010011011000011011000111011100100101001110100110111
4 10  100 0110100101010001000000111111100001010101000000001010011011000011011000111011100100101001110100110111
3 13  100 0110000001010001010000111111100001110101000000001010011010101011011000111011100100101001110100110111
runNumber 28
genCount 11628
elapsedTime 599.955
unaryHyperVol 322
binaryHyperVol 2.58333
additiveEps 0.5
entropy 0.506669
archive 28
3
5 10  100 1010100110100101000000111111101001110101000000001010011010101011010101111011100100101001110100110111
4 13  100 0000100110100100000000111111100001010101000000001010011010101011010101111011100100101001110100110111
3 15  100 0000100110100100001001001111100001110101000000001010011010101011010101111011100100101001110100110111
runNumber 29
genCount 11779
elapsedTime 600.004
unaryHyperVol 309
binaryHyperVol 19.5
additiveEps 0.5
entropy 0.488066
archive 29
2
5 9  100 1010100111010001000000011111100001110101000110001010011001000011011000111011100100101001110100110111
4 10  100 1010100111010001000000011111100001010101000110001010011001000011011000111011100100101001110100110111
