OptimalFront
unaryHyperVol 286
3
5 8  100 0100101101110110101110000101011111011001001001000110010001100111001001111101100001100011101011111010
4 9  100 0100101101010110101110000101011111011001001001000110010001100111001001111101100001100011101011111010
3 11  100 0100101101010110100001000110101111011001001001000110010001100111001001111001100001101010101011111010
-------------------------
runNumber 0
genCount 15629
elapsedTime 599.36
unaryHyperVol 277
binaryHyperVol 4.16667
additiveEps 0.333333
entropy 0.461709
archive 0
3
5 9  100 0100101101110110100001000110011111011001001001000110010001100111001001111001100001101010101011111010
4 10  100 0100101101010110100001000110011111011001001001000110010001100111001001111001100001101010101011111010
3 11  100 0100101101010110100001000110101111011001001001000110010001100111001001111001100001101010101011111010
runNumber 1
genCount 60345
elapsedTime 599.977
unaryHyperVol 277
binaryHyperVol 4.16667
additiveEps 0.333333
entropy 0.461709
archive 1
3
5 9  100 0100101101110110100001000110011111011001001001000110010001100111001001111001100001101010101011111010
4 10  100 0100101101010110100001000110011111011001001001000110010001100111001001111001100001101010101011111010
3 11  100 0100101101010110100001000110101111011001001001000110010001100111001001111001100001101010101011111010
runNumber 2
genCount 72531
elapsedTime 600.002
unaryHyperVol 251
binaryHyperVol 22.1667
additiveEps 0.5
entropy 0.49717
archive 2
2
5 9  100 0100100101110110101100000101011111011001001001000110010001100111001001111001100001101010101011111010
4 10  100 0100100101010110101100000101011111011001001001000110010001100111001001111001100001101010101011111010
runNumber 3
genCount 70172
elapsedTime 599.997
unaryHyperVol 277
binaryHyperVol 4.16667
additiveEps 0.333333
entropy 0.461709
archive 3
3
5 9  100 0100101101110110100001000110011111011001001001000110010001100111001001111001100001101010101011111010
4 10  100 0100101101010110100001000110011111011001001001000110010001100111001001111001100001101010101011111010
3 11  100 0100101101010110100001000110101111011001001001000110010001100111001001111001100001101010101011111010
runNumber 4
genCount 70608
elapsedTime 600.009
unaryHyperVol 277
binaryHyperVol 4.16667
additiveEps 0.333333
entropy 0.461709
archive 4
3
5 9  100 0100101101110110100001000110011111011001001001000110010001100111001001111001100001101010101011111010
4 10  100 0100101101010110100001000110011111011001001001000110010001100111001001111001100001101010101011111010
3 11  100 0100101101010110100001000110101111011001001001000110010001100111001001111001100001101010101011111010
runNumber 5
genCount 72096
elapsedTime 599.904
unaryHyperVol 251
binaryHyperVol 22.1667
additiveEps 0.5
entropy 0.49717
archive 5
2
5 9  100 0100101101110110101110000101011111011001001001000110010001100111000101111001100001010110101011111010
4 10  100 0100101101010110101110000101011111011001001001000110010001100111000101111001100001010110101011111010
runNumber 6
genCount 70519
elapsedTime 599.994
unaryHyperVol 277
binaryHyperVol 4.16667
additiveEps 0.333333
entropy 0.461709
archive 6
3
5 9  100 0100101101110110100001000110011111011001001001000110010001100111001001111001100001101010101011111010
4 10  100 0100101101010110100001000110011111011001001001000110010001100111001001111001100001101010101011111010
3 11  100 0100101101010110100001000110101111011001001001000110010001100111001001111001100001101010101011111010
runNumber 7
genCount 70621
elapsedTime 600.005
unaryHyperVol 277
binaryHyperVol 4.16667
additiveEps 0.333333
entropy 0.461709
archive 7
3
5 9  100 0100101101110110100001000110011111011001001001000110010001100111001001111001100001101010101011111010
4 10  100 0100101101010110100001000110011111011001001001000110010001100111001001111001100001101010101011111010
3 11  100 0100101101010110100001000110101111011001001001000110010001100111001001111001100001101010101011111010
runNumber 8
genCount 70634
elapsedTime 599.994
unaryHyperVol 277
binaryHyperVol 4.16667
additiveEps 0.333333
entropy 0.461709
archive 8
3
5 9  100 0100101101110110100001000110011111011001001001000110010001100111001001111001100001101010101011111010
4 10  100 0100101101010110100001000110011111011001001001000110010001100111001001111001100001101010101011111010
3 11  100 0100101101010110100001000110101111011001001001000110010001100111001001111001100001101010101011111010
runNumber 9
genCount 70640
elapsedTime 600.004
unaryHyperVol 277
binaryHyperVol 4.16667
additiveEps 0.333333
entropy 0.461709
archive 9
3
5 9  100 0100101101110110100001000110011111011001001001000110010001100111001001111001100001101010101011111010
4 10  100 0100101101010110100001000110011111011001001001000110010001100111001001111001100001101010101011111010
3 11  100 0100101101010110100001000110101111011001001001000110010001100111001001111001100001101010101011111010
runNumber 10
genCount 72321
elapsedTime 599.99
unaryHyperVol 253
binaryHyperVol 4.79167
additiveEps 0.333333
entropy 0.451725
archive 10
3
11 8  100 0100101101110110101110000101011111011001001001000110010001100111001001101001100001100000101011111010
5 9  100 0100101101110110101110000101011111011001001001000110010001100111001000011001100001100000101011111010
4 10  100 0100101101010110101110000101011111011001001001000110010001100111001000011001100001100000101011111010
runNumber 11
genCount 70111
elapsedTime 599.952
unaryHyperVol 277
binaryHyperVol 4.16667
additiveEps 0.333333
entropy 0.461709
archive 11
3
5 9  100 0100101101110110100001000110011111011001001001000110010001100111001001111001100001101010101011111010
4 10  100 0100101101010110100001000110011111011001001001000110010001100111001001111001100001101010101011111010
3 11  100 0100101101010110100001000110101111011001001001000110010001100111001001111001100001101010101011111010
runNumber 12
genCount 70673
elapsedTime 599.988
unaryHyperVol 277
binaryHyperVol 4.16667
additiveEps 0.333333
entropy 0.461709
archive 12
3
5 9  100 0100101101110110100001000110011111011001001001000110010001100111001001111001100001101010101011111010
4 10  100 0100101101010110100001000110011111011001001001000110010001100111001001111001100001101010101011111010
3 11  100 0100101101010110100001000110101111011001001001000110010001100111001001111001100001101010101011111010
runNumber 13
genCount 72992
elapsedTime 600.006
unaryHyperVol 251
binaryHyperVol 22.1667
additiveEps 0.5
entropy 0.49717
archive 13
2
5 9  100 0100101101110110101110000110011111011001001001000110010001100111001000011001100001100000101011111010
4 10  100 0100101101010110101110000110011111011001001001000110010001100111001000011001100001100000101011111010
runNumber 14
genCount 70677
elapsedTime 599.967
unaryHyperVol 277
binaryHyperVol 4.16667
additiveEps 0.333333
entropy 0.461709
archive 14
3
5 9  100 0100101101110110100001000110011111011001001001000110010001100111001001111001100001101010101011111010
4 10  100 0100101101010110100001000110011111011001001001000110010001100111001001111001100001101010101011111010
3 11  100 0100101101010110100001000110101111011001001001000110010001100111001001111001100001101010101011111010
runNumber 15
genCount 70505
elapsedTime 599.979
unaryHyperVol 277
binaryHyperVol 4.16667
additiveEps 0.333333
entropy 0.461709
archive 15
3
5 9  100 0100101101110110100001000110011111011001001001000110010001100111001001111001100001101010101011111010
4 10  100 0100101101010110100001000110011111011001001001000110010001100111001001111001100001101010101011111010
3 11  100 0100101101010110100001000110101111011001001001000110010001100111001001111001100001101010101011111010
runNumber 16
genCount 70578
elapsedTime 599.996
unaryHyperVol 277
binaryHyperVol 4.16667
additiveEps 0.333333
entropy 0.461709
archive 16
3
5 9  100 0100101101110110100001000110011111011001001001000110010001100111001001111001100001101010101011111010
4 10  100 0100101101010110100001000110011111011001001001000110010001100111001001111001100001101010101011111010
3 11  100 0100101101010110100001000110101111011001001001000110010001100111001001111001100001101010101011111010
runNumber 17
genCount 70758
elapsedTime 600.001
unaryHyperVol 277
binaryHyperVol 4.16667
additiveEps 0.333333
entropy 0.461709
archive 17
3
5 9  100 0100101101110110100001000110011111011001001001000110010001100111001001111001100001101010101011111010
4 10  100 0100101101010110100001000110011111011001001001000110010001100111001001111001100001101010101011111010
3 11  100 0100101101010110100001000110101111011001001001000110010001100111001001111001100001101010101011111010
runNumber 18
genCount 70040
elapsedTime 599.995
unaryHyperVol 277
binaryHyperVol 4.16667
additiveEps 0.333333
entropy 0.461709
archive 18
3
5 9  100 0100101101110110100001000110011111011001001001000110010001100111001001111001100001101010101011111010
4 10  100 0100101101010110100001000110011111011001001001000110010001100111001001111001100001101010101011111010
3 11  100 0100101101010110100001000110101111011001001001000110010001100111001001111001100001101010101011111010
runNumber 19
genCount 70483
elapsedTime 599.989
unaryHyperVol 277
binaryHyperVol 4.16667
additiveEps 0.333333
entropy 0.461709
archive 19
3
5 9  100 0100101101110110100001000110011111011001001001000110010001100111001001111001100001101010101011111010
4 10  100 0100101101010110100001000110011111011001001001000110010001100111001001111001100001101010101011111010
3 11  100 0100101101010110100001000110101111011001001001000110010001100111001001111001100001101010101011111010
runNumber 20
genCount 70586
elapsedTime 599.896
unaryHyperVol 277
binaryHyperVol 4.16667
additiveEps 0.333333
entropy 0.461709
archive 20
3
5 9  100 0100101101110110100001000110011111011001001001000110010001100111001001111001100001101010101011111010
4 10  100 0100101101010110100001000110011111011001001001000110010001100111001001111001100001101010101011111010
3 11  100 0100101101010110100001000110101111011001001001000110010001100111001001111001100001101010101011111010
runNumber 21
genCount 70316
elapsedTime 599.995
unaryHyperVol 277
binaryHyperVol 4.16667
additiveEps 0.333333
entropy 0.461709
archive 21
3
5 9  100 0100101101110110100001000110011111011001001001000110010001100111001001111001100001101010101011111010
4 10  100 0100101101010110100001000110011111011001001001000110010001100111001001111001100001101010101011111010
3 11  100 0100101101010110100001000110101111011001001001000110010001100111001001111001100001101010101011111010
runNumber 22
genCount 72168
elapsedTime 599.949
unaryHyperVol 208
binaryHyperVol 48.3333
additiveEps 1
entropy 0
archive 22
1
5 11  100 0100101101110110101110000110011111011001001001000001010001100111101001111001100001010110101011111010
runNumber 23
genCount 70624
elapsedTime 599.998
unaryHyperVol 277
binaryHyperVol 4.16667
additiveEps 0.333333
entropy 0.461709
archive 23
3
5 9  100 0100101101110110100001000110011111011001001001000110010001100111001001111001100001101010101011111010
4 10  100 0100101101010110100001000110011111011001001001000110010001100111001001111001100001101010101011111010
3 11  100 0100101101010110100001000110101111011001001001000110010001100111001001111001100001101010101011111010
runNumber 24
genCount 72923
elapsedTime 599.996
unaryHyperVol 251
binaryHyperVol 22.1667
additiveEps 0.5
entropy 0.49717
archive 24
2
5 9  100 0100101101110110101110000101011111011001001001000110010001100111001000011001100001100000101011111010
4 10  100 0100101101010110101110000101011111011001001001000110010001100111001000011001100001100000101011111010
runNumber 25
genCount 72166
elapsedTime 600.003
unaryHyperVol 251
binaryHyperVol 22.1667
additiveEps 0.5
entropy 0.49717
archive 25
2
5 9  100 0100101101110110101110000110011111011001001001000110010001100111001000011001100001100000101011111010
4 10  100 0100101101010110101110000110011111011001001001000110010001100111001000011001100001100000101011111010
runNumber 26
genCount 72386
elapsedTime 599.968
unaryHyperVol 251
binaryHyperVol 22.1667
additiveEps 0.5
entropy 0.49717
archive 26
2
5 9  100 0100101101110110101110000101011111011001001001000110010001100111001000011001100001100000101011111010
4 10  100 0100101101010110101110000101011111011001001001000110010001100111001000011001100001100000101011111010
runNumber 27
genCount 72148
elapsedTime 600.001
unaryHyperVol 251
binaryHyperVol 22.1667
additiveEps 0.5
entropy 0.49717
archive 27
2
5 9  100 0100100101110110101100000110011111011001001001000110010001100111001001111001100001101010101011111010
4 10  100 0100100101010110101100000110011111011001001001000110010001100111001001111001100001101010101011111010
runNumber 28
genCount 72170
elapsedTime 599.936
unaryHyperVol 251
binaryHyperVol 22.1667
additiveEps 0.5
entropy 0.49717
archive 28
2
5 9  100 0100101101110110101110000110011111011001001001000110010001100111000101111001100001010110101011111010
4 10  100 0100101101010110101110000110011111011001001001000110010001100111000101111001100001010110101011111010
runNumber 29
genCount 72641
elapsedTime 599.997
unaryHyperVol 251
binaryHyperVol 22.1667
additiveEps 0.5
entropy 0.49717
archive 29
2
5 9  100 0100101101110110101110000101011111011001001001000110010001100111001000011001100001100000101011111010
4 10  100 0100101101010110101110000101011111011001001001000110010001100111001000011001100001100000101011111010
