OptimalFront
unaryHyperVol 324
4
6 11  100 1000010101100100000000111100000000101000100000000110101010001001001010110110111010110101101011001110
5 12  100 1000101001100100110000111100000000101000100000000110101010001001001010110110111010110101101011001110
4 13  100 1000101001100101110000111100000000101000100000000110101010001001001010110110111010110101101011001110
3 14  100 1000101001100100101010111100000000101000100000000110101010001001001010110110111010010001101011001110
-------------------------
runNumber 0
genCount 20607
elapsedTime 599.53
unaryHyperVol 324
binaryHyperVol 0
additiveEps 0
entropy 0.168124
archive 0
4
6 11  100 1000010101100100000000111100000000101000100000000110101010001001001010110110111010110101101011001110
5 12  100 1000101001100100110000111100000000101000100000000110101010001001001010110110111010110101101011001110
4 13  100 1000101001100101110000111100000000101000100000000110101010001001001010110110111010110101101011001110
3 14  100 1000101001100100101010111100000000101000100000000110101010001001001010110110111010010001101011001110
runNumber 1
genCount 11788
elapsedTime 599.959
unaryHyperVol 292
binaryHyperVol 14.5556
additiveEps 0.333333
entropy 0.449615
archive 1
3
6 11  100 1000010101100100000000111100000000101000100000000110101010001001001010110110111010110101101011001110
5 13  100 1000010101100100001001001100000000101000100000000110101010001001001010110110111010110101101011001110
4 14  100 1000010101100101001001001100000000101000100000000110101010001001001010110110111010110101101011001110
runNumber 2
genCount 12421
elapsedTime 599.981
unaryHyperVol 307
binaryHyperVol 8.33333
additiveEps 0.666667
entropy 0.49717
archive 2
2
6 13  100 1000011001100100101010111100000000101000100000000110101010001001001010110110111010010001101011001110
3 14  100 1000101001100100101010111100000000101000100000000110101010001001001010110110111010010001101011001110
runNumber 3
genCount 12467
elapsedTime 599.957
unaryHyperVol 307
binaryHyperVol 8.33333
additiveEps 0.666667
entropy 0.49717
archive 3
2
6 13  100 1000011001100100101010111100000000101000100000000110101010001001001010110110111010010001101011001110
3 14  100 1000101001100100101010111100000000101000100000000110101010001001001010110110111010010001101011001110
runNumber 4
genCount 11552
elapsedTime 599.956
unaryHyperVol 292
binaryHyperVol 14.5556
additiveEps 0.333333
entropy 0.449615
archive 4
3
6 11  100 1000010101100100000000111100000000101000100000000110101010001001001010110110111010110101101011001110
5 13  100 1000010101100100001001001100000000101000100000000110101010001001001010110110111010110101101011001110
4 14  100 1000010101100101001001001100000000101000100000000110101010001001001010110110111010110101101011001110
runNumber 5
genCount 12424
elapsedTime 600.03
unaryHyperVol 307
binaryHyperVol 8.33333
additiveEps 0.666667
entropy 0.49717
archive 5
2
6 13  100 1000011001100100101010111100000000101000100000000110101010001001001010110110111010010001101011001110
3 14  100 1000101001100100101010111100000000101000100000000110101010001001001010110110111010010001101011001110
runNumber 6
genCount 12074
elapsedTime 599.866
unaryHyperVol 287
binaryHyperVol 18.3333
additiveEps 0.333333
entropy 0.509891
archive 6
2
5 12  100 1000101001100100110000111100000000101000100000000110101010001001001010110110111010110101101011001110
4 13  100 1000101001100101110000111100000000101000100000000110101010001001001010110110111010110101101011001110
runNumber 7
genCount 12013
elapsedTime 600.008
unaryHyperVol 294
binaryHyperVol 14.3333
additiveEps 0.333333
entropy 0.482558
archive 7
3
6 11  100 1000011001100100000000111100000000101000100000000110101010001001001010110110111010110101101011001110
5 12  100 1000101001100100110000111100000000101000100000000110101010001001001010110110111010110101101011001110
4 13  100 1000101001100101110000111100000000101000100000000110101010001001001010110110111010110101101011001110
runNumber 8
genCount 12124
elapsedTime 599.981
unaryHyperVol 307
binaryHyperVol 8.33333
additiveEps 0.666667
entropy 0.49717
archive 8
2
6 13  100 1000011001100100101010111100000000101000100000000110101010001001001010110110111010010001101011001110
3 14  100 1000101001100100101010111100000000101000100000000110101010001001001010110110111010010001101011001110
runNumber 9
genCount 12076
elapsedTime 599.977
unaryHyperVol 307
binaryHyperVol 8.33333
additiveEps 0.666667
entropy 0.49717
archive 9
2
6 13  100 1000011001100100101010111100000000101000100000000110101010001001001010110110111010010001101011001110
3 14  100 1000101001100100101010111100000000101000100000000110101010001001001010110110111010010001101011001110
runNumber 10
genCount 12058
elapsedTime 599.942
unaryHyperVol 324
binaryHyperVol 0
additiveEps 0
entropy 0.168124
archive 10
4
6 11  100 1000011001100100000000111100000000101000100000000110101010001001001010110110111010110101101011001110
5 12  100 1000101001100100110000111100000000101000100000000110101010001001001010110110111010110101101011001110
4 13  100 1000101001100101110000111100000000101000100000000110101010001001001010110110111010110101101011001110
3 14  100 1000101001100100101010111100000000101000100000000110101010001001001010110110111010010001101011001110
runNumber 11
genCount 12095
elapsedTime 599.994
unaryHyperVol 292
binaryHyperVol 14.5556
additiveEps 0.333333
entropy 0.449615
archive 11
3
6 11  100 1000010101100100000000111100000000101000100000000110101010001001001010110110111010110101101011001110
5 13  100 1000010101100100000000111100000001011000100000000110101010001001001010110110111010110101101011001110
4 14  100 1000010101100101000000111100000001011000100000000110101010001001001010110110111010110101101011001110
runNumber 12
genCount 11949
elapsedTime 599.99
unaryHyperVol 307
binaryHyperVol 8.33333
additiveEps 0.666667
entropy 0.49717
archive 12
2
6 13  100 1000011001100100101010111100000000101000100000000110101010001001001010110110111010010001101011001110
3 14  100 1000101001100100101010111100000000101000100000000110101010001001001010110110111010010001101011001110
runNumber 13
genCount 11971
elapsedTime 599.933
unaryHyperVol 321
binaryHyperVol 0.333333
additiveEps 0.333333
entropy 0.576565
archive 13
2
6 11  100 1000011001100100000000111100000000101000100000000110101010001001001010110110111010110101101011001110
3 14  100 1000101001100100101010111100000000101000100000000110101010001001001010110110111010010001101011001110
runNumber 14
genCount 11652
elapsedTime 599.992
unaryHyperVol 316
binaryHyperVol 4.11111
additiveEps 0.333333
entropy 0.470519
archive 14
3
6 12  100 1000011001100100101010111100000000101000100000000110101010001001001010110110111010110101101011000101
4 13  100 1000101001100100101010111100000000101000100000000110101010001001001010110110111010110101101011000101
3 14  100 1000101001100100101010111100000000101000100000000110101010001001001010110110111010010001101011001110
runNumber 15
genCount 11750
elapsedTime 599.939
unaryHyperVol 286
binaryHyperVol 18.4444
additiveEps 0.333333
entropy 0.49717
archive 15
2
6 12  100 1000011011001100101001111100000000101000100000000110101010001001001010110110111010110101101011001110
4 13  100 1000101011001100101001111100000000101000100000000110101010001001001010110110111010110101101011001110
runNumber 16
genCount 12131
elapsedTime 599.984
unaryHyperVol 307
binaryHyperVol 8.33333
additiveEps 0.666667
entropy 0.49717
archive 16
2
6 13  100 1000011001100100101010111100000000101000100000000110101010001001001010110110111010010001101011001110
3 14  100 1000101001100100101010111100000000101000100000000110101010001001001010110110111010010001101011001110
runNumber 17
genCount 11727
elapsedTime 600.017
unaryHyperVol 316
binaryHyperVol 4.11111
additiveEps 0.333333
entropy 0.470519
archive 17
3
6 12  100 1000011001100100101010111100000000101000100000000110101010001001001010110110111010110101101011000101
4 13  100 1000101001100100101010111100000000101000100000000110101010001001001010110110111010110101101011000101
3 14  100 1000101001100100101010111100000000101000100000000110101010001001001010110110111010010001101011001110
runNumber 18
genCount 11921
elapsedTime 599.905
unaryHyperVol 316
binaryHyperVol 4.11111
additiveEps 0.333333
entropy 0.470519
archive 18
3
6 12  100 1000011001100100101010111100000000101000100000000110101010001001001010110110111010110101101011000101
4 13  100 1000101001100100101010111100000000101000100000000110101010001001001010110110111010110101101011000101
3 14  100 1000101001100100101010111100000000101000100000000110101010001001001010110110111010010001101011001110
runNumber 19
genCount 11940
elapsedTime 599.971
unaryHyperVol 307
binaryHyperVol 8.33333
additiveEps 0.666667
entropy 0.49717
archive 19
2
6 13  100 1000011001100100101010111100000000101000100000000110101010001001001010110110111010010001101011001110
3 14  100 1000101001100100101010111100000000101000100000000110101010001001001010110110111010010001101011001110
runNumber 20
genCount 11842
elapsedTime 599.979
unaryHyperVol 315
binaryHyperVol 3.16667
additiveEps 0.25
entropy 0.47093
archive 20
3
6 12  100 1000011001100100101010111100000000101000100000000110101010001001001010110110111010110101101011000101
4 13  100 1000101001100100101010111100000000101000100000000110101010001001001010110110111010110101101011000101
3 15  100 1000101001100100101010111100000000101000100000000110101010001001001010110110111010010001101011000101
runNumber 21
genCount 12288
elapsedTime 599.95
unaryHyperVol 307
binaryHyperVol 8.33333
additiveEps 0.666667
entropy 0.49717
archive 21
2
6 13  100 1000011001100100101010111100000000101000100000000110101010001001001010110110111010010001101011001110
3 14  100 1000101001100100101010111100000000101000100000000110101010001001001010110110111010010001101011001110
runNumber 22
genCount 12276
elapsedTime 599.888
unaryHyperVol 287
binaryHyperVol 18.3333
additiveEps 0.333333
entropy 0.509891
archive 22
2
5 12  100 1000101001100100110000111100000000101000100000000110101010001001001010110110111010110101101011001110
4 13  100 1000101001100101110000111100000000101000100000000110101010001001001010110110111010110101101011001110
runNumber 23
genCount 11818
elapsedTime 599.942
unaryHyperVol 317
binaryHyperVol 4
additiveEps 0.333333
entropy 0.482558
archive 23
3
5 12  100 1000101001100100110000111100000000101000100000000110101010001001001010110110111010110101101011001110
4 13  100 1000101001100101110000111100000000101000100000000110101010001001001010110110111010110101101011001110
3 14  100 1000101001100100101010111100000000101000100000000110101010001001001010110110111010010001101011001110
runNumber 24
genCount 12049
elapsedTime 600.009
unaryHyperVol 307
binaryHyperVol 8.33333
additiveEps 0.666667
entropy 0.49717
archive 24
2
6 13  100 1000011001001100101010111100000000101000100000000110101010001001001010110110111010010001101011001110
3 14  100 1000101001100100101010111100000000101000100000000110101010001001001010110110111010010001101011001110
runNumber 25
genCount 12124
elapsedTime 599.978
unaryHyperVol 287
binaryHyperVol 18.3333
additiveEps 0.333333
entropy 0.509891
archive 25
2
5 12  100 1000101001100100110000111100000000101000100000000110101010001001001010110110111010110101101011001110
4 13  100 1000101001100101110000111100000000101000100000000110101010001001001010110110111010110101101011001110
runNumber 26
genCount 11860
elapsedTime 599.916
unaryHyperVol 307
binaryHyperVol 8.33333
additiveEps 0.666667
entropy 0.49717
archive 26
2
6 13  100 1000011001100100101010111100000000101000100000000110101010001001001010110110111010010001101011001110
3 14  100 1000101001100100101010111100000000101000100000000110101010001001001010110110111010010001101011001110
runNumber 27
genCount 12060
elapsedTime 599.925
unaryHyperVol 277
binaryHyperVol 22.6667
additiveEps 0.666667
entropy 0.475082
archive 27
2
6 13  100 0100011000100100101001111100000000101000100000000110101010001001001010110110111010110101101011001110
4 14  100 0100101000100100101001111100000000101000100000000110101010001001001010110110111010110101101011001110
runNumber 28
genCount 11654
elapsedTime 599.966
unaryHyperVol 286
binaryHyperVol 18.4444
additiveEps 0.333333
entropy 0.49717
archive 28
2
6 12  100 1000011011001100101001111100000000101000100000000110101010001001001010110110111010110101101011001110
4 13  100 1000101011001100101001111100000000101000100000000110101010001001001010110110111010110101101011001110
runNumber 29
genCount 11934
elapsedTime 599.97
unaryHyperVol 277
binaryHyperVol 22.6667
additiveEps 0.666667
entropy 0.475082
archive 29
2
6 13  100 0100011000100100101001111100000000101000100000000110101010001001001010110110111010110101101011001110
4 14  100 0100101000100100101001111100000000101000100000000110101010001001001010110110111010110101101011001110
