OptimalFront
unaryHyperVol 285
3
6 10  100 1010101010110001000000111110110001010101000100001010011010100011010101111010000100010101110100111011
4 11  100 1010101010110001000000111110110001010101000100001010011010100011010101111010000100010101010100111011
3 13  100 1010101010010101001000111110110001010101000100001010011010100011010101111010100100010101010100111011
-------------------------
runNumber 0
genCount 11483
elapsedTime 599.182
unaryHyperVol 285
binaryHyperVol 0
additiveEps 0
entropy 0.461903
archive 0
3
6 10  100 1010101010110001000000111110110001010101000100001010011010100011010101111010000100010101110100111011
4 11  100 1010101010110001000000111110110001010101000100001010011010100011010101111010000100010101010100111011
3 13  100 1010101010010101001000111110110001010101000100001010011010100011010101111010100100010101010100111011
runNumber 1
genCount 12099
elapsedTime 599.989
unaryHyperVol 267
binaryHyperVol 6.33333
additiveEps 0.5
entropy 0.455195
archive 1
3
5 12  100 1010101010110001000000111110110001010101000100001010011010100011011000110100010100010101111000111011
4 13  100 1010101010110001000000111110110001010101000100001010011010100011011000110000010100010101001000111011
3 14  100 1010101010110001001000111110110001010101000100001010011010100011011000110000010100010101001000111011
runNumber 2
genCount 11744
elapsedTime 599.983
unaryHyperVol 284
binaryHyperVol 0.0833333
additiveEps 0.25
entropy 0.46166
archive 2
3
6 10  100 1010101010110001000000111110110001010101000100001010011010100011010101111010000100010101110100111011
4 11  100 1010101010110001000000111110110001010101000100001010011010100011010101111010000100010101010100111011
3 14  100 1010101010110001001000111110110001010101000100001010011010100011010101110000010100010101001000111011
runNumber 3
genCount 11793
elapsedTime 599.965
unaryHyperVol 285
binaryHyperVol 0
additiveEps 0
entropy 0.461903
archive 3
3
6 10  100 1010101010110001000000111110110001010101000100001010011010100011011000111010000100010101110100111011
4 11  100 1010101010110001000000111110110001010101000100001010011010100011011000111010000100010101010100111011
3 13  100 1010101010010101001000111110110001010101000100001010011010100011011000111010100100010101010100111011
runNumber 4
genCount 11601
elapsedTime 599.992
unaryHyperVol 285
binaryHyperVol 0
additiveEps 0
entropy 0.461903
archive 4
3
6 10  100 1010101010110001000000111110110001010101000100001010011010100011011000111010000100010101110100111011
4 11  100 1010101010110001000000111110110001010101000100001010011010100011011000111010000100010101010100111011
3 13  100 1010101010010101001000111110110001010101000100001010011010100011011000111010100100010101010100111011
runNumber 5
genCount 11837
elapsedTime 600.03
unaryHyperVol 285
binaryHyperVol 0
additiveEps 0
entropy 0.461903
archive 5
3
6 10  100 1010101010110001000000111110110001010101000100001010011010100011011000111010000100010101110100111011
4 11  100 1010101010110001000000111110110001010101000100001010011010100011011000111010000100010101010100111011
3 13  100 1010101010010101001000111110110001010101000100001010011010100011011000111010100100010101010100111011
runNumber 6
genCount 11902
elapsedTime 599.88
unaryHyperVol 267
binaryHyperVol 6.33333
additiveEps 0.5
entropy 0.455195
archive 6
3
5 12  100 1010101010110001000000111110110001010101000100001010011010100011011000110100010100010101111000111011
4 13  100 1010101010110001000000111110110001010101000100001010011010100011011000110000010100010101001000111011
3 14  100 1010101010110001001000111110110001010101000100001010011010100011011000110000010100010101001000111011
runNumber 7
genCount 11843
elapsedTime 600.022
unaryHyperVol 259
binaryHyperVol 12.6667
additiveEps 0.333333
entropy 0.488066
archive 7
2
6 10  100 1010101010110001000001111110110001010101000100001010011010100011010101111010000100011001110100111011
4 11  100 1010101010110001000001111110110001010101000100001010011010100011010101111010000100011001010100111011
runNumber 8
genCount 11900
elapsedTime 599.942
unaryHyperVol 285
binaryHyperVol 0
additiveEps 0
entropy 0.461903
archive 8
3
6 10  100 1010101010110001000000111110110001010101000100001010011010100011011000111010000100010101110100111011
4 11  100 1010101010110001000000111110110001010101000100001010011010100011011000111010000100010101010100111011
3 13  100 1010101010010101001000111110110001010101000100001010011010100011011000111010100100010101010100111011
runNumber 9
genCount 12030
elapsedTime 599.955
unaryHyperVol 259
binaryHyperVol 12.6667
additiveEps 0.333333
entropy 0.488066
archive 9
2
6 10  100 1010101010110001000000111110110001010101000100001010011010100011010101111010000100010101110100111011
4 11  100 1010101010110001000000111110110001010101000100001010011010100011010101111010000100010101010100111011
runNumber 10
genCount 12294
elapsedTime 599.974
unaryHyperVol 259
binaryHyperVol 9.41667
additiveEps 0.75
entropy 0.49717
archive 10
2
4 13  100 1010101010110001000000111110110001010101000100001010011010100011010101110000010100010101001000111011
3 14  100 1010101010110001001000111110110001010101000100001010011010100011010101110000010100010101001000111011
runNumber 11
genCount 11514
elapsedTime 599.976
unaryHyperVol 285
binaryHyperVol 0
additiveEps 0
entropy 0.461903
archive 11
3
6 10  100 1010101010110001000000111110110001010101000100001010011010100011011000111010000100010101110100111011
4 11  100 1010101010110001000000111110110001010101000100001010011010100011011000111010000100010101010100111011
3 13  100 1010101010010101001000111110110001010101000100001010011010100011011000111010100100010101010100111011
runNumber 12
genCount 11998
elapsedTime 599.925
unaryHyperVol 285
binaryHyperVol 0
additiveEps 0
entropy 0.461903
archive 12
3
6 10  100 1010101010110001000000111110110001010101000100001010011010100011010101111010000100010101110100111011
4 11  100 1010101010110001000000111110110001010101000100001010011010100011010101111010000100010101010100111011
3 13  100 1010101010010101001000111110110001010101000100001010011010100011010101111010100100010101010100111011
runNumber 13
genCount 12180
elapsedTime 600.011
unaryHyperVol 259
binaryHyperVol 9.41667
additiveEps 0.75
entropy 0.49717
archive 13
2
4 13  100 1010101010110001000000111110110001010101000100001010011010100011011000110000010100010101001000111011
3 14  100 1010101010110001001000111110110001010101000100001010011010100011011000110000010100010101001000111011
runNumber 14
genCount 12284
elapsedTime 599.937
unaryHyperVol 259
binaryHyperVol 9.41667
additiveEps 0.75
entropy 0.49717
archive 14
2
4 13  100 1010101010110001000000111110110001010101000100001010011010100011011000110000010100010101001000111011
3 14  100 1010101010110001001000111110110001010101000100001010011010100011011000110000010100010101001000111011
runNumber 15
genCount 11550
elapsedTime 599.991
unaryHyperVol 276
binaryHyperVol 4.22222
additiveEps 0.333333
entropy 0.454958
archive 15
3
6 11  100 1010101010010101000000111110110001010101000100001010011010100011010101111010100100010101110100111011
4 12  100 1010101010010101000000111110110001010101000100001010011010100011010101111010100100010101010100111011
3 13  100 1010101010010101001000111110110001010101000100001010011010100011010101111010100100010101010100111011
runNumber 16
genCount 11895
elapsedTime 599.735
unaryHyperVol 276
binaryHyperVol 4.22222
additiveEps 0.333333
entropy 0.454958
archive 16
3
6 11  100 1010101010110001001000111110110001010101000100001010011010100011011000111010000100010101110100111011
4 12  100 1010101010110001001000111110110001100101000100001010011010100011011000111010000100010101010100111011
3 13  100 1010101010010101001000111110110001100101000100001010011010100011011000111010100100010101010100111011
runNumber 17
genCount 11705
elapsedTime 599.98
unaryHyperVol 267
binaryHyperVol 6.33333
additiveEps 0.5
entropy 0.455195
archive 17
3
5 12  100 1010101010110001000000111110110001010101000100001010011010100011011000110100010100010101111000111011
4 13  100 1010101010110001000000111110110001010101000100001010011010100011011000110000010100010101001000111011
3 14  100 1010101010110001001000111110110001010101000100001010011010100011011000110000010100010101001000111011
runNumber 18
genCount 11365
elapsedTime 600.02
unaryHyperVol 285
binaryHyperVol 0
additiveEps 0
entropy 0.461903
archive 18
3
6 10  100 1010101010110001000000111110110001010101000100001010011010100011011000111010000100010101110100111011
4 11  100 1010101010110001000000111110110001010101000100001010011010100011011000111010000100010101010100111011
3 13  100 1010101010010101001000111110110001010101000100001010011010100011011000111010100100010101010100111011
runNumber 19
genCount 11761
elapsedTime 599.92
unaryHyperVol 267
binaryHyperVol 6.33333
additiveEps 0.5
entropy 0.455195
archive 19
3
5 12  100 1010101010110001000000111110110001010101000100001010011010100011011000110100010100010101111000111011
4 13  100 1010101010110001000000111110110001010101000100001010011010100011011000110000010100010101001000111011
3 14  100 1010101010110001001000111110110001010101000100001010011010100011011000110000010100010101001000111011
runNumber 20
genCount 11505
elapsedTime 600.056
unaryHyperVol 285
binaryHyperVol 0
additiveEps 0
entropy 0.461903
archive 20
3
6 10  100 1010101010110001000000111110110001010101000100001010011010100011010101111010000100010101110100111011
4 11  100 1010101010110001000000111110110001010101000100001010011010100011010101111010000100010101010100111011
3 13  100 1010101010010101001000111110110001010101000100001010011010100011010101111010100100010101010100111011
runNumber 21
genCount 12432
elapsedTime 599.927
unaryHyperVol 259
binaryHyperVol 9.41667
additiveEps 0.75
entropy 0.49717
archive 21
2
4 13  100 1010101010110001000000111110110001010101000100001010011010100011011000110000010100010101001000111011
3 14  100 1010101010110001001000111110110001010101000100001010011010100011011000110000010100010101001000111011
runNumber 22
genCount 11784
elapsedTime 600.025
unaryHyperVol 285
binaryHyperVol 0
additiveEps 0
entropy 0.461903
archive 22
3
6 10  100 1010101010110001000000111110110001010101000100001010011010100011011000111010000100010101110100111011
4 11  100 1010101010110001000000111110110001010101000100001010011010100011011000111010000100010101010100111011
3 13  100 1010101010010101001000111110110001010101000100001010011010100011011000111010100100010101010100111011
runNumber 23
genCount 11810
elapsedTime 599.936
unaryHyperVol 285
binaryHyperVol 0
additiveEps 0
entropy 0.461903
archive 23
3
6 10  100 1010101010110001000000111110110001010101000100001010011010100011011000111010000100010101110100111011
4 11  100 1010101010110001000000111110110001010101000100001010011010100011011000111010000100010101010100111011
3 13  100 1010101010010101001000111110110001010101000100001010011010100011011000111010100100010101010100111011
runNumber 24
genCount 11757
elapsedTime 600.012
unaryHyperVol 285
binaryHyperVol 0
additiveEps 0
entropy 0.461903
archive 24
3
6 10  100 1010101010110001000000111110110001010101000100001010011010100011011000111010000100010101110100111011
4 11  100 1010101010110001000000111110110001010101000100001010011010100011011000111010000100010101010100111011
3 13  100 1010101010010101001000111110110001010101000100001010011010100011011000111010100100010101010100111011
runNumber 25
genCount 11612
elapsedTime 600.012
unaryHyperVol 285
binaryHyperVol 0
additiveEps 0
entropy 0.461903
archive 25
3
6 10  100 1010101010110001000000111110110001010101000100001010011010100011011000111010000100010101110100111011
4 11  100 1010101010110001000000111110110001010101000100001010011010100011011000111010000100010101010100111011
3 13  100 1010101010010101001000111110110001010101000100001010011010100011011000111010100100010101010100111011
runNumber 26
genCount 12075
elapsedTime 599.914
unaryHyperVol 267
binaryHyperVol 6.33333
additiveEps 0.5
entropy 0.455195
archive 26
3
5 12  100 1010101010110001000000111110110001010101000100001010011010100011011000110100010100010101111000111011
4 13  100 1010101010110001000000111110110001010101000100001010011010100011011000110000010100010101001000111011
3 14  100 1010101010110001001000111110110001010101000100001010011010100011011000110000010100010101001000111011
runNumber 27
genCount 11846
elapsedTime 600.03
unaryHyperVol 285
binaryHyperVol 0
additiveEps 0
entropy 0.461903
archive 27
3
6 10  100 1010101010110001000000111110110001010101000100001010011010100011011000111010000100010101110100111011
4 11  100 1010101010110001000000111110110001010101000100001010011010100011011000111010000100010101010100111011
3 13  100 1010101010010101001000111110110001010101000100001010011010100011011000111010100100010101010100111011
runNumber 28
genCount 12378
elapsedTime 599.952
unaryHyperVol 259
binaryHyperVol 9.41667
additiveEps 0.75
entropy 0.49717
archive 28
2
4 13  100 1010101010110001000000111110110001010101000100001010011010100011011000110000010100010101001000111011
3 14  100 1010101010110001001000111110110001010101000100001010011010100011011000110000010100010101001000111011
runNumber 29
genCount 11668
elapsedTime 599.979
unaryHyperVol 285
binaryHyperVol 0
additiveEps 0
entropy 0.461903
archive 29
3
6 10  100 1010101010110001000000111110110001010101000100001010011010100011010101111010000100010101110100111011
4 11  100 1010101010110001000000111110110001010101000100001010011010100011010101111010000100010101010100111011
3 13  100 1010101010010101001000111110110001010101000100001010011010100011010101111010100100010101010100111011
