OptimalFront
unaryHyperVol 401
3
6 8  100 0000011101100100000000111100000000100100100000000110101010101001001011110111111010100101100011001111
5 9  100 0000101101100100110000111100000000100100100000000110101010101001001011110111111010100101100011001111
3 10  100 0000000001100100010000111100000000100100100000000110101010101001001011110111111010100101100011001111
-------------------------
runNumber 0
genCount 22595
elapsedTime 599.979
unaryHyperVol 400
binaryHyperVol 0.166667
additiveEps 0.333333
entropy 0.488066
archive 0
2
6 8  100 0000011101100100000000111100000000100100100000000110101010101001001011110111111010100101100011001111
3 10  100 0000000001100100010000111100000000100100100000000110101010101001001011110111111010100101100011001111
runNumber 1
genCount 11691
elapsedTime 599.979
unaryHyperVol 400
binaryHyperVol 0.111111
additiveEps 0.333333
entropy 0.380344
archive 1
4
6 8  100 0000011101100100000000111100000000100100100000000110101010101001001011110111111010100101100011001111
5 9  100 0000101101100100110000111100000000100100100000000110101010101001001011110111111010100101100011001111
4 10  100 0000101101100101110000111100000000100100100000000110101010101001001011110111111010100101100011001111
3 11  100 0000100101100100101001001100000000100100100000000110101010101001001011110111111010100101100011001111
runNumber 2
genCount 11823
elapsedTime 599.879
unaryHyperVol 372
binaryHyperVol 8.58333
additiveEps 0.5
entropy 0.521161
archive 2
2
6 10  100 0110011101010000000000111100000000100100100000000110101010101001001011110111111010100101100011001111
3 12  100 0110000001010000010000111100000000100100100000000110101010101001001011110111111010100101100011001111
runNumber 3
genCount 12339
elapsedTime 599.953
unaryHyperVol 336
binaryHyperVol 24.5833
additiveEps 0.75
entropy 0.49717
archive 3
2
6 11  100 0110011101010000101010111100000000100100100000000110101010101001001011110111111010100101100011001101
4 12  100 0110101101010000101010111100000000100100100000000110101010101001001011110111111010100101100011001101
runNumber 4
genCount 12239
elapsedTime 600.009
unaryHyperVol 362
binaryHyperVol 20.1667
additiveEps 0.5
entropy 0.49717
archive 4
2
6 9  100 0000011101100100101010111100000000100100100000000110101010101001001011110111111010100101100011001101
4 10  100 0000101101100100101010111100000000100100100000000110101010101001001011110111111010100101100011001101
runNumber 5
genCount 12245
elapsedTime 600.037
unaryHyperVol 360
binaryHyperVol 10.1333
additiveEps 0.6
entropy 0.49717
archive 5
2
5 11  100 0110101101010000110000111100000000100100100000000110101010101001001011110111111010100101100011001111
3 13  100 0110100101010000101001001100000000100100100000000110101010101001001011110111111010100101100011001111
runNumber 6
genCount 11606
elapsedTime 599.968
unaryHyperVol 345
binaryHyperVol 11.3333
additiveEps 0.666667
entropy 0.481574
archive 6
3
6 12  100 1010011101101000101001001100000000100100100000000110101010101001001011110100001010100101100011001111
5 13  100 1010011101101000001001001100000000100100100000000110101010101001001011110100001010100101100011001111
3 14  100 1010100101101000101001001100000000100100100000000110101010101001001011110100001010100101100011001111
runNumber 7
genCount 11795
elapsedTime 599.922
unaryHyperVol 345
binaryHyperVol 11.3333
additiveEps 0.666667
entropy 0.481574
archive 7
3
6 12  100 1010011101101000000001001100000000100100100000000110101010101001001011110100001010100101100011001111
5 13  100 1010011101101000001001001100000000100100100000000110101010101001001011110100001010100101100011001111
3 14  100 1010100101101000101001001100000000100100100000000110101010101001001011110100001010100101100011001111
runNumber 8
genCount 11492
elapsedTime 599.977
unaryHyperVol 387
binaryHyperVol 5.66667
additiveEps 0.333333
entropy 0.466242
archive 8
3
6 9  100 0000011101100100101001001100000000100100100000000110101010101001001011110111111010100101100011001111
5 10  100 0000011101100100001001001100000000100100100000000110101010101001001011110111111010100101100011001111
3 11  100 0000100101100100101001001100000000100100100000000110101010101001001011110111111010100101100011001111
runNumber 9
genCount 12451
elapsedTime 599.986
unaryHyperVol 362
binaryHyperVol 20.1667
additiveEps 0.5
entropy 0.49717
archive 9
2
6 9  100 0000011101100100101010111100000000100100100000000110101010101001001011110111111010100101100011001101
4 10  100 0000101101100100101010111100000000100100100000000110101010101001001011110111111010100101100011001101
runNumber 10
genCount 11709
elapsedTime 599.901
unaryHyperVol 400
binaryHyperVol 0.111111
additiveEps 0.333333
entropy 0.380344
archive 10
4
6 8  100 0000011101100100000000111100000000100100100000000110101010101001001011110111111010100101100011001111
5 9  100 0000101101100100110000111100000000100100100000000110101010101001001011110111111010100101100011001111
4 10  100 0000101101100101110000111100000000100100100000000110101010101001001011110111111010100101100011001111
3 11  100 0000100101100100101001001100000000100100100000000110101010101001001011110111111010100101100011001111
runNumber 11
genCount 11823
elapsedTime 599.941
unaryHyperVol 400
binaryHyperVol 0.166667
additiveEps 0.333333
entropy 0.488066
archive 11
2
6 8  100 0000011101100100000000111100000000100100100000000110101010101001001011110111111010100101100011001111
3 10  100 0000000001100100010000111100000000100100100000000110101010101001001011110111111010100101100011001111
runNumber 12
genCount 11825
elapsedTime 600.007
unaryHyperVol 400
binaryHyperVol 0.166667
additiveEps 0.333333
entropy 0.488066
archive 12
2
6 8  100 0000011101100100000000111100000000100100100000000110101010101001001011110111111010100101100011001111
3 10  100 0000000001100100010000111100000000100100100000000110101010101001001011110111111010100101100011001111
runNumber 13
genCount 12172
elapsedTime 599.927
unaryHyperVol 362
binaryHyperVol 20.1667
additiveEps 0.5
entropy 0.49717
archive 13
2
6 9  100 0000011101100100101010111100000000100100100000000110101010101001001011110111111010100101100011001101
4 10  100 0000101101100100101010111100000000100100100000000110101010101001001011110111111010100101100011001101
runNumber 14
genCount 12055
elapsedTime 599.958
unaryHyperVol 390
binaryHyperVol 8
additiveEps 0.5
entropy 0.488066
archive 14
2
5 9  100 0000101101100100110000111100000000100100100000000110101010101001001011110111111010100101100011001111
3 10  100 0000000001100100010000111100000000100100100000000110101010101001001011110111111010100101100011001111
runNumber 15
genCount 12040
elapsedTime 600.029
unaryHyperVol 372
binaryHyperVol 8.58333
additiveEps 0.5
entropy 0.521161
archive 15
2
6 10  100 0110011101010000000000111100000000100100100000000110101010101001001011110111111010100101100011001111
3 12  100 0110000001010000010000111100000000100100100000000110101010101001001011110111111010100101100011001111
runNumber 16
genCount 11897
elapsedTime 599.922
unaryHyperVol 370
binaryHyperVol 7
additiveEps 0.6
entropy 0.447942
archive 16
3
6 10  100 0110011101010000000000111100000000100100100000000110101010101001001011110111111010100101100011001111
5 12  100 0110011101010000001001001100000000100100100000000110101010101001001011110111111010100101100011001111
3 13  100 0110100101010000101001001100000000100100100000000110101010101001001011110111111010100101100011001111
runNumber 17
genCount 11539
elapsedTime 599.972
unaryHyperVol 400
binaryHyperVol 0.111111
additiveEps 0.333333
entropy 0.380344
archive 17
4
6 8  100 0000011101100100000000111100000000100100100000000110101010101001001011110111111010100101100011001111
5 9  100 0000101101100100110000111100000000100100100000000110101010101001001011110111111010100101100011001111
4 10  100 0000101101100101110000111100000000100100100000000110101010101001001011110111111010100101100011001111
3 11  100 0000100101100100101001001100000000100100100000000110101010101001001011110111111010100101100011001111
runNumber 18
genCount 11798
elapsedTime 599.961
unaryHyperVol 387
binaryHyperVol 5.66667
additiveEps 0.333333
entropy 0.466242
archive 18
3
6 9  100 0000011101100100101001001100000000100100100000000110101010101001001011110111111010100101100011001111
5 10  100 0000011101100100001001001100000000100100100000000110101010101001001011110111111010100101100011001111
3 11  100 0000100101100100101001001100000000100100100000000110101010101001001011110111111010100101100011001111
runNumber 19
genCount 11653
elapsedTime 599.938
unaryHyperVol 389
binaryHyperVol 5.44444
additiveEps 0.333333
entropy 0.466686
archive 19
3
5 9  100 0000101101100100110000111100000000100100100000000110101010101001001011110111111010100101100011001111
4 10  100 0000101101100101110000111100000000100100100000000110101010101001001011110111111010100101100011001111
3 11  100 0000100101100100101001001100000000100100100000000110101010101001001011110111111010100101100011001111
runNumber 20
genCount 12127
elapsedTime 599.893
unaryHyperVol 362
binaryHyperVol 20.1667
additiveEps 0.5
entropy 0.49717
archive 20
2
6 9  100 0000011101100100101010111100000000100100100000000110101010101001001011110111111010100101100011001101
4 10  100 0000101101100100101010111100000000100100100000000110101010101001001011110111111010100101100011001101
runNumber 21
genCount 12138
elapsedTime 599.976
unaryHyperVol 373
binaryHyperVol 8.5
additiveEps 0.5
entropy 0.466242
archive 21
3
6 10  100 0110011101010000000000111100000000100100100000000110101010101001001011110111111010100101100011001111
5 11  100 0110101101010000110000111100000000100100100000000110101010101001001011110111111010100101100011001111
3 12  100 0110000001010000010000111100000000100100100000000110101010101001001011110111111010100101100011001111
runNumber 22
genCount 12142
elapsedTime 599.892
unaryHyperVol 374
binaryHyperVol 12
additiveEps 0.333333
entropy 0.482558
archive 22
3
6 8  100 0000011101100100000000111100000000100100100000000110101010101001001011110111111010100101100011001111
5 9  100 0000101101100100110000111100000000100100100000000110101010101001001011110111111010100101100011001111
4 10  100 0000101101100101110000111100000000100100100000000110101010101001001011110111111010100101100011001111
runNumber 23
genCount 11527
elapsedTime 599.992
unaryHyperVol 400
binaryHyperVol 0.111111
additiveEps 0.333333
entropy 0.380344
archive 23
4
6 8  100 0000011101100100000000111100000000100100100000000110101010101001001011110111111010100101100011001111
5 9  100 0000101101100100110000111100000000100100100000000110101010101001001011110111111010100101100011001111
4 10  100 0000101101100101110000111100000000100100100000000110101010101001001011110111111010100101100011001111
3 11  100 0000100101100100101001001100000000100100100000000110101010101001001011110111111010100101100011001111
runNumber 24
genCount 12005
elapsedTime 599.956
unaryHyperVol 358
binaryHyperVol 10.2667
additiveEps 0.6
entropy 0.49717
archive 24
2
6 11  100 1010011101101000000000111100000000100100100000000110101010101001001011110100001010100101100011001111
3 13  100 1010000001101000010000111100000000100100100000000110101010101001001011110100001010100101100011001111
runNumber 25
genCount 11680
elapsedTime 600.026
unaryHyperVol 389
binaryHyperVol 5.44444
additiveEps 0.333333
entropy 0.466686
archive 25
3
5 9  100 0000101101100100110000111100000000100100100000000110101010101001001011110111111010100101100011001111
4 10  100 0000101101100101110000111100000000100100100000000110101010101001001011110111111010100101100011001111
3 11  100 0000100101100100101001001100000000100100100000000110101010101001001011110111111010100101100011001111
runNumber 26
genCount 11582
elapsedTime 599.941
unaryHyperVol 400
binaryHyperVol 0.111111
additiveEps 0.333333
entropy 0.380344
archive 26
4
6 8  100 0000011101100100000000111100000000100100100000000110101010101001001011110111111010100101100011001111
5 9  100 0000101101100100110000111100000000100100100000000110101010101001001011110111111010100101100011001111
4 10  100 0000101101100101110000111100000000100100100000000110101010101001001011110111111010100101100011001111
3 11  100 0000100101100100101001001100000000100100100000000110101010101001001011110111111010100101100011001111
runNumber 27
genCount 11562
elapsedTime 599.935
unaryHyperVol 370
binaryHyperVol 7
additiveEps 0.6
entropy 0.447942
archive 27
3
6 10  100 0110011101010000000000111100000000100100100000000110101010101001001011110111111010100101100011001111
5 12  100 0110011101010000001001001100000000100100100000000110101010101001001011110111111010100101100011001111
3 13  100 0110100101010000101001001100000000100100100000000110101010101001001011110111111010100101100011001111
runNumber 28
genCount 11927
elapsedTime 599.962
unaryHyperVol 372
binaryHyperVol 8.58333
additiveEps 0.5
entropy 0.521161
archive 28
2
6 10  100 0110011101010000000000111100000000100100100000000110101010101001001011110111111010100101100011001111
3 12  100 0110000001010000010000111100000000100100100000000110101010101001001011110111111010100101100011001111
runNumber 29
genCount 11908
elapsedTime 600.002
unaryHyperVol 390
binaryHyperVol 8
additiveEps 0.5
entropy 0.488066
archive 29
2
5 9  100 0000101101100100110000111100000000100100100000000110101010101001001011110111111010100101100011001111
3 10  100 0000000001100100010000111100000000100100100000000110101010101001001011110111111010100101100011001111
