OptimalFront
unaryHyperVol 320
3
6 11  100 0100101101100100101010000101011111011001001001000110010001101011001001111010100001010001110011110101
4 12  100 0100101101100100101010000101011111011001001001000110010001101011001010111010100001010001110011110101
3 13  100 0100101101010010101010000110101111011001001001000110010001101011001010111010100001010001110011110101
-------------------------
runNumber 0
genCount 11988
elapsedTime 599.382
unaryHyperVol 284
binaryHyperVol 19.6667
additiveEps 0.5
entropy 0.49717
archive 0
2
6 12  100 0100100101100100101001000101011111011001001001000110010001101011001001111010100001010110110011110110
4 13  100 0100100101100100101001000101011111011001001001000110010001101011001010111010100001010110110011110110
runNumber 1
genCount 12443
elapsedTime 599.986
unaryHyperVol 295
binaryHyperVol 12.3333
additiveEps 0.333333
entropy 0.488066
archive 1
2
6 11  100 0100101101100100101010000101011111011001001001000110010001101011001001111010100001010001110011110101
4 12  100 0100101101100100101010000101011111011001001001000110010001101011001010111010100001010001110011110101
runNumber 2
genCount 12047
elapsedTime 599.96
unaryHyperVol 308
binaryHyperVol 5
additiveEps 0.333333
entropy 0.466242
archive 2
3
6 12  100 0100100101010010101001000110011111011001001001000110010001101011001001111010100001010110110011110110
4 13  100 0100100101010010101001000110011111011001001001000110010001101011001010111010100001010110110011110110
3 14  100 0100100101010010101001000110101111011001001001000110010001101011001010111010100001010110110011110110
runNumber 3
genCount 11715
elapsedTime 599.999
unaryHyperVol 320
binaryHyperVol 0
additiveEps 0
entropy 0.270001
archive 3
3
6 11  100 0100101101010010101010000110011111011001001001000110010001101011001001111010100001010001110011110101
4 12  100 0100101101010010101010000110011111011001001001000110010001101011001010111010100001010001110011110101
3 13  100 0100101101010010101010000110101111011001001001000110010001101011001010111010100001010001110011110101
runNumber 4
genCount 11885
elapsedTime 599.956
unaryHyperVol 308
binaryHyperVol 5
additiveEps 0.333333
entropy 0.466242
archive 4
3
6 12  100 0100100101100100101001000110011111011001001001000110010001101011001001111010100001010110110011110110
4 13  100 0100100101100100101001000110011111011001001001000110010001101011001010111010100001010110110011110110
3 14  100 0100100101100100101001000110101111011001001001000110010001101011001010111010100001010110110011110110
runNumber 5
genCount 11825
elapsedTime 599.98
unaryHyperVol 320
binaryHyperVol 0
additiveEps 0
entropy 0.270001
archive 5
3
6 11  100 0100101101100100101010000110011111011001001001000110010001101011001001111010100001010001110011110101
4 12  100 0100101101100100101010000110011111011001001001000110010001101011001010111010100001010001110011110101
3 13  100 0100101101100100101010000110101111011001001001000110010001101011001010111010100001010001110011110101
runNumber 6
genCount 11726
elapsedTime 599.915
unaryHyperVol 308
binaryHyperVol 5
additiveEps 0.333333
entropy 0.466242
archive 6
3
6 12  100 0100100101100100101001000110011111011001001001000110010001101011001001111010100001010110110011110110
4 13  100 0100100101100100101001000110011111011001001001000110010001101011001010111010100001010110110011110110
3 14  100 0100100101100100101001000110101111011001001001000110010001101011001010111010100001010110110011110110
runNumber 7
genCount 12006
elapsedTime 600.004
unaryHyperVol 295
binaryHyperVol 12.3333
additiveEps 0.333333
entropy 0.488066
archive 7
2
6 11  100 0100101101010010101010000101011111011001001001000110010001101011001001111010100001010001110011110111
4 12  100 0100101101010010101010000101011111011001001001000110010001101011001010111010100001010001110011110111
runNumber 8
genCount 12031
elapsedTime 600.005
unaryHyperVol 308
binaryHyperVol 5
additiveEps 0.333333
entropy 0.466242
archive 8
3
6 12  100 0100100101010100101001000110011111011001001001000110010001101011001001111010100001010110110011110110
4 13  100 0100100101010100101001000110011111011001001001000110010001101011001010111010100001010110110011110110
3 14  100 0100100101010100101001000110101111011001001001000110010001101011001010111010100001010110110011110110
runNumber 9
genCount 11789
elapsedTime 599.954
unaryHyperVol 320
binaryHyperVol 0
additiveEps 0
entropy 0.270001
archive 9
3
6 11  100 0100101101010100101010000110011111011001001001000110010001101011001001111010100001010001110011110101
4 12  100 0100101101010100101010000110011111011001001001000110010001101011001010111010100001010001110011110101
3 13  100 0100101101010100101010000110101111011001001001000110010001101011001010111010100001010001110011110101
runNumber 10
genCount 12033
elapsedTime 599.959
unaryHyperVol 308
binaryHyperVol 5
additiveEps 0.333333
entropy 0.466242
archive 10
3
6 12  100 0100100101010010101001000110011111011001001001000110010001101011001001111010100001010110110011110110
4 13  100 0100100101010010101001000110011111011001001001000110010001101011001010111010100001010110110011110110
3 14  100 0100100101010010101001000110101111011001001001000110010001101011001010111010100001010110110011110110
runNumber 11
genCount 11542
elapsedTime 599.976
unaryHyperVol 320
binaryHyperVol 0
additiveEps 0
entropy 0.270001
archive 11
3
6 11  100 0100101101010010101010000110011111011001001001000110010001101011001001111010100001010001110011110101
4 12  100 0100101101010010101010000110011111011001001001000110010001101011001010111010100001010001110011110101
3 13  100 0100101101010010101010000110101111011001001001000110010001101011001010111010100001010001110011110101
runNumber 12
genCount 11739
elapsedTime 599.959
unaryHyperVol 308
binaryHyperVol 5
additiveEps 0.333333
entropy 0.466242
archive 12
3
6 12  100 0100100101010010101001000110011111011001001001000110010001101011001001111010100001010110110011110110
4 13  100 0100100101010010101001000110011111011001001001000110010001101011001010111010100001010110110011110110
3 14  100 0100100101010010101001000110101111011001001001000110010001101011001010111010100001010110110011110110
runNumber 13
genCount 11859
elapsedTime 599.976
unaryHyperVol 308
binaryHyperVol 5
additiveEps 0.333333
entropy 0.466242
archive 13
3
6 12  100 0100100101100100101001000110011111011001001001000110010001101011001001111010100001100001110011110101
4 13  100 0100100101100100101001000110011111011001001001000110010001101011001010111010100001100001110011110111
3 14  100 0100100101100100101001000110101111011001001001000110010001101011001010111010100001100001110011110101
runNumber 14
genCount 11723
elapsedTime 599.95
unaryHyperVol 320
binaryHyperVol 0
additiveEps 0
entropy 0.270001
archive 14
3
6 11  100 0100101101010100101010000110011111011001001001000110010001101011001001111010100001010001110011110101
4 12  100 0100101101010100101010000110011111011001001001000110010001101011001010111010100001010001110011110101
3 13  100 0100101101010100101010000110101111011001001001000110010001101011001010111010100001010001110011110101
runNumber 15
genCount 11815
elapsedTime 600.029
unaryHyperVol 320
binaryHyperVol 0
additiveEps 0
entropy 0.270001
archive 15
3
6 11  100 0100101101100100101010000110011111011001001001000110010001101011001001111010100001010001110011110101
4 12  100 0100101101100100101010000110011111011001001001000110010001101011001010111010100001010001110011110101
3 13  100 0100101101100100101010000110101111011001001001000110010001101011001010111010100001010001110011110101
runNumber 16
genCount 12063
elapsedTime 599.947
unaryHyperVol 207
binaryHyperVol 51.6667
additiveEps 1
entropy 0
archive 16
1
6 15  100 0100101101101010101010000110011111011001001001000110010001101011001001111010011101010001110011010001
runNumber 17
genCount 12027
elapsedTime 599.974
unaryHyperVol 308
binaryHyperVol 5
additiveEps 0.333333
entropy 0.466242
archive 17
3
6 12  100 0100100101010010101001000110011111011001001001000110010001101011001001111010100001010110110011110110
4 13  100 0100100101010010101001000110011111011001001001000110010001101011001010111010100001010110110011110110
3 14  100 0100100101010010101001000110101111011001001001000110010001101011001010111010100001010110110011110110
runNumber 18
genCount 11866
elapsedTime 599.986
unaryHyperVol 320
binaryHyperVol 0
additiveEps 0
entropy 0.270001
archive 18
3
6 11  100 0100101101100100101010000110011111011001001001000110010001101011001001111010100001010001110011110101
4 12  100 0100101101100100101010000110011111011001001001000110010001101011001010111010100001010001110011110101
3 13  100 0100101101100100101010000110101111011001001001000110010001101011001010111010100001010001110011110101
runNumber 19
genCount 11504
elapsedTime 599.547
unaryHyperVol 320
binaryHyperVol 0
additiveEps 0
entropy 0.270001
archive 19
3
6 11  100 0100101101010100101010000110011111011001001001000110010001101011001001111010100001010001110011110101
4 12  100 0100101101010100101010000110011111011001001001000110010001101011001010111010100001010001110011110101
3 13  100 0100101101100100101010000110101111011001001001000110010001101011001010111010100001010001110011110101
runNumber 20
genCount 11362
elapsedTime 599.941
unaryHyperVol 320
binaryHyperVol 0
additiveEps 0
entropy 0.270001
archive 20
3
6 11  100 0100101101010100101010000110011111011001001001000110010001101011001001111010100001010001110011110101
4 12  100 0100101101010100101010000110011111011001001001000110010001101011001010111010100001010001110011110101
3 13  100 0100101101010100101010000110101111011001001001000110010001101011001010111010100001010001110011110101
runNumber 21
genCount 11630
elapsedTime 599.996
unaryHyperVol 320
binaryHyperVol 0
additiveEps 0
entropy 0.270001
archive 21
3
6 11  100 0100101101010010101010000110011111011001001001000110010001101011001001111010100001010001110011110101
4 12  100 0100101101010010101010000110011111011001001001000110010001101011001010111010100001010001110011110101
3 13  100 0100101101010010101010000110101111011001001001000110010001101011001010111010100001010001110011110101
runNumber 22
genCount 11870
elapsedTime 599.93
unaryHyperVol 320
binaryHyperVol 0
additiveEps 0
entropy 0.270001
archive 22
3
6 11  100 0100101101010100101010000110011111011001001001000110010001101011001001111010100001010001110011110101
4 12  100 0100101101010100101010000110011111011001001001000110010001101011001010111010100001010001110011110101
3 13  100 0100101101010100101010000110101111011001001001000110010001101011001010111010100001010001110011110101
runNumber 23
genCount 12082
elapsedTime 599.77
unaryHyperVol 308
binaryHyperVol 5
additiveEps 0.333333
entropy 0.466242
archive 23
3
6 12  100 0100100101100100101001000110011111011001001001000110010001101011001001111010100001010110110011110110
4 13  100 0100100101100100101001000110011111011001001001000110010001101011001010111010100001010110110011110110
3 14  100 0100100101100100101001000110101111011001001001000110010001101011001010111010100001010110110011110110
runNumber 24
genCount 11465
elapsedTime 599.944
unaryHyperVol 320
binaryHyperVol 0
additiveEps 0
entropy 0.270001
archive 24
3
6 11  100 0100101101010100101010000110011111011001001001000110010001101011001001111010100001010001110011110101
4 12  100 0100101101010100101010000110011111011001001001000110010001101011001010111010100001010001110011110101
3 13  100 0100101101010100101010000110101111011001001001000110010001101011001010111010100001010001110011110101
runNumber 25
genCount 11811
elapsedTime 600.029
unaryHyperVol 308
binaryHyperVol 5
additiveEps 0.333333
entropy 0.466242
archive 25
3
6 12  100 0100100101100100101001000110011111011001001001000110010001101011001001111010100001010110110011110110
4 13  100 0100100101100100101001000110011111011001001001000110010001101011001010111010100001010110110011110110
3 14  100 0100100101100100101001000110101111011001001001000110010001101011001010111010100001010110110011110110
runNumber 26
genCount 12205
elapsedTime 599.988
unaryHyperVol 320
binaryHyperVol 0
additiveEps 0
entropy 0.270001
archive 26
3
6 11  100 0100101101100100101010000110011111011001001001000110010001101011001001111010100001010001110011110101
4 12  100 0100101101100100101010000110011111011001001001000110010001101011001010111010100001010001110011110101
3 13  100 0100101101100100101010000110101111011001001001000110010001101011001010111010100001010001110011110101
runNumber 27
genCount 11843
elapsedTime 599.962
unaryHyperVol 308
binaryHyperVol 5
additiveEps 0.333333
entropy 0.466242
archive 27
3
6 12  100 0100100101010010101001000110011111011001001001000110010001101011001001111010100001100001110011110111
4 13  100 0100100101010010101001000110011111011001001001000110010001101011001010111010100001100001110011110101
3 14  100 0100100101010010101001000110101111011001001001000110010001101011001010111010100001100001110011110101
runNumber 28
genCount 11870
elapsedTime 600.033
unaryHyperVol 308
binaryHyperVol 5
additiveEps 0.333333
entropy 0.466242
archive 28
3
6 12  100 0100100101010100101001000110011111011001001001000110010001101011001001111010100001010110110011110110
4 13  100 0100100101010100101001000110011111011001001001000110010001101011001010111010100001010110110011110110
3 14  100 0100100101010100101001000110101111011001001001000110010001101011001010111010100001010110110011110110
runNumber 29
genCount 11656
elapsedTime 599.978
unaryHyperVol 320
binaryHyperVol 0
additiveEps 0
entropy 0.270001
archive 29
3
6 11  100 0100101101010100101010000110011111011001001001000110010001101011001001111010100001010001110011110101
4 12  100 0100101101010100101010000110011111011001001001000110010001101011001010111010100001010001110011110111
3 13  100 0100101101010100101010000110101111011001001001000110010001101011001010111010100001010001110011110101
