OptimalFront
unaryHyperVol 300
4
7 12  100 0101101001010000001001111001011111000111101101000110101101011000111101101110000001010111101001001010
6 13  100 0101000001010000010000111001011111000111101101000110101101011000111101101110000001010111101001001010
4 14  100 0101000001010000010000111001011111000111101101000110101101010001001101101110000001010111101001001010
3 15  100 0100000001010100010000111001011111000111101101000110101101011000001101101110100001010111101001001010
-------------------------
runNumber 0
genCount 11518
elapsedTime 599.142
unaryHyperVol 290
binaryHyperVol 3.4375
additiveEps 0.25
entropy 0.464829
archive 0
4
7 13  100 0100101001010000001001111001011111000111101101000110101101011000001101101110100001010111101001001010
5 14  100 0100101001010000001001110101011111000111101101000110101101011000001101101110100001010111101001001010
4 15  100 0100101000010000001001110101011111000111101101000110101101011000001101101110100001010111101001001010
3 16  100 0100100101010100001001001001011111000111101101000110101101011000001101101110100001010111101001001010
runNumber 1
genCount 11731
elapsedTime 599.977
unaryHyperVol 268
binaryHyperVol 14.0833
additiveEps 0.333333
entropy 0.509891
archive 1
2
6 13  100 0101000001010000010000111001011111000111101101000110101101011000111101101110000001010111101001001010
4 14  100 0101000001010000010000111001011111000111101101000110101101010001001101101110000001010111101001001010
runNumber 2
genCount 12067
elapsedTime 599.959
unaryHyperVol 268
binaryHyperVol 14.0833
additiveEps 0.333333
entropy 0.509891
archive 2
2
6 13  100 0101000001010000010000111001011111000111101101000110101101011000111101101110000001010111101001001010
4 14  100 0101000001010000010000111001011111000111101101000110101101010001001101101110000001010111101001001010
runNumber 3
genCount 12418
elapsedTime 599.976
unaryHyperVol 230
binaryHyperVol 23.35
additiveEps 1
entropy 0
archive 3
1
4 17  100 1000100101100100001001001001011111000111101101000110101100011000001101100100010001010111101001001010
runNumber 4
genCount 12393
elapsedTime 599.987
unaryHyperVol 230
binaryHyperVol 23.35
additiveEps 1
entropy 0
archive 4
1
4 17  100 1000100101100100001001001001011111000111101101000110101100011000001101100100010001010111101001001010
runNumber 5
genCount 11889
elapsedTime 599.98
unaryHyperVol 224
binaryHyperVol 29.6875
additiveEps 0.75
entropy 0.475082
archive 5
2
6 15  100 1000000001100100010000111001011111000111101101000110101101011000001101101110001100010111101001001010
5 16  100 1000000001100100010000111001011111000111101101000110101101011000000101101110001100010111101001001010
runNumber 6
genCount 11597
elapsedTime 599.955
unaryHyperVol 260
binaryHyperVol 9.70833
additiveEps 0.5
entropy 0.427067
archive 6
3
11 13  100 0101000001010000010000111001011111000111101101000110101101011000001101101100010001010111101001001010
7 14  100 1101000001010000010001111001011111000111101101000110101101011000001101101100010001010111101001001010
4 15  100 0101000001010000010000111001011111000111101101000110101100011000001101100100010001010111101001001010
runNumber 7
genCount 11839
elapsedTime 599.973
unaryHyperVol 262
binaryHyperVol 11.45
additiveEps 0.25
entropy 0.441978
archive 7
4
8 13  100 1000101001100100001001111001011111000111101101000110101101010000001101101110000001010111101001001010
7 14  100 1000101001100100001001111001011111000111101101000110101101010001001101101110000001010111101001001010
5 15  100 1000101001100100001001110101011111000111101101000110101101010001001101101110000001010111101001001010
4 16  100 1000100101100100001001001001011111000111101101000110101101010001001101101110000001010111101001001010
runNumber 8
genCount 11411
elapsedTime 599.904
unaryHyperVol 274
binaryHyperVol 9.83333
additiveEps 0.25
entropy 0.445858
archive 8
4
7 12  100 0101101001010000001001111001011111000111101101000110101101011000111101101110000001010111101001001010
6 13  100 0101101001010000001001110101011111000111101101000110101101011000111101101110000001010111101001001010
5 14  100 0101101001010000001001110101011111000111101101000110101101010001001101101110000001010111101001001010
4 15  100 0101101000010000001001110101011111000111101101000110101101010001001101101110000001010111101001001010
runNumber 9
genCount 11632
elapsedTime 600.042
unaryHyperVol 290
binaryHyperVol 3.4375
additiveEps 0.25
entropy 0.464829
archive 9
4
7 13  100 0100101001010000001001111001011111000111101101000110101101011000001101101110100001010111101001001010
5 14  100 0100101001010000001001110101011111000111101101000110101101011000001101101110100001010111101001001010
4 15  100 0100100101010000001001001001011111000111101101000110101101011000001101101110100001010111101001001010
3 16  100 0100100101010100001001001001011111000111101101000110101101011000001101101110100001010111101001001010
runNumber 10
genCount 11731
elapsedTime 599.953
unaryHyperVol 256
binaryHyperVol 16.9333
additiveEps 0.666667
entropy 0.475082
archive 10
2
8 14  100 1000000001100100010000111001011111000111101101000110101101010000001101101110000001010111101001001010
4 15  100 1000000001100100010000111001011111000111101101000110101101010001001101101110000001010111101001001010
runNumber 11
genCount 11356
elapsedTime 599.953
unaryHyperVol 262
binaryHyperVol 11.45
additiveEps 0.25
entropy 0.441978
archive 11
4
8 13  100 1000101001100100001001111001011111000111101101000110101101010000001101101110000001010111101001001010
7 14  100 1000101001100100001001111001011111000111101101000110101101010001001101101110000001010111101001001010
5 15  100 1000101001100100001001110101011111000111101101000110101101010001001101101110000001010111101001001010
4 16  100 0100101000100100001001111001011111000111101101000110101101010001001101101110000001010111101001001010
runNumber 12
genCount 11933
elapsedTime 600.003
unaryHyperVol 231
binaryHyperVol 26.4375
additiveEps 0.5
entropy 0.427067
archive 12
3
7 14  100 1000101001100100001001111001011111000111101101000110101101011000001101101110001100010111101001001010
6 15  100 1000101001100100001001110101011111000111101101000110101101011000001101101110001100010111101001001010
5 16  100 1000101001100100001001110101011111000111101101000110101101011000000101101110001100010111101001001010
runNumber 13
genCount 11926
elapsedTime 599.998
unaryHyperVol 228
binaryHyperVol 19.6071
additiveEps 0.714286
entropy 0.475082
archive 13
2
5 17  100 1001000001100111001001110101011111000111101101000110101100011000001101100100010001010111101001001010
4 19  100 1001000001100111001001011001011111000000101101000110101100011000001101100100010001010111101001001010
runNumber 14
genCount 11976
elapsedTime 599.95
unaryHyperVol 240
binaryHyperVol 23.25
additiveEps 1
entropy 0
archive 14
1
4 16  100 0101100101010000001001001001011111000111101101000110101100011000001101100100010001010111101001001010
runNumber 15
genCount 11885
elapsedTime 599.951
unaryHyperVol 256
binaryHyperVol 16.9333
additiveEps 0.666667
entropy 0.475082
archive 15
2
8 14  100 1000000001100100010000111001011111000111101101000110101101010000001101101110000001010111101001001010
4 15  100 1000000001100100010000111001011111000111101101000110101101010001001101101110000001010111101001001010
runNumber 16
genCount 11255
elapsedTime 599.994
unaryHyperVol 204
binaryHyperVol 29.4643
additiveEps 0.714286
entropy 0.427067
archive 16
3
7 17  100 1101101001010000001010111001011111000111101101000110101100011000001101100000010000010111000000001010
6 18  100 1101101001010000001010111001011111000111101101000110101100011000000101100000010000010011000000001010
5 19  100 1101101001010000001010111001011111000111101101000110101100010001001101100100011001010011000000001010
runNumber 17
genCount 11851
elapsedTime 599.977
unaryHyperVol 236
binaryHyperVol 18.88
additiveEps 0.8
entropy 0.475082
archive 17
2
8 16  100 1000101001100100001010111001011111000111101101000110101101010000001100011110000001010100101001001010
4 17  100 1000101001100100001010111001011111000111101101000110101101010001001100011110000001010000101001001010
runNumber 18
genCount 11461
elapsedTime 599.973
unaryHyperVol 212
binaryHyperVol 24.9333
additiveEps 0.666667
entropy 0.427067
archive 18
3
8 16  100 1101101001010000001010111001011111000111101101000110101101010000001101101110000010010001101001010101
6 17  100 1101101001010000001010111001011111000111101101000110101101010001001101101110000010010001101001010101
5 18  100 1101101001010000001010111001011111000111101101000110101101010001000101101110000010010001101001010101
runNumber 19
genCount 11031
elapsedTime 600.004
unaryHyperVol 256
binaryHyperVol 8.65625
additiveEps 0.5
entropy 0.42642
archive 19
4
11 13  100 1001000001101000010000111001011111000111101101000110101101010000001101101100000001010111101001001010
8 14  100 1001000001101000010001111001011111000111101101000110101101010000001101101100000001010111101001001010
7 15  100 1001000001101000010001111001011111000111101101000110101101010001001101101100000001010111101001001010
4 16  100 1001000001101000010000111001011111000111101101000110101100010001001101100100000001010111101001001010
runNumber 20
genCount 12005
elapsedTime 599.95
unaryHyperVol 293
binaryHyperVol 4.33333
additiveEps 0.333333
entropy 0.482558
archive 20
3
6 13  100 0101000001010000010000111001011111000111101101000110101101011000111101101110000001010111101001001010
4 14  100 0100000001010000010000111001011111000111101101000110101101011000001101101110100001010111101001001010
3 15  100 0100000001010100010000111001011111000111101101000110101101011000001101101110100001010111101001001010
runNumber 21
genCount 12059
elapsedTime 599.969
unaryHyperVol 285
binaryHyperVol 8.75
additiveEps 0.666667
entropy 0.509891
archive 21
2
4 14  100 0100000001010000010000111001011111000111101101000110101101011000001101101110100001010111101001001010
3 15  100 0100000001010100010000111001011111000111101101000110101101011000001101101110100001010111101001001010
runNumber 22
genCount 12075
elapsedTime 599.876
unaryHyperVol 236
binaryHyperVol 18.88
additiveEps 0.8
entropy 0.475082
archive 22
2
8 16  100 1001100111010000001001011001011111000000101101000110101101010000001101101110000001010111101001001010
4 17  100 1001100111010000001001011001011111000000101101000110101101010001001101101110000001010111101001001010
runNumber 23
genCount 11937
elapsedTime 600.06
unaryHyperVol 256
binaryHyperVol 16.9333
additiveEps 0.666667
entropy 0.475082
archive 23
2
8 14  100 1000000001100100010000111001011111000111101101000110101101010000001101101110000001010111101001001010
4 15  100 1000000001100100010000111001011111000111101101000110101101010001001101101110000001010111101001001010
runNumber 24
genCount 12406
elapsedTime 599.96
unaryHyperVol 230
binaryHyperVol 23.35
additiveEps 1
entropy 0
archive 24
1
4 17  100 1000100101100100001001001001011111000111101101000110101100011000001101100100010001010111101001001010
runNumber 25
genCount 11333
elapsedTime 599.973
unaryHyperVol 246
binaryHyperVol 18.05
additiveEps 0.6
entropy 0.475082
archive 25
2
6 15  100 1001101001101000000000110101011101010111101101000110101100011000111101100100000001101011101001001010
4 17  100 1001100101101000000000001001011101010111101101000110101100010001001101100100000001101011101001001010
runNumber 26
genCount 11844
elapsedTime 599.961
unaryHyperVol 260
binaryHyperVol 18.5
additiveEps 0.666667
entropy 0
archive 26
1
4 14  100 0100101001010000000000111001011101010111101101000110101101011000001101101110100001010111101001001010
runNumber 27
genCount 11441
elapsedTime 600.004
unaryHyperVol 290
binaryHyperVol 3.4375
additiveEps 0.25
entropy 0.464829
archive 27
4
7 13  100 0100101001010000001001111001011111000111101101000110101101011000001101101110100001010111101001001010
5 14  100 0100101001010000001001110101011111000111101101000110101101011000001101101110100001010111101001001010
4 15  100 0100101000010000001001110101011111000111101101000110101101011000001101101110100001010111101001001010
3 16  100 0100100101010100001001001001011111000111101101000110101101011000001101101110100001010111101001001010
runNumber 28
genCount 11883
elapsedTime 599.965
unaryHyperVol 268
binaryHyperVol 14.0833
additiveEps 0.333333
entropy 0.509891
archive 28
2
6 13  100 0101101001010000000000111001011101110111101101000110101101011000111101101110000001010111101001001010
4 14  100 0100101001010000000000111001011101010111101101000110101101011000001101101110100001010111101001001010
runNumber 29
genCount 11790
elapsedTime 599.997
unaryHyperVol 256
binaryHyperVol 16.9333
additiveEps 0.666667
entropy 0.475082
archive 29
2
8 14  100 1000000001100100010000111001011111000111101101000110101101010000001101101110000001010111101001001010
4 15  100 1000000001100100010000111001011111000111101101000110101101010001001101101110000001010111101001001010
