OptimalFront
unaryHyperVol 344
3
5 8  100 0101000000010111001001110111010111110110000000101010111011000110001110001010100011010110101010101010
4 9  100 0101000000010111001001110101010111110110000000101010111011000110001110001010100011010110101010101010
3 11  100 0100000001010100010000110111010111110110000000101010111011000110001110001010100011010110101010101010
-------------------------
runNumber 0
genCount 6749
elapsedTime 604.449
unaryHyperVol 342
binaryHyperVol 0.222222
additiveEps 0.333333
entropy 0.477931
archive 0
4
6 8  100 0001000000010101010000110111010111110110000000101010111011000110001110001010100011010110101010101010
5 9  100 0000000000010000010000110111010111110110000000101010111011000110001110001010100011010110101010101010
4 10  100 0000000000010000010000110101010111110110000000101010111011000110001110001010100011010110101010101010
3 11  100 0100000001010100010000110111010111110110000000101010111011000110001110001010100011010110101010101010
runNumber 1
genCount 11614
elapsedTime 599.963
unaryHyperVol 342
binaryHyperVol 0.222222
additiveEps 0.333333
entropy 0.477931
archive 1
4
6 8  100 0001000000010101010000110111010111110110000000101010111011000110001110001010100011010110101010101010
5 9  100 0000000000010100010000110111010111110110000000101010111011000110001110001010100011010110101010101010
4 10  100 0000000000010100010000110101010111110110000000101010111011000110001110001010100011010110101010101010
3 11  100 0100000001010100010000110111010111110110000000101010111011000110001110001010100011010110101010101010
runNumber 2
genCount 11669
elapsedTime 599.947
unaryHyperVol 330
binaryHyperVol 3.91667
additiveEps 0.333333
entropy 0.454208
archive 2
4
6 9  100 0001100100010101011001000111010111110110000000101010111011000110001110001010100011010110101010101010
5 10  100 0000100100010100011001000111010111110110000000101010111011000110001110001010100011010110101010101010
4 11  100 0000100100010100011001000101010111110110000000101010111011000110001110001010100011010110101010101010
3 12  100 0100100101010100011001000111010111110110000000101010111011000110001110001010100011010110101010101010
runNumber 3
genCount 12400
elapsedTime 599.954
unaryHyperVol 285
binaryHyperVol 29
additiveEps 0.75
entropy 0.49717
archive 3
2
5 11  100 0001100100010011011001000111010111110110000000101010111000010110001110000100010011010110101010101010
4 12  100 0001100100010011011001000101010111110110000000101010111000010110001110000100010011010110101010101010
runNumber 4
genCount 12277
elapsedTime 599.922
unaryHyperVol 285
binaryHyperVol 29
additiveEps 0.75
entropy 0.49717
archive 4
2
5 11  100 0001100100010011011001000111010111110110000000101010111000010110001110000100010011010110101010101010
4 12  100 0001100100010011011001000101010111110110000000101010111000010110001110000100010011010110101010101010
runNumber 5
genCount 11984
elapsedTime 599.949
unaryHyperVol 307
binaryHyperVol 22.8333
additiveEps 0.5
entropy 0.49717
archive 5
2
5 9  100 0101000000010111001001110111010111110110000000101010111000010110001110001010100011010110011010101010
4 10  100 0101000000010111001001110101010111110110000000101010111000010110001110001010100011010110011010101010
runNumber 6
genCount 12370
elapsedTime 600.038
unaryHyperVol 274
binaryHyperVol 29.8
additiveEps 0.8
entropy 0.49717
archive 6
2
5 12  100 0001100100010011011001000111010111110110000000101010111000010001001110001010000011010110011010101010
4 13  100 0001100100010011011001000101010111110110000000101010111000010001001110001010000011010110011010101010
runNumber 7
genCount 11902
elapsedTime 599.889
unaryHyperVol 270
binaryHyperVol 45.6667
additiveEps 1
entropy 0
archive 7
1
5 10  100 1101000000010011011001110111010111110110000100101010111010000110001110000100010011010110101010101010
runNumber 8
genCount 12350
elapsedTime 599.897
unaryHyperVol 296
binaryHyperVol 27.6667
additiveEps 0.666667
entropy 0.49717
archive 8
2
5 10  100 0101101000010011011001110111010111110110000000101010111000010110001110000100010011010110101010101010
4 11  100 0101101000010011011001110101010111110110000000101010111000010110001110000100010011010110101010101010
runNumber 9
genCount 11875
elapsedTime 599.979
unaryHyperVol 296
binaryHyperVol 27.6667
additiveEps 0.666667
entropy 0.49717
archive 9
2
5 10  100 0001000000010011010000110111010111110110000000101010111011000001001110001010000011010110101010101010
4 11  100 0001000000010011010000110101010111110110000000101010111011000001001110001010000011010110101010101010
runNumber 10
genCount 11723
elapsedTime 599.99
unaryHyperVol 344
binaryHyperVol 0
additiveEps 0
entropy 0.270001
archive 10
3
5 8  100 0101000000010111001001110111010111110110000000101010111011000110001110001010100011010110101010101010
4 9  100 0101000000010111001001110101010111110110000000101010111011000110001110001010100011010110101010101010
3 11  100 0100000001010100010000110111010111110110000000101010111011000110001110001010100011010110101010101010
runNumber 11
genCount 11684
elapsedTime 599.944
unaryHyperVol 285
binaryHyperVol 29
additiveEps 0.75
entropy 0.49717
archive 11
2
5 11  100 0001100100010011011001000111010111110110000000101010111000010110001110000100010011010110101010101010
4 12  100 0001100100010011011001000101010111110110000000101010111000010110001110000100010011010110101010101010
runNumber 12
genCount 11561
elapsedTime 599.966
unaryHyperVol 342
binaryHyperVol 0.222222
additiveEps 0.333333
entropy 0.477931
archive 12
4
6 8  100 0001000000010101010000110111010111110110000000101010111011000110001110001010100011010110101010101010
5 9  100 0000000000010100010000110111010111110110000000101010111011000110001110001010100011010110101010101010
4 10  100 0000000000010000010000110101010111110110000000101010111011000110001110001010100011010110101010101010
3 11  100 0100000001010100010000110111010111110110000000101010111011000110001110001010100011010110101010101010
runNumber 13
genCount 11933
elapsedTime 599.915
unaryHyperVol 269
binaryHyperVol 33.8889
additiveEps 0.666667
entropy 0.49717
archive 13
2
6 10  100 0001000000010011010000110111010111110110000000101010111011010110001110001100010011010101101010101010
5 11  100 0001000000010011010000110111010111110110000000101010111011000110001100011100010011010101101010101010
runNumber 14
genCount 11809
elapsedTime 600.022
unaryHyperVol 230
binaryHyperVol 31.2222
additiveEps 0.888889
entropy 0.49717
archive 14
2
5 16  100 0001000000010011010000110111010111110110000000101010111000010110001110000100010000000001101010010101
4 17  100 0001000000010011010000110101010111110110000000101010111000010110001110000100010000000001101010010101
runNumber 15
genCount 11702
elapsedTime 599.971
unaryHyperVol 330
binaryHyperVol 3.91667
additiveEps 0.333333
entropy 0.454208
archive 15
4
6 9  100 0001100100010101011001000111010111110110000000101010111011000110001110001010100011010110101010101010
5 10  100 0000100100010100011001000111010111110110000000101010111011000110001110001010100011010110101010101010
4 11  100 0000100100010100011001000101010111110110000000101010111011000110001110001010100011010110101010101010
3 12  100 0100100101010100011001000111010111110110000000101010111011000110001110001010100011010110101010101010
runNumber 16
genCount 11513
elapsedTime 599.883
unaryHyperVol 330
binaryHyperVol 3.91667
additiveEps 0.333333
entropy 0.454208
archive 16
4
6 9  100 0001100100010101011001000111010111110110000000101010111011000110001110001010100011010110101010101010
5 10  100 0011100100010100011001000111010111110110000000101010111011000110001110001010100011010110101010101010
4 11  100 0011100100010100011001000101010111110110000000101010111011000110001110001010100011010110101010101010
3 12  100 0100100101010100011001000111010111110110000000101010111011000110001110001010100011010110101010101010
runNumber 17
genCount 12131
elapsedTime 600.012
unaryHyperVol 260
binaryHyperVol 50.3333
additiveEps 1
entropy 0
archive 17
1
5 11  100 0001000000010011010000110111010111110110000000101010111011000110000110001010001100010110101010101010
runNumber 18
genCount 11677
elapsedTime 599.921
unaryHyperVol 330
binaryHyperVol 3.91667
additiveEps 0.333333
entropy 0.454208
archive 18
4
6 9  100 0001100100010101011001000111010111110110000000101010111011000110001110001010100011010110101010101010
5 10  100 0000100100010000011001000111010111110110000000101010111011000110001110001010100011010110101010101010
4 11  100 0000100100010000011001000101010111110110000000101010111011000110001110001010100011010110101010101010
3 12  100 0100100101010100011001000111010111110110000000101010111011000110001110001010100011010110101010101010
runNumber 19
genCount 11751
elapsedTime 599.952
unaryHyperVol 342
binaryHyperVol 0.222222
additiveEps 0.333333
entropy 0.477931
archive 19
4
6 8  100 0001000000010101010000110111010111110110000000101010111011000110001110001010100011010110101010101010
5 9  100 0000000000010000010000110111010111110110000000101010111011000110001110001010100011010110101010101010
4 10  100 0000000000010000010000110101010111110110000000101010111011000110001110001010100011010110101010101010
3 11  100 0100000001010100010000110111010111110110000000101010111011000110001110001010100011010110101010101010
runNumber 20
genCount 11638
elapsedTime 599.974
unaryHyperVol 342
binaryHyperVol 0.222222
additiveEps 0.333333
entropy 0.477931
archive 20
4
6 8  100 0001000000010101010000110111010111110110000000101010111011000110001110001010100011010110101010101010
5 9  100 0000000000010100010000110111010111110110000000101010111011000110001110001010100011010110101010101010
4 10  100 0000000000010100010000110101010111110110000000101010111011000110001110001010100011010110101010101010
3 11  100 0100000001010100010000110111010111110110000000101010111011000110001110001010100011010110101010101010
runNumber 21
genCount 11641
elapsedTime 599.983
unaryHyperVol 330
binaryHyperVol 3.91667
additiveEps 0.333333
entropy 0.454208
archive 21
4
6 9  100 0001100100010101011001000111010111110110000000101010111011000110001110001010100011010110101010101010
5 10  100 0001100100010101011001000111010111010110000000101010111011000110001110001010100011010110101010101010
4 11  100 0000100100010000011001000101010111110110000000101010111011000110001110001010100011010110101010101010
3 12  100 0100100101010100011001000111010111110110000000101010111011000110001110001010100011010110101010101010
runNumber 22
genCount 12241
elapsedTime 599.98
unaryHyperVol 273
binaryHyperVol 28
additiveEps 0.666667
entropy 0.49717
archive 22
2
5 12  100 0001101000010011011010110111010111110110000000101010111000010110001100010100010011010100101010101010
4 14  100 0001101000010011011010110101010111110110000000101010111000010110001100010100010011010000101010101010
runNumber 23
genCount 11480
elapsedTime 599.993
unaryHyperVol 330
binaryHyperVol 3.91667
additiveEps 0.333333
entropy 0.454208
archive 23
4
6 9  100 0001100100010101011001000111010111110110000000101010111011000110001110001010100011010110101010101010
5 10  100 0000100100010000011001000111010111110110000000101010111011000110001110001010100011010110101010101010
4 11  100 0000100100010000011001000101010111110110000000101010111011000110001110001010100011010110101010101010
3 12  100 0100100101010100011001000111010111110110000000101010111011000110001110001010100011010110101010101010
runNumber 24
genCount 11901
elapsedTime 599.952
unaryHyperVol 318
binaryHyperVol 18
additiveEps 0.5
entropy 0.488066
archive 24
2
5 8  100 1101000000010111001001110111010111110110000000101010111011000110001110001010100011010110101010101010
4 9  100 0101000000010111001001110101010111110110000000101010111011000110001110001010100011010110101010101010
runNumber 25
genCount 11849
elapsedTime 600.025
unaryHyperVol 315
binaryHyperVol 12.3333
additiveEps 0.333333
entropy 0.466242
archive 25
3
6 8  100 0001000000010111010000110111010101110110000000101010111011000110001110001010100011010110101010101010
5 9  100 0001000000010111010000110111010101010110000000101010111011000110001110001010100011010110101010101010
4 11  100 0001000000010111000000110101010101010110000000101010111011000110001110001010100011010110101010101010
runNumber 26
genCount 11852
elapsedTime 599.92
unaryHyperVol 342
binaryHyperVol 0.222222
additiveEps 0.333333
entropy 0.477931
archive 26
4
6 8  100 0001000000010101010000110111010111110110000000101010111011000110001110001010100011010110101010101010
5 9  100 0000000000010000010000110111010111110110000000101010111011000110001110001010100011010110101010101010
4 10  100 0000000000010000010000110101010111110110000000101010111011000110001110001010100011010110101010101010
3 11  100 0100000001010100010000110111010111110110000000101010111011000110001110001010100011010110101010101010
runNumber 27
genCount 11821
elapsedTime 599.952
unaryHyperVol 304
binaryHyperVol 16
additiveEps 0.333333
entropy 0.456965
archive 27
3
6 9  100 0001000000010111001010110111010111110110000000101010111011010110001110001010100011010100101010101010
5 10  100 0001000000010111001010110111010111110110000000101010111011010110001110001010100011010000101010101010
4 12  100 0001000000010111001010110101010111110110000000101010111011000110001100011010100011010000101010101010
runNumber 28
genCount 12096
elapsedTime 599.944
unaryHyperVol 318
binaryHyperVol 18
additiveEps 0.5
entropy 0.488066
archive 28
2
5 8  100 0101000000010111001001110111010111110110000000101010111011000110001110001010100011010110101010101010
4 9  100 0101000000010111001001110101010111110110000000101010111011000110001110001010100011010110101010101010
runNumber 29
genCount 12096
elapsedTime 599.977
unaryHyperVol 296
binaryHyperVol 27.6667
additiveEps 0.666667
entropy 0.49717
archive 29
2
5 10  100 0101101000010011011001110111010111110110000000101010111011000001001110001010000011010110101010101010
4 11  100 0101101000010011011001110101010111110110000000101010111011000001001110001010000011010110101010101010
