OptimalFront
unaryHyperVol 211
3
7 8  100 1001111001100000001001111001011111010111101001000110101101011000001110101110000001101111011001001110
4 9  100 1001001001100000010000111001011111010111101001000110101101011000001110101110000001101111011001001110
3 11  100 1001001001100000010000111010101111100111101001000110101101011000001110101110000001101111011001001110
-------------------------
runNumber 0
genCount 12298
elapsedTime 599.253
unaryHyperVol 196
binaryHyperVol 9.5
additiveEps 1
entropy 0
archive 0
1
3 11  100 1001001001100000010000111010101111100111101001000110101101011000001110101110000001101111011001001110
runNumber 1
genCount 12255
elapsedTime 599.967
unaryHyperVol 195
binaryHyperVol 5.125
additiveEps 0.75
entropy 0.49717
archive 1
2
7 10  100 1001111001100000001001111010101111100111101001000110101101011000001110101110000001101111011001001110
3 12  100 1001110101100000001001001010101111100111101001000110101101011000001110101110000001101111011001001110
runNumber 2
genCount 12294
elapsedTime 599.947
unaryHyperVol 195
binaryHyperVol 5.125
additiveEps 0.75
entropy 0.49717
archive 2
2
7 10  100 1001111001100000001001111010101111100111101001000110101101011000001110101110000001101111011001001110
3 12  100 1001110101100000001001001010101111100111101001000110101101011000001110101110000001101111011001001110
runNumber 3
genCount 12083
elapsedTime 599.918
unaryHyperVol 208
binaryHyperVol 3
additiveEps 0.333333
entropy 0.488066
archive 3
2
4 9  100 1001001001100000010000111001011111010111101001000110101101011000001110101110000001101111011001001110
3 11  100 1001001001100000010000111010101111010111101001000110101101011000001110101110000001101111011001001110
runNumber 4
genCount 11928
elapsedTime 599.974
unaryHyperVol 208
binaryHyperVol 3
additiveEps 0.333333
entropy 0.488066
archive 4
2
4 9  100 1001001001100000010000111001011111010111101001000110101101011000001110101110000001101111011001001110
3 11  100 1001001001100000010000111010101111010111101001000110101101011000001110101110000001101111011001001110
runNumber 5
genCount 11516
elapsedTime 599.957
unaryHyperVol 209
binaryHyperVol 0.125
additiveEps 0.25
entropy 0.477931
archive 5
4
7 8  100 1001111001100000001001111001011111010111101001000110101101011000001110101110000001101111011001001110
5 9  100 1001111001100000001001110101011111010111101001000110101101011000001110101110000001101111011001001110
4 10  100 1001110101100000001001001001011111010111101001000110101101011000001110101110000001101111011001001110
3 12  100 1001110101100000001001001010101111010111101001000110101101011000001110101110000001101111011001001110
runNumber 6
genCount 11848
elapsedTime 599.946
unaryHyperVol 209
binaryHyperVol 0.125
additiveEps 0.25
entropy 0.477931
archive 6
4
7 8  100 1001111001100000001001111001011111010111101001000110101101011000001110101110000001101111011001001110
5 9  100 1001111001100000001001110101011111010111101001000110101101011000001110101110000001101111011001001110
4 10  100 1001110101100000001001001001011111010111101001000110101101011000001110101110000001101111011001001110
3 12  100 1001110101100000001001001010101111010111101001000110101101011000001110101110000001101111011001001110
runNumber 7
genCount 11951
elapsedTime 599.992
unaryHyperVol 208
binaryHyperVol 3
additiveEps 0.333333
entropy 0.488066
archive 7
2
4 9  100 1001001001100000010000111001011111010111101001000110101101011000001110101110000001101111011001001110
3 11  100 1001001001100000010000111010101111010111101001000110101101011000001110101110000001101111011001001110
runNumber 8
genCount 12569
elapsedTime 599.957
unaryHyperVol 195
binaryHyperVol 5.125
additiveEps 0.75
entropy 0.49717
archive 8
2
7 10  100 1001111001100000001001111010101111100111101001000110101101011000001110101110000001101111011001001110
3 12  100 1001110101100000001001001010101111100111101001000110101101011000001110101110000001101111011001001110
runNumber 9
genCount 12457
elapsedTime 599.96
unaryHyperVol 196
binaryHyperVol 9.5
additiveEps 1
entropy 0
archive 9
1
3 11  100 1001001001100000010000111010101111100111101001000110101101011000001110101110000001101111011001001110
runNumber 10
genCount 11641
elapsedTime 600.006
unaryHyperVol 169
binaryHyperVol 14.5625
additiveEps 0.5
entropy 0.481574
archive 10
3
7 10  100 1001111001100000001001111010101111100111100101000110101101011000001110101110000001101111011001001110
6 11  100 1001111001100000001001111010101111100111010101000110101101011000001110101110000001101111011001001110
4 12  100 0101111000100000001001111010101111100111100101000110101101011000001110101110000001101111011001001110
runNumber 11
genCount 12244
elapsedTime 600.001
unaryHyperVol 209
binaryHyperVol 0.125
additiveEps 0.25
entropy 0.477931
archive 11
4
7 8  100 1001111001100000001001111001011111010111101001000110101101011000001110101110000001101111011001001110
5 9  100 1001111001100000001001110101011111010111101001000110101101011000001110101110000001101111011001001110
4 10  100 1001110101100000001001001001011111010111101001000110101101011000001110101110000001101111011001001110
3 12  100 1001110101100000001001001010101111010111101001000110101101011000001110101110000001101111011001001110
runNumber 12
genCount 12381
elapsedTime 599.941
unaryHyperVol 168
binaryHyperVol 19
additiveEps 1
entropy 0
archive 12
1
4 11  100 1001111001100000001010111001011111010111101001000110101101011000000110101110000001010011011001001110
runNumber 13
genCount 11427
elapsedTime 599.983
unaryHyperVol 209
binaryHyperVol 0.125
additiveEps 0.25
entropy 0.477931
archive 13
4
7 8  100 1001111001100000001001111001011111010111100101000110101101011000001110101110000001101111011001001110
5 9  100 1001111001100000001001110101011111010111100101000110101101011000001110101110000001101111011001001110
4 10  100 1001110101100000001001001001011111010111100101000110101101011000001110101110000001101111011001001110
3 12  100 1001110101100000001001001010101111010111100101000110101101011000001110101110000001101111011001001110
runNumber 14
genCount 12173
elapsedTime 599.964
unaryHyperVol 196
binaryHyperVol 9.5
additiveEps 1
entropy 0
archive 14
1
3 11  100 1001001001100000010000111010101111100111101001000110101101011000001110101110000001101111011001001110
runNumber 15
genCount 11670
elapsedTime 599.989
unaryHyperVol 209
binaryHyperVol 0.125
additiveEps 0.25
entropy 0.477931
archive 15
4
7 8  100 1001111001100000001001111001011111010111100101000110101101011000001110101110000001101111011001001110
5 9  100 1001111001100000001001110101011111010111100101000110101101011000001110101110000001101111011001001110
4 10  100 1001110101100000001001001001011111010111100101000110101101011000001110101110000001101111011001001110
3 12  100 1001110101100000001001001010101111010111100101000110101101011000001110101110000001101111011001001110
runNumber 16
genCount 12158
elapsedTime 600.02
unaryHyperVol 169
binaryHyperVol 14.5625
additiveEps 0.5
entropy 0.481574
archive 16
3
7 10  100 1001111001100000001001111010101111100111101001000110101101011000001110101110000001101111011001001110
6 11  100 1001111001100000001001110000001111000011101001000110101101011000001110101110000001101111011001001110
4 12  100 0101111000100000001001111010101111100111101001000110101101011000001110101110000001101111011001001110
runNumber 17
genCount 11578
elapsedTime 599.963
unaryHyperVol 209
binaryHyperVol 0.125
additiveEps 0.25
entropy 0.477931
archive 17
4
7 8  100 1001111001100000001001111001011111010111101001000110101101011000001110101110000001101111011001001110
5 9  100 1001111001100000001001110101011111010111101001000110101101011000001110101110000001101111011001001110
4 10  100 1001110101100000001001001001011111010111101001000110101101011000001110101110000001101111011001001110
3 12  100 1001110101100000001001001010101111010111101001000110101101011000001110101110000001101111011001001110
runNumber 18
genCount 11654
elapsedTime 599.968
unaryHyperVol 209
binaryHyperVol 0.125
additiveEps 0.25
entropy 0.477931
archive 18
4
7 8  100 1001111001100000001001111001011111010111100101000110101101011000001110101110000001101111011001001110
5 9  100 1001111001100000001001110101011111010111100101000110101101011000001110101110000001101111011001001110
4 10  100 1001110101100000001001001001011111010111100101000110101101011000001110101110000001101111011001001110
3 12  100 1001110101100000001001001010101111010111100101000110101101011000001110101110000001101111011001001110
runNumber 19
genCount 12585
elapsedTime 599.962
unaryHyperVol 196
binaryHyperVol 9.5
additiveEps 1
entropy 0
archive 19
1
3 11  100 1001001001100000010000111010101111100111101001000110101101011000001110101110000001101111011001001110
runNumber 20
genCount 12278
elapsedTime 600.01
unaryHyperVol 201
binaryHyperVol 4.75
additiveEps 0.5
entropy 0.49717
archive 20
2
4 10  100 1001111001100000000000111010101101010111101001000110101101011000001110101110000001101111011001001110
3 12  100 1001110101100000001001001010101111010111101001000110101101011000001110101110000001101111011001001110
runNumber 21
genCount 12367
elapsedTime 599.98
unaryHyperVol 208
binaryHyperVol 3
additiveEps 0.333333
entropy 0.488066
archive 21
2
4 9  100 1001001001100000010000111001011111010111101001000110101101011000001110101110000001101111011001001110
3 11  100 1001001001100000010000111010101111010111101001000110101101011000001110101110000001101111011001001110
runNumber 22
genCount 11858
elapsedTime 599.974
unaryHyperVol 209
binaryHyperVol 0.125
additiveEps 0.25
entropy 0.477931
archive 22
4
7 8  100 1001111001100000001001111001011111010111101001000110101101011000001110101110000001101111011001001110
5 9  100 1001111001100000001001110101011111010111101001000110101101011000001110101110000001101111011001001110
4 10  100 1001110101100000001001001001011111010111101001000110101101011000001110101110000001101111011001001110
3 12  100 1001110101100000001001001010101111010111101001000110101101011000001110101110000001101111011001001110
runNumber 23
genCount 12300
elapsedTime 599.952
unaryHyperVol 168
binaryHyperVol 19
additiveEps 1
entropy 0
archive 23
1
4 11  100 1001111001100000001010111001011111010111101001000110101101011000001110101110000001100101011001001101
runNumber 24
genCount 11648
elapsedTime 599.953
unaryHyperVol 209
binaryHyperVol 0.125
additiveEps 0.25
entropy 0.477931
archive 24
4
7 8  100 1001111001100000001001111001011111010111100101000110101101011000001110101110000001101111011001001110
5 9  100 1001111001100000001001110101011111010111100101000110101101011000001110101110000001101111011001001110
4 10  100 1001110101100000001001001001011111010111100101000110101101011000001110101110000001101111011001001110
3 12  100 1001110101100000001001001010101111010111100101000110101101011000001110101110000001101111011001001110
runNumber 25
genCount 11484
elapsedTime 600.009
unaryHyperVol 209
binaryHyperVol 0.125
additiveEps 0.25
entropy 0.477931
archive 25
4
7 8  100 1001111001100000001001111001011111010111100101000110101101011000001110101110000001101111011001001110
5 9  100 1001111001100000001001110101011111010111100101000110101101011000001110101110000001101111011001001110
4 10  100 1001110101100000001001001001011111010111100101000110101101011000001110101110000001101111011001001110
3 12  100 1001110101100000001001001010101111010111100101000110101101011000001110101110000001101111011001001110
runNumber 26
genCount 11639
elapsedTime 599.955
unaryHyperVol 209
binaryHyperVol 0.125
additiveEps 0.25
entropy 0.477931
archive 26
4
7 8  100 1001111001100000001001111001011111010111100101000110101101011000001110101110000001101111011001001110
5 9  100 1001111001100000001001110101011111010111100101000110101101011000001110101110000001101111011001001110
4 10  100 1001110101100000001001001001011111010111100101000110101101011000001110101110000001101111011001001110
3 12  100 1001110101100000001001001010101111010111100101000110101101011000001110101110000001101111011001001110
runNumber 27
genCount 12333
elapsedTime 599.913
unaryHyperVol 196
binaryHyperVol 9.5
additiveEps 1
entropy 0
archive 27
1
3 11  100 1001001001100000010000111010101111100111101001000110101101011000001110101110000001101111011001001110
runNumber 28
genCount 12061
elapsedTime 599.964
unaryHyperVol 208
binaryHyperVol 3
additiveEps 0.333333
entropy 0.488066
archive 28
2
4 9  100 1001001001100000010000111001011111010111100101000110101101011000001110101110000001101111011001001110
3 11  100 1001001001100000010000111010101111010111100101000110101101011000001110101110000001101111011001001110
runNumber 29
genCount 12213
elapsedTime 599.981
unaryHyperVol 168
binaryHyperVol 19
additiveEps 1
entropy 0
archive 29
1
4 11  100 1001111001100000001010111001011111010111101001000110101101011000001110101110000001100101011001001101
