OptimalFront
unaryHyperVol 329
Optimal front is obtained by exact method
-------------------------
3
2 8
5 7
6 6
runNumber 0
genCount 13152
elapsedTime 599.436
unaryHyperVol 329
binaryHyperVol 0
additiveEps 0
entropy 0.270001
archive 0
3
6 6  100 1001000000101001111111011110100011000011101000001111110001001011001001000101101011000000001101000000
5 7  100 1001000000101001111111011110100011000011101000001111110001001011001001000101101011010100001101000010
2 8  100 1001000000101001111111011110100011101011101000011111110001001011001001000101101011010100001101000010
runNumber 1
genCount 12540
elapsedTime 599.938
unaryHyperVol 329
binaryHyperVol 0
additiveEps 0
entropy 0.270001
archive 1
3
6 6  100 1001000000101001111111011110100011000011101000001111110001001011001001000101101011000000001101000010
5 7  100 1001000000101001111111011110100011000011101000001111110001001011001001000101101011010100001101000010
2 8  100 1001000000101001111111011110100011101011101000011111110001001011001001000101101011010100001101000010
runNumber 2
genCount 12920
elapsedTime 599.934
unaryHyperVol 329
binaryHyperVol 0
additiveEps 0
entropy 0.270001
archive 2
3
6 6  100 1001000000101001111111011110100011000011101000001111110001001011001001000101101011000000001101000010
5 7  100 1001000000101001111111011110100011000011101000001111110001001011001001000101101011010100001101000010
2 8  100 1001000000101001111111011110100011101011101000011111110001001011001001000101101011010100001101000010
runNumber 3
genCount 13156
elapsedTime 599.957
unaryHyperVol 329
binaryHyperVol 0
additiveEps 0
entropy 0.270001
archive 3
3
6 6  100 1001000000101001111111011110100011000011101000001111110001001011001001000101101011000000001101000101
5 7  100 1001000000101001111111011110100011000011101000001111110001001011001001000101101011010100001101000101
2 8  100 1001000000101001111111011110100011101011101000011111110001001011001001000101101011010100001101000101
runNumber 4
genCount 13628
elapsedTime 599.853
unaryHyperVol 320
binaryHyperVol 6.625
additiveEps 0.5
entropy 0.509891
archive 4
2
6 7  100 1001000000101001111111011110100011101011101000011111110001001011001001000101101011000000001101000010
2 8  100 1001000000101001111111011110100011101011101000011111110001001011001001000101101011010100001101000010
runNumber 5
genCount 12578
elapsedTime 599.916
unaryHyperVol 329
binaryHyperVol 0
additiveEps 0
entropy 0.270001
archive 5
3
6 6  100 1001000000101001111111011110100011000011101000001111110001001011000101000101101011000000001101000010
5 7  100 1001000000101001111111011110100011000011101000001111110001001011000101000101101011010100001101000010
2 8  100 1001000000101001111111011110100011101011101000011111110001001011000101000101101011010100001101000010
runNumber 6
genCount 12657
elapsedTime 599.819
unaryHyperVol 329
binaryHyperVol 0
additiveEps 0
entropy 0.270001
archive 6
3
6 6  100 1001000000101001111111011110100011000011101000001111110001001011001001000101101011000000001101000010
5 7  100 1001000000101001111111011110100011000011101000001111110001001011001001000101101011010100001101000010
2 8  100 1001000000101001111111011110100011101011101000011111110001001011001001000101101011010100001101000010
runNumber 7
genCount 12951
elapsedTime 599.694
unaryHyperVol 329
binaryHyperVol 0
additiveEps 0
entropy 0.270001
archive 7
3
6 6  100 1001000000101001111111011110100011000011101000001111110001001011000101000101101011000000001101000101
5 7  100 1001000000101001111111011110100011000011101000001111110001001011000101000101101011010100001101000101
2 8  100 1001000000101001111111011110100011101011101000011111110001001011000101000101101011010100001101000101
runNumber 8
genCount 12983
elapsedTime 599.723
unaryHyperVol 329
binaryHyperVol 0
additiveEps 0
entropy 0.270001
archive 8
3
6 6  100 1001000000101001111111011110100011000011101000001111110001001011001001000101101011000000001101000010
5 7  100 1001000000101001111111011110100011000011101000001111110001001011001001000101101011010100001101000010
2 8  100 1001000000101001111111011110100011101011101000011111110001001011001001000101101011010100001101000010
runNumber 9
genCount 12968
elapsedTime 599.963
unaryHyperVol 329
binaryHyperVol 0
additiveEps 0
entropy 0.270001
archive 9
3
6 6  100 1001000000101001111111011110100011000011101000001111110001001011001001000101101011000000001101000010
5 7  100 1001000000101001111111011110100011000011101000001111110001001011001001000101101011010100001101000010
2 8  100 1001000000101001111111011110100011101011101000011111110001001011001001000101101011010100001101000010
runNumber 10
genCount 12696
elapsedTime 599.768
unaryHyperVol 329
binaryHyperVol 0
additiveEps 0
entropy 0.270001
archive 10
3
6 6  100 1001000000101001111111011110100011000011101000001111110001001011001001000101101011000000001101000010
5 7  100 1001000000101001111111011110100011000011101000001111110001001011001001000101101011010100001101000010
2 8  100 1001000000101001111111011110100011101011101000011111110001001011001001000101101011010100001101000010
runNumber 11
genCount 13009
elapsedTime 599.859
unaryHyperVol 320
binaryHyperVol 6.625
additiveEps 0.5
entropy 0.509891
archive 11
2
6 7  100 1001000000101001111111011110100011101011101000011111110001001011001001000101101011000000001101000010
2 8  100 1001000000101001111111011110100011101011101000011111110001001011001001000101101011010100001101000010
runNumber 12
genCount 12369
elapsedTime 599.282
unaryHyperVol 329
binaryHyperVol 0
additiveEps 0
entropy 0.270001
archive 12
3
6 6  100 1001000000101001111111011110100011000011101000001111110001001011001001000101101011000000001101000101
5 7  100 1001000000101001111111011110100011000011101000001111110001001011001001000101101011010100001101000101
2 8  100 1001000000101001111111011110100011101011101000011111110001001011001001000101101011010100001101000101
runNumber 13
genCount 11803
elapsedTime 600.2
unaryHyperVol 329
binaryHyperVol 0
additiveEps 0
entropy 0.270001
archive 13
3
6 6  100 1001000000101001111111011110100011000011101000001111110001001011000101000101101011000000001101000010
5 7  100 1001000000101001111111011110100011000011101000001111110001001011000101000101101011010100001101000010
2 8  100 1001000000101001111111011110100011101011101000011111110001001011000101000101101011010100001101000010
runNumber 14
genCount 12902
elapsedTime 599.592
unaryHyperVol 329
binaryHyperVol 0
additiveEps 0
entropy 0.270001
archive 14
3
6 6  100 1001000000101001111111011110100011000011101000001111110001001011000101000101101011000000001101000101
5 7  100 1001000000101001111111011110100011000011101000001111110001001011000101000101101011010100001101000101
2 8  100 1001000000101001111111011110100011101011101000011111110001001011000101000101101011010100001101000101
runNumber 15
genCount 12744
elapsedTime 599.809
unaryHyperVol 329
binaryHyperVol 0
additiveEps 0
entropy 0.270001
archive 15
3
6 6  100 1001000000101001111111011110100011000011101000001111110001001011001001000101101011000000001101000010
5 7  100 1001000000101001111111011110100011000011101000001111110001001011000101000101101011010100001101000010
2 8  100 1001000000101001111111011110100011101011101000011111110001001011001001000101101011010100001101000010
runNumber 16
genCount 12515
elapsedTime 599.85
unaryHyperVol 329
binaryHyperVol 0
additiveEps 0
entropy 0.270001
archive 16
3
6 6  100 1001000000101001111111011110100011000011101000001111110001001011001001000101101011000000001101000010
5 7  100 1001000000101001111111011110100011000011101000001111110001001011001001000101101011010100001101000010
2 8  100 1001000000101001111111011110100011101011101000011111110001001011001001000101101011010100001101000010
runNumber 17
genCount 13135
elapsedTime 599.706
unaryHyperVol 329
binaryHyperVol 0
additiveEps 0
entropy 0.270001
archive 17
3
6 6  100 1001000000101001111111011110100011000011101000001111110001001011000101000101101011000000001101000010
5 7  100 1001000000101001111111011110100011000011101000001111110001001011000101000101101011010100001101000010
2 8  100 1001000000101001111111011110100011101011101000011111110001001011000101000101101011010100001101000010
runNumber 18
genCount 13397
elapsedTime 599.748
unaryHyperVol 329
binaryHyperVol 0
additiveEps 0
entropy 0.270001
archive 18
3
6 6  100 1001000000101001111111011110100011000011101000001111110001001011000101000101101011000000001101000010
5 7  100 1001000000101001111111011110100011000011101000001111110001001011000101000101101011010100001101000010
2 8  100 1001000000101001111111011110100011101011101000011111110001001011000101000101101011010100001101000010
runNumber 19
genCount 12803
elapsedTime 599.818
unaryHyperVol 329
binaryHyperVol 0
additiveEps 0
entropy 0.270001
archive 19
3
6 6  100 1001000000101001111111011110100011000011101000001111110001001011000101000101101011000000001101000010
5 7  100 1001000000101001111111011110100011000011101000001111110001001011000101000101101011010100001101000010
2 8  100 1001000000101001111111011110100011101011101000011111110001001011000101000101101011010100001101000010
runNumber 20
genCount 12975
elapsedTime 599.694
unaryHyperVol 329
binaryHyperVol 0
additiveEps 0
entropy 0.270001
archive 20
3
6 6  100 1001000000101001111111011110100011000011101000001111110001001011001001000101101011000000001101000010
5 7  100 1001000000101001111111011110100011000011101000001111110001001011001001000101101011010100001101000000
2 8  100 1001000000101001111111011110100011101011101000011111110001001011001001000101101011010100001101000010
runNumber 21
genCount 12982
elapsedTime 599.933
unaryHyperVol 329
binaryHyperVol 0
additiveEps 0
entropy 0.270001
archive 21
3
6 6  100 1001000000101001111111011110100011000011101000001111110001001011000101000101101011000000001101000010
5 7  100 1001000000101001111111011110100011000011101000001111110001001011000101000101101011010100001101000010
2 8  100 1001000000101001111111011110100011101011101000011111110001001011000101000101101011010100001101000010
runNumber 22
genCount 12618
elapsedTime 599.966
unaryHyperVol 329
binaryHyperVol 0
additiveEps 0
entropy 0.270001
archive 22
3
6 6  100 1001000000101001111111011110100011000011101000001111110001001011000101000101101011000000001101000101
5 7  100 1001000000101001111111011110100011000011101000001111110001001011000101000101101011010100001101000101
2 8  100 1001000000101001111111011110100011101011101000011111110001001011000101000101101011010100001101000101
runNumber 23
genCount 12061
elapsedTime 599.488
unaryHyperVol 329
binaryHyperVol 0
additiveEps 0
entropy 0.270001
archive 23
3
6 6  100 1001000000101001111111011110100011000011101000001111110001001011000101000101101011000000001101000010
5 7  100 1001000000101001111111011110100011000011101000001111110001001011000101000101101011010100001101000010
2 8  100 1001000000101001111111011110100011101011101000011111110001001011000101000101101011010100001101000010
runNumber 24
genCount 13120
elapsedTime 599.969
unaryHyperVol 329
binaryHyperVol 0
additiveEps 0
entropy 0.270001
archive 24
3
6 6  100 1001000000101001111111011110100011000011101000001111110001001011001001000101101011000000001101000000
5 7  100 1001000000101001111111011110100011000011101000001111110001001011001001000101101011010100001101000010
2 8  100 1001000000101001111111011110100011101011101000011111110001001011001001000101101011010100001101000010
runNumber 25
genCount 12972
elapsedTime 599.905
unaryHyperVol 329
binaryHyperVol 0
additiveEps 0
entropy 0.270001
archive 25
3
6 6  100 1001000000101001111111011110100011000011101000001111110001001011001001000101101011000000001101000010
5 7  100 1001000000101001111111011110100011000011101000001111110001001011001001000101101011010100001101000010
2 8  100 1001000000101001111111011110100011101011101000011111110001001011001001000101101011010100001101000010
runNumber 26
genCount 12883
elapsedTime 599.992
unaryHyperVol 329
binaryHyperVol 0
additiveEps 0
entropy 0.270001
archive 26
3
6 6  100 1001000000101001111111011110100011000011101000001111110001001011000101000101101011000000001101000010
5 7  100 1001000000101001111111011110100011000011101000001111110001001011000101000101101011010100001101000010
2 8  100 1001000000101001111111011110100011101011101000011111110001001011000101000101101011010100001101000010
runNumber 27
genCount 13199
elapsedTime 599.957
unaryHyperVol 329
binaryHyperVol 0
additiveEps 0
entropy 0.270001
archive 27
3
6 6  100 1001000000101001111111011110100011000011101000001111110001001011000101000101101011000000001101000010
5 7  100 1001000000101001111111011110100011000011101000001111110001001011000101000101101011010100001101000010
2 8  100 1001000000101001111111011110100011101011101000011111110001001011000101000101101011010100001101000010
runNumber 28
genCount 13408
elapsedTime 599.968
unaryHyperVol 329
binaryHyperVol 0
additiveEps 0
entropy 0.270001
archive 28
3
6 6  100 1001000000101001111111011110100011000011101000001111110001001011001001000101101011000000001101000010
5 7  100 1001000000101001111111011110100011000011101000001111110001001011001001000101101011010100001101000010
2 8  100 1001000000101001111111011110100011101011101000011111110001001011001001000101101011010100001101000010
runNumber 29
genCount 12540
elapsedTime 599.968
unaryHyperVol 329
binaryHyperVol 0
additiveEps 0
entropy 0.270001
archive 29
3
6 6  100 1001000000101001111111011110100011000011101000001111110001001011001001000101101011000000001101000101
5 7  100 1001000000101001111111011110100011000011101000001111110001001011001001000101101011010100001101000101
2 8  100 1001000000101001111111011110100011101011101000011111110001001011001001000101101011010100001101000101
