OptimalFront
unaryHyperVol 281
Optimal front is obtained by exact method
-------------------------
3
1 7
4 5
6 3
runNumber 0
genCount 12693
elapsedTime 599.231
unaryHyperVol 281
binaryHyperVol 0
additiveEps 0
entropy 0.270001
archive 0
3
6 3  100 1000100111011101110000111100101001101110110101000010110111100001101000011101100011101000011101111000
4 5  100 1000100111011101110000111100101001101110111010000010110111100001101000011101100011101000011101111000
1 7  100 1000100111011101111000111100101001101110111010000010110111100001101000011101100011101000011101111010
runNumber 1
genCount 12565
elapsedTime 599.937
unaryHyperVol 281
binaryHyperVol 0
additiveEps 0
entropy 0.270001
archive 1
3
6 3  100 1000100111011101110000111100101001101110110101000010110111100001101000011101100011101000011101111000
4 5  100 1000000011011101110000111100101001101110111010000010110111100001101000011101100011101000011101111000
1 7  100 1000100111011101111000111100101001101110111010000010110111100001101000011101100011101000011101111010
runNumber 2
genCount 12753
elapsedTime 599.95
unaryHyperVol 281
binaryHyperVol 0
additiveEps 0
entropy 0.270001
archive 2
3
6 3  100 1000100111011101110000111100101001101110110101000010110111100001101000011101100011101000011101111000
4 5  100 1000100111011101110000111100101001101110111010000010110111100001101000011101100011101000011101111000
1 7  100 1000100111011101111000111100101001101110111010000010110111100001101000011101100011101000011101111010
runNumber 3
genCount 12730
elapsedTime 599.936
unaryHyperVol 281
binaryHyperVol 0
additiveEps 0
entropy 0.270001
archive 3
3
6 3  100 1000100111011101110000111100101001101110110101000010110111100001101000011101100011101000011101111000
4 5  100 1000100111011101110000111100101001101110111010000010110111100001101000011101100011101000011101111000
1 7  100 1000100111011101111000111100101001101110111010000010110111100001101000011101100011101000011101111010
runNumber 4
genCount 12567
elapsedTime 599.981
unaryHyperVol 281
binaryHyperVol 0
additiveEps 0
entropy 0.270001
archive 4
3
6 3  100 1000100111011101110000111100101001101110110101000010110111100001101000011101100011101000011101111000
4 5  100 1000100111011101110000111100101001101110111010000010110111100001101000011101100011101000011101111000
1 7  100 1000100111011101111000111100101001101110111010000010110111100001101000011101100011101000011101111010
runNumber 5
genCount 12386
elapsedTime 599.757
unaryHyperVol 281
binaryHyperVol 0
additiveEps 0
entropy 0.270001
archive 5
3
6 3  100 1000100111011101110000111100101001101110110101000010110111100001101000011101100011101000011101111000
4 5  100 1000100111011101110000111100101001101110111010000010110111100001101000011101100011101000011101111000
1 7  100 1000100111011101111000111100101001101110111010000010110111100001101000011101100011101000011101111010
runNumber 6
genCount 12735
elapsedTime 599.864
unaryHyperVol 281
binaryHyperVol 0
additiveEps 0
entropy 0.270001
archive 6
3
6 3  100 1000100111011101110000111100101001101110110101000010110111100001101000011101100011101000011101111000
4 5  100 1000100111011101110000111100101001101110111010000010110111100001101000011101100011101000011101111000
1 7  100 1000100111011101111000111100101001101110111010000010110111100001101000011101100011101000011101111010
runNumber 7
genCount 12648
elapsedTime 599.937
unaryHyperVol 281
binaryHyperVol 0
additiveEps 0
entropy 0.270001
archive 7
3
6 3  100 1000100111011101110000111100101001101110110101000010110111100001101000011101100011101000011101111000
4 5  100 1000100111011101110000111100101001101110111010000010110111100001101000011101100011101000011101111000
1 7  100 1000100111011101111000111100101001101110111010000010110111100001101000011101100011101000011101111010
runNumber 8
genCount 12451
elapsedTime 599.862
unaryHyperVol 281
binaryHyperVol 0
additiveEps 0
entropy 0.270001
archive 8
3
6 3  100 1000100111011101110000111100101001101110110101000010110111100001101000011101100011101000011101111000
4 5  100 1000100111011101110000111100101001101110111010000010110111100001101000011101100011101000011101111000
1 7  100 1000100111011101111000111100101001101110111010000010110111100001101000011101100011101000011101111010
runNumber 9
genCount 12505
elapsedTime 599.812
unaryHyperVol 281
binaryHyperVol 0
additiveEps 0
entropy 0.270001
archive 9
3
6 3  100 1000100111011101110000111100101001101110110101000010110111100001101000011101100011101000011101111000
4 5  100 1000100111011101110000111100101001101110111010000010110111100001101000011101100011101000011101111000
1 7  100 1000100111011101111000111100101001101110111010000010110111100001101000011101100011101000011101111010
runNumber 10
genCount 12582
elapsedTime 600.17
unaryHyperVol 281
binaryHyperVol 0
additiveEps 0
entropy 0.270001
archive 10
3
6 3  100 1000100111011101110000111100101001101110110101000010110111100001101000011101100011101000011101111000
4 5  100 1000100111011101110000111100101001101110111010000010110111100001101000011101100011101000011101111000
1 7  100 1000100111011101111000111100101001101110111010000010110111100001101000011101100011101000011101111010
runNumber 11
genCount 12209
elapsedTime 599.974
unaryHyperVol 281
binaryHyperVol 0
additiveEps 0
entropy 0.270001
archive 11
3
6 3  100 1000100111011101110000111100101001101110110101000010110111100001101000011101100011101000011101111000
4 5  100 1000100111011101110000111100101001101110111010000010110111100001101000011101100011101000011101111000
1 7  100 1000100111011101111000111100101001101110111010000010110111100001101000011101100011101000011101111010
runNumber 12
genCount 12441
elapsedTime 599.954
unaryHyperVol 281
binaryHyperVol 0
additiveEps 0
entropy 0.270001
archive 12
3
6 3  100 1000100111011101110000111100101001101110110101000010110111100001101000011101100011101000011101111000
4 5  100 1000100111011101110000111100101001101110111010000010110111100001101000011101100011101000011101111000
1 7  100 1000100111011101111000111100101001101110111010000010110111100001101000011101100011101000011101111010
runNumber 13
genCount 11754
elapsedTime 599.936
unaryHyperVol 281
binaryHyperVol 0
additiveEps 0
entropy 0.270001
archive 13
3
6 3  100 1000100111011101110000111100101001101110110101000010110111100001101000011101100011101000011101111000
4 5  100 1000100111011101110000111100101001101110111010000010110111100001101000011101100011101000011101111000
1 7  100 1000100111011101111000111100101001101110111010000010110111100001101000011101100011101000011101111010
runNumber 14
genCount 12580
elapsedTime 599.897
unaryHyperVol 281
binaryHyperVol 0
additiveEps 0
entropy 0.270001
archive 14
3
6 3  100 1000100111011101110000111100101001101110110101000010110111100001101000011101100011101000011101111000
4 5  100 1000100111011101110000111100101001101110111010000010110111100001101000011101100011101000011101111000
1 7  100 1000100111011101111000111100101001101110111010000010110111100001101000011101100011101000011101111010
runNumber 15
genCount 12515
elapsedTime 599.797
unaryHyperVol 281
binaryHyperVol 0
additiveEps 0
entropy 0.270001
archive 15
3
6 3  100 1000100111011101110000111100101001101110110101000010110111100001101000011101100011101000011101111000
4 5  100 1000100111011101110000111100101001101110111010000010110111100001101000011101100011101000011101111000
1 7  100 1000100111011101111000111100101001101110111010000010110111100001101000011101100011101000011101111010
runNumber 16
genCount 12407
elapsedTime 599.647
unaryHyperVol 281
binaryHyperVol 0
additiveEps 0
entropy 0.270001
archive 16
3
6 3  100 1000100111011101110000111100101001101110110101000010110111100001101000011101100011101000011101111000
4 5  100 1000100111011101110000111100101001101110111010000010110111100001101000011101100011101000011101111000
1 7  100 1000100111011101111000111100101001101110111010000010110111100001101000011101100011101000011101111010
runNumber 17
genCount 12689
elapsedTime 599.791
unaryHyperVol 281
binaryHyperVol 0
additiveEps 0
entropy 0.270001
archive 17
3
6 3  100 1000100111011101110000111100101001101110110101000010110111100001101000011101100011101000011101111000
4 5  100 1000100111011101110000111100101001101110111010000010110111100001101000011101100011101000011101111000
1 7  100 1000100111011101111000111100101001101110111010000010110111100001101000011101100011101000011101111010
runNumber 18
genCount 12416
elapsedTime 599.476
unaryHyperVol 281
binaryHyperVol 0
additiveEps 0
entropy 0.270001
archive 18
3
6 3  100 1000100111011101110000111100101001101110110101000010110111100001101000011101100011101000011101111000
4 5  100 1000100111011101110000111100101001101110111010000010110111100001101000011101100011101000011101111000
1 7  100 1000100111011101111000111100101001101110111010000010110111100001101000011101100011101000011101111010
runNumber 19
genCount 13044
elapsedTime 599.947
unaryHyperVol 281
binaryHyperVol 0
additiveEps 0
entropy 0.270001
archive 19
3
6 3  100 1000100111011101110000111100101001101110110101000010110111100001101000011101100011101000011101111000
4 5  100 1000100111011101110000111100101001101110111010000010110111100001101000011101100011101000011101111000
1 7  100 1000100111011101111000111100101001101110111010000010110111100001101000011101100011101000011101111010
runNumber 20
genCount 12694
elapsedTime 600.028
unaryHyperVol 281
binaryHyperVol 0
additiveEps 0
entropy 0.270001
archive 20
3
6 3  100 1000100111011101110000111100101001101110110101000010110111100001101000011101100011101000011101111000
4 5  100 1000100111011101110000111100101001101110111010000010110111100001101000011101100011101000011101111000
1 7  100 1000100111011101111000111100101001101110111010000010110111100001101000011101100011101000011101111010
runNumber 21
genCount 12724
elapsedTime 599.961
unaryHyperVol 281
binaryHyperVol 0
additiveEps 0
entropy 0.270001
archive 21
3
6 3  100 1000100111011101110000111100101001101110110101000010110111100001101000011101100011101000011101111000
4 5  100 1000100111011101110000111100101001101110111010000010110111100001101000011101100011101000011101111000
1 7  100 1000100111011101111000111100101001101110111010000010110111100001101000011101100011101000011101111010
runNumber 22
genCount 12661
elapsedTime 600.008
unaryHyperVol 281
binaryHyperVol 0
additiveEps 0
entropy 0.270001
archive 22
3
6 3  100 1000100111011101110000111100101001101110110101000010110111100001101000011101100011101000011101111000
4 5  100 1000100111011101110000111100101001101110111010000010110111100001101000011101100011101000011101111000
1 7  100 1000100111011101111000111100101001101110111010000010110111100001101000011101100011101000011101111010
runNumber 23
genCount 11987
elapsedTime 600.745
unaryHyperVol 281
binaryHyperVol 0
additiveEps 0
entropy 0.270001
archive 23
3
6 3  100 1000100111011101110000111100101001101110110101000010110111100001101000011101100011101000011101111000
4 5  100 1000100111011101110000111100101001101110111010000010110111100001101000011101100011101000011101111000
1 7  100 1000100111011101111000111100101001101110111010000010110111100001101000011101100011101000011101111010
runNumber 24
genCount 12682
elapsedTime 599.784
unaryHyperVol 281
binaryHyperVol 0
additiveEps 0
entropy 0.270001
archive 24
3
6 3  100 1000100111011101110000111100101001101110110101000010110111100001101000011101100011101000011101111000
4 5  100 1000100111011101110000111100101001101110111010000010110111100001101000011101100011101000011101111000
1 7  100 1000100111011101111000111100101001101110111010000010110111100001101000011101100011101000011101111010
runNumber 25
genCount 12518
elapsedTime 599.837
unaryHyperVol 281
binaryHyperVol 0
additiveEps 0
entropy 0.270001
archive 25
3
6 3  100 1000100111011101110000111100101001101110110101000010110111100001101000011101100011101000011101111000
4 5  100 1000100111011101110000111100101001101110111010000010110111100001101000011101100011101000011101111000
1 7  100 1000100111011101111000111100101001101110111010000010110111100001101000011101100011101000011101111010
runNumber 26
genCount 13180
elapsedTime 599.938
unaryHyperVol 281
binaryHyperVol 0
additiveEps 0
entropy 0.270001
archive 26
3
6 3  100 1000100111011101110000111100101001101110110101000010110111100001101000011101100011101000011101111000
4 5  100 1000100111011101110000111100101001101110111010000010110111100001101000011101100011101000011101111000
1 7  100 1000100111011101111000111100101001101110111010000010110111100001101000011101100011101000011101111010
runNumber 27
genCount 12451
elapsedTime 599.92
unaryHyperVol 281
binaryHyperVol 0
additiveEps 0
entropy 0.270001
archive 27
3
6 3  100 1000100111011101110000111100101001101110110101000010110111100001101000011101100011101000011101111000
4 5  100 1000100111011101110000111100101001101110111010000010110111100001101000011101100011101000011101111000
1 7  100 1000100111011101111000111100101001101110111010000010110111100001101000011101100011101000011101111010
runNumber 28
genCount 12714
elapsedTime 599.704
unaryHyperVol 281
binaryHyperVol 0
additiveEps 0
entropy 0.270001
archive 28
3
6 3  100 1000100111011101110000111100101001101110110101000010110111100001101000011101100011101000011101111000
4 5  100 1000100111011101110000111100101001101110111010000010110111100001101000011101100011101000011101111000
1 7  100 1000100111011101111000111100101001101110111010000010110111100001101000011101100011101000011101111010
runNumber 29
genCount 12869
elapsedTime 600.022
unaryHyperVol 281
binaryHyperVol 0
additiveEps 0
entropy 0.270001
archive 29
3
6 3  100 1000100111011101110000111100101001101110110101000010110111100001101000011101100011101000011101111000
4 5  100 1000100111011101110000111100101001101110111010000010110111100001101000011101100011101000011101111000
1 7  100 1000100111011101111000111100101001101110111010000010110111100001101000011101100011101000011101111010
