OptimalFront
unaryHyperVol 366
Optimal front is obtained by exact method
-------------------------
3
1 8
2 7
6 6
runNumber 0
genCount 25293
elapsedTime 599.563
unaryHyperVol 366
binaryHyperVol 0
additiveEps 0
entropy 0.270001
archive 0
3
6 6  100 1000011101100100101011111100000000101000100000000101101010001001001011110111111010100101100011001011
2 7  100 1000101101100100101011111100000000101000100000000101101010001001001011110111111010100101100011001011
1 8  100 1000101101100100101011111100000000101000100010000101101010001001001011110111111010100101100011001011
runNumber 1
genCount 12721
elapsedTime 599.963
unaryHyperVol 366
binaryHyperVol 0
additiveEps 0
entropy 0.270001
archive 1
3
6 6  100 1000011101100100101011111100000000101000100000000101101010001001001011110111111010100101100011001011
2 7  100 1000101101100100101011111100000000101000100000000101101010001001001011110111111010100101100011001011
1 8  100 1000101101100100101011111100000000101000100010000101101010001001001011110111111010100101100011001011
runNumber 2
genCount 12590
elapsedTime 599.988
unaryHyperVol 366
binaryHyperVol 0
additiveEps 0
entropy 0.270001
archive 2
3
6 6  100 1000011101100100101011111100000000101000100000000101101010001001001011110111111010100101100011001011
2 7  100 1000101101100100101011111100000000101000100000000101101010001001001011110111111010100101100011001011
1 8  100 1000101101100100101011111100000000101000100010000101101010001001001011110111111010100101100011001011
runNumber 3
genCount 12877
elapsedTime 599.928
unaryHyperVol 366
binaryHyperVol 0
additiveEps 0
entropy 0.270001
archive 3
3
6 6  100 1000011101100100101011111100000000101000100000000101101010001001001011110111111010100101100011001011
2 7  100 1000101101100100101011111100000000101000100000000101101010001001001011110111111010100101100011001011
1 8  100 1000101101100100101011111100000000101000100010000101101010001001001011110111111010100101100011001011
runNumber 4
genCount 13187
elapsedTime 599.955
unaryHyperVol 366
binaryHyperVol 0
additiveEps 0
entropy 0.270001
archive 4
3
6 6  100 1000011101100100101011111100000000101000100000000101101010001001001011110111111010100101100011001011
2 7  100 1000101101100100101011111100000000101000100000000101101010001001001011110111111010100101100011001011
1 8  100 1000101101100100101011111100000000101000100010000101101010001001001011110111111010100101100011001011
runNumber 5
genCount 12530
elapsedTime 599.895
unaryHyperVol 366
binaryHyperVol 0
additiveEps 0
entropy 0.270001
archive 5
3
6 6  100 1000011101100100101011111100000000101000100000000101101010001001001011110111111010100101100011001011
2 7  100 1000101101100100101011111100000000101000100000000101101010001001001011110111111010100101100011001011
1 8  100 1000101101100100101011111100000000101000100010000101101010001001001011110111111010100101100011001011
runNumber 6
genCount 12651
elapsedTime 599.888
unaryHyperVol 366
binaryHyperVol 0
additiveEps 0
entropy 0.270001
archive 6
3
6 6  100 1000011101100100101011111100000000101000100000000101101010001001001011110111111010100101100011001011
2 7  100 1000101101100100101011111100000000101000100000000101101010001001001011110111111010100101100011001011
1 8  100 1000101101100100101011111100000000101000100010000101101010001001001011110111111010100101100011001011
runNumber 7
genCount 12739
elapsedTime 599.954
unaryHyperVol 366
binaryHyperVol 0
additiveEps 0
entropy 0.270001
archive 7
3
6 6  100 1000011101100100101011111100000000101000100000000101101010001001001011110111111010100101100011001011
2 7  100 1000101101100100101011111100000000101000100000000101101010001001001011110111111010100101100011001011
1 8  100 1000101101100100101011111100000000101000100010000101101010001001001011110111111010100101100011001011
runNumber 8
genCount 12749
elapsedTime 599.97
unaryHyperVol 366
binaryHyperVol 0
additiveEps 0
entropy 0.270001
archive 8
3
6 6  100 1000011101100100101011111100000000101000100000000101101010001001001011110111111010100101100011001011
2 7  100 1000101101100100101011111100000000101000100000000101101010001001001011110111111010100101100011001011
1 8  100 1000101101100100101011111100000000101000100010000101101010001001001011110111111010100101100011001011
runNumber 9
genCount 12639
elapsedTime 599.969
unaryHyperVol 366
binaryHyperVol 0
additiveEps 0
entropy 0.270001
archive 9
3
6 6  100 1000011101100100101011111100000000101000100000000101101010001001001011110111111010100101100011001011
2 7  100 1000101101100100101011111100000000101000100000000101101010001001001011110111111010100101100011001011
1 8  100 1000101101100100101011111100000000101000100010000101101010001001001011110111111010100101100011001011
runNumber 10
genCount 12886
elapsedTime 599.867
unaryHyperVol 366
binaryHyperVol 0
additiveEps 0
entropy 0.270001
archive 10
3
6 6  100 1000011101100100101011111100000000101000100000000101101010001001001011110111111010100101100011001011
2 7  100 1000101101100100101011111100000000101000100000000101101010001001001011110111111010100101100011001011
1 8  100 1000101101100100101011111100000000101000100010000101101010001001001011110111111010100101100011001011
runNumber 11
genCount 12456
elapsedTime 599.97
unaryHyperVol 366
binaryHyperVol 0
additiveEps 0
entropy 0.270001
archive 11
3
6 6  100 1000011101100100101011111100000000101000100000000101101010001001001011110111111010100101100011001011
2 7  100 1000101101100100101011111100000000101000100000000101101010001001001011110111111010100101100011001011
1 8  100 1000101101100100101011111100000000101000100010000101101010001001001011110111111010100101100011001011
runNumber 12
genCount 12440
elapsedTime 599.898
unaryHyperVol 366
binaryHyperVol 0
additiveEps 0
entropy 0.270001
archive 12
3
6 6  100 1000011101100100101011111100000000101000100000000101101010001001001011110111111010100101100011001011
2 7  100 1000101101100100101011111100000000101000100000000101101010001001001011110111111010100101100011001011
1 8  100 1000101101100100101011111100000000101000100010000101101010001001001011110111111010100101100011001011
runNumber 13
genCount 12535
elapsedTime 599.783
unaryHyperVol 366
binaryHyperVol 0
additiveEps 0
entropy 0.270001
archive 13
3
6 6  100 1000011101100100101011111100000000101000100000000101101010001001001011110111111010100101100011001011
2 7  100 1000101101100100101011111100000000101000100000000101101010001001001011110111111010100101100011001011
1 8  100 1000101101100100101011111100000000101000100010000101101010001001001011110111111010100101100011001011
runNumber 14
genCount 12733
elapsedTime 599.962
unaryHyperVol 366
binaryHyperVol 0
additiveEps 0
entropy 0.270001
archive 14
3
6 6  100 1000011101100100101011111100000000101000100000000101101010001001001011110111111010100101100011001011
2 7  100 1000101101100100101011111100000000101000100000000101101010001001001011110111111010100101100011001011
1 8  100 1000101101100100101011111100000000101000100010000101101010001001001011110111111010100101100011001011
runNumber 15
genCount 12396
elapsedTime 599.891
unaryHyperVol 366
binaryHyperVol 0
additiveEps 0
entropy 0.270001
archive 15
3
6 6  100 1000011101100100101011111100000000101000100000000101101010001001001011110111111010100101100011001011
2 7  100 1000101101100100101011111100000000101000100000000101101010001001001011110111111010100101100011001011
1 8  100 1000101101100100101011111100000000101000100010000101101010001001001011110111111010100101100011001011
runNumber 16
genCount 12670
elapsedTime 599.937
unaryHyperVol 366
binaryHyperVol 0
additiveEps 0
entropy 0.270001
archive 16
3
6 6  100 1000011101100100101011111100000000101000100000000101101010001001001011110111111010100101100011001011
2 7  100 1000101101100100101011111100000000101000100000000101101010001001001011110111111010100101100011001011
1 8  100 1000101101100100101011111100000000101000100010000101101010001001001011110111111010100101100011001011
runNumber 17
genCount 12418
elapsedTime 599.937
unaryHyperVol 366
binaryHyperVol 0
additiveEps 0
entropy 0.270001
archive 17
3
6 6  100 1000011101100100101011111100000000101000100000000101101010001001001011110111111010100101100011001011
2 7  100 1000101101100100101011111100000000101000100000000101101010001001001011110111111010100101100011001011
1 8  100 1000101101100100101011111100000000101000100010000101101010001001001011110111111010100101100011001011
runNumber 18
genCount 12853
elapsedTime 599.962
unaryHyperVol 366
binaryHyperVol 0
additiveEps 0
entropy 0.270001
archive 18
3
6 6  100 1000011101100100101011111100000000101000100000000101101010001001001011110111111010100101100011001011
2 7  100 1000101101100100101011111100000000101000100000000101101010001001001011110111111010100101100011001011
1 8  100 1000101101100100101011111100000000101000100010000101101010001001001011110111111010100101100011001011
runNumber 19
genCount 12524
elapsedTime 599.963
unaryHyperVol 366
binaryHyperVol 0
additiveEps 0
entropy 0.270001
archive 19
3
6 6  100 1000011101100100101011111100000000101000100000000101101010001001001011110111111010100101100011001011
2 7  100 1000101101100100101011111100000000101000100000000101101010001001001011110111111010100101100011001011
1 8  100 1000101101100100101011111100000000101000100010000101101010001001001011110111111010100101100011001011
runNumber 20
genCount 12430
elapsedTime 599.959
unaryHyperVol 366
binaryHyperVol 0
additiveEps 0
entropy 0.270001
archive 20
3
6 6  100 1000011101100100101011111100000000101000100000000101101010001001001011110111111010100101100011001011
2 7  100 1000101101100100101011111100000000101000100000000101101010001001001011110111111010100101100011001011
1 8  100 1000101101100100101011111100000000101000100010000101101010001001001011110111111010100101100011001011
runNumber 21
genCount 12616
elapsedTime 599.872
unaryHyperVol 366
binaryHyperVol 0
additiveEps 0
entropy 0.270001
archive 21
3
6 6  100 1000011101100100101011111100000000101000100000000101101010001001001011110111111010100101100011001011
2 7  100 1000101101100100101011111100000000101000100000000101101010001001001011110111111010100101100011001011
1 8  100 1000101101100100101011111100000000101000100010000101101010001001001011110111111010100101100011001011
runNumber 22
genCount 12481
elapsedTime 599.977
unaryHyperVol 366
binaryHyperVol 0
additiveEps 0
entropy 0.270001
archive 22
3
6 6  100 1000011101100100101011111100000000101000100000000101101010001001001011110111111010100101100011001011
2 7  100 1000101101100100101011111100000000101000100000000101101010001001001011110111111010100101100011001011
1 8  100 1000101101100100101011111100000000101000100010000101101010001001001011110111111010100101100011001011
runNumber 23
genCount 12386
elapsedTime 599.95
unaryHyperVol 366
binaryHyperVol 0
additiveEps 0
entropy 0.270001
archive 23
3
6 6  100 1000011101100100101011111100000000101000100000000101101010001001001011110111111010100101100011001011
2 7  100 1000101101100100101011111100000000101000100000000101101010001001001011110111111010100101100011001011
1 8  100 1000101101100100101011111100000000101000100010000101101010001001001011110111111010100101100011001011
runNumber 24
genCount 12435
elapsedTime 599.94
unaryHyperVol 366
binaryHyperVol 0
additiveEps 0
entropy 0.270001
archive 24
3
6 6  100 1000011101100100101011111100000000101000100000000101101010001001001011110111111010100101100011001011
2 7  100 1000101101100100101011111100000000101000100000000101101010001001001011110111111010100101100011001011
1 8  100 1000101101100100101011111100000000101000100010000101101010001001001011110111111010100101100011001011
runNumber 25
genCount 12536
elapsedTime 600.017
unaryHyperVol 366
binaryHyperVol 0
additiveEps 0
entropy 0.270001
archive 25
3
6 6  100 1000011101100100101011111100000000101000100000000101101010001001001011110111111010100101100011001011
2 7  100 1000101101100100101011111100000000101000100000000101101010001001001011110111111010100101100011001011
1 8  100 1000101101100100101011111100000000101000100010000101101010001001001011110111111010100101100011001011
runNumber 26
genCount 12512
elapsedTime 599.996
unaryHyperVol 366
binaryHyperVol 0
additiveEps 0
entropy 0.270001
archive 26
3
6 6  100 1000011101100100101011111100000000101000100000000101101010001001001011110111111010100101100011001011
2 7  100 1000101101100100101011111100000000101000100000000101101010001001001011110111111010100101100011001011
1 8  100 1000101101100100101011111100000000101000100010000101101010001001001011110111111010100101100011001011
runNumber 27
genCount 12837
elapsedTime 599.906
unaryHyperVol 366
binaryHyperVol 0
additiveEps 0
entropy 0.270001
archive 27
3
6 6  100 1000011101100100101011111100000000101000100000000101101010001001001011110111111010100101100011001011
2 7  100 1000101101100100101011111100000000101000100000000101101010001001001011110111111010100101100011001011
1 8  100 1000101101100100101011111100000000101000100010000101101010001001001011110111111010100101100011001011
runNumber 28
genCount 12354
elapsedTime 599.852
unaryHyperVol 366
binaryHyperVol 0
additiveEps 0
entropy 0.270001
archive 28
3
6 6  100 1000011101100100101011111100000000101000100000000101101010001001001011110111111010100101100011001011
2 7  100 1000101101100100101011111100000000101000100000000101101010001001001011110111111010100101100011001011
1 8  100 1000101101100100101011111100000000101000100010000101101010001001001011110111111010100101100011001011
runNumber 29
genCount 12534
elapsedTime 599.957
unaryHyperVol 366
binaryHyperVol 0
additiveEps 0
entropy 0.270001
archive 29
3
6 6  100 1000011101100100101011111100000000101000100000000101101010001001001011110111111010100101100011001011
2 7  100 1000101101100100101011111100000000101000100000000101101010001001001011110111111010100101100011001011
1 8  100 1000101101100100101011111100000000101000100010000101101010001001001011110111111010100101100011001011
