OptimalFront
unaryHyperVol 343
Optimal front is obtained by exact method
-------------------------
3
2 7
3 6
6 5
runNumber 0
genCount 13200
elapsedTime 599.705
unaryHyperVol 343
binaryHyperVol 0
additiveEps 0
entropy 0.270001
archive 0
3
6 5  100 1000001000000100010110000000001100111001000101011001010100000011010000110001100010101000101111110111
3 6  100 1000001000000100010110000000001100111001000101011001010100101011010000110001100010101000101111110111
2 7  100 1000001000010001010110000000001100111001000101011001010100101011010000110001100010101000101111110111
runNumber 1
genCount 12780
elapsedTime 599.842
unaryHyperVol 343
binaryHyperVol 0
additiveEps 0
entropy 0.270001
archive 1
3
6 5  100 1000001000000100010110000000001100111001000101011001010100000011010000110001100010101000101111110111
3 6  100 1000001000000100010110000000001100111001000101011001010100101011010000110001100010101000101111110111
2 7  100 1000001000010001010110000000001100111001000101011001010100101011010000110001100010101000101111110111
runNumber 2
genCount 12822
elapsedTime 599.96
unaryHyperVol 343
binaryHyperVol 0
additiveEps 0
entropy 0.270001
archive 2
3
6 5  100 1000001000000100010110000010101100111001000101011001010100000011010000110001100010101000101111110111
3 6  100 1000001000000100010110000010101100111001000101011001010100101011010000110001100010101000101111110111
2 7  100 1000001000010001010110000010101100111001000101011001010100101011010000110001100010101000101111110111
runNumber 3
genCount 12918
elapsedTime 599.827
unaryHyperVol 343
binaryHyperVol 0
additiveEps 0
entropy 0.270001
archive 3
3
6 5  100 1000001000000100010110000010101100111001000101011001010100000011010000110001100010101000101111110111
3 6  100 1000001000000100010110000010101100111001000101011001010100101011010000110001100010101000101111110111
2 7  100 1000001000010001010110000010101100111001000101011001010100101011010000110001100010101000101111110111
runNumber 4
genCount 12745
elapsedTime 599.896
unaryHyperVol 343
binaryHyperVol 0
additiveEps 0
entropy 0.270001
archive 4
3
6 5  100 1000001000000100010110000010101100111001000101011001010100000011010000110001100010101000101111110111
3 6  100 1000001000000100010110000010101100111001000101011001010100101011010000110001100010101000101111110111
2 7  100 1000001000010001010110000010101100111001000101011001010100101011010000110001100010101000101111110111
runNumber 5
genCount 12895
elapsedTime 599.674
unaryHyperVol 343
binaryHyperVol 0
additiveEps 0
entropy 0.270001
archive 5
3
6 5  100 1000001000000100010110000000001100111001000101011001010100000011010000110001100010101000101111110111
3 6  100 1000001000000100010110000000001100111001000101011001010100101011010000110001100010101000101111110111
2 7  100 1000001000010001010110000000001100111001000101011001010100101011010000110001100010101000101111110111
runNumber 6
genCount 12849
elapsedTime 599.726
unaryHyperVol 332
binaryHyperVol 6.875
additiveEps 0.5
entropy 0.509891
archive 6
2
6 6  100 1000001000010001010110000010101100111001000101011001010100000011010000110001100010101000101111110111
2 7  100 1000001000010001010110000010101100111001000101011001010100101011010000110001100010101000101111110111
runNumber 7
genCount 12560
elapsedTime 599.793
unaryHyperVol 343
binaryHyperVol 0
additiveEps 0
entropy 0.270001
archive 7
3
6 5  100 1000001000000100010110000000001100111001000101011001010100000011010000110001100010101000101111110111
3 6  100 1000001000000100010110000000001100111001000101011001010100101011010000110001100010101000101111110111
2 7  100 1000001000010001010110000000001100111001000101011001010100101011010000110001100010101000101111110111
runNumber 8
genCount 12579
elapsedTime 599.873
unaryHyperVol 343
binaryHyperVol 0
additiveEps 0
entropy 0.270001
archive 8
3
6 5  100 1000001000000100010110000010101100111001000101011001010100000011010000110001100010101000101111110111
3 6  100 1000001000000100010110000010101100111001000101011001010100101011010000110001100010101000101111110111
2 7  100 1000001000010001010110000010101100111001000101011001010100101011010000110001100010101000101111110111
runNumber 9
genCount 12702
elapsedTime 600.524
unaryHyperVol 343
binaryHyperVol 0
additiveEps 0
entropy 0.270001
archive 9
3
6 5  100 1000001000000100010110000010101100111001000101011001010100000011010000110001100010101000101111110111
3 6  100 1000001000000100010110000010101100111001000101011001010100101011010000110001100010101000101111110111
2 7  100 1000001000010001010110000010101100111001000101011001010100101011010000110001100010101000101111110111
runNumber 10
genCount 12640
elapsedTime 599.786
unaryHyperVol 343
binaryHyperVol 0
additiveEps 0
entropy 0.270001
archive 10
3
6 5  100 1000001000000100010110000000001100111001000101011001010100000011010000110001100010101000101111110111
3 6  100 1000001000000100010110000000001100111001000101011001010100101011010000110001100010101000101111110111
2 7  100 1000001000010001010110000000001100111001000101011001010100101011010000110001100010101000101111110111
runNumber 11
genCount 12381
elapsedTime 599.771
unaryHyperVol 343
binaryHyperVol 0
additiveEps 0
entropy 0.270001
archive 11
3
6 5  100 1000001000000100010110000010101100111001000101011001010100000011010000110001100010101000101111110111
3 6  100 1000001000000100010110000010101100111001000101011001010100101011010000110001100010101000101111110111
2 7  100 1000001000010001010110000010101100111001000101011001010100101011010000110001100010101000101111110111
runNumber 12
genCount 12562
elapsedTime 599.475
unaryHyperVol 332
binaryHyperVol 6.875
additiveEps 0.5
entropy 0.509891
archive 12
2
6 6  100 1000001000010001010110000010101100111001000101011001010100000011010000110001100010101000101111110111
2 7  100 1000001000010001010110000010101100111001000101011001010100101011010000110001100010101000101111110111
runNumber 13
genCount 12363
elapsedTime 599.988
unaryHyperVol 343
binaryHyperVol 0
additiveEps 0
entropy 0.270001
archive 13
3
6 5  100 1000001000000100010110000010101100111001000101011001010100000011010000110001100010101000101111110111
3 6  100 1000001000000100010110000010101100111001000101011001010100101011010000110001100010101000101111110111
2 7  100 1000001000010001010110000010101100111001000101011001010100101011010000110001100010101000101111110111
runNumber 14
genCount 12579
elapsedTime 599.655
unaryHyperVol 343
binaryHyperVol 0
additiveEps 0
entropy 0.270001
archive 14
3
6 5  100 1000001000000100010110000000001100111001000101011001010100000011010000110001100010101000101111110111
3 6  100 1000001000000100010110000000001100111001000101011001010100101011010000110001100010101000101111110111
2 7  100 1000001000010001010110000000001100111001000101011001010100101011010000110001100010101000101111110111
runNumber 15
genCount 12719
elapsedTime 599.988
unaryHyperVol 343
binaryHyperVol 0
additiveEps 0
entropy 0.270001
archive 15
3
6 5  100 1000001000000100010110000010101100111001000101011001010100000011010000110001100010101000101111110111
3 6  100 1000001000000100010110000010101100111001000101011001010100101011010000110001100010101000101111110111
2 7  100 1000001000010001010110000010101100111001000101011001010100101011010000110001100010101000101111110111
runNumber 16
genCount 12803
elapsedTime 599.869
unaryHyperVol 343
binaryHyperVol 0
additiveEps 0
entropy 0.270001
archive 16
3
6 5  100 1000001000000100010110000000001100111001000101011001010100000011010000110001100010101000101111110111
3 6  100 1000001000000100010110000000001100111001000101011001010100101011010000110001100010101000101111110111
2 7  100 1000001000010001010110000000001100111001000101011001010100101011010000110001100010101000101111110111
runNumber 17
genCount 12903
elapsedTime 599.841
unaryHyperVol 343
binaryHyperVol 0
additiveEps 0
entropy 0.270001
archive 17
3
6 5  100 1000001000000100010110000010101100111001000101011001010100000011010000110001100010101000101111110111
3 6  100 1000001000000100010110000010101100111001000101011001010100101011010000110001100010101000101111110111
2 7  100 1000001000010001010110000010101100111001000101011001010100101011010000110001100010101000101111110111
runNumber 18
genCount 12962
elapsedTime 599.869
unaryHyperVol 343
binaryHyperVol 0
additiveEps 0
entropy 0.270001
archive 18
3
6 5  100 1000001000000100010110000000001100111001000101011001010100000011010000110001100010101000101111110111
3 6  100 1000001000000100010110000000001100111001000101011001010100101011010000110001100010101000101111110111
2 7  100 1000001000010001010110000000001100111001000101011001010100101011010000110001100010101000101111110111
runNumber 19
genCount 13096
elapsedTime 599.584
unaryHyperVol 343
binaryHyperVol 0
additiveEps 0
entropy 0.270001
archive 19
3
6 5  100 1000001000000100010110000010101100111001000101011001010100000011010000110001100010101000101111110111
3 6  100 1000001000000100010110000010101100111001000101011001010100101011010000110001100010101000101111110111
2 7  100 1000001000010001010110000010101100111001000101011001010100101011010000110001100010101000101111110111
runNumber 20
genCount 12722
elapsedTime 599.905
unaryHyperVol 343
binaryHyperVol 0
additiveEps 0
entropy 0.270001
archive 20
3
6 5  100 1000001000000100010110000010101100111001000101011001010100000011010000110001100010101000101111110111
3 6  100 1000001000000100010110000010101100111001000101011001010100101011010000110001100010101000101111110111
2 7  100 1000001000010001010110000010101100111001000101011001010100101011010000110001100010101000101111110111
runNumber 21
genCount 12833
elapsedTime 599.954
unaryHyperVol 343
binaryHyperVol 0
additiveEps 0
entropy 0.270001
archive 21
3
6 5  100 1000001000000100010110000010101100111001000101011001010100000011010000110001100010101000101111110111
3 6  100 1000001000000100010110000010101100111001000101011001010100101011010000110001100010101000101111110111
2 7  100 1000001000010001010110000010101100111001000101011001010100101011010000110001100010101000101111110111
runNumber 22
genCount 13125
elapsedTime 599.963
unaryHyperVol 343
binaryHyperVol 0
additiveEps 0
entropy 0.270001
archive 22
3
6 5  100 1000001000000100010110000000001100111001000101011001010100000011010000110001100010101000101111110111
3 6  100 1000001000000100010110000000001100111001000101011001010100101011010000110001100010101000101111110111
2 7  100 1000001000010001010110000000001100111001000101011001010100101011010000110001100010101000101111110111
runNumber 23
genCount 12600
elapsedTime 600.861
unaryHyperVol 343
binaryHyperVol 0
additiveEps 0
entropy 0.270001
archive 23
3
6 5  100 1000001000000100010110000010101100111001000101011001010100000011010000110001100010101000101111110111
3 6  100 1000001000000100010110000010101100111001000101011001010100101011010000110001100010101000101111110111
2 7  100 1000001000010001010110000010101100111001000101011001010100101011010000110001100010101000101111110111
runNumber 24
genCount 13372
elapsedTime 599.725
unaryHyperVol 343
binaryHyperVol 0
additiveEps 0
entropy 0.270001
archive 24
3
6 5  100 1000001000000100010110000010101100111001000101011001010100000011010000110001100010101000101111110111
3 6  100 1000001000000100010110000010101100111001000101011001010100101011010000110001100010101000101111110111
2 7  100 1000001000010001010110000010101100111001000101011001010100101011010000110001100010101000101111110111
runNumber 25
genCount 13156
elapsedTime 599.338
unaryHyperVol 343
binaryHyperVol 0
additiveEps 0
entropy 0.270001
archive 25
3
6 5  100 1000001000000100010110000010101100111001000101011001010100000011010000110001100010101000101111110111
3 6  100 1000001000000100010110000010101100111001000101011001010100101011010000110001100010101000101111110111
2 7  100 1000001000010001010110000010101100111001000101011001010100101011010000110001100010101000101111110111
runNumber 26
genCount 12834
elapsedTime 599.909
unaryHyperVol 343
binaryHyperVol 0
additiveEps 0
entropy 0.270001
archive 26
3
6 5  100 1000001000000100010110000010101100111001000101011001010100000011010000110001100010101000101111110111
3 6  100 1000001000000100010110000010101100111001000101011001010100101011010000110001100010101000101111110111
2 7  100 1000001000010001010110000010101100111001000101011001010100101011010000110001100010101000101111110111
runNumber 27
genCount 13094
elapsedTime 599.944
unaryHyperVol 343
binaryHyperVol 0
additiveEps 0
entropy 0.270001
archive 27
3
6 5  100 1000001000000100010110000010101100111001000101011001010100000011010000110001100010101000101111110111
3 6  100 1000001000000100010110000010101100111001000101011001010100101011010000110001100010101000101111110111
2 7  100 1000001000010001010110000010101100111001000101011001010100101011010000110001100010101000101111110111
runNumber 28
genCount 12826
elapsedTime 599.859
unaryHyperVol 343
binaryHyperVol 0
additiveEps 0
entropy 0.270001
archive 28
3
6 5  100 1000001000000100010110000010101100111001000101011001010100000011010000110001100010101000101111110111
3 6  100 1000001000000100010110000010101100111001000101011001010100101011010000110001100010101000101111110111
2 7  100 1000001000010001010110000010101100111001000101011001010100101011010000110001100010101000101111110111
runNumber 29
genCount 13144
elapsedTime 599.4
unaryHyperVol 332
binaryHyperVol 6.875
additiveEps 0.5
entropy 0.509891
archive 29
2
6 6  100 1000001000010001010110000010101100111001000101011001010100000011010000110001100010101000101111110111
2 7  100 1000001000010001010110000010101100111001000101011001010100101011010000110001100010101000101111110111
