OptimalFront
unaryHyperVol 301
Optimal front is obtained by exact method
-------------------------
3
3 9
4 7
8 6
runNumber 0
genCount 11851
elapsedTime 607.986
unaryHyperVol 301
binaryHyperVol 0
additiveEps 0
entropy 0.461903
archive 0
3
8 6  100 0110001010111110001111010100010001000000010110001011000010101100111010110110001111000110111001100110
4 7  100 0110001010111110001111010100010001101000010110001011000010101100111010110110001111000110111001100110
3 9  100 0110001010010110001111010100010001101000010110001011000010101100111010110110100111000110111001100110
runNumber 1
genCount 12688
elapsedTime 599.875
unaryHyperVol 301
binaryHyperVol 0
additiveEps 0
entropy 0.461903
archive 1
3
8 6  100 0110001010111110001111010100010001000000010110001011000010101100111010110110001111000110111001100110
4 7  100 0110001010111110001111010100010001101000010110001011000010101100111010110110001111000110111001100110
3 9  100 0110001010010110001111010100010001101000010110001011000010101100111010110110100111000110111001100110
runNumber 2
genCount 12930
elapsedTime 599.843
unaryHyperVol 301
binaryHyperVol 0
additiveEps 0
entropy 0.461903
archive 2
3
8 6  100 0110001010111110001111010100010001000000010110001011000010101100111010110110001111000110111001100110
4 7  100 0110001010111110001111010100010001101000010110001011000010101100111010110110001111000110111001100110
3 9  100 0110001010010110001111010100010001101000010110001011000010101100111010110110100111000110111001100110
runNumber 3
genCount 12740
elapsedTime 599.932
unaryHyperVol 301
binaryHyperVol 0
additiveEps 0
entropy 0.461903
archive 3
3
8 6  100 0110001010111110001111010100010001000000010110001011000010101100111010110110001111000110111001100110
4 7  100 0110001010111110001111010100010001101000010110001011000010101100111010110110001111000110111001100110
3 9  100 0110001010010110001111010100010001101000010110001011000010101100111010110110100111000110111001100110
runNumber 4
genCount 12017
elapsedTime 599.964
unaryHyperVol 301
binaryHyperVol 0
additiveEps 0
entropy 0.461903
archive 4
3
8 6  100 0110001010111110001111010100010001000000010110001011000010101100111010110110001111000110111001100110
4 7  100 0110001010111110001111010100010001101000010110001011000010101100111010110110001111000110111001100110
3 9  100 0110001010010110001111010100010001101000010110001011000010101100111010110110100111000110111001100110
runNumber 5
genCount 12653
elapsedTime 599.756
unaryHyperVol 281
binaryHyperVol 9.2
additiveEps 0.666667
entropy 0.509891
archive 5
2
8 8  100 0110001010111110001111010100010001000000010110001011000010101100111010110000010111000110001001100110
3 9  100 0110001010111110001111010100010001101000010110001011000010101100111010110000010111000110001001100110
runNumber 6
genCount 12911
elapsedTime 600
unaryHyperVol 301
binaryHyperVol 0
additiveEps 0
entropy 0.461903
archive 6
3
8 6  100 0110001010111110001111010100010001000000010110001011000010101100111010110110001111000110111001100110
4 7  100 0110001010111110001111010100010001101000010110001011000010101100111010110110001111000110111001100110
3 9  100 0110001010010110001111010100010001101000010110001011000010101100111010110110100111000110111001100110
runNumber 7
genCount 12990
elapsedTime 599.968
unaryHyperVol 301
binaryHyperVol 0
additiveEps 0
entropy 0.461903
archive 7
3
8 6  100 0110001010111110001111010100010001000000010110001011000010101100111010110110001111000110111001100110
4 7  100 0110001010111110101111010100010001000000010110001011000010101100111010110110001111000110111001100110
3 9  100 0110001010010110001111010100010001101000010110001011000010101100111010110110100111000110111001100110
runNumber 8
genCount 12759
elapsedTime 599.93
unaryHyperVol 281
binaryHyperVol 9.2
additiveEps 0.666667
entropy 0.509891
archive 8
2
8 8  100 0110001010111110001111010100010001000000010110001011000010101100111010110000010111000110001001100110
3 9  100 0110001010111110001111010100010001101000010110001011000010101100111010110000010111000110001001100110
runNumber 9
genCount 12896
elapsedTime 599.819
unaryHyperVol 281
binaryHyperVol 9.2
additiveEps 0.666667
entropy 0.509891
archive 9
2
8 8  100 0110001010111110001111010100010001000000010110001011000010101100111010110000010111000110001001100110
3 9  100 0110001010111110001111010100010001101000010110001011000010101100111010110000010111000110001001100110
runNumber 10
genCount 12685
elapsedTime 599.952
unaryHyperVol 301
binaryHyperVol 0
additiveEps 0
entropy 0.461903
archive 10
3
8 6  100 0110001010111110001111010100010001000000010110001011000010101100111010110110001111000110111001100110
4 7  100 0110001010111110001111010100010001101000010110001011000010101100111010110110001111000110111001100110
3 9  100 0110001010010110001111010100010001101000010110001011000010101100111010110110100111000110111001100110
runNumber 11
genCount 12512
elapsedTime 599.924
unaryHyperVol 301
binaryHyperVol 0
additiveEps 0
entropy 0.461903
archive 11
3
8 6  100 0110001010111110001111010100010001000000010110001011000010101100111010110110001111000110111001100110
4 7  100 0110001010111110001111010100010001101000010110001011000010101100111010110110001111000110111001100110
3 9  100 0110001010010110001111010100010001101000010110001011000010101100111010110110100111000110111001100110
runNumber 12
genCount 12757
elapsedTime 599.948
unaryHyperVol 301
binaryHyperVol 0
additiveEps 0
entropy 0.461903
archive 12
3
8 6  100 0110001010111110001111010100010001000000010110001011000010101100111010110110001111000110111001100110
4 7  100 0110001010111110001111010100010001101000010110001011000010101100111010110110001111000110111001100110
3 9  100 0110001010010110001111010100010001101000010110001011000010101100111010110110100111000110111001100110
runNumber 13
genCount 12685
elapsedTime 599.878
unaryHyperVol 301
binaryHyperVol 0
additiveEps 0
entropy 0.461903
archive 13
3
8 6  100 0110001010111110001111010100010001000000010110001011000010101100111010110110001111000110111001100110
4 7  100 0110001010111110000111010100010001000000010110001011000010101100111010110110001111000110111001100110
3 9  100 0110001010010110001111010100010001101000010110001011000010101100111010110110100111000110111001100110
runNumber 14
genCount 12739
elapsedTime 599.809
unaryHyperVol 301
binaryHyperVol 0
additiveEps 0
entropy 0.461903
archive 14
3
8 6  100 0110001010111110001111010100010001000000010110001011000010101100111010110110001111000110111001100110
4 7  100 0110001010111110001111010100010001101000010110001011000010101100111010110110001111000110111001100110
3 9  100 0110001010010110001111010100010001101000010110001011000010101100111010110110100111000110111001100110
runNumber 15
genCount 12922
elapsedTime 599.978
unaryHyperVol 281
binaryHyperVol 9.2
additiveEps 0.666667
entropy 0.509891
archive 15
2
8 8  100 0110001010111110001111010100010001000000010110001011000010101100111010110000010111000110001001100110
3 9  100 0110001010111110001111010100010001101000010110001011000010101100111010110000010111000110001001100110
runNumber 16
genCount 12762
elapsedTime 599.803
unaryHyperVol 301
binaryHyperVol 0
additiveEps 0
entropy 0.461903
archive 16
3
8 6  100 0110001010111110001111010100010001000000010110001011000010101100111010110110001111000110111001100110
4 7  100 0110001010111110001111010100010001101000010110001011000010101100111010110110001111000110111001100110
3 9  100 0110001010010110001111010100010001101000010110001011000010101100111010110110100111000110111001100110
runNumber 17
genCount 12937
elapsedTime 599.948
unaryHyperVol 281
binaryHyperVol 9.2
additiveEps 0.666667
entropy 0.509891
archive 17
2
8 8  100 0110001010010110001111010100010001000000010110001011000010101100111010110110100111000110111001100110
3 9  100 0110001010010110001111010100010001101000010110001011000010101100111010110110100111000110111001100110
runNumber 18
genCount 13103
elapsedTime 600.022
unaryHyperVol 301
binaryHyperVol 0
additiveEps 0
entropy 0.461903
archive 18
3
8 6  100 0110001010111110001111010100010001000000010110001011000010101100111010110110001111000110111001100110
4 7  100 0110001010111110001111010100010001101000010110001011000010101100111010110110001111000110111001100110
3 9  100 0110001010010110001111010100010001101000010110001011000010101100111010110110100111000110111001100110
runNumber 19
genCount 12959
elapsedTime 599.716
unaryHyperVol 301
binaryHyperVol 0
additiveEps 0
entropy 0.461903
archive 19
3
8 6  100 0110001010111110001111010100010001000000010110001011000010101100111010110110001111000110111001100110
4 7  100 0110001010111110001111010100010001101000010110001011000010101100111010110110001111000110111001100110
3 9  100 0110001010010110001111010100010001101000010110001011000010101100111010110110100111000110111001100110
runNumber 20
genCount 12565
elapsedTime 599.983
unaryHyperVol 301
binaryHyperVol 0
additiveEps 0
entropy 0.461903
archive 20
3
8 6  100 0110001010111110001111010100010001000000010110001011000010101100111010110110001111000110111001100110
4 7  100 0110001010111110001111010100010001101000010110001011000010101100111010110110001111000110111001100110
3 9  100 0110001010010110001111010100010001101000010110001011000010101100111010110110100111000110111001100110
runNumber 21
genCount 12496
elapsedTime 599.848
unaryHyperVol 301
binaryHyperVol 0
additiveEps 0
entropy 0.461903
archive 21
3
8 6  100 0110001010111110001111010100010001000000010110001011000010101100111010110110001111000110111001100110
4 7  100 0110001010111110001111010100010001101000010110001011000010101100111010110110001111000110111001100110
3 9  100 0110001010111110001111010100010001101000010110001011000010101100111010110000010111000110001001100110
runNumber 22
genCount 12896
elapsedTime 599.943
unaryHyperVol 301
binaryHyperVol 0
additiveEps 0
entropy 0.461903
archive 22
3
8 6  100 0110001010111110001111010100010001000000010110001011000010101100111010110110001111000110111001100110
4 7  100 0110001010111110001111010100010001101000010110001011000010101100111010110110001111000110111001100110
3 9  100 0110001010010110001111010100010001101000010110001011000010101100111010110110100111000110111001100110
runNumber 23
genCount 12919
elapsedTime 599.777
unaryHyperVol 281
binaryHyperVol 9.2
additiveEps 0.666667
entropy 0.509891
archive 23
2
8 8  100 0110001010111110001111010100010001000000010110001011000010101100111010110000010111000110001001100110
3 9  100 0110001010111110001111010100010001101000010110001011000010101100111010110000010111000110001001100110
runNumber 24
genCount 12456
elapsedTime 599.871
unaryHyperVol 301
binaryHyperVol 0
additiveEps 0
entropy 0.461903
archive 24
3
8 6  100 0110001010111110001111010100010001000000010110001011000010101100111010110110001111000110111001100110
4 7  100 0110001010111110001111010100010001101000010110001011000010101100111010110110001111000110111001100110
3 9  100 0110001010010110001111010100010001101000010110001011000010101100111010110110100111000110111001100110
runNumber 25
genCount 12966
elapsedTime 599.844
unaryHyperVol 281
binaryHyperVol 9.2
additiveEps 0.666667
entropy 0.509891
archive 25
2
8 8  100 0110001010111110001111010100010001000000010110001011000010101100111010110000010111000110001001100110
3 9  100 0110001010111110001111010100010001101000010110001011000010101100111010110000010111000110001001100110
runNumber 26
genCount 12701
elapsedTime 600.032
unaryHyperVol 301
binaryHyperVol 0
additiveEps 0
entropy 0.461903
archive 26
3
8 6  100 0110001010111110001111010100010001000000010110001011000010101100111010110110001111000110111001100110
4 7  100 0110001010111110001111010100010001101000010110001011000010101100111010110110001111000110111001100110
3 9  100 0110001010010110001111010100010001101000010110001011000010101100111010110110100111000110111001100110
runNumber 27
genCount 12811
elapsedTime 599.764
unaryHyperVol 276
binaryHyperVol 6.6
additiveEps 0.2
entropy 0.488066
archive 27
2
8 6  100 0110001010111110001111010100010001000000010110001011000010101100111010110110001111000110111001100110
4 7  100 0110001010111110101111010100010001000000010110001011000010101100111010110110001111000110111001100110
runNumber 28
genCount 12782
elapsedTime 599.715
unaryHyperVol 301
binaryHyperVol 0
additiveEps 0
entropy 0.461903
archive 28
3
8 6  100 0110001010111110001111010100010001000000010110001011000010101100111010110110001111000110111001100110
4 7  100 0110001010111110001111010100010001101000010110001011000010101100111010110110001111000110111001100110
3 9  100 0110001010010110001111010100010001101000010110001011000010101100111010110110100111000110111001100110
runNumber 29
genCount 12847
elapsedTime 599.943
unaryHyperVol 276
binaryHyperVol 6.6
additiveEps 0.2
entropy 0.488066
archive 29
2
8 6  100 0110001010111110001111010100010001000000010110001011000010101100111010110110001111000110111001100110
4 7  100 0110001010111110101111010100010001000000010110001011000010101100111010110110001111000110111001100110
