OptimalFront
unaryHyperVol 357
Optimal front is obtained by exact method
-------------------------
3
2 7
3 6
4 5
runNumber 0
genCount 12762
elapsedTime 599.035
unaryHyperVol 357
binaryHyperVol 0
additiveEps 0
entropy 0.461903
archive 0
3
4 5  100 0100011001110100101110000100011111011001001001000110010001101011001001111001100001100010100011110110
3 6  100 0100011001110100101110000100101111011001001001000110010001101011001001111001100001100010000011110110
2 7  100 0100011001010010101110000100101111011001001001000110010001101011001001111001100001100010000011110110
runNumber 1
genCount 12881
elapsedTime 600.011
unaryHyperVol 357
binaryHyperVol 0
additiveEps 0
entropy 0.461903
archive 1
3
4 5  100 0100011001110100101110000100011111011001001001000110010001101011001001111001100001100010100011110110
3 6  100 0100011001110100101110000100001111011001001001000110010001101011001001111001100001100010000011110110
2 7  100 0100011001010010101110000100001111011001001001000110010001101011001001111001100001100010000011110110
runNumber 2
genCount 12593
elapsedTime 599.951
unaryHyperVol 357
binaryHyperVol 0
additiveEps 0
entropy 0.461903
archive 2
3
4 5  100 0100011001110100101110000100011111011001001001000110010001101011001001111001100001100010000011110110
3 6  100 0100011001110100101110000100101111011001001001000110010001101011001001111001100001100010100011110110
2 7  100 0100011001010010101110000100101111011001001001000110010001101011001001111001100001100010100011110110
runNumber 3
genCount 12964
elapsedTime 599.969
unaryHyperVol 357
binaryHyperVol 0
additiveEps 0
entropy 0.461903
archive 3
3
4 5  100 0100011001110100101110000100011111011001001001000110010001101011001001111001100001100010000011110110
3 6  100 0100011001110100101110000100001111011001001001000110010001101011001001111001100001100010000011110110
2 7  100 0100011001010010101110000100101111011001001001000110010001101011001001111001100001100010000011110110
runNumber 4
genCount 12788
elapsedTime 599.983
unaryHyperVol 357
binaryHyperVol 0
additiveEps 0
entropy 0.461903
archive 4
3
4 5  100 0100011001110100101110000100011111011001001001000110010001101011001001111001100001100010000011110110
3 6  100 0100011001110100101110000100101111011001001001000110010001101011001001111001100001100010000011110110
2 7  100 0100011001010010101110000100001111011001001001000110010001101011001001111001100001100010000011110110
runNumber 5
genCount 13023
elapsedTime 599.885
unaryHyperVol 357
binaryHyperVol 0
additiveEps 0
entropy 0.461903
archive 5
3
4 5  100 0100011001110100101110000100011111011001001001000110010001101011001001111001100001100010000011110110
3 6  100 0100011001110100101110000100101111011001001001000110010001101011001001111001100001100010100011110110
2 7  100 0100011001010010101110000100101111011001001001000110010001101011001001111001100001100010100011110110
runNumber 6
genCount 12961
elapsedTime 599.976
unaryHyperVol 357
binaryHyperVol 0
additiveEps 0
entropy 0.461903
archive 6
3
4 5  100 0100011001110100101110000100011111011001001001000110010001101011001001111001100001100010000011110110
3 6  100 0100011001110100101110000100101111011001001001000110010001101011001001111001100001100010100011110110
2 7  100 0100011001010010101110000100101111011001001001000110010001101011001001111001100001100010100011110110
runNumber 7
genCount 12807
elapsedTime 599.942
unaryHyperVol 357
binaryHyperVol 0
additiveEps 0
entropy 0.461903
archive 7
3
4 5  100 0100011001110100101110000100011111011001001001000110010001101011001001111001100001100010100011110110
3 6  100 0100011001110100101110000100001111011001001001000110010001101011001001111001100001100010100011110110
2 7  100 0100011001010010101110000100001111011001001001000110010001101011001001111001100001100010100011110110
runNumber 8
genCount 12868
elapsedTime 599.947
unaryHyperVol 357
binaryHyperVol 0
additiveEps 0
entropy 0.461903
archive 8
3
4 5  100 0100010101110100101110000100011111011001001001000110010001101011001001111001100001100010100011110110
3 6  100 0100010101110100101110000100101111011001001001000110010001101011001001111001100001100010000011110110
2 7  100 0100010101010010101110000100101111011001001001000110010001101011001001111001100001100010000011110110
runNumber 9
genCount 12354
elapsedTime 599.978
unaryHyperVol 357
binaryHyperVol 0
additiveEps 0
entropy 0.461903
archive 9
3
4 5  100 0100010101110100101110000100011111011001001001000110010001101011001001111001100001100010100011110110
3 6  100 0100010101110100101110000100001111011001001001000110010001101011001001111001100001100010000011110110
2 7  100 0100010101010010101110000100101111011001001001000110010001101011001001111001100001100010100011110110
runNumber 10
genCount 12587
elapsedTime 599.934
unaryHyperVol 357
binaryHyperVol 0
additiveEps 0
entropy 0.461903
archive 10
3
4 5  100 0100011001110100101110000100011111011001001001000110010001101011001001111001100001100010100011110110
3 6  100 0100011001110100101110000100001111011001001001000110010001101011001001111001100001100010100011110110
2 7  100 0100011001010010101110000100001111011001001001000110010001101011001001111001100001100010000011110110
runNumber 11
genCount 12992
elapsedTime 599.99
unaryHyperVol 357
binaryHyperVol 0
additiveEps 0
entropy 0.461903
archive 11
3
4 5  100 0100010101110100101110000100011111011001001001000110010001101011001001111001100001100010000011110110
3 6  100 0100010101110100101110000100001111011001001001000110010001101011001001111001100001100010100011110110
2 7  100 0100010101010010101110000100001111011001001001000110010001101011001001111001100001100010000011110110
runNumber 12
genCount 12682
elapsedTime 599.977
unaryHyperVol 357
binaryHyperVol 0
additiveEps 0
entropy 0.461903
archive 12
3
4 5  100 0100011001110100101110000100011111011001001001000110010001101011001001111001100001100010000011110110
3 6  100 0100011001110100101110000100001111011001001001000110010001101011001001111001100001100010100011110110
2 7  100 0100011001010010101110000100001111011001001001000110010001101011001001111001100001100010000011110110
runNumber 13
genCount 12778
elapsedTime 599.986
unaryHyperVol 357
binaryHyperVol 0
additiveEps 0
entropy 0.461903
archive 13
3
4 5  100 0100010101110100101110000100011111011001001001000110010001101011001001111001100001100010100011110110
3 6  100 0100010101110100101110000100101111011001001001000110010001101011001001111001100001100010100011110110
2 7  100 0100010101010010101110000100001111011001001001000110010001101011001001111001100001100010100011110110
runNumber 14
genCount 12662
elapsedTime 599.964
unaryHyperVol 357
binaryHyperVol 0
additiveEps 0
entropy 0.461903
archive 14
3
4 5  100 0100011001110100101110000100011111011001001001000110010001101011001001111001100001100010000011110110
3 6  100 0100011001110100101110000100001111011001001001000110010001101011001001111001100001100010000011110110
2 7  100 0100011001010010101110000100001111011001001001000110010001101011001001111001100001100010100011110110
runNumber 15
genCount 12837
elapsedTime 599.961
unaryHyperVol 357
binaryHyperVol 0
additiveEps 0
entropy 0.461903
archive 15
3
4 5  100 0100011001110100101110000100011111011001001001000110010001101011001001111001100001100010100011110110
3 6  100 0100011001110100101110000100101111011001001001000110010001101011001001111001100001100010100011110110
2 7  100 0100011001010010101110000100101111011001001001000110010001101011001001111001100001100010100011110110
runNumber 16
genCount 12643
elapsedTime 599.914
unaryHyperVol 357
binaryHyperVol 0
additiveEps 0
entropy 0.461903
archive 16
3
4 5  100 0100010101110100101110000100011111011001001001000110010001101011001001111001100001100010000011110110
3 6  100 0100010101110100101110000100101111011001001001000110010001101011001001111001100001100010000011110110
2 7  100 0100010101010010101110000100101111011001001001000110010001101011001001111001100001100010000011110110
runNumber 17
genCount 12259
elapsedTime 599.98
unaryHyperVol 357
binaryHyperVol 0
additiveEps 0
entropy 0.461903
archive 17
3
4 5  100 0100010101110010101110000100011111011001001001000110010001101011001001111001100001100010000011110110
3 6  100 0100010101110100101110000100101111011001001001000110010001101011001001111001100001100010100011110110
2 7  100 0100010101010010101110000100101111011001001001000110010001101011001001111001100001100010100011110110
runNumber 18
genCount 12492
elapsedTime 599.984
unaryHyperVol 357
binaryHyperVol 0
additiveEps 0
entropy 0.461903
archive 18
3
4 5  100 0100010101110010101110000100011111011001001001000110010001101011001001111001100001100010100011110110
3 6  100 0100010101110100101110000100001111011001001001000110010001101011001001111001100001100010000011110110
2 7  100 0100010101010010101110000100001111011001001001000110010001101011001001111001100001100010000011110110
runNumber 19
genCount 12054
elapsedTime 599.914
unaryHyperVol 357
binaryHyperVol 0
additiveEps 0
entropy 0.461903
archive 19
3
4 5  100 0100011001110100101110000100011111011001001001000110010001101011001001111001100001100010100011110110
3 6  100 0100011001110100101110000100001111011001001001000110010001101011001001111001100001100010000011110110
2 7  100 0100011001010010101110000100101111011001001001000110010001101011001001111001100001100010100011110110
runNumber 20
genCount 13166
elapsedTime 599.945
unaryHyperVol 357
binaryHyperVol 0
additiveEps 0
entropy 0.461903
archive 20
3
4 5  100 0100011001110100101110000100011111011001001001000110010001101011001001111001100001100010100011110110
3 6  100 0100011001110100101110000100101111011001001001000110010001101011001001111001100001100010000011110110
2 7  100 0100011001010010101110000100101111011001001001000110010001101011001001111001100001100010100011110110
runNumber 21
genCount 12430
elapsedTime 599.992
unaryHyperVol 357
binaryHyperVol 0
additiveEps 0
entropy 0.461903
archive 21
3
4 5  100 0100011001110100101110000100011111011001001001000110010001101011001001111001100001100010100011110110
3 6  100 0100011001110100101110000100001111011001001001000110010001101011001001111001100001100010000011110110
2 7  100 0100011001010010101110000100001111011001001001000110010001101011001001111001100001100010000011110110
runNumber 22
genCount 13009
elapsedTime 599.971
unaryHyperVol 357
binaryHyperVol 0
additiveEps 0
entropy 0.461903
archive 22
3
4 5  100 0100011001110100101110000100011111011001001001000110010001101011001001111001100001100010000011110110
3 6  100 0100011001110100101110000100001111011001001001000110010001101011001001111001100001100010100011110110
2 7  100 0100011001010010101110000100001111011001001001000110010001101011001001111001100001100010000011110110
runNumber 23
genCount 12503
elapsedTime 599.971
unaryHyperVol 357
binaryHyperVol 0
additiveEps 0
entropy 0.461903
archive 23
3
4 5  100 0100011001110100101110000100011111011001001001000110010001101011001001111001100001100010000011110110
3 6  100 0100011001110100101110000100101111011001001001000110010001101011001001111001100001100010000011110110
2 7  100 0100011001010010101110000100101111011001001001000110010001101011001001111001100001100010000011110110
runNumber 24
genCount 12683
elapsedTime 599.945
unaryHyperVol 357
binaryHyperVol 0
additiveEps 0
entropy 0.461903
archive 24
3
4 5  100 0100011001110100101110000100011111011001001001000110010001101011001001111001100001100010100011110110
3 6  100 0100011001110100101110000100001111011001001001000110010001101011001001111001100001100010000011110110
2 7  100 0100011001010010101110000100101111011001001001000110010001101011001001111001100001100010000011110110
runNumber 25
genCount 12759
elapsedTime 599.831
unaryHyperVol 357
binaryHyperVol 0
additiveEps 0
entropy 0.461903
archive 25
3
4 5  100 0100010101110100101110000100011111011001001001000110010001101011001001111001100001100010000011110110
3 6  100 0100010101110100101110000100101111011001001001000110010001101011001001111001100001100010000011110110
2 7  100 0100010101010010101110000100101111011001001001000110010001101011001001111001100001100010000011110110
runNumber 26
genCount 12440
elapsedTime 599.963
unaryHyperVol 357
binaryHyperVol 0
additiveEps 0
entropy 0.461903
archive 26
3
4 5  100 0100011001110100101110000100011111011001001001000110010001101011001001111001100001100010100011110110
3 6  100 0100011001110100101110000100001111011001001001000110010001101011001001111001100001100010000011110110
2 7  100 0100011001010010101110000100101111011001001001000110010001101011001001111001100001100010000011110110
runNumber 27
genCount 12719
elapsedTime 599.96
unaryHyperVol 357
binaryHyperVol 0
additiveEps 0
entropy 0.461903
archive 27
3
4 5  100 0100010101110100101110000100011111011001001001000110010001101011001001111001100001100010000011110110
3 6  100 0100010101110100101110000100001111011001001001000110010001101011001001111001100001100010000011110110
2 7  100 0100010101010010101110000100001111011001001001000110010001101011001001111001100001100010000011110110
runNumber 28
genCount 12412
elapsedTime 599.97
unaryHyperVol 357
binaryHyperVol 0
additiveEps 0
entropy 0.461903
archive 28
3
4 5  100 0100011001110100101110000100011111011001001001000110010001101011001001111001100001100010100011110110
3 6  100 0100011001110100101110000100101111011001001001000110010001101011001001111001100001100010100011110110
2 7  100 0100011001010010101110000100001111011001001001000110010001101011001001111001100001100010100011110110
runNumber 29
genCount 12788
elapsedTime 599.97
unaryHyperVol 357
binaryHyperVol 0
additiveEps 0
entropy 0.461903
archive 29
3
4 5  100 0100010101110100101110000100011111011001001001000110010001101011001001111001100001100010100011110110
3 6  100 0100010101110100101110000100101111011001001001000110010001101011001001111001100001100010100011110110
2 7  100 0100010101010010101110000100001111011001001001000110010001101011001001111001100001100010100011110110
