OptimalFront
unaryHyperVol 234
Optimal front is obtained by exact method
-------------------------
3
2 6
3 4
6 3
runNumber 0
genCount 24295
elapsedTime 599.858
unaryHyperVol 234
binaryHyperVol 0
additiveEps 0
entropy 0.461903
archive 0
3
6 3  100 0000011101000100100011111100000000100100100000000101101010001001001111110111111010100101100011001011
3 4  100 0000101101000100100011111100000000100100100000000101101010001001001111110111111010100101100011001011
2 6  100 0000101101010000100011111100000000100100100000000101101010001001001111110111111010100101100011001011
runNumber 1
genCount 12660
elapsedTime 599.954
unaryHyperVol 234
binaryHyperVol 0
additiveEps 0
entropy 0.461903
archive 1
3
6 3  100 0000011101000100100011111100000000100100100000000101101010001001001111110111111010100101100011001011
3 4  100 0000101101000100100011111100000000100100100000000101101010001001001111110111111010100101100011001011
2 6  100 0000101101010000100011111100000000100100100000000101101010001001001111110111111010100101100011001011
runNumber 2
genCount 13013
elapsedTime 599.929
unaryHyperVol 234
binaryHyperVol 0
additiveEps 0
entropy 0.461903
archive 2
3
6 3  100 0000011101000100100011111100000000100100100000000101101010001001001111110111111010100101100011001011
3 4  100 0000101101000100100011111100000000100100100000000101101010001001001111110111111010100101100011001011
2 6  100 0000101101010000100011111100000000100100100000000101101010001001001111110111111010100101100011001011
runNumber 3
genCount 12483
elapsedTime 599.974
unaryHyperVol 234
binaryHyperVol 0
additiveEps 0
entropy 0.461903
archive 3
3
6 3  100 0000011101000100100011111100000000100100100000000101101010001001001111110111111010100101100011001011
3 4  100 0000101101000100100011111100000000100100100000000101101010001001001111110111111010100101100011001011
2 6  100 0000101101010000100011111100000000100100100000000101101010001001001111110111111010100101100011001011
runNumber 4
genCount 12884
elapsedTime 599.93
unaryHyperVol 234
binaryHyperVol 0
additiveEps 0
entropy 0.461903
archive 4
3
6 3  100 0000011101000100100011111100000000100100100000000101101010001001001111110111111010100101100011001011
3 4  100 0000101101000100100011111100000000100100100000000101101010001001001111110111111010100101100011001011
2 6  100 0000101101010000100011111100000000100100100000000101101010001001001111110111111010100101100011001011
runNumber 5
genCount 12763
elapsedTime 599.99
unaryHyperVol 234
binaryHyperVol 0
additiveEps 0
entropy 0.461903
archive 5
3
6 3  100 0000011101000100100011111100000000100100100000000101101010001001001111110111111010100101100011001011
3 4  100 0000101101000100100011111100000000100100100000000101101010001001001111110111111010100101100011001011
2 6  100 0000101101010000100011111100000000100100100000000101101010001001001111110111111010100101100011001011
runNumber 6
genCount 12607
elapsedTime 599.93
unaryHyperVol 234
binaryHyperVol 0
additiveEps 0
entropy 0.461903
archive 6
3
6 3  100 0000011101000100100011111100000000100100100000000101101010001001001111110111111010100101100011001011
3 4  100 0000101101000100100011111100000000100100100000000101101010001001001111110111111010100101100011001011
2 6  100 0000101101010000100011111100000000100100100000000101101010001001001111110111111010100101100011001011
runNumber 7
genCount 12419
elapsedTime 599.922
unaryHyperVol 234
binaryHyperVol 0
additiveEps 0
entropy 0.461903
archive 7
3
6 3  100 0000011101000100100011111100000000100100100000000101101010001001001111110111111010100101100011001011
3 4  100 0000101101000100100011111100000000100100100000000101101010001001001111110111111010100101100011001011
2 6  100 0000101101010000100011111100000000100100100000000101101010001001001111110111111010100101100011001011
runNumber 8
genCount 12708
elapsedTime 599.944
unaryHyperVol 234
binaryHyperVol 0
additiveEps 0
entropy 0.461903
archive 8
3
6 3  100 0000011101000100100011111100000000100100100000000101101010001001001111110111111010100101100011001011
3 4  100 0000101101000100100011111100000000100100100000000101101010001001001111110111111010100101100011001011
2 6  100 0000101101010000100011111100000000100100100000000101101010001001001111110111111010100101100011001011
runNumber 9
genCount 12642
elapsedTime 599.846
unaryHyperVol 234
binaryHyperVol 0
additiveEps 0
entropy 0.461903
archive 9
3
6 3  100 0000011101000100100011111100000000100100100000000101101010001001001111110111111010100101100011001011
3 4  100 0000101101000100100011111100000000100100100000000101101010001001001111110111111010100101100011001011
2 6  100 0000101101010000100011111100000000100100100000000101101010001001001111110111111010100101100011001011
runNumber 10
genCount 12883
elapsedTime 600.013
unaryHyperVol 234
binaryHyperVol 0
additiveEps 0
entropy 0.461903
archive 10
3
6 3  100 0000011101000100100011111100000000100100100000000101101010001001001111110111111010100101100011001011
3 4  100 0000101101000100100011111100000000100100100000000101101010001001001111110111111010100101100011001011
2 6  100 0000101101010000100011111100000000100100100000000101101010001001001111110111111010100101100011001011
runNumber 11
genCount 12724
elapsedTime 599.855
unaryHyperVol 234
binaryHyperVol 0
additiveEps 0
entropy 0.461903
archive 11
3
6 3  100 0000011101000100100011111100000000100100100000000101101010001001001111110111111010100101100011001011
3 4  100 0000101101000100100011111100000000100100100000000101101010001001001111110111111010100101100011001011
2 6  100 0000101101010000100011111100000000100100100000000101101010001001001111110111111010100101100011001011
runNumber 12
genCount 12653
elapsedTime 599.931
unaryHyperVol 234
binaryHyperVol 0
additiveEps 0
entropy 0.461903
archive 12
3
6 3  100 0000011101000100100011111100000000100100100000000101101010001001001111110111111010100101100011001011
3 4  100 0000101101000100100011111100000000100100100000000101101010001001001111110111111010100101100011001011
2 6  100 0000101101010000100011111100000000100100100000000101101010001001001111110111111010100101100011001011
runNumber 13
genCount 12770
elapsedTime 599.984
unaryHyperVol 234
binaryHyperVol 0
additiveEps 0
entropy 0.461903
archive 13
3
6 3  100 0000011101000100100011111100000000100100100000000101101010001001001111110111111010100101100011001011
3 4  100 0000101101000100100011111100000000100100100000000101101010001001001111110111111010100101100011001011
2 6  100 0000101101010000100011111100000000100100100000000101101010001001001111110111111010100101100011001011
runNumber 14
genCount 12848
elapsedTime 599.934
unaryHyperVol 234
binaryHyperVol 0
additiveEps 0
entropy 0.461903
archive 14
3
6 3  100 0000011101000100100011111100000000100100100000000101101010001001001111110111111010100101100011001011
3 4  100 0000101101000100100011111100000000100100100000000101101010001001001111110111111010100101100011001011
2 6  100 0000101101010000100011111100000000100100100000000101101010001001001111110111111010100101100011001011
runNumber 15
genCount 12418
elapsedTime 599.954
unaryHyperVol 234
binaryHyperVol 0
additiveEps 0
entropy 0.461903
archive 15
3
6 3  100 0000011101000100100011111100000000100100100000000101101010001001001111110111111010100101100011001011
3 4  100 0000101101000100100011111100000000100100100000000101101010001001001111110111111010100101100011001011
2 6  100 0000101101010000100011111100000000100100100000000101101010001001001111110111111010100101100011001011
runNumber 16
genCount 12828
elapsedTime 599.924
unaryHyperVol 234
binaryHyperVol 0
additiveEps 0
entropy 0.461903
archive 16
3
6 3  100 0000011101000100100011111100000000100100100000000101101010001001001111110111111010100101100011001011
3 4  100 0000101101000100100011111100000000100100100000000101101010001001001111110111111010100101100011001011
2 6  100 0000101101010000100011111100000000100100100000000101101010001001001111110111111010100101100011001011
runNumber 17
genCount 12719
elapsedTime 599.991
unaryHyperVol 234
binaryHyperVol 0
additiveEps 0
entropy 0.461903
archive 17
3
6 3  100 0000011101000100100011111100000000100100100000000101101010001001001111110111111010100101100011001011
3 4  100 0000101101000100100011111100000000100100100000000101101010001001001111110111111010100101100011001011
2 6  100 0000101101010000100011111100000000100100100000000101101010001001001111110111111010100101100011001011
runNumber 18
genCount 12814
elapsedTime 599.975
unaryHyperVol 234
binaryHyperVol 0
additiveEps 0
entropy 0.461903
archive 18
3
6 3  100 0000011101000100100011111100000000100100100000000101101010001001001111110111111010100101100011001011
3 4  100 0000101101000100100011111100000000100100100000000101101010001001001111110111111010100101100011001011
2 6  100 0000101101010000100011111100000000100100100000000101101010001001001111110111111010100101100011001011
runNumber 19
genCount 12990
elapsedTime 599.95
unaryHyperVol 234
binaryHyperVol 0
additiveEps 0
entropy 0.461903
archive 19
3
6 3  100 0000011101000100100011111100000000100100100000000101101010001001001111110111111010100101100011001011
3 4  100 0000101101000100100011111100000000100100100000000101101010001001001111110111111010100101100011001011
2 6  100 0000101101010000100011111100000000100100100000000101101010001001001111110111111010100101100011001011
runNumber 20
genCount 12504
elapsedTime 599.808
unaryHyperVol 234
binaryHyperVol 0
additiveEps 0
entropy 0.461903
archive 20
3
6 3  100 0000011101000100100011111100000000100100100000000101101010001001001111110111111010100101100011001011
3 4  100 0000101101000100100011111100000000100100100000000101101010001001001111110111111010100101100011001011
2 6  100 0000101101010000100011111100000000100100100000000101101010001001001111110111111010100101100011001011
runNumber 21
genCount 12573
elapsedTime 599.955
unaryHyperVol 234
binaryHyperVol 0
additiveEps 0
entropy 0.461903
archive 21
3
6 3  100 0000011101000100100011111100000000100100100000000101101010001001001111110111111010100101100011001011
3 4  100 0000101101000100100011111100000000100100100000000101101010001001001111110111111010100101100011001011
2 6  100 0000101101010000100011111100000000100100100000000101101010001001001111110111111010100101100011001011
runNumber 22
genCount 12654
elapsedTime 599.916
unaryHyperVol 234
binaryHyperVol 0
additiveEps 0
entropy 0.461903
archive 22
3
6 3  100 0000011101000100100011111100000000100100100000000101101010001001001111110111111010100101100011001011
3 4  100 0000101101000100100011111100000000100100100000000101101010001001001111110111111010100101100011001011
2 6  100 0000101101010000100011111100000000100100100000000101101010001001001111110111111010100101100011001011
runNumber 23
genCount 12704
elapsedTime 599.964
unaryHyperVol 234
binaryHyperVol 0
additiveEps 0
entropy 0.461903
archive 23
3
6 3  100 0000011101000100100011111100000000100100100000000101101010001001001111110111111010100101100011001011
3 4  100 0000101101000100100011111100000000100100100000000101101010001001001111110111111010100101100011001011
2 6  100 0000101101010000100011111100000000100100100000000101101010001001001111110111111010100101100011001011
runNumber 24
genCount 12599
elapsedTime 599.93
unaryHyperVol 234
binaryHyperVol 0
additiveEps 0
entropy 0.461903
archive 24
3
6 3  100 0000011101000100100011111100000000100100100000000101101010001001001111110111111010100101100011001011
3 4  100 0000101101000100100011111100000000100100100000000101101010001001001111110111111010100101100011001011
2 6  100 0000101101010000100011111100000000100100100000000101101010001001001111110111111010100101100011001011
runNumber 25
genCount 12367
elapsedTime 599.774
unaryHyperVol 234
binaryHyperVol 0
additiveEps 0
entropy 0.461903
archive 25
3
6 3  100 0000011101000100100011111100000000100100100000000101101010001001001111110111111010100101100011001011
3 4  100 0000101101000100100011111100000000100100100000000101101010001001001111110111111010100101100011001011
2 6  100 0000101101010000100011111100000000100100100000000101101010001001001111110111111010100101100011001011
runNumber 26
genCount 12588
elapsedTime 599.915
unaryHyperVol 234
binaryHyperVol 0
additiveEps 0
entropy 0.461903
archive 26
3
6 3  100 0000011101000100100011111100000000100100100000000101101010001001001111110111111010100101100011001011
3 4  100 0000101101000100100011111100000000100100100000000101101010001001001111110111111010100101100011001011
2 6  100 0000101101010000100011111100000000100100100000000101101010001001001111110111111010100101100011001011
runNumber 27
genCount 12920
elapsedTime 600.022
unaryHyperVol 234
binaryHyperVol 0
additiveEps 0
entropy 0.461903
archive 27
3
6 3  100 0000011101000100100011111100000000100100100000000101101010001001001111110111111010100101100011001011
3 4  100 0000101101000100100011111100000000100100100000000101101010001001001111110111111010100101100011001011
2 6  100 0000101101010000100011111100000000100100100000000101101010001001001111110111111010100101100011001011
runNumber 28
genCount 12559
elapsedTime 599.789
unaryHyperVol 234
binaryHyperVol 0
additiveEps 0
entropy 0.461903
archive 28
3
6 3  100 0000011101000100100011111100000000100100100000000101101010001001001111110111111010100101100011001011
3 4  100 0000101101000100100011111100000000100100100000000101101010001001001111110111111010100101100011001011
2 6  100 0000101101010000100011111100000000100100100000000101101010001001001111110111111010100101100011001011
runNumber 29
genCount 13029
elapsedTime 600.008
unaryHyperVol 234
binaryHyperVol 0
additiveEps 0
entropy 0.461903
archive 29
3
6 3  100 0000011101000100100011111100000000100100100000000101101010001001001111110111111010100101100011001011
3 4  100 0000101101000100100011111100000000100100100000000101101010001001001111110111111010100101100011001011
2 6  100 0000101101010000100011111100000000100100100000000101101010001001001111110111111010100101100011001011
