OptimalFront
unaryHyperVol 297
Optimal front is obtained by exact method
-------------------------
3
3 8
4 7
5 6
runNumber 0
genCount 12382
elapsedTime 600.075
unaryHyperVol 297
binaryHyperVol 0
additiveEps 0
entropy 0.461903
archive 0
3
5 6  100 1110100000011000101100100010011101001001001101010001011101000011101110101000000010100001101000100001
4 7  100 1110100000011000101100100010011101001001000101010001011101000011101110101000000010100001101000100001
3 8  100 1110100000011000101100100010011101001001001101010001011101101011101110101000000010100001101000100001
runNumber 1
genCount 12404
elapsedTime 599.891
unaryHyperVol 297
binaryHyperVol 0
additiveEps 0
entropy 0.461903
archive 1
3
5 6  100 1110100000011000101100100010011101001001001101010001011101000011101110101000000010100001101000100001
4 7  100 1110100000011000101100100010011101001001000101010001011101000011101110101000000010100001101000100001
3 8  100 1110100000011000101100100010011101000001001101010001011101101011101110101000000010100001101000100001
runNumber 2
genCount 12264
elapsedTime 599.843
unaryHyperVol 287
binaryHyperVol 4.33333
additiveEps 0.333333
entropy 0.456965
archive 2
3
5 7  100 1110100000011000100001100010011101001001001101010001011101000011100000101000000010101010000000100010
4 8  100 1110100000011000100001100010011101001001000101010001011101000011100000101000000010101010000000100010
3 9  100 1110100000011000100001100010011101001001001101010001011101101011100000101000000010101010000000100010
runNumber 3
genCount 12365
elapsedTime 599.882
unaryHyperVol 296
binaryHyperVol 0.166667
additiveEps 0.333333
entropy 0.431512
archive 3
3
5 6  100 1110100000011000101100100010011101000001001101010001011101000011100000100100000010100011000000100010
4 7  100 1110100000011000101100100010011101000001000101010001011101000011100000100100000010100011000000100010
3 9  100 1110100000011000100001100010011101001001001101010001011101101011100000101000000010101010000000100010
runNumber 4
genCount 12550
elapsedTime 599.75
unaryHyperVol 297
binaryHyperVol 0
additiveEps 0
entropy 0.461903
archive 4
3
5 6  100 1110100000011000101100100010011101000001001101010001011101000011101110101000000010100001000000100001
4 7  100 1110100000011000101100100010011101000001001101010001011100000011101110101000000010100001000000100001
3 8  100 1110100000011000101100100010011101000001001101010001011101101011101110101000000010100001000000100001
runNumber 5
genCount 12382
elapsedTime 599.606
unaryHyperVol 297
binaryHyperVol 0
additiveEps 0
entropy 0.461903
archive 5
3
5 6  100 1110100000011000101100100010011101000001001101010001011101000011101110101000000010100001000000100001
4 7  100 1110100000011000101100100010011101001001000101010001011101000011101110101000000010100001000000100001
3 8  100 1110100000011000101100100010011101000001001101010001011101101011101110101000000010100001000000100001
runNumber 6
genCount 12599
elapsedTime 599.754
unaryHyperVol 297
binaryHyperVol 0
additiveEps 0
entropy 0.461903
archive 6
3
5 6  100 1110100000011000101100100010011101000001001101010001011101000011100000101000000010100001101000100001
4 7  100 1110100000011000101100100010011101000001000101010001011101000011100000101000000010100001101000100001
3 8  100 1110100000011000101100100010011101001001001101010001011101101011100000101000000010100001101000100001
runNumber 7
genCount 12208
elapsedTime 599.923
unaryHyperVol 287
binaryHyperVol 4.33333
additiveEps 0.333333
entropy 0.456965
archive 7
3
5 7  100 1110100000011000100001100010011101001001001101010001011101000011101110101000000010101010000000100010
4 8  100 1110100000011000100001100010011101001001001101010001011100000011101110101000000010101010000000100010
3 9  100 1110100000011000100001100010011101001001001101010001011101101011101110101000000010101010000000100010
runNumber 8
genCount 12408
elapsedTime 599.814
unaryHyperVol 297
binaryHyperVol 0
additiveEps 0
entropy 0.461903
archive 8
3
5 6  100 1110100000011000101100100010011101000001001101010001011101000011101110101000000010100001101000100001
4 7  100 1110100000011000101100100010011101000001000101010001011101000011101110101000000010100001101000100001
3 8  100 1110100000011000101100100010011101000001001101010001011101101011101110101000000010100001101000100001
runNumber 9
genCount 12225
elapsedTime 599.106
unaryHyperVol 297
binaryHyperVol 0
additiveEps 0
entropy 0.461903
archive 9
3
5 6  100 1110100000011000101100100010011101000001001101010001011101000011100000101000000010100001000000100001
4 7  100 1110100000011000101100100010011101001001001101010001011100000011100000101000000010100001000000100001
3 8  100 1110100000011000101100100010011101001001001101010001011101101011100000101000000010100001000000100001
runNumber 10
genCount 12961
elapsedTime 599.947
unaryHyperVol 268
binaryHyperVol 17.75
additiveEps 0.5
entropy 0.509891
archive 10
2
5 6  100 1110100000011000101100100010011101000001001101010001011101000011100000101000000001010110101000100010
4 8  100 1110100000011000101100100010011101001001000101010001011101000011100000101000000000010110101000010010
runNumber 11
genCount 12110
elapsedTime 600.888
unaryHyperVol 287
binaryHyperVol 4.33333
additiveEps 0.333333
entropy 0.456965
archive 11
3
5 7  100 1110100000011000100001100010011101001001001101010001011101000011100000101000000010101010000000100010
4 8  100 1110100000011000100001100010011101001001001101010001011100000011100000101000000010101010000000100010
3 9  100 1110100000011000100001100010011101001001001101010001011101101011100000101000000010101010000000100010
runNumber 12
genCount 12571
elapsedTime 600.37
unaryHyperVol 287
binaryHyperVol 4.33333
additiveEps 0.333333
entropy 0.456965
archive 12
3
5 7  100 1110100000011000100001100010011101000001001101010001011101000011101110101000000010101010000000100010
4 8  100 1110100000011000100001100010011101000001001101010001011100000011101110101000000010101010000000100010
3 9  100 1110100000011000100001100010011101001001001101010001011101101011101110101000000010101010000000100010
runNumber 13
genCount 12188
elapsedTime 608.237
unaryHyperVol 297
binaryHyperVol 0
additiveEps 0
entropy 0.461903
archive 13
3
5 6  100 1110100000011000101100100010011101001001001101010001011101000011100000101000000010100001101000100001
4 7  100 1110100000011000101100100010011101001001000101010001011101000011100000101000000010100001101000100001
3 8  100 1110100000011000101100100010011101001001001101010001011101101011100000101000000010100001101000100001
runNumber 14
genCount 12296
elapsedTime 599.958
unaryHyperVol 297
binaryHyperVol 0
additiveEps 0
entropy 0.461903
archive 14
3
5 6  100 1110100000011000101100100010011101001001001101010001011101000011100000101000000010100001101000100001
4 7  100 1110100000011000101100100010011101000001000101010001011101000011100000101000000010100001101000100001
3 8  100 1110100000011000101100100010011101000001001101010001011101101011100000101000000010100001101000100001
runNumber 15
genCount 12717
elapsedTime 599.864
unaryHyperVol 287
binaryHyperVol 4.33333
additiveEps 0.333333
entropy 0.456965
archive 15
3
5 7  100 1110100000011000100001100010011101001001001101010001011101000011101110101000000010101010101000100010
4 8  100 1110100000011000100001100010011101000001000101010001011101000011101110101000000010101010101000100010
3 9  100 1110100000011000100001100010011101000001001101010001011101101011101110101000000010101010101000100010
runNumber 16
genCount 12809
elapsedTime 600.29
unaryHyperVol 287
binaryHyperVol 4.33333
additiveEps 0.333333
entropy 0.456965
archive 16
3
5 7  100 1110100000011000100001100010011101001001001101010001011101000011101110101000000010101010000000100010
4 8  100 1110100000011000100001100010011101000001001101010001011100000011101110101000000010101010000000100010
3 9  100 1110100000011000100001100010011101000001001101010001011101101011101110101000000010101010000000100010
runNumber 17
genCount 12796
elapsedTime 599.829
unaryHyperVol 287
binaryHyperVol 4.33333
additiveEps 0.333333
entropy 0.456965
archive 17
3
5 7  100 1110100000011000100001100010011101001001001101010001011101000011101110101000000010101010000000100010
4 8  100 1110100000011000100001100010011101001001001101010001011100000011101110101000000010101010000000100010
3 9  100 1110100000011000100001100010011101000001001101010001011101101011101110101000000010101010000000100010
runNumber 18
genCount 12359
elapsedTime 599.818
unaryHyperVol 297
binaryHyperVol 0
additiveEps 0
entropy 0.461903
archive 18
3
5 6  100 1110100000011000101100100010011101001001001101010001011101000011100000101000000010100001000000100001
4 7  100 1110100000011000101100100010011101001001001101010001011100000011100000101000000010100001000000100001
3 8  100 1110100000011000101100100010011101001001001101010001011101101011100000101000000010100001000000100001
runNumber 19
genCount 12394
elapsedTime 599.956
unaryHyperVol 297
binaryHyperVol 0
additiveEps 0
entropy 0.461903
archive 19
3
5 6  100 1110100000011000101100100010011101000001001101010001011101000011101110101000000010100001101000100001
4 7  100 1110100000011000101100100010011101000001000101010001011101000011101110101000000010100001101000100001
3 8  100 1110100000011000101100100010011101000001001101010001011101101011101110101000000010100001101000100001
runNumber 20
genCount 12322
elapsedTime 599.671
unaryHyperVol 297
binaryHyperVol 0
additiveEps 0
entropy 0.461903
archive 20
3
5 6  100 1110100000011000101100100010011101000001001101010001011101000011101110101000000010100001101000100001
4 7  100 1110100000011000101100100010011101000001000101010001011101000011101110101000000010100001101000100001
3 8  100 1110100000011000101100100010011101000001001101010001011101101011101110101000000010100001101000100001
runNumber 21
genCount 12568
elapsedTime 599.991
unaryHyperVol 297
binaryHyperVol 0
additiveEps 0
entropy 0.461903
archive 21
3
5 6  100 1110100000011000101100100010011101001001001101010001011101000011100000101000000010100001101000100001
4 7  100 1110100000011000101100100010011101001001000101010001011101000011100000101000000010100001101000100001
3 8  100 1110100000011000101100100010011101000001001101010001011101101011100000101000000010100001101000100001
runNumber 22
genCount 12804
elapsedTime 599.946
unaryHyperVol 297
binaryHyperVol 0
additiveEps 0
entropy 0.461903
archive 22
3
5 6  100 1110100000011000101100100010011101001001001101010001011101000011100000101000000010100001101000100001
4 7  100 1110100000011000101100100010011101001001000101010001011101000011100000101000000010100001101000100001
3 8  100 1110100000011000101100100010011101001001001101010001011101101011100000101000000010100001101000100001
runNumber 23
genCount 12292
elapsedTime 599.975
unaryHyperVol 297
binaryHyperVol 0
additiveEps 0
entropy 0.461903
archive 23
3
5 6  100 1110100000011000101100100010011101001001001101010001011101000011101110101000000010100001101000100001
4 7  100 1110100000011000101100100010011101001001000101010001011101000011101110101000000010100001101000100001
3 8  100 1110100000011000101100100010011101001001001101010001011101101011101110101000000010100001101000100001
runNumber 24
genCount 12405
elapsedTime 599.765
unaryHyperVol 297
binaryHyperVol 0
additiveEps 0
entropy 0.461903
archive 24
3
5 6  100 1110100000011000101100100010011101000001001101010001011101000011101110101000000010100001000000100001
4 7  100 1110100000011000101100100010011101000001001101010001011100000011101110101000000010100001000000100001
3 8  100 1110100000011000101100100010011101000001001101010001011101101011101110101000000010100001000000100001
runNumber 25
genCount 12397
elapsedTime 599.347
unaryHyperVol 297
binaryHyperVol 0
additiveEps 0
entropy 0.461903
archive 25
3
5 6  100 1110100000011000101100100010011101000001001101010001011101000011100000101000000010100001101000100001
4 7  100 1110100000011000101100100010011101000001000101010001011101000011100000101000000010100001101000100001
3 8  100 1110100000011000101100100010011101001001001101010001011101101011100000101000000010100001101000100001
runNumber 26
genCount 12467
elapsedTime 600.007
unaryHyperVol 287
binaryHyperVol 4.33333
additiveEps 0.333333
entropy 0.456965
archive 26
3
5 7  100 1110100000011000100001100010011101001001001101010001011101000011100000101000000010101010101000100010
4 8  100 1110100000011000100001100010011101001001000101010001011101000011100000101000000010101010101000100010
3 9  100 1110100000011000100001100010011101001001001101010001011101101011100000101000000010101010101000100010
runNumber 27
genCount 12406
elapsedTime 599.828
unaryHyperVol 297
binaryHyperVol 0
additiveEps 0
entropy 0.461903
archive 27
3
5 6  100 1110100000011000101100100010011101001001001101010001011101000011100000101000000010100001101000100001
4 7  100 1110100000011000101100100010011101001001000101010001011101000011100000101000000010100001101000100001
3 8  100 1110100000011000101100100010011101001001001101010001011101101011100000101000000010100001101000100001
runNumber 28
genCount 11990
elapsedTime 599.605
unaryHyperVol 297
binaryHyperVol 0
additiveEps 0
entropy 0.461903
archive 28
3
5 6  100 1110100000011000101100100010011101001001001101010001011101000011100000101000000010100001000000100001
4 7  100 1110100000011000101100100010011101001001001101010001011100000011100000101000000010100001000000100001
3 8  100 1110100000011000101100100010011101001001001101010001011101101011100000101000000010100001000000100001
runNumber 29
genCount 12485
elapsedTime 599.713
unaryHyperVol 297
binaryHyperVol 0
additiveEps 0
entropy 0.461903
archive 29
3
5 6  100 1110100000011000101100100010011101000001001101010001011101000011101110101000000010100001101000100001
4 7  100 1110100000011000101100100010011101000001000101010001011101000011101110101000000010100001101000100001
3 8  100 1110100000011000101100100010011101001001001101010001011101101011101110101000000010100001101000100001
