OptimalFront
unaryHyperVol 292
Optimal front is obtained by exact method
-------------------------
3
1 8
2 7
5 6
runNumber 0
genCount 13080
elapsedTime 599.251
unaryHyperVol 292
binaryHyperVol 0
additiveEps 0
entropy 0.270001
archive 0
3
5 6  100 1010100110110001000000111110100001110101000100001010011010000011011000111010100100011001110100111011
2 7  100 1010100110110001001000111110100001110101000100001010011010000011011000111010100100011001110100111011
1 8  100 1010100110110001001000111110100001110101000100001010011010001011011000111010100100011001110100111011
runNumber 1
genCount 13145
elapsedTime 599.962
unaryHyperVol 292
binaryHyperVol 0
additiveEps 0
entropy 0.270001
archive 1
3
5 6  100 1010100110110001000000111110100001110101000100001010011010000011011000111010100100011001110100111011
2 7  100 1010100110110001001000111110100001110101000100001010011010000011011000111010100100011001110100111011
1 8  100 1010100110110001001000111110100001110101000100001010011010001011011000111010100100011001110100111011
runNumber 2
genCount 13133
elapsedTime 599.985
unaryHyperVol 292
binaryHyperVol 0
additiveEps 0
entropy 0.270001
archive 2
3
5 6  100 1010100110110001000000111110100001110101000100001010011010000011011000111010100100011001110100111011
2 7  100 1010100110110001001000111110100001110101000100001010011010000011011000111010100100011001110100111011
1 8  100 1010100110110001001000111110100001110101000100001010011010001011011000111010100100011001110100111011
runNumber 3
genCount 13075
elapsedTime 599.958
unaryHyperVol 292
binaryHyperVol 0
additiveEps 0
entropy 0.270001
archive 3
3
5 6  100 1010100110110001000000111110100001110101000100001010011010000011011000111010100100011001110100111011
2 7  100 1010100110110001001000111110100001110101000100001010011010000011011000111010100100011001110100111011
1 8  100 1010100110110001001000111110100001110101000100001010011010001011011000111010100100011001110100111011
runNumber 4
genCount 13025
elapsedTime 599.985
unaryHyperVol 292
binaryHyperVol 0
additiveEps 0
entropy 0.270001
archive 4
3
5 6  100 1010100110110001000000111110100001110101000100001010011010000011011000111010100100011001110100111011
2 7  100 1010100110110001001000111110100001110101000100001010011010000011011000111010100100011001110100111011
1 8  100 1010100110110001001000111110100001110101000100001010011010001011011000111010100100011001110100111011
runNumber 5
genCount 13220
elapsedTime 599.98
unaryHyperVol 292
binaryHyperVol 0
additiveEps 0
entropy 0.270001
archive 5
3
5 6  100 1010100110110001000000111110100001110101000100001010011010000011011000111010100100011001110100111011
2 7  100 1010100110110001001000111110100001110101000100001010011010000011011000111010100100011001110100111011
1 8  100 1010100110110001001000111110100001110101000100001010011010001011011000111010100100011001110100111011
runNumber 6
genCount 13032
elapsedTime 599.979
unaryHyperVol 292
binaryHyperVol 0
additiveEps 0
entropy 0.270001
archive 6
3
5 6  100 1010100110110001000000111110100001110101000100001010011010000011011000111010100100011001110100111011
2 7  100 1010100110110001001000111110100001110101000100001010011010000011011000111010100100011001110100111011
1 8  100 1010100110110001001000111110100001110101000100001010011010001011011000111010100100011001110100111011
runNumber 7
genCount 13070
elapsedTime 599.923
unaryHyperVol 292
binaryHyperVol 0
additiveEps 0
entropy 0.270001
archive 7
3
5 6  100 1010100110110001000000111110100001110101000100001010011010000011011000111010100100011001110100111011
2 7  100 1010100110110001001000111110100001110101000100001010011010000011011000111010100100011001110100111011
1 8  100 1010100110110001001000111110100001110101000100001010011010001011011000111010100100011001110100111011
runNumber 8
genCount 13400
elapsedTime 599.964
unaryHyperVol 292
binaryHyperVol 0
additiveEps 0
entropy 0.270001
archive 8
3
5 6  100 1010100110110001000000111110100001110101000100001010011010000011011000111010100100011001110100111011
2 7  100 1010100110110001001000111110100001110101000100001010011010000011011000111010100100011001110100111011
1 8  100 1010100110110001001000111110100001110101000100001010011010001011011000111010100100011001110100111011
runNumber 9
genCount 13371
elapsedTime 599.917
unaryHyperVol 292
binaryHyperVol 0
additiveEps 0
entropy 0.270001
archive 9
3
5 6  100 1010100110110001000000111110100001110101000100001010011010000011011000111010100100011001110100111011
2 7  100 1010100110110001001000111110100001110101000100001010011010000011011000111010100100011001110100111011
1 8  100 1010100110110001001000111110100001110101000100001010011010001011011000111010100100011001110100111011
runNumber 10
genCount 12690
elapsedTime 599.983
unaryHyperVol 292
binaryHyperVol 0
additiveEps 0
entropy 0.270001
archive 10
3
5 6  100 1010100110110001000000111110100001110101000100001010011010000011011000111010100100011001110100111011
2 7  100 1010100110110001001000111110100001110101000100001010011010000011011000111010100100011001110100111011
1 8  100 1010100110110001001000111110100001110101000100001010011010001011011000111010100100011001110100111011
runNumber 11
genCount 12806
elapsedTime 599.969
unaryHyperVol 292
binaryHyperVol 0
additiveEps 0
entropy 0.270001
archive 11
3
5 6  100 1010100110110001000000111110100001110101000100001010011010000011011000111010100100011001110100111011
2 7  100 1010100110110001001000111110100001110101000100001010011010000011011000111010100100011001110100111011
1 8  100 1010100110110001001000111110100001110101000100001010011010001011011000111010100100011001110100111011
runNumber 12
genCount 13180
elapsedTime 599.958
unaryHyperVol 292
binaryHyperVol 0
additiveEps 0
entropy 0.270001
archive 12
3
5 6  100 1010100110110001000000111110100001110101000100001010011010000011011000111010100100011001110100111011
2 7  100 1010100110110001001000111110100001110101000100001010011010000011011000111010100100011001110100111011
1 8  100 1010100110110001001000111110100001110101000100001010011010001011011000111010100100011001110100111011
runNumber 13
genCount 13211
elapsedTime 599.962
unaryHyperVol 292
binaryHyperVol 0
additiveEps 0
entropy 0.270001
archive 13
3
5 6  100 1010100110110001000000111110100001110101000100001010011010000011011000111010100100011001110100111011
2 7  100 1010100110110001001000111110100001110101000100001010011010000011011000111010100100011001110100111011
1 8  100 1010100110110001001000111110100001110101000100001010011010001011011000111010100100011001110100111011
runNumber 14
genCount 12992
elapsedTime 600.02
unaryHyperVol 292
binaryHyperVol 0
additiveEps 0
entropy 0.270001
archive 14
3
5 6  100 1010100110110001000000111110100001110101000100001010011010000011011000111010100100011001110100111011
2 7  100 1010100110110001001000111110100001110101000100001010011010000011011000111010100100011001110100111011
1 8  100 1010100110110001001000111110100001110101000100001010011010001011011000111010100100011001110100111011
runNumber 15
genCount 13133
elapsedTime 599.932
unaryHyperVol 292
binaryHyperVol 0
additiveEps 0
entropy 0.270001
archive 15
3
5 6  100 1010100110110001000000111110100001110101000100001010011010000011011000111010100100011001110100111011
2 7  100 1010100110110001001000111110100001110101000100001010011010000011011000111010100100011001110100111011
1 8  100 1010100110110001001000111110100001110101000100001010011010001011011000111010100100011001110100111011
runNumber 16
genCount 13051
elapsedTime 599.98
unaryHyperVol 292
binaryHyperVol 0
additiveEps 0
entropy 0.270001
archive 16
3
5 6  100 1010100110110001000000111110100001110101000100001010011010000011011000111010100100011001110100111011
2 7  100 1010100110110001001000111110100001110101000100001010011010000011011000111010100100011001110100111011
1 8  100 1010100110110001001000111110100001110101000100001010011010001011011000111010100100011001110100111011
runNumber 17
genCount 13175
elapsedTime 600.02
unaryHyperVol 292
binaryHyperVol 0
additiveEps 0
entropy 0.270001
archive 17
3
5 6  100 1010100110110001000000111110100001110101000100001010011010000011011000111010100100011001110100111011
2 7  100 1010100110110001001000111110100001110101000100001010011010000011011000111010100100011001110100111011
1 8  100 1010100110110001001000111110100001110101000100001010011010001011011000111010100100011001110100111011
runNumber 18
genCount 13418
elapsedTime 599.993
unaryHyperVol 292
binaryHyperVol 0
additiveEps 0
entropy 0.270001
archive 18
3
5 6  100 1010100110110001000000111110100001110101000100001010011010000011011000111010100100011001110100111011
2 7  100 1010100110110001001000111110100001110101000100001010011010000011011000111010100100011001110100111011
1 8  100 1010100110110001001000111110100001110101000100001010011010001011011000111010100100011001110100111011
runNumber 19
genCount 13012
elapsedTime 599.932
unaryHyperVol 292
binaryHyperVol 0
additiveEps 0
entropy 0.270001
archive 19
3
5 6  100 1010100110110001000000111110100001110101000100001010011010000011011000111010100100011001110100111011
2 7  100 1010100110110001001000111110100001110101000100001010011010000011011000111010100100011001110100111011
1 8  100 1010100110110001001000111110100001110101000100001010011010001011011000111010100100011001110100111011
runNumber 20
genCount 12885
elapsedTime 600.041
unaryHyperVol 292
binaryHyperVol 0
additiveEps 0
entropy 0.270001
archive 20
3
5 6  100 1010100110110001000000111110100001110101000100001010011010000011011000111010100100011001110100111011
2 7  100 1010100110110001001000111110100001110101000100001010011010000011011000111010100100011001110100111011
1 8  100 1010100110110001001000111110100001110101000100001010011010001011011000111010100100011001110100111011
runNumber 21
genCount 13124
elapsedTime 599.928
unaryHyperVol 292
binaryHyperVol 0
additiveEps 0
entropy 0.270001
archive 21
3
5 6  100 1010100110110001000000111110100001110101000100001010011010000011011000111010100100011001110100111011
2 7  100 1010100110110001001000111110100001110101000100001010011010000011011000111010100100011001110100111011
1 8  100 1010100110110001001000111110100001110101000100001010011010001011011000111010100100011001110100111011
runNumber 22
genCount 12725
elapsedTime 599.999
unaryHyperVol 292
binaryHyperVol 0
additiveEps 0
entropy 0.270001
archive 22
3
5 6  100 1010100110110001000000111110100001110101000100001010011010000011011000111010100100011001110100111011
2 7  100 1010100110110001001000111110100001110101000100001010011010000011011000111010100100011001110100111011
1 8  100 1010100110110001001000111110100001110101000100001010011010001011011000111010100100011001110100111011
runNumber 23
genCount 13245
elapsedTime 599.989
unaryHyperVol 292
binaryHyperVol 0
additiveEps 0
entropy 0.270001
archive 23
3
5 6  100 1010100110110001000000111110100001110101000100001010011010000011011000111010100100011001110100111011
2 7  100 1010100110110001001000111110100001110101000100001010011010000011011000111010100100011001110100111011
1 8  100 1010100110110001001000111110100001110101000100001010011010001011011000111010100100011001110100111011
runNumber 24
genCount 13314
elapsedTime 599.984
unaryHyperVol 292
binaryHyperVol 0
additiveEps 0
entropy 0.270001
archive 24
3
5 6  100 1010100110110001000000111110100001110101000100001010011010000011011000111010100100011001110100111011
2 7  100 1010100110110001001000111110100001110101000100001010011010000011011000111010100100011001110100111011
1 8  100 1010100110110001001000111110100001110101000100001010011010001011011000111010100100011001110100111011
runNumber 25
genCount 13110
elapsedTime 599.952
unaryHyperVol 292
binaryHyperVol 0
additiveEps 0
entropy 0.270001
archive 25
3
5 6  100 1010100110110001000000111110100001110101000100001010011010000011011000111010100100011001110100111011
2 7  100 1010100110110001001000111110100001110101000100001010011010000011011000111010100100011001110100111011
1 8  100 1010100110110001001000111110100001110101000100001010011010001011011000111010100100011001110100111011
runNumber 26
genCount 12948
elapsedTime 599.991
unaryHyperVol 292
binaryHyperVol 0
additiveEps 0
entropy 0.270001
archive 26
3
5 6  100 1010100110110001000000111110100001110101000100001010011010000011011000111010100100011001110100111011
2 7  100 1010100110110001001000111110100001110101000100001010011010000011011000111010100100011001110100111011
1 8  100 1010100110110001001000111110100001110101000100001010011010001011011000111010100100011001110100111011
runNumber 27
genCount 12969
elapsedTime 599.937
unaryHyperVol 292
binaryHyperVol 0
additiveEps 0
entropy 0.270001
archive 27
3
5 6  100 1010100110110001000000111110100001110101000100001010011010000011011000111010100100011001110100111011
2 7  100 1010100110110001001000111110100001110101000100001010011010000011011000111010100100011001110100111011
1 8  100 1010100110110001001000111110100001110101000100001010011010001011011000111010100100011001110100111011
runNumber 28
genCount 13191
elapsedTime 599.967
unaryHyperVol 292
binaryHyperVol 0
additiveEps 0
entropy 0.270001
archive 28
3
5 6  100 1010100110110001000000111110100001110101000100001010011010000011011000111010100100011001110100111011
2 7  100 1010100110110001001000111110100001110101000100001010011010000011011000111010100100011001110100111011
1 8  100 1010100110110001001000111110100001110101000100001010011010001011011000111010100100011001110100111011
runNumber 29
genCount 13012
elapsedTime 600.032
unaryHyperVol 292
binaryHyperVol 0
additiveEps 0
entropy 0.270001
archive 29
3
5 6  100 1010100110110001000000111110100001110101000100001010011010000011011000111010100100011001110100111011
2 7  100 1010100110110001001000111110100001110101000100001010011010000011011000111010100100011001110100111011
1 8  100 1010100110110001001000111110100001110101000100001010011010001011011000111010100100011001110100111011
