OptimalFront
unaryHyperVol 443
Optimal front is obtained by exact method
-------------------------
3
2 8
3 6
5 5
runNumber 0
genCount 12961
elapsedTime 599.107
unaryHyperVol 443
binaryHyperVol 0
additiveEps 0
entropy 0.461903
archive 0
3
5 5  100 0100011001110100101010000100011111101101001001000110010001101011001001111001100001100010110011110110
3 6  100 0100011001010100101010000100011111101101001001000110010001101011001001111001100001100010110011110110
2 8  100 0100011001010010101010000100011111101101001001000110010001101011001001111000010001100010110011110110
runNumber 1
genCount 12837
elapsedTime 599.965
unaryHyperVol 443
binaryHyperVol 0
additiveEps 0
entropy 0.461903
archive 1
3
5 5  100 0100010101110100101010000100011111010101001001000110010001101011001001111001100001100010110011110110
3 6  100 0100010101010100101010000100011111010101001001000110010001101011001001111001100001100010110011110110
2 8  100 0100010101010010101010000100011111010101001001000110010001101011001001111000010001100010110011110110
runNumber 2
genCount 12661
elapsedTime 599.915
unaryHyperVol 443
binaryHyperVol 0
additiveEps 0
entropy 0.461903
archive 2
3
5 5  100 0100011001110100101010000100011111101101001001000110010001101011001001111001100001100010110011110110
3 6  100 0100011001010100101010000100011111101101001001000110010001101011001001111001100001100010110011110110
2 8  100 0100011001010010101010000100011111101101001001000110010001101011001001111000010001100010110011110110
runNumber 3
genCount 12960
elapsedTime 599.975
unaryHyperVol 443
binaryHyperVol 0
additiveEps 0
entropy 0.461903
archive 3
3
5 5  100 0100010101110100101010000100011111101101001001000110010001101011001001111001100001100010110011110110
3 6  100 0100010101010100101010000100011111101101001001000110010001101011001001111001100001100010110011110110
2 8  100 0100010101010010101010000100011111101101001001000110010001101011001001111000010001100010110011110110
runNumber 4
genCount 13062
elapsedTime 599.924
unaryHyperVol 443
binaryHyperVol 0
additiveEps 0
entropy 0.461903
archive 4
3
5 5  100 0100011001110100101010000100011111101101001001000110010001101011001001111001100001100010110011110110
3 6  100 0100011001010100101010000100011111101101001001000110010001101011001001111001100001100010110011110110
2 8  100 0100011001010010101010000100011111101101001001000110010001101011001001111000010001100010110011110110
runNumber 5
genCount 12813
elapsedTime 599.836
unaryHyperVol 443
binaryHyperVol 0
additiveEps 0
entropy 0.461903
archive 5
3
5 5  100 0100011001110100101010000100011111101101001001000110010001101011001001111001100001100010110011110110
3 6  100 0100011001010100101010000100011111101101001001000110010001101011001001111001100001100010110011110110
2 8  100 0100011001010010101010000100011111101101001001000110010001101011001001111000010001100010110011110110
runNumber 6
genCount 12772
elapsedTime 599.992
unaryHyperVol 443
binaryHyperVol 0
additiveEps 0
entropy 0.461903
archive 6
3
5 5  100 0100011001110100101010000100011111010101001001000110010001101011001001111001100001100010110011110110
3 6  100 0100011001010100101010000100011111010101001001000110010001101011001001111001100001100010110011110110
2 8  100 0100011001010010101010000100011111010101001001000110010001101011001001111000010001100010110011110110
runNumber 7
genCount 12842
elapsedTime 599.632
unaryHyperVol 443
binaryHyperVol 0
additiveEps 0
entropy 0.461903
archive 7
3
5 5  100 0100011001110100101010000100011111010101001001000110010001101011001001111001100001100010110011110110
3 6  100 0100011001010100101010000100011111010101001001000110010001101011001001111001100001100010110011110110
2 8  100 0100011001010010101010000100011111010101001001000110010001101011001001111000010001100010110011110110
runNumber 8
genCount 12963
elapsedTime 599.956
unaryHyperVol 443
binaryHyperVol 0
additiveEps 0
entropy 0.461903
archive 8
3
5 5  100 0100010101110100101010000100011111010101001001000110010001101011001001111001100001100010110011110110
3 6  100 0100010101010100101010000100011111010101001001000110010001101011001001111001100001100010110011110110
2 8  100 0100010101010010101010000100011111010101001001000110010001101011001001111000010001100010110011110110
runNumber 9
genCount 12533
elapsedTime 599.996
unaryHyperVol 443
binaryHyperVol 0
additiveEps 0
entropy 0.461903
archive 9
3
5 5  100 0100011001110100101010000100011111101101001001000110010001101011001001111001100001100010110011110110
3 6  100 0100011001010100101010000100011111101101001001000110010001101011001001111001100001100010110011110110
2 8  100 0100011001010010101010000100011111101101001001000110010001101011001001111000010001100010110011110110
runNumber 10
genCount 13289
elapsedTime 599.985
unaryHyperVol 443
binaryHyperVol 0
additiveEps 0
entropy 0.461903
archive 10
3
5 5  100 0100011001110100101010000100011111101101001001000110010001101011001001111001100001100010110011110110
3 6  100 0100011001010100101010000100011111101101001001000110010001101011001001111001100001100010110011110110
2 8  100 0100011001010010101010000100011111101101001001000110010001101011001001111000010001100010110011110110
runNumber 11
genCount 12893
elapsedTime 599.985
unaryHyperVol 443
binaryHyperVol 0
additiveEps 0
entropy 0.461903
archive 11
3
5 5  100 0100010101110100101010000100011111101101001001000110010001101011001001111001100001100010110011110110
3 6  100 0100011001010100101010000100011111101101001001000110010001101011001001111001100001100010110011110110
2 8  100 0100011001010010101010000100011111101101001001000110010001101011001001111000010001100010110011110110
runNumber 12
genCount 12895
elapsedTime 599.877
unaryHyperVol 443
binaryHyperVol 0
additiveEps 0
entropy 0.461903
archive 12
3
5 5  100 0100011001110100101010000100011111101101001001000110010001101011001001111001100001100010110011110110
3 6  100 0100011001010100101010000100011111101101001001000110010001101011001001111001100001100010110011110110
2 8  100 0100010101010010101010000100011111101101001001000110010001101011001001111000010001100010110011110110
runNumber 13
genCount 12858
elapsedTime 599.978
unaryHyperVol 443
binaryHyperVol 0
additiveEps 0
entropy 0.461903
archive 13
3
5 5  100 0100011001110100101010000100011111101101001001000110010001101011001001111001100001100010110011110110
3 6  100 0100011001010100101010000100011111101101001001000110010001101011001001111001100001100010110011110110
2 8  100 0100011001010010101010000100011111101101001001000110010001101011001001111000010001100010110011110110
runNumber 14
genCount 12674
elapsedTime 599.969
unaryHyperVol 443
binaryHyperVol 0
additiveEps 0
entropy 0.461903
archive 14
3
5 5  100 0100010101110100101010000100011111101101001001000110010001101011001001111001100001100010110011110110
3 6  100 0100010101010100101010000100011111101101001001000110010001101011001001111001100001100010110011110110
2 8  100 0100010101010010101010000100011111101101001001000110010001101011001001111000010001100010110011110110
runNumber 15
genCount 12865
elapsedTime 599.976
unaryHyperVol 443
binaryHyperVol 0
additiveEps 0
entropy 0.461903
archive 15
3
5 5  100 0100011001110100101010000100011111101101001001000110010001101011001001111001100001100010110011110110
3 6  100 0100011001010100101010000100011111101101001001000110010001101011001001111001100001100010110011110110
2 8  100 0100011001010010101010000100011111101101001001000110010001101011001001111000010001100010110011110110
runNumber 16
genCount 12699
elapsedTime 599.862
unaryHyperVol 443
binaryHyperVol 0
additiveEps 0
entropy 0.461903
archive 16
3
5 5  100 0100011001110100101010000100011111010101001001000110010001101011001001111001100001100010110011110110
3 6  100 0100011001010100101010000100011111010101001001000110010001101011001001111001100001100010110011110110
2 8  100 0100011001010010101010000100011111010101001001000110010001101011001001111000010001100010110011110110
runNumber 17
genCount 13201
elapsedTime 599.776
unaryHyperVol 443
binaryHyperVol 0
additiveEps 0
entropy 0.461903
archive 17
3
5 5  100 0100011001110100101010000100011111010101001001000110010001101011001001111001100001100010110011110110
3 6  100 0100011001010100101010000100011111010101001001000110010001101011001001111001100001100010110011110110
2 8  100 0100011001010010101010000100011111010101001001000110010001101011001001111000010001100010110011110110
runNumber 18
genCount 12753
elapsedTime 599.952
unaryHyperVol 443
binaryHyperVol 0
additiveEps 0
entropy 0.461903
archive 18
3
5 5  100 0100011001110100101010000100011111010101001001000110010001101011001001111001100001100010110011110110
3 6  100 0100011001010100101010000100011111010101001001000110010001101011001001111001100001100010110011110110
2 8  100 0100011001010010101010000100011111010101001001000110010001101011001001111000010001100010110011110110
runNumber 19
genCount 13204
elapsedTime 599.969
unaryHyperVol 418
binaryHyperVol 10.6667
additiveEps 0.333333
entropy 0.488066
archive 19
2
5 5  100 0100011001110100101010000100011111101101001001000110010001101011001001111001100001100010110011110110
3 6  100 0100011001010100101010000100011111101101001001000110010001101011001001111001100001100010110011110110
runNumber 20
genCount 12826
elapsedTime 599.989
unaryHyperVol 443
binaryHyperVol 0
additiveEps 0
entropy 0.461903
archive 20
3
5 5  100 0100011001110100101010000100011111101101001001000110010001101011001001111001100001100010110011110110
3 6  100 0100011001010100101010000100011111101101001001000110010001101011001001111001100001100010110011110110
2 8  100 0100011001010010101010000100011111101101001001000110010001101011001001111000010001100010110011110110
runNumber 21
genCount 12999
elapsedTime 599.926
unaryHyperVol 443
binaryHyperVol 0
additiveEps 0
entropy 0.461903
archive 21
3
5 5  100 0100011001110100101010000100011111101101001001000110010001101011001001111001100001100010110011110110
3 6  100 0100011001010100101010000100011111101101001001000110010001101011001001111001100001100010110011110110
2 8  100 0100011001010010101010000100011111101101001001000110010001101011001001111000010001100010110011110110
runNumber 22
genCount 12904
elapsedTime 599.965
unaryHyperVol 443
binaryHyperVol 0
additiveEps 0
entropy 0.461903
archive 22
3
5 5  100 0100010101110100101010000100011111101101001001000110010001101011001001111001100001100010110011110110
3 6  100 0100010101010100101010000100011111101101001001000110010001101011001001111001100001100010110011110110
2 8  100 0100010101010010101010000100011111101101001001000110010001101011001001111000010001100010110011110110
runNumber 23
genCount 12889
elapsedTime 599.976
unaryHyperVol 443
binaryHyperVol 0
additiveEps 0
entropy 0.461903
archive 23
3
5 5  100 0100011001110100101010000100011111101101001001000110010001101011001001111001100001100010110011110110
3 6  100 0100011001010100101010000100011111101101001001000110010001101011001001111001100001100010110011110110
2 8  100 0100011001010010101010000100011111101101001001000110010001101011001001111000010001100010110011110110
runNumber 24
genCount 12959
elapsedTime 600.008
unaryHyperVol 443
binaryHyperVol 0
additiveEps 0
entropy 0.461903
archive 24
3
5 5  100 0100010101110100101010000100011111101101001001000110010001101011001001111001100001100010110011110110
3 6  100 0100010101010100101010000100011111101101001001000110010001101011001001111001100001100010110011110110
2 8  100 0100010101010010101010000100011111101101001001000110010001101011001001111000010001100010110011110110
runNumber 25
genCount 12870
elapsedTime 599.947
unaryHyperVol 443
binaryHyperVol 0
additiveEps 0
entropy 0.461903
archive 25
3
5 5  100 0100011001110100101010000100011111101101001001000110010001101011001001111001100001100010110011110110
3 6  100 0100011001010100101010000100011111101101001001000110010001101011001001111001100001100010110011110110
2 8  100 0100011001010010101010000100011111101101001001000110010001101011001001111000010001100010110011110110
runNumber 26
genCount 12851
elapsedTime 599.967
unaryHyperVol 443
binaryHyperVol 0
additiveEps 0
entropy 0.461903
archive 26
3
5 5  100 0100010101110100101010000100011111101101001001000110010001101011001001111001100001100010110011110110
3 6  100 0100010101010100101010000100011111101101001001000110010001101011001001111001100001100010110011110110
2 8  100 0100010101010010101010000100011111101101001001000110010001101011001001111000010001100010110011110110
runNumber 27
genCount 12661
elapsedTime 599.795
unaryHyperVol 443
binaryHyperVol 0
additiveEps 0
entropy 0.461903
archive 27
3
5 5  100 0100011001110100101010000100011111010101001001000110010001101011001001111001100001100010110011110110
3 6  100 0100011001010100101010000100011111010101001001000110010001101011001001111001100001100010110011110110
2 8  100 0100011001010010101010000100011111010101001001000110010001101011001001111000010001100010110011110110
runNumber 28
genCount 12875
elapsedTime 599.981
unaryHyperVol 443
binaryHyperVol 0
additiveEps 0
entropy 0.461903
archive 28
3
5 5  100 0100011001110100101010000100011111010101001001000110010001101011001001111001100001100010110011110110
3 6  100 0100011001010100101010000100011111010101001001000110010001101011001001111001100001100010110011110110
2 8  100 0100011001010010101010000100011111010101001001000110010001101011001001111000010001100010110011110110
runNumber 29
genCount 12714
elapsedTime 599.845
unaryHyperVol 443
binaryHyperVol 0
additiveEps 0
entropy 0.461903
archive 29
3
5 5  100 0100010101110100101010000100011111101101001001000110010001101011001001111001100001100010110011110110
3 6  100 0100010101010100101010000100011111101101001001000110010001101011001001111001100001100010110011110110
2 8  100 0100010101010010101010000100011111101101001001000110010001101011001001111000010001100010110011110110
