OptimalFront
unaryHyperVol 412
Optimal front is obtained by exact method
-------------------------
4
2 7
3 6
5 5
6 4
runNumber 0
genCount 13224
elapsedTime 599.357
unaryHyperVol 412
binaryHyperVol 0
additiveEps 0
entropy 0.326634
archive 0
4
6 4  100 0000000111011101110000111100101001111010110101000010110111010001101000011101000011101000101101111000
5 5  100 0000000111011110110000111100101001111010110101000010110111010001101000011101000011101000101101111000
3 6  100 0000000111010101110000111100101001111010111010000010110111010001101000011101100011101000101101111000
2 7  100 0000000111011101110000111100101001111010111010000010110111010001101000011100010011101000101101111000
runNumber 1
genCount 13149
elapsedTime 599.925
unaryHyperVol 411
binaryHyperVol 0.0833333
additiveEps 0.25
entropy 0.418262
archive 1
3
6 4  100 1010000111011101110000111100101001111010110101000010110111010001101000011101000011101000101101111000
3 6  100 1010000111010101110000111100101001111010111010000010110111010001101000011101100011101000101101111000
2 7  100 1010000111011101110000111100101001111010111010000010110111010001101000011100010011101000101101111000
runNumber 2
genCount 12804
elapsedTime 599.988
unaryHyperVol 411
binaryHyperVol 0.0833333
additiveEps 0.25
entropy 0.418262
archive 2
3
6 4  100 1010000111011101110000111100101001111010110101000010110111010001101000011101000011101000101101111000
3 6  100 1010000111010101110000111100101001111010111010000010110111010001101000011101100011101000101101111000
2 7  100 1010000111011101110000111100101001111010111010000010110111010001101000011100010011101000101101111000
runNumber 3
genCount 13689
elapsedTime 600.004
unaryHyperVol 391
binaryHyperVol 10.0833
additiveEps 0.666667
entropy 0.509891
archive 3
2
3 6  100 1010000111010101110000111100101001111010111010000010110111010001101000011101100011101000101101111000
2 7  100 1010000111011101110000111100101001111010111010000010110111010001101000011100010011101000101101111000
runNumber 4
genCount 13107
elapsedTime 599.735
unaryHyperVol 411
binaryHyperVol 0.0833333
additiveEps 0.25
entropy 0.418262
archive 4
3
6 4  100 1010000111011101110000111100101001111010110101000010110111010001101000011101000011101000101101111000
3 6  100 1010000111010101110000111100101001111010111010000010110111010001101000011101100011101000101101111000
2 7  100 1010000111011101110000111100101001111010111010000010110111010001101000011100010011101000101101111000
runNumber 5
genCount 12903
elapsedTime 599.89
unaryHyperVol 412
binaryHyperVol 0
additiveEps 0
entropy 0.326634
archive 5
4
6 4  100 0000000111011101110000111100101001111010110101000010110111010001101000011101000011101000101101111000
5 5  100 0000000111011110110000111100101001111010110101000010110111010001101000011101000011101000101101111000
3 6  100 0000000111010101110000111100101001111010111010000010110111010001101000011101100011101000101101111000
2 7  100 0000000111011101110000111100101001111010111010000010110111010001101000011100010011101000101101111000
runNumber 6
genCount 12717
elapsedTime 599.98
unaryHyperVol 411
binaryHyperVol 0.0833333
additiveEps 0.25
entropy 0.418262
archive 6
3
6 4  100 1010000111011101110000111100101001111010110101000010110111010001101000011101000011101000101101111000
3 6  100 1010000111010101110000111100101001111010111010000010110111010001101000011101100011101000101101111000
2 7  100 1010000111011101110000111100101001111010111010000010110111010001101000011100010011101000101101111000
runNumber 7
genCount 12769
elapsedTime 599.815
unaryHyperVol 411
binaryHyperVol 0.0833333
additiveEps 0.25
entropy 0.418262
archive 7
3
6 4  100 1010000111011101110000111100101001111010110101000010110111010001101000011101000011101000101101111000
3 6  100 1010000111010101110000111100101001111010111010000010110111010001101000011101100011101000101101111000
2 7  100 1010000111011101110000111100101001111010111010000010110111010001101000011100010011101000101101111000
runNumber 8
genCount 13703
elapsedTime 599.842
unaryHyperVol 391
binaryHyperVol 10.0833
additiveEps 0.666667
entropy 0.509891
archive 8
2
3 6  100 0000000111010101110000111100101001111010111010000010110111010001101000011101100011101000101101111000
2 7  100 0000000111011101110000111100101001111010111010000010110111010001101000011100010011101000101101111000
runNumber 9
genCount 13165
elapsedTime 599.851
unaryHyperVol 412
binaryHyperVol 0
additiveEps 0
entropy 0.326634
archive 9
4
6 4  100 0000000111011101110000111100101001111010110101000010110111010001101000011101000011101000101101111000
5 5  100 0000000111011110110000111100101001111010110101000010110111010001101000011101000011101000101101111000
3 6  100 0000000111010101110000111100101001111010111010000010110111010001101000011101100011101000101101111000
2 7  100 0000000111011101110000111100101001111010111010000010110111010001101000011100010011101000101101111000
runNumber 10
genCount 12899
elapsedTime 600.154
unaryHyperVol 411
binaryHyperVol 0.0833333
additiveEps 0.25
entropy 0.418262
archive 10
3
6 4  100 1010000111011101110000111100101001111010110101000010110111010001101000011101000011101000101101111000
3 6  100 1010000111010101110000111100101001111010111010000010110111010001101000011101100011101000101101111000
2 7  100 1010000111011101110000111100101001111010111010000010110111010001101000011100010011101000101101111000
runNumber 11
genCount 12319
elapsedTime 600.75
unaryHyperVol 412
binaryHyperVol 0
additiveEps 0
entropy 0.326634
archive 11
4
6 4  100 0000000111011101110000111100101001111010110101000010110111010001101000011101000011101000101101111000
5 5  100 0000000111011110110000111100101001111010110101000010110111010001101000011101000011101000101101111000
3 6  100 0000000111010101110000111100101001111010111010000010110111010001101000011101100011101000101101111000
2 7  100 0000000111011101110000111100101001111010111010000010110111010001101000011100010011101000101101111000
runNumber 12
genCount 12302
elapsedTime 599.658
unaryHyperVol 411
binaryHyperVol 0.0833333
additiveEps 0.25
entropy 0.418262
archive 12
3
6 4  100 1010000111011101110000111100101001111010110101000010110111010001101000011101000011101000101101111000
3 6  100 1010000111010101110000111100101001111010111010000010110111010001101000011101100011101000101101111000
2 7  100 1010000111011101110000111100101001111010111010000010110111010001101000011100010011101000101101111000
runNumber 13
genCount 11890
elapsedTime 601.014
unaryHyperVol 412
binaryHyperVol 0
additiveEps 0
entropy 0.326634
archive 13
4
6 4  100 0000000111011101110000111100101001111010110101000010110111010001101000011101000011101000101101111000
5 5  100 0000000111011110110000111100101001111010110101000010110111010001101000011101000011101000101101111000
3 6  100 0000000111010101110000111100101001111010111010000010110111010001101000011101100011101000101101111000
2 7  100 0000000111011101110000111100101001111010111010000010110111010001101000011100010011101000101101111000
runNumber 14
genCount 13326
elapsedTime 599.822
unaryHyperVol 411
binaryHyperVol 0.0833333
additiveEps 0.25
entropy 0.418262
archive 14
3
6 4  100 1010000111011101110000111100101001111010110101000010110111010001101000011101000011101000101101111000
3 6  100 1010000111010101110000111100101001111010111010000010110111010001101000011101100011101000101101111000
2 7  100 1010000111011101110000111100101001111010111010000010110111010001101000011100010011101000101101111000
runNumber 15
genCount 12526
elapsedTime 599.988
unaryHyperVol 412
binaryHyperVol 0
additiveEps 0
entropy 0.326634
archive 15
4
6 4  100 0000000111011101110000111100101001111010110101000010110111010001101000011101000011101000101101111000
5 5  100 0000000111011110110000111100101001111010110101000010110111010001101000011101000011101000101101111000
3 6  100 0000000111010101110000111100101001111010111010000010110111010001101000011101100011101000101101111000
2 7  100 0000000111011101110000111100101001111010111010000010110111010001101000011100010011101000101101111000
runNumber 16
genCount 12783
elapsedTime 599.985
unaryHyperVol 411
binaryHyperVol 0.0833333
additiveEps 0.25
entropy 0.418262
archive 16
3
6 4  100 1010000111011101110000111100101001111010110101000010110111010001101000011101000011101000101101111000
3 6  100 1010000111010101110000111100101001111010111010000010110111010001101000011101100011101000101101111000
2 7  100 1010000111011101110000111100101001111010111010000010110111010001101000011100010011101000101101111000
runNumber 17
genCount 12624
elapsedTime 599.79
unaryHyperVol 412
binaryHyperVol 0
additiveEps 0
entropy 0.326634
archive 17
4
6 4  100 0000000111011101110000111100101001111010110101000010110111010001101000011101000011101000101101111000
5 5  100 0000000111011110110000111100101001111010110101000010110111010001101000011101000011101000101101111000
3 6  100 0000000111010101110000111100101001111010111010000010110111010001101000011101100011101000101101111000
2 7  100 0000000111011101110000111100101001111010111010000010110111010001101000011100010011101000101101111000
runNumber 18
genCount 12711
elapsedTime 599.895
unaryHyperVol 411
binaryHyperVol 0.0833333
additiveEps 0.25
entropy 0.418262
archive 18
3
6 4  100 1010000111011101110000111100101001111010110101000010110111010001101000011101000011101000101101111000
3 6  100 1010000111010101110000111100101001111010111010000010110111010001101000011101100011101000101101111000
2 7  100 1010000111011101110000111100101001111010111010000010110111010001101000011100010011101000101101111000
runNumber 19
genCount 12574
elapsedTime 599.82
unaryHyperVol 412
binaryHyperVol 0
additiveEps 0
entropy 0.326634
archive 19
4
6 4  100 0000000111011101110000111100101001111010110101000010110111010001101000011101000011101000101101111000
5 5  100 0000000111011110110000111100101001111010110101000010110111010001101000011101000011101000101101111000
3 6  100 0000000111010101110000111100101001111010111010000010110111010001101000011101100011101000101101111000
2 7  100 0000000111011101110000111100101001111010111010000010110111010001101000011100010011101000101101111000
runNumber 20
genCount 13478
elapsedTime 599.942
unaryHyperVol 391
binaryHyperVol 10.0833
additiveEps 0.666667
entropy 0.509891
archive 20
2
3 6  100 1010000111010101110000111100101001111010111010000010110111010001101000011101100011101000101101111000
2 7  100 1010000111011101110000111100101001111010111010000010110111010001101000011100010011101000101101111000
runNumber 21
genCount 13279
elapsedTime 599.993
unaryHyperVol 391
binaryHyperVol 10.0833
additiveEps 0.666667
entropy 0.509891
archive 21
2
3 6  100 0000000111010101110000111100101001111010111010000010110111010001101000011101100011101000101101111000
2 7  100 0000000111011101110000111100101001111010111010000010110111010001101000011100010011101000101101111000
runNumber 22
genCount 12761
elapsedTime 599.965
unaryHyperVol 411
binaryHyperVol 0.0833333
additiveEps 0.25
entropy 0.418262
archive 22
3
6 4  100 1010000111011101110000111100101001111010110101000010110111010001101000011101000011101000101101111000
3 6  100 1010000111010101110000111100101001111010111010000010110111010001101000011101100011101000101101111000
2 7  100 1010000111011101110000111100101001111010111010000010110111010001101000011100010011101000101101111000
runNumber 23
genCount 11647
elapsedTime 603.496
unaryHyperVol 412
binaryHyperVol 0
additiveEps 0
entropy 0.326634
archive 23
4
6 4  100 0000000111011101110000111100101001111010110101000010110111010001101000011101000011101000101101111000
5 5  100 0000000111011110110000111100101001111010110101000010110111010001101000011101000011101000101101111000
3 6  100 0000000111010101110000111100101001111010111010000010110111010001101000011101100011101000101101111000
2 7  100 0000000111011101110000111100101001111010111010000010110111010001101000011100010011101000101101111000
runNumber 24
genCount 13069
elapsedTime 599.935
unaryHyperVol 411
binaryHyperVol 0.0833333
additiveEps 0.25
entropy 0.418262
archive 24
3
6 4  100 1010000111011101110000111100101001111010110101000010110111010001101000011101000011101000101101111000
3 6  100 1010000111010101110000111100101001111010111010000010110111010001101000011101100011101000101101111000
2 7  100 1010000111011101110000111100101001111010111010000010110111010001101000011100010011101000101101111000
runNumber 25
genCount 12790
elapsedTime 599.636
unaryHyperVol 411
binaryHyperVol 0.0833333
additiveEps 0.25
entropy 0.418262
archive 25
3
6 4  100 1010000111011101110000111100101001111010110101000010110111010001101000011101000011101000101101111000
3 6  100 1010000111010101110000111100101001111010111010000010110111010001101000011101100011101000101101111000
2 7  100 1010000111011101110000111100101001111010111010000010110111010001101000011100010011101000101101111000
runNumber 26
genCount 12859
elapsedTime 600.009
unaryHyperVol 411
binaryHyperVol 0.0833333
additiveEps 0.25
entropy 0.418262
archive 26
3
6 4  100 1010000111011101110000111100101001111010110101000010110111010001101000011101000011101000101101111000
3 6  100 1010000111010101110000111100101001111010111010000010110111010001101000011101100011101000101101111000
2 7  100 1010000111011101110000111100101001111010111010000010110111010001101000011100010011101000101101111000
runNumber 27
genCount 13691
elapsedTime 599.972
unaryHyperVol 391
binaryHyperVol 10.0833
additiveEps 0.666667
entropy 0.509891
archive 27
2
3 6  100 1010000111010101110000111100101001111010111010000010110111010001101000011101100011101000101101111000
2 7  100 1010000111011101110000111100101001111010111010000010110111010001101000011100010011101000101101111000
runNumber 28
genCount 13373
elapsedTime 600.002
unaryHyperVol 391
binaryHyperVol 10.0833
additiveEps 0.666667
entropy 0.509891
archive 28
2
3 6  100 1010000111010101110000111100101001111010111010000010110111010001101000010001100011101000011101111000
2 7  100 1010000111011101110000111100101001111010111010000010110111010001101000011100010011101000101101111000
runNumber 29
genCount 12852
elapsedTime 599.936
unaryHyperVol 412
binaryHyperVol 0
additiveEps 0
entropy 0.326634
archive 29
4
6 4  100 0000000111011101110000111100101001111010110101000010110111010001101000011101000011101000101101111000
5 5  100 0000000111011110110000111100101001111010110101000010110111010001101000011101000011101000101101111000
3 6  100 1010000111010101110000111100101001111010111010000010110111010001101000011101100011101000101101111000
2 7  100 0000000111011101110000111100101001111010111010000010110111010001101000011100010011101000101101111000
