OptimalFront
unaryHyperVol 116
4
8 23  200 10111010111011010000010101110011101000110010101011000111011010101110000100000101111000000000011111101010111010101101001101000010011011010001000110100111010000001100010000110110010101000010010011110000
6 24  200 10111010111011010000010101110011101000110010101011000111011010101110000100000101111000000000011111101010111010101101001101000010011011010001000110100111011000001100010000110110010101000010010011110000
4 26  200 10111010111011010000010101110011101000110010101011000011011010101110000100000101111000000000011111101010111010101101001101000010011011010001000110100111011010001100010000110110010101000010010011110000
3 27  200 10111010111011010000010101110011101000110010101011000011011010101110000100000101111000000000011111101010111010101101001101000010011011010001000110100111011010001100010000010110010101000010010011110000
-------------------------
runNumber 0
genCount 3563
elapsedTime 599.953
unaryHyperVol 116
binaryHyperVol 0
additiveEps 0
entropy 0.326634
archive 0
4
8 23  200 10111010111011010000010101110011101000110010101011000111011010101110000100000101111000000000011111101010111010101101001101000010011011010001000110100111010000001100010000110110010101000010010011110000
6 24  200 10111010111011010000010101110011101000110010101011000111011010101110000100000101110000000000011111101010111010101101001101000010011011010001000110100111011000001100010000110110010101000010010011110000
4 26  200 10111010111011010000010101110011101000110010101011000011011010101110000100000101111000000000011111101010111010101101001101000010011011010001000110100111011010001100010000110110010101000010010011110000
3 27  200 10111010111011010000010101110011101000110010101011000011011010101110000100000101111000000000011111101010111010101101001101000010011011010001000110100111011010001100010000010110010101000010010011110000
runNumber 1
genCount 3717
elapsedTime 600.042
unaryHyperVol 100
binaryHyperVol 3.66667
additiveEps 0.333333
entropy 0.451261
archive 1
4
8 25  200 10111010110101010000010101110011101000110010101011000111011010101110000110101001111000000000011101011010111010101101001101000010011011010001000110100111010000001100010000110110010101000010010011110000
6 26  200 10111010110101010000010101110011101000110010101011000111011010101110000110101001111000000000011101011010111010101101001101000010011011010001000110100111011000001100010000110110010101000010010011110000
4 28  200 10111010110101010000010101110011101000110010101011000011011010101110000110101001111000000000011101011010111010101101001101000010011011010001000110100111011010001100010000110110010101000010010011110000
3 29  200 10111010110101010000010101110011101000110010101011000011011010101110000110101001111000000000011101011010111010101101001101000010011011010001000110100111011010001100010000010110010101000010010011110000
runNumber 2
genCount 3713
elapsedTime 599.796
unaryHyperVol 116
binaryHyperVol 0
additiveEps 0
entropy 0.326634
archive 2
4
8 23  200 10111010111011010000010101110011101000110010101011000111011010101110000100000101111000000000011111101010111010101101001101000010011011010001000110100111010000001100010000110110010101000010010011110000
6 24  200 10111010111011010000010101110011101000110010101011000111011010101110000100000101111000000000011111101010111010101101001101000010011011010001000110100111011000001100010000110110010101000010010011110000
4 26  200 10111010111011010000010101110011101000110010101011000011011010101110000100000101111000000000011111101010111010101101001101000010011011010001000110100111011010001100010000110110010101000010010011110000
3 27  200 10111010111011010000010101110011101000110010101011000011011010101110000100000101111000000000011111101010111010101101001101000010011011010001000110100111011010001100010000010110010101000010010011110000
runNumber 3
genCount 3577
elapsedTime 599.715
unaryHyperVol 76
binaryHyperVol 13.8571
additiveEps 0.571429
entropy 0.427067
archive 3
3
8 27  200 10000110111011010000010101110011101000110010101011000111011010101110000110100001110000001001001101011010111010101101001101000010011011010001000110100111010000001100010001010110000001000010010011110000
6 28  200 10000110111011010000010101110011101000110010101011000111011010101110000110100001110000001001001101011010111010101101001101000010011011010001000110100111011000001100010001010110000001000010010011110000
4 30  200 10000110111011010000010101110011101000110010101011000011011010101110000110100001110000001001001101011010111010101101001101000010011011010001000110100111011010001100010001010110000001000010010011110000
runNumber 4
genCount 3600
elapsedTime 599.889
unaryHyperVol 48
binaryHyperVol 25.9
additiveEps 1
entropy 0
archive 4
1
5 31  200 10111010111000010000010101110000101000010010101011000100011010101110000110101001111000001001011101011010111010101101001101000010011011010010100110100111011010001100010000110001010100110010010011110000
runNumber 5
genCount 3652
elapsedTime 599.904
unaryHyperVol 116
binaryHyperVol 0
additiveEps 0
entropy 0.326634
archive 5
4
8 23  200 10111010111011010000010101110011101000110010101011000111011010101110000100000101111000000000011111101010111010101101001101000010011011010001000110100111010000001100010000110110010101000010010011110000
6 24  200 10111010111011010000010101110011101000110010101011000111011010101110000100000101111000000000011111101010111010101101001101000010011011010001000110100111011000001100010000110110010101000010010011110000
4 26  200 10111010111011010000010101110011101000110010101011000011011010101110000100000101111000000000011111101010111010101101001101000010011011010001000110100111011010001100010000110110010101000010010011110000
3 27  200 10111010111011010000010101110011101000110010101011000011011010101110000100000101111000000000011111101010111010101101001101000010011011010001000110100111011010001100010000010110010101000010010011110000
runNumber 6
genCount 3580
elapsedTime 599.809
unaryHyperVol 78
binaryHyperVol 20.6
additiveEps 0.5
entropy 0.475082
archive 6
2
8 25  200 10111010111011010000010101110011101000110010101011110111011010101110000100000101111000000000011111101010111010101111011101000010011011011001000110100111010000011100010000010110010100110010010011110000
5 27  200 10111010111011010000010101110011101000110010101011110111011010101110000100000101111000000000011111101010111010101101001101000010011011010001000110100111011000011100010000010110010100110010010011110000
runNumber 7
genCount 3680
elapsedTime 599.941
unaryHyperVol 108
binaryHyperVol 2.2
additiveEps 0.2
entropy 0.482997
archive 7
4
8 24  200 10111010110101010000010101110011101000110010101011000111011010101110000110101001111000001001011111101010111010101101001101000010011011010001000110100111010000001100010000110110010101000010010011110000
6 25  200 10111010110101010000010101110011101000110010101011000111011010101110000110101001111000001001011111101010111010101101001101000010011011010001000110100111011000001100010000110110010101000010010011110000
4 27  200 10111010110101010000010101110011101000110010101011000011011010101110000110101001111000001001011111101010111010101101001101000010011011010001000110100111011010001100010000110110010101000010010011110000
3 28  200 10111010110101010000010101110011101000110010101011000011011010101110000110101001111000001001011111101010111010101101001101000010011011010001000110100111011010001100010000010110010101000010010011110000
runNumber 8
genCount 3698
elapsedTime 599.773
unaryHyperVol 77
binaryHyperVol 18.12
additiveEps 1
entropy 0
archive 8
1
4 28  200 10111010110101010000010101110011101000110010101011110111011010101110000110101001111000001001011111101010111010101101001101000010011011010001000110100111000101001100010010010110010101000010010011110000
runNumber 9
genCount 3927
elapsedTime 600.007
unaryHyperVol 0
binaryHyperVol 333
additiveEps 333
entropy 333
archive 9
0
runNumber 10
genCount 3857
elapsedTime 599.798
unaryHyperVol 77
binaryHyperVol 18.12
additiveEps 1
entropy 0
archive 10
1
4 28  200 10111010110101010000010101110011101000110010101011110111011010101110000110101001111000001001011111101010111010101101001101000010011011010001000110100111000101001100010010010110010101000010010011110000
runNumber 11
genCount 3899
elapsedTime 599.853
unaryHyperVol 108
binaryHyperVol 2.2
additiveEps 0.2
entropy 0.482997
archive 11
4
8 24  200 10111010110101010000010101110011101000110010101011000111011010101110000110101001111000001001011111101010111010101101001101000010011011010001000110100111010000001100010000110110010101000010010011110000
6 25  200 10111010110101010000010101110011101000110010101011000111011010101110000110101001110000001001011111101010111010101101001101000010011011010001000110100111011000001100010000110110010101000010010011110000
4 27  200 10111010110101010000010101110011101000110010101011000011011010101110000110101001111000001001011111101010111010101101001101000010011011010001000110100111011010001100010000110110010101000010010011110000
3 28  200 10111010110101010000010101110011101000110010101011000011011010101110000110101001111000001001011111101010111010101101001101000010011011010001000110100111011010001100010000010110010101000010010011110000
runNumber 12
genCount 3801
elapsedTime 599.806
unaryHyperVol 116
binaryHyperVol 0
additiveEps 0
entropy 0.326634
archive 12
4
8 23  200 10111010111011010000010101110011101000110010101011000111011010101110000100000101111000000000011111101010111010101101001101000010011011010001000110100111010000001100010000110110010101000010010011110000
6 24  200 10111010111011010000010101110011101000110010101011000111011010101110000100000101111000000000011111101010111010101101001101000010011011010001000110100111011000001100010000110110010101000010010011110000
4 26  200 10111010111011010000010101110011101000110010101011000011011010101110000100000101111000000000011111101010111010101101001101000010011011010001000110100111011010001100010000110110010101000010010011110000
3 27  200 10111010111011010000010101110011101000110010101011000011011010101110000100000101111000000000011111101010111010101101001101000010011011010001000110100111011010001100010000010110010101000010010011110000
runNumber 13
genCount 3613
elapsedTime 599.846
unaryHyperVol 108
binaryHyperVol 2.2
additiveEps 0.2
entropy 0.482997
archive 13
4
8 24  200 10111010111011010000010101110011101000110010101011000111011010101101010100000101111000000000011111101010111010101101001101000010011011010001000110100111010000001100010000110110010101000010010011110000
6 25  200 10111010111011010000010101110011101000110010101011000111011010101101010100000101111000000000011111101010111010101101001101000010011011010001000110100111011000001100010000110110010101000010010011110000
4 27  200 10111010111011010000010101110011101000110010101011000011011010101101010100000101110000000000011111101010111010101101001101000010011011010001000110100111011010001100010000110110010101000010010011110000
3 28  200 10111010111011010000010101110011101000110010101011000011011010101101010100000101111000000000011111101010111010101101001101000010011011010001000110100111011010001100010000010110010101000010010011110000
runNumber 14
genCount 3750
elapsedTime 599.893
unaryHyperVol 108
binaryHyperVol 2.2
additiveEps 0.2
entropy 0.482997
archive 14
4
8 24  200 10111010110101010000010101110011101000110010101011000111011010101110000110101001111000001001011111101010111010101101001101000010011011010001000110100111010000001100010000110110010101000010010011110000
6 25  200 10111010110101010000010101110011101000110010101011000111011010101110000110101001111000001001011111101010111010101101001101000010011011010001000110100111011000001100010000110110010101000010010011110000
4 27  200 10111010110101010000010101110011101000110010101011000011011010101110000110101001111000001001011111101010111010101101001101000010011011010001000110100111011010001100010000110110010101000010010011110000
3 28  200 10111010110101010000010101110011101000110010101011000011011010101110000110101001111000001001011111101010111010101101001101000010011011010001000110100111011010001100010000010110010101000010010011110000
runNumber 15
genCount 3871
elapsedTime 599.843
unaryHyperVol 115
binaryHyperVol 0.04
additiveEps 0.2
entropy 0.439822
archive 15
4
8 23  200 10111010111011010000010101110011101000110010101011000111011010101110000110100001111000001001001111101010111010101101001101000010011011010001000110100111010000001100010000110110010101000010010011110000
6 24  200 10111010111011010000010101110011101000110010101011000111011010101110000110100001111000001001001111101010111010101101001101000010011011010001000110100111011000001100010000110110010101000010010011110000
4 26  200 10111010111011010000010101110011101000110010101011000011011010101110000110100001111000001001001111101010111010101101001101000010011011010001000110100111011010001100010000110110010101000010010011110000
3 28  200 10111010110101010000010101110011101000110010101011000011011010101110000110101001111000000000011111101010111010101101001101000010011011010001000110100111011010001100010000010110010101000010010011110000
runNumber 16
genCount 3972
elapsedTime 599.872
unaryHyperVol 70
binaryHyperVol 18.2
additiveEps 1
entropy 0
archive 16
1
4 29  200 10111010110101010000010101110011101000110010101011110111011010101101010110101001111000001001011111101010111010101101001101000010011011010001000110100111000101001100010010010110010101000010010011110000
runNumber 17
genCount 3866
elapsedTime 599.932
unaryHyperVol 104
binaryHyperVol 7.6
additiveEps 0.2
entropy 0.482558
archive 17
3
8 23  200 10111010111011010000010101110011101000110010101011000111011010101110000110100001111000001001001111101010111010101101001101000010011011010001000110100111010000001100010000110110010101000010010011110000
6 24  200 10111010111011010000010101110011101000110010101011000111011010101110000110100001111000001001001111101010111010101101001101000010011011010001000110100111011000001100010000110110010101000010010011110000
4 26  200 10111010111011010000010101110011101000110010101011000011011010101110000110100001111000001001001111101010111010101101001101000010011011010001000110100111011010001100010000110110010101000010010011110000
runNumber 18
genCount 3747
elapsedTime 599.975
unaryHyperVol 100
binaryHyperVol 3.66667
additiveEps 0.333333
entropy 0.451261
archive 18
4
8 25  200 10111010110101010000010101110011101000110010101011000111011010101101010110101001111000001001011111101010111010101101001101000010011011010001000110100111010000001100010000110110010101000010010011110000
6 26  200 10111010110101010000010101110011101000110010101011000111011010101101010110101001111000001001011111101010111010101101001101000010011011010001000110100111011000001100010000110110010101000010010011110000
4 28  200 10111010110101010000010101110011101000110010101011000011011010101101010110101001111000001001011111101010111010101101001101000010011011010001000110100111011010001100010000110110010101000010010011110000
3 29  200 10111010110101010000010101110011101000110010101011000011011010101101010110101001111000001001011111101010111010101101001101000010011011010001000110100111011010001100010000010110010101000010010011110000
runNumber 19
genCount 3721
elapsedTime 599.934
unaryHyperVol 91
binaryHyperVol 15.25
additiveEps 0.4
entropy 0.468768
archive 19
3
8 23  200 10111010111011010000010101110011101000110010101011000111011010101110000110100001110000001001011100101010101010101101010001000010011011010001000110100111010000001100100000110110010101000010010011110000
6 24  200 10111010111011010000010101110011101000110010101011000111011010101110000110100001111000001001011100101010101010101101010001000010011011010001000110100111011000001100100000110110010101000010010011110000
5 26  200 10111010111011010000010101110011101000110010101011000011011010101110000110100001110000001001011100101010101010101101010001000010011011010001000110100111011010001100100000110110010101000010010011110000
runNumber 20
genCount 3746
elapsedTime 599.733
unaryHyperVol 77
binaryHyperVol 18.12
additiveEps 1
entropy 0
archive 20
1
4 28  200 10111010110101010000010101110011101000110010101011110111011010101110000110101001111000001001011111101010111010101101001101000010011011010001000110100111000101001100010010010110010101000010010011110000
runNumber 21
genCount 3948
elapsedTime 600.015
unaryHyperVol 0
binaryHyperVol 333
additiveEps 333
entropy 333
archive 21
0
runNumber 22
genCount 3787
elapsedTime 599.816
unaryHyperVol 42
binaryHyperVol 25.9333
additiveEps 1
entropy 0
archive 22
1
5 32  200 10000110110101010000010101110011101000010010101011000100011010101110000110101001111000001001011101011010111010101111101101000010011011010010100110100111011010001100001101010110010101000010010011110000
runNumber 23
genCount 3742
elapsedTime 599.96
unaryHyperVol 108
binaryHyperVol 2.2
additiveEps 0.2
entropy 0.482997
archive 23
4
8 24  200 10111010110101010000010101110011101000110010101011000111011010101110000110101001111000001001011111101010111010101101001101000010011011010001000110100111010000001100010000110110010101000010010011110000
6 25  200 10111010110101010000010101110011101000110010101011000111011010101110000110101001111000001001011111101010111010101101001101000010011011010001000110100111011000001100010000110110010101000010010011110000
4 27  200 10111010110101010000010101110011101000110010101011000011011010101110000110101001111000001001011111101010111010101101001101000010011011010001000110100111011010001100010000110110010101000010010011110000
3 28  200 10111010110101010000010101110011101000110010101011000011011010101110000110101001111000001001011111101010111010101101001101000010011011010001000110100111011010001100010000010110010101000010010011110000
runNumber 24
genCount 3598
elapsedTime 599.925
unaryHyperVol 116
binaryHyperVol 0
additiveEps 0
entropy 0.326634
archive 24
4
8 23  200 10111010111011010000010101110011101000110010101011000111011010101110000100000101110000000000011111101010111010101101001101000010011011010001000110100111010000001100010000110110010101000010010011110000
6 24  200 10111010111011010000010101110011101000110010101011000111011010101110000100000101111000000000011111101010111010101101001101000010011011010001000110100111011000001100010000110110010101000010010011110000
4 26  200 10111010111011010000010101110011101000110010101011000011011010101110000100000101110000000000011111101010111010101101001101000010011011010001000110100111011010001100010000110110010101000010010011110000
3 27  200 10111010111011010000010101110011101000110010101011000011011010101110000100000101111000000000011111101010111010101101001101000010011011010001000110100111011010001100010000010110010101000010010011110000
runNumber 25
genCount 3740
elapsedTime 600.058
unaryHyperVol 76
binaryHyperVol 13.8571
additiveEps 0.571429
entropy 0.427067
archive 25
3
8 27  200 10111010111011010000010101110011101000110010101011000111011010101101010110100001111000001001001111101010111010101101001101101010011011010001000110100111010000001101001101010011010101000010010011110000
6 28  200 10111010111011010000010101110011101000110010101011000111011010101101010110100001111000001001001111101010111010101101001101101010011011010001000110100111011000001101001101010011010101000010010011110000
4 30  200 10111010111011010000010101110011101000110010101011000011011010101101010110100001111000001001001111101010111010101101001101101010011011010001000110100111011010001101001101010011010101000010010011110000
runNumber 26
genCount 3767
elapsedTime 599.766
unaryHyperVol 116
binaryHyperVol 0
additiveEps 0
entropy 0.326634
archive 26
4
8 23  200 10111010111011010000010101110011101000110010101011000111011010101110000100000101111000000000011111101010111010101101001101000010011011010001000110100111010000001100010000110110010101000010010011110000
6 24  200 10111010111011010000010101110011101000110010101011000111011010101110000100000101111000000000011111101010111010101101001101000010011011010001000110100111011000001100010000110110010101000010010011110000
4 26  200 10111010111011010000010101110011101000110010101011000011011010101110000100000101111000000000011111101010111010101101001101000010011011010001000110100111011010001100010000110110010101000010010011110000
3 27  200 10111010111011010000010101110011101000110010101011000011011010101110000100000101111000000000011111101010111010101101001101000010011011010001000110100111011010001100010000010110010101000010010011110000
runNumber 27
genCount 3915
elapsedTime 599.782
unaryHyperVol 77
binaryHyperVol 18.12
additiveEps 1
entropy 0
archive 27
1
4 28  200 10111010110101010000010101110011101000110010101011110111011010101110000110101001111000000000011111101010111010101101001101000010011011010001000110100111000101001100010010010110010101000010010011110000
runNumber 28
genCount 3749
elapsedTime 599.785
unaryHyperVol 108
binaryHyperVol 2.2
additiveEps 0.2
entropy 0.482997
archive 28
4
8 24  200 10111010110101010000010101110011101000110010101011000111011010101110000110101001111000001001011111101010111010101101001101000010011011010001000110100111010000001100010000110110010101000010010011110000
6 25  200 10111010110101010000010101110011101000110010101011000111011010101110000110101001111000001001011111101010111010101101001101000010011011010001000110100111011000001100010000110110010101000010010011110000
4 27  200 10111010110101010000010101110011101000110010101011000011011010101110000110101001111000001001011111101010111010101101001101000010011011010001000110100111011010001100010000110110010101000010010011110000
3 28  200 10111010110101010000010101110011101000110010101011000011011010101110000110101001111000001001011111101010111010101101001101000010011011010001000110100111011010001100010000010110010101000010010011110000
runNumber 29
genCount 3928
elapsedTime 599.885
unaryHyperVol 0
binaryHyperVol 333
additiveEps 333
entropy 333
archive 29
0
