OptimalFront
unaryHyperVol 296
3
6 8  100 1011110111010011011000111110101011101011101110010110110011011010101010001010100001010010011010011001
4 9  100 1011110111010011011000011110101011101011101110010110110011011010101010001010100001010010011010011001
3 10  100 0111000101010011010000111110101011101011101110010110110011011010101010001010100001010010011010011001
-------------------------
runNumber 0
genCount 5404
elapsedTime 599.984
unaryHyperVol 296
binaryHyperVol 0
additiveEps 0
entropy 0.270001
archive 0
3
6 8  100 1011000111010011010000111110101011101011101110010110110011011010101010001010100001010010011010011001
4 9  100 1011000111010011010000011110101011101011101110010110110011011010101010001010100001010010011010011001
3 10  100 0111000101010011010000111110101011101011101110010110110011011010101010001010100001010010011010011001
runNumber 1
genCount 5395
elapsedTime 599.935
unaryHyperVol 296
binaryHyperVol 0
additiveEps 0
entropy 0.270001
archive 1
3
6 8  100 1011110111010011011000111110101011101011101110010110110011011010101010001010100001010010011010011001
4 9  100 1011110111010011011000011110101011101011101110010110110011011010101010001010100001010010011010011001
3 10  100 0111110101010011011000111110101011101011101110010110110011011010101010001010100001010010011010011001
runNumber 2
genCount 5565
elapsedTime 600.002
unaryHyperVol 277
binaryHyperVol 8.55556
additiveEps 0.666667
entropy 0.49717
archive 2
2
6 10  100 1000110111010100011000111110101011101011101110010110110011011010101010001010100001010010011010011001
3 11  100 1000110111100100011000111110101011101011101110010110110011011010101010001010100001010010011010011001
runNumber 3
genCount 5409
elapsedTime 599.867
unaryHyperVol 295
binaryHyperVol 0.111111
additiveEps 0.333333
entropy 0.46166
archive 3
3
6 8  100 1011110111010011011000111110101011101011101110010110110011011010101010001010100001010010011010011001
4 9  100 1011110111010011011000011110101011101011101110010110110011011010101010001010100001010010011010011001
3 11  100 1011110111101011011000111110101011101011101110010110110011011010101010001000000001010010011010011001
runNumber 4
genCount 5523
elapsedTime 600.007
unaryHyperVol 296
binaryHyperVol 0
additiveEps 0
entropy 0.270001
archive 4
3
6 8  100 1011110111010011011000111110101011101011101110010110110011011010101010001010100001010010011010011001
4 9  100 1011110111010011011000011110101011101011101110010110110011011010101010001010100001010010011010011001
3 10  100 0111110101010011011000111110101011101011101110010110110011011010101010001010100001010010011010011001
runNumber 5
genCount 5470
elapsedTime 599.937
unaryHyperVol 296
binaryHyperVol 0
additiveEps 0
entropy 0.270001
archive 5
3
6 8  100 1011110111010011011000111110101011101011101110010110110011011010101010001010100001010010011010011001
4 9  100 1011110111010011011000011110101011101011101110010110110011011010101010001010100001010010011010011001
3 10  100 0111110101010011011000111110101011101011101110010110110011011010101010001010100001010010011010011001
runNumber 6
genCount 5320
elapsedTime 599.978
unaryHyperVol 295
binaryHyperVol 0.111111
additiveEps 0.333333
entropy 0.46166
archive 6
3
6 8  100 1011110111010011011000111110101011101011101110010110110011011010101010001010100001010010011010011001
4 9  100 1011110111010011011000011110101011101011101110010110110011011010101010001010100001010010011010011001
3 11  100 1011110111101011011000111110101011101011101110010110110011011010101010001000000001010010011010011001
runNumber 7
genCount 5342
elapsedTime 599.976
unaryHyperVol 296
binaryHyperVol 0
additiveEps 0
entropy 0.270001
archive 7
3
6 8  100 1011110111010011011000111110101011101011101110010110110011011010101010001010100001010010011010011001
4 9  100 1011110111010011011000011110101011101011101110010110110011011010101010001010100001010010011010011001
3 10  100 0111110101010011011000111110101011101011101110010110110011011010101010001010100001010010011010011001
runNumber 8
genCount 5461
elapsedTime 599.955
unaryHyperVol 295
binaryHyperVol 0.111111
additiveEps 0.333333
entropy 0.46166
archive 8
3
6 8  100 1011110111010011011000111110101011101011101110010110110011011010101010001010100001010010011010011001
4 9  100 1011110111010011011000011110101011101011101110010110110011011010101010001010100001010010011010011001
3 11  100 1000110111100100011000111110101011101011101110010110110011011010101010001010100001010010011010011001
runNumber 9
genCount 5321
elapsedTime 600.019
unaryHyperVol 296
binaryHyperVol 0
additiveEps 0
entropy 0.270001
archive 9
3
6 8  100 1011110111010011011000111110101011101011101110010110110011011010101010001010100001010010011010011001
4 9  100 1011110111010011011000011110101011101011101110010110110011011010101010001010100001010010011010011001
3 10  100 0111110101010011011000111110101011101011101110010110110011011010101010001010100001010010011010011001
runNumber 10
genCount 5468
elapsedTime 599.958
unaryHyperVol 296
binaryHyperVol 0
additiveEps 0
entropy 0.270001
archive 10
3
6 8  100 1011110111010011011000111110101011101011101110010110110011011010101010001010100001010010011010011001
4 9  100 1011110111010011011000011110101011101011101110010110110011011010101010001010100001010010011010011001
3 10  100 0111110101010011011000111110101011101011101110010110110011011010101010001010100001010010011010011001
runNumber 11
genCount 5395
elapsedTime 599.973
unaryHyperVol 296
binaryHyperVol 0
additiveEps 0
entropy 0.270001
archive 11
3
6 8  100 1011000111010011010000111110101011101011101110010110110011011010101010001010100001010010011010011001
4 9  100 1011000111010011010000011110101011101011101110010110110011011010101010001010100001010010011010011001
3 10  100 0111000101010011010000111110101011101011101110010110110011011010101010001010100001010010011010011001
runNumber 12
genCount 5420
elapsedTime 599.892
unaryHyperVol 296
binaryHyperVol 0
additiveEps 0
entropy 0.270001
archive 12
3
6 8  100 1011110111010011011000111110101011101011101110010110110011011010101010001010100001010010011010011001
4 9  100 1011110111010011011000011110101011101011101110010110110011011010101010001010100001010010011010011001
3 10  100 0111110101010011011000111110101011101011101110010110110011011010101010001010100001010010011010011001
runNumber 13
genCount 5410
elapsedTime 600.025
unaryHyperVol 295
binaryHyperVol 0.111111
additiveEps 0.333333
entropy 0.46166
archive 13
3
6 8  100 1011110111010011011000111110101011101011101110010110110011011010101010001010100001010010011010011001
4 9  100 1011110111010011011000011110101011101011101110010110110011011010101010001010100001010010011010011001
3 11  100 1011110111101011011000111110101011101011101110010110110011011010101010001000000001010010011010011001
runNumber 14
genCount 5392
elapsedTime 599.92
unaryHyperVol 296
binaryHyperVol 0
additiveEps 0
entropy 0.270001
archive 14
3
6 8  100 1011110111010011011000111110101011101011101110010110110011011010101010001010100001010010011010011001
4 9  100 1011110111010011011000011110101011101011101110010110110011011010101010001010100001010010011010011001
3 10  100 0111110101010011011000111110101011101011101110010110110011011010101010001010100001010010011010011001
runNumber 15
genCount 5421
elapsedTime 599.949
unaryHyperVol 295
binaryHyperVol 0.111111
additiveEps 0.333333
entropy 0.46166
archive 15
3
6 8  100 1011000111010011010000111110101011101011101110010110110011011010101010001010100001010010011010011001
4 9  100 1011000111010011010000011110101011101011101110010110110011011010101010001010100001010010011010011001
3 11  100 1011000111101011010000111110101011101011101110010110110011011010101010001000000001010010011010011001
runNumber 16
genCount 5490
elapsedTime 599.969
unaryHyperVol 295
binaryHyperVol 0.111111
additiveEps 0.333333
entropy 0.46166
archive 16
3
6 8  100 1011110111010011011000111110101011101011101110010110110011011010101010001010100001010010011010011001
4 9  100 1011110111010011011000011110101011101011101110010110110011011010101010001010100001010010011010011001
3 11  100 1011110111101011011000111110101011101011101110010110110011011010101010001000000001010010011010011001
runNumber 17
genCount 5478
elapsedTime 600.017
unaryHyperVol 295
binaryHyperVol 0.111111
additiveEps 0.333333
entropy 0.46166
archive 17
3
6 8  100 1011110111010011011000111110101011101011101110010110110011011010101010001010100001010010011010011001
4 9  100 1011110111010011011000011110101011101011101110010110110011011010101010001010100001010010011010011001
3 11  100 1011110111101011011000111110101011101011101110010110110011011010101010001000000001010010011010011001
runNumber 18
genCount 5378
elapsedTime 599.846
unaryHyperVol 296
binaryHyperVol 0
additiveEps 0
entropy 0.270001
archive 18
3
6 8  100 1011110111010011011000111110101011101011101110010110110011011010101010001010100001010010011010011001
4 9  100 1011110111010011011000011110101011101011101110010110110011011010101010001010100001010010011010011001
3 10  100 0111110101010011011000111110101011101011101110010110110011011010101010001010100001010010011010011001
runNumber 19
genCount 5438
elapsedTime 600.003
unaryHyperVol 295
binaryHyperVol 0.111111
additiveEps 0.333333
entropy 0.46166
archive 19
3
6 8  100 1011110111010011011000111110101011101011101110010110110011011010101010001010100001010010011010011001
4 9  100 1011110111010011011000011110101011101011101110010110110011011010101010001010100001010010011010011001
3 11  100 1011110111101011011000111110101011101011101110010110110011011010101010001000000001010010011010011001
runNumber 20
genCount 5401
elapsedTime 599.931
unaryHyperVol 268
binaryHyperVol 12.3333
additiveEps 0.333333
entropy 0.488066
archive 20
2
6 8  100 1011000111010011010000111110101011101011101110010110110011011010101010001010100001010010011010011001
4 9  100 1011000111010011010000011110101011101011101110010110110011011010101010001010100001010010011010011001
runNumber 21
genCount 5343
elapsedTime 600.011
unaryHyperVol 295
binaryHyperVol 0.111111
additiveEps 0.333333
entropy 0.46166
archive 21
3
6 8  100 1011110111010011011000111110101011101011101110010110110011011010101010001010100001010010011010011001
4 9  100 1011110111010011011000011110101011101011101110010110110011011010101010001010100001010010011010011001
3 11  100 1011110111101011011000111110101011101011101110010110110011011010101010001000000001010010011010011001
runNumber 22
genCount 5380
elapsedTime 599.943
unaryHyperVol 295
binaryHyperVol 0.111111
additiveEps 0.333333
entropy 0.46166
archive 22
3
6 8  100 1011110111010011011000111110101011101011101110010110110011011010101010001010100001010010011010011001
4 9  100 1011110111010011011000011110101011101011101110010110110011011010101010001010100001010010011010011001
3 11  100 1011110111101011011000111110101011101011101110010110110011011010101010001000000001010010011010011001
runNumber 23
genCount 5748
elapsedTime 600.042
unaryHyperVol 295
binaryHyperVol 0.111111
additiveEps 0.333333
entropy 0.46166
archive 23
3
6 8  100 1011110111010011011000111110101011101011101110010110110011011010101010001010100001010010011010011001
4 9  100 1011110111010011011000011110101011101011101110010110110011011010101010001010100001010010011010011001
3 11  100 1011110111101011011000111110101011101011101110010110110011011010101010001000000001010010011010011001
runNumber 24
genCount 5592
elapsedTime 599.96
unaryHyperVol 295
binaryHyperVol 0.111111
additiveEps 0.333333
entropy 0.46166
archive 24
3
6 8  100 1011110111010011011000111110101011101011101110010110110011011010101010001010100001010010011010011001
4 9  100 1011110111010011011000011110101011101011101110010110110011011010101010001010100001010010011010011001
3 11  100 1000110111100100011000111110101011101011101110010110110011011010101010001010100001010010011010011001
runNumber 25
genCount 5473
elapsedTime 599.988
unaryHyperVol 296
binaryHyperVol 0
additiveEps 0
entropy 0.270001
archive 25
3
6 8  100 1011110111010011011000111110101011101011101110010110110011011010101010001010100001010010011010011001
4 9  100 1011110111010011011000011110101011101011101110010110110011011010101010001010100001010010011010011001
3 10  100 0111110101010011011000111110101011101011101110010110110011011010101010001010100001010010011010011001
runNumber 26
genCount 5364
elapsedTime 599.997
unaryHyperVol 295
binaryHyperVol 0.111111
additiveEps 0.333333
entropy 0.46166
archive 26
3
6 8  100 1011110111010011011000111110101011101011101110010110110011011010101010001010100001010010011010011001
4 9  100 1011110111010011011000011110101011101011101110010110110011011010101010001010100001010010011010011001
3 11  100 1011110111101011011000111110101011101011101110010110110011011010101010001000000001010010011010011001
runNumber 27
genCount 5575
elapsedTime 599.899
unaryHyperVol 295
binaryHyperVol 0.111111
additiveEps 0.333333
entropy 0.46166
archive 27
3
6 8  100 1011110111010011011000111110101011101011101110010110110011011010101010001010100001010010011010011001
4 9  100 1011110111010011011000011110101011101011101110010110110011011010101010001010100001010010011010011001
3 11  100 1000110111100100011000111110101011101011101110010110110011011010101010001010100001010010011010011001
runNumber 28
genCount 5342
elapsedTime 600.039
unaryHyperVol 296
binaryHyperVol 0
additiveEps 0
entropy 0.270001
archive 28
3
6 8  100 1011110111010011011000111110101011101011101110010110110011011010101010001010100001010010011010011001
4 9  100 1011110111010011011000011110101011101011101110010110110011011010101010001010100001010010011010011001
3 10  100 0111110101010011011000111110101011101011101110010110110011011010101010001010100001010010011010011001
runNumber 29
genCount 5485
elapsedTime 599.958
unaryHyperVol 295
binaryHyperVol 0.111111
additiveEps 0.333333
entropy 0.46166
archive 29
3
6 8  100 1011110111010011011000111110101011101011101110010110110011011010101010001010100001010010011010011001
4 9  100 1011110111010011011000011110101011101011101110010110110011011010101010001010100001010010011010011001
3 11  100 1000110111100100011000111110101011101011101110010110110011011010101010001010100001010010011010011001
