OptimalFront
unaryHyperVol 325
3
6 8  100 0100011101110100101001000110011111010101001010000110010001101011001001111001100001100010110011110010
5 9  100 0100011101110100101001000110011111101101001010000110010001101011001010111001100001100010111011110110
3 10  100 0100011101010100101010000101011111101101001010000110010001101011001010111001100001010010111011110110
-------------------------
runNumber 0
genCount 33008
elapsedTime 599.972
unaryHyperVol 317
binaryHyperVol 4.11111
additiveEps 0.333333
entropy 0.466686
archive 0
3
5 9  100 0100011101110100101001000101011111010101001010000110010001101011001010111001100001100010111011110110
4 10  100 0100011101010100101001000101011111010101001010000110010001101011001010111001100001100010111011110110
3 11  100 0100010101010100101001000101011111010101001010000110010001101011001010111001100001100010111011110110
runNumber 1
genCount 33447
elapsedTime 599.986
unaryHyperVol 317
binaryHyperVol 4.11111
additiveEps 0.333333
entropy 0.466686
archive 1
3
5 9  100 0100011101110100101001000101011111101101001010000110010001101011001010111001100001100010111011110110
4 10  100 0100011101110000101001000101011111101101001010000110010001101011001010111001100001100010111011110110
3 11  100 0100010101010100101001000101011111101101001010000110010001101011001010111001100001100010111011110110
runNumber 2
genCount 33528
elapsedTime 599.966
unaryHyperVol 317
binaryHyperVol 4.11111
additiveEps 0.333333
entropy 0.466686
archive 2
3
5 9  100 0100011101110100101001000110011111101101001010000110010001101011001010111001100001100010111011110110
4 10  100 0100011101110000101001000110011111101101001010000110010001101011001010111001100001100010111011110110
3 11  100 0100010101010100101001000110011111101101001010000110010001101011001010111001100001100010111011110110
runNumber 3
genCount 33535
elapsedTime 599.994
unaryHyperVol 317
binaryHyperVol 4.11111
additiveEps 0.333333
entropy 0.466686
archive 3
3
5 9  100 0100011101110100101001000110011111101101001010000110010001101011001010111001100001100010111011110110
4 10  100 0100011101010100101001000110011111101101001010000110010001101011001010111001100001100010111011110110
3 11  100 0100010101010100101001000110011111101101001010000110010001101011001010111001100001100010111011110110
runNumber 4
genCount 33573
elapsedTime 599.949
unaryHyperVol 317
binaryHyperVol 4.11111
additiveEps 0.333333
entropy 0.466686
archive 4
3
5 9  100 0100011101110100101001000110011111101101001010000110010001101011001010111001100001100010111011110110
4 10  100 0100011101110000101001000110011111101101001010000110010001101011001010111001100001100010111011110110
3 11  100 0100010101010100101001000110011111101101001010000110010001101011001010111001100001100010111011110110
runNumber 5
genCount 33480
elapsedTime 599.932
unaryHyperVol 317
binaryHyperVol 4.11111
additiveEps 0.333333
entropy 0.466686
archive 5
3
5 9  100 0100011101110100101001000110011111010101001010000110010001101011001010111001100001100010111011110110
4 10  100 0100011101010100101001000110011111010101001010000110010001101011001010111001100001100010111011110110
3 11  100 0100010101010100101001000110011111010101001010000110010001101011001010111001100001100010111011110110
runNumber 6
genCount 33625
elapsedTime 599.933
unaryHyperVol 318
binaryHyperVol 6
additiveEps 0.5
entropy 0.488066
archive 6
2
5 9  100 0100011101110100101010000110011111101101001010000110010001101011001010111001100001010010111011110110
3 10  100 0100011101010100101010000110011111101101001010000110010001101011001010111001100001010010111011110110
runNumber 7
genCount 33755
elapsedTime 599.922
unaryHyperVol 318
binaryHyperVol 6
additiveEps 0.5
entropy 0.488066
archive 7
2
5 9  100 0100011101110100101010000110011111101101001010000110010001101011001010111001100001010010111011110110
3 10  100 0100011101010100101010000110011111101101001010000110010001101011001010111001100001010010111011110110
runNumber 8
genCount 33590
elapsedTime 600.014
unaryHyperVol 317
binaryHyperVol 4.11111
additiveEps 0.333333
entropy 0.466686
archive 8
3
5 9  100 0100011101110100101001000110011111101101001010000110010001101011001010111001100001100010111011110110
4 10  100 0100011101010100101001000110011111101101001010000110010001101011001010111001100001100010111011110110
3 11  100 0100010101010100101001000110011111101101001010000110010001101011001010111001100001100010111011110110
runNumber 9
genCount 33375
elapsedTime 599.976
unaryHyperVol 318
binaryHyperVol 6
additiveEps 0.5
entropy 0.488066
archive 9
2
5 9  100 0100011101110100101010000101011111010101001010000110010001101011001010111001100001010010111011110110
3 10  100 0100011101010100101010000101011111010101001010000110010001101011001010111001100001010010111011110110
runNumber 10
genCount 33862
elapsedTime 599.964
unaryHyperVol 318
binaryHyperVol 6
additiveEps 0.5
entropy 0.488066
archive 10
2
5 9  100 0100011101110100101010000110011111101101001010000110010001101011001010111001100001010010111011110110
3 10  100 0100011101010100101010000110011111101101001010000110010001101011001010111001100001010010111011110110
runNumber 11
genCount 33536
elapsedTime 599.995
unaryHyperVol 298
binaryHyperVol 9.5
additiveEps 0.75
entropy 0.49717
archive 11
2
5 11  100 0100001101110100010000000110011111101101001010000110010001101011001010111001100001100010111011110110
3 12  100 0100001101010100010000000110011111101101001010000110010001101011001010111001100001100010111011110110
runNumber 12
genCount 32970
elapsedTime 600.007
unaryHyperVol 324
binaryHyperVol 0.111111
additiveEps 0.333333
entropy 0.380344
archive 12
4
6 8  100 0100011101110100101001000110011111101101001010000110010001101011001001111001100001100010110011110010
5 9  100 0100011101110100101001000110011111101101001010000110010001101011001010111001100001100010110011110010
4 10  100 0100011101110000101001000110011111101101001010000110010001101011001010111001100001100010111011110110
3 11  100 0100010101010100101001000110011111101101001010000110010001101011001010111001100001100010111011110110
runNumber 13
genCount 33283
elapsedTime 599.923
unaryHyperVol 317
binaryHyperVol 4.11111
additiveEps 0.333333
entropy 0.466686
archive 13
3
5 9  100 0100011101110100101001000110011111010101001010000110010001101011001010111001100001100010111011110110
4 10  100 0100011101010100101001000110011111010101001010000110010001101011001010111001100001100010111011110110
3 11  100 0100010101010100101001000110011111010101001010000110010001101011001010111001100001100010111011110110
runNumber 14
genCount 33455
elapsedTime 599.972
unaryHyperVol 317
binaryHyperVol 4.11111
additiveEps 0.333333
entropy 0.466686
archive 14
3
5 9  100 0100011101110100101001000101011111101101001010000110010001101011001010111001100001100010111011110110
4 10  100 0100011101010100101001000101011111101101001010000110010001101011001010111001100001100010111011110110
3 11  100 0100010101010100101001000101011111101101001010000110010001101011001010111001100001100010111011110110
runNumber 15
genCount 33847
elapsedTime 599.961
unaryHyperVol 318
binaryHyperVol 6
additiveEps 0.5
entropy 0.488066
archive 15
2
5 9  100 0100011101110100101010000110011111101101001010000110010001101011001010111001100001010010111011110110
3 10  100 0100011101010100101010000110011111101101001010000110010001101011001010111001100001010010111011110110
runNumber 16
genCount 33769
elapsedTime 600.009
unaryHyperVol 317
binaryHyperVol 4.11111
additiveEps 0.333333
entropy 0.466686
archive 16
3
5 9  100 0100011101110100101001000110011111101101001010000110010001101011001010111001100001100010111011110110
4 10  100 0100011101010100101001000110011111101101001010000110010001101011001010111001100001100010111011110110
3 11  100 0100010101010100101001000110011111101101001010000110010001101011001010111001100001100010111011110110
runNumber 17
genCount 33871
elapsedTime 599.956
unaryHyperVol 318
binaryHyperVol 6
additiveEps 0.5
entropy 0.488066
archive 17
2
5 9  100 0100011101110100101010000110011111101101001010000110010001101011001010111001100001010010111011110110
3 10  100 0100011101010100101010000110011111101101001010000110010001101011001010111001100001010010111011110110
runNumber 18
genCount 33533
elapsedTime 599.968
unaryHyperVol 325
binaryHyperVol 0
additiveEps 0
entropy 0.270001
archive 18
3
6 8  100 0100011101110100101010000101011111101101001010000110010001101011001001111001100001010010110011110010
5 9  100 0100011101110100101010000101011111101101001010000110010001101011001010111001100001010010111011110110
3 10  100 0100011101010100101010000101011111101101001010000110010001101011001010111001100001010010111011110110
runNumber 19
genCount 33372
elapsedTime 599.963
unaryHyperVol 317
binaryHyperVol 4.11111
additiveEps 0.333333
entropy 0.466686
archive 19
3
5 9  100 0100011101110100101001000101011111101101001010000110010001101011001010111001100001100010111011110110
4 10  100 0100011101010100101001000101011111101101001010000110010001101011001010111001100001100010111011110110
3 11  100 0100010101010100101001000101011111101101001010000110010001101011001010111001100001100010111011110110
runNumber 20
genCount 33502
elapsedTime 599.965
unaryHyperVol 317
binaryHyperVol 4.11111
additiveEps 0.333333
entropy 0.466686
archive 20
3
5 9  100 0100011101110100101001000101011111101101001010000110010001101011001010111001100001100010111011110110
4 10  100 0100011101110000101001000101011111101101001010000110010001101011001010111001100001100010111011110110
3 11  100 0100010101010100101001000101011111101101001010000110010001101011001010111001100001100010111011110110
runNumber 21
genCount 33282
elapsedTime 600
unaryHyperVol 317
binaryHyperVol 4.11111
additiveEps 0.333333
entropy 0.466686
archive 21
3
5 9  100 0100011101110100101001000101011111101101001010000110010001101011001010111001100001100010111011110110
4 10  100 0100011101010100101001000101011111101101001010000110010001101011001010111001100001100010111011110110
3 11  100 0100010101010100101001000101011111101101001010000110010001101011001010111001100001100010111011110110
runNumber 22
genCount 33451
elapsedTime 599.995
unaryHyperVol 317
binaryHyperVol 4.11111
additiveEps 0.333333
entropy 0.466686
archive 22
3
5 9  100 0100011101110100101001000101011111101101001010000110010001101011001010111001100001100010111011110110
4 10  100 0100011101010100101001000110011111101101001010000110010001101011001010111001100001100010111011110110
3 11  100 0100010101010100101001000101011111101101001010000110010001101011001010111001100001100010111011110110
runNumber 23
genCount 33853
elapsedTime 599.945
unaryHyperVol 318
binaryHyperVol 6
additiveEps 0.5
entropy 0.488066
archive 23
2
5 9  100 0100011101110100101010000110011111101101001010000110010001101011001010111001100001010010111011110110
3 10  100 0100011101010100101010000110011111101101001010000110010001101011001010111001100001010010111011110110
runNumber 24
genCount 33104
elapsedTime 599.964
unaryHyperVol 317
binaryHyperVol 4.11111
additiveEps 0.333333
entropy 0.466686
archive 24
3
5 9  100 0100011101110100101001000110011111010101001010000110010001101011001010111001100001100010111011110110
4 10  100 0100011101010100101001000110011111010101001010000110010001101011001010111001100001100010111011110110
3 11  100 0100010101010100101001000110011111010101001010000110010001101011001010111001100001100010111011110110
runNumber 25
genCount 33412
elapsedTime 600.002
unaryHyperVol 299
binaryHyperVol 9.41667
additiveEps 0.75
entropy 0.49717
archive 25
2
4 11  100 0100011101110010101001000110011111101101001010000110010001101011001010111000010001100010111011110110
3 12  100 0100010101110100101001000110011111101101001010000110010001101011001010111000010001100010111011110110
runNumber 26
genCount 32576
elapsedTime 599.997
unaryHyperVol 317
binaryHyperVol 4.11111
additiveEps 0.333333
entropy 0.466686
archive 26
3
5 9  100 0100011101110100101001000110011111101101001010000110010001101011001010111001100001100010111011110110
4 10  100 0100011101110000101001000110011111101101001010000110010001101011001010111001100001100010111011110110
3 11  100 0100010101010100101001000110011111101101001010000110010001101011001010111001100001100010111011110110
runNumber 27
genCount 32757
elapsedTime 600.007
unaryHyperVol 318
binaryHyperVol 6
additiveEps 0.5
entropy 0.488066
archive 27
2
5 9  100 0100011101110100101010000110011111101101001010000110010001101011001010111001100001010010111011110110
3 10  100 0100011101010100101010000110011111101101001010000110010001101011001010111001100001010010111011110110
runNumber 28
genCount 33072
elapsedTime 599.942
unaryHyperVol 318
binaryHyperVol 6
additiveEps 0.5
entropy 0.488066
archive 28
2
5 9  100 0100011101110100101010000110011111010101001010000110010001101011001010111001100001010010111011110110
3 10  100 0100011101010100101010000110011111010101001010000110010001101011001010111001100001010010111011110110
runNumber 29
genCount 32773
elapsedTime 599.961
unaryHyperVol 317
binaryHyperVol 4.11111
additiveEps 0.333333
entropy 0.466686
archive 29
3
5 9  100 0100011101110100101001000110011111101101001010000110010001101011001010111001100001100010111011110110
4 10  100 0100011101010100101001000110011111101101001010000110010001101011001010111001100001100010111011110110
3 11  100 0100010101010100101001000110011111101101001010000110010001101011001010111001100001100010111011110110
