OptimalFront
unaryHyperVol 313
3
7 8  100 1000010111010001110000011110101001101110110101000010110111000001101000011101000011101000010101111000
4 9  100 1000010111010001110001011110101001101110110101000010110111000001101000011101000011101000010101111000
3 11  100 0100001001010100010001111110101001101110110101000010110111000001101000011101100011101000011001111000
-------------------------
runNumber 0
genCount 5632
elapsedTime 599.854
unaryHyperVol 293
binaryHyperVol 6.875
additiveEps 0.5
entropy 0.481574
archive 0
3
6 10  100 1000001011010000111000111110101001101110110101000010110111000001101000011101100011010000011001111000
4 11  100 0100001001010100111000111110101001101110110101000010110111000001101000011101100011100000011001111000
3 12  100 0100001001010100111000111110101001101110110101000010110111000001101000011101100011010100011001111000
runNumber 1
genCount 5592
elapsedTime 599.996
unaryHyperVol 303
binaryHyperVol 2.75
additiveEps 0.25
entropy 0.524939
archive 1
3
5 9  100 1000001011010001110011111110101001101110110101000010110111000001101000011101000011100000011001111000
4 10  100 0100001001010001110000111110101001101110110101000010110111000001101000011101000011100000011001111000
3 13  100 0100001001010001111000111110101001101110110101000010110111000001101000011100010011010100011001111000
runNumber 2
genCount 5680
elapsedTime 599.946
unaryHyperVol 279
binaryHyperVol 13.4167
additiveEps 0.333333
entropy 0.49717
archive 2
2
5 9  100 1000001011010001110011111110101001101110110101000010110111000001101000011101000011100000010101111000
4 10  100 1000001011101001110000111110101001101110110101000010110111000001101000011100000011100000010101111000
runNumber 3
genCount 5495
elapsedTime 600.002
unaryHyperVol 301
binaryHyperVol 2.85
additiveEps 0.25
entropy 0.452217
archive 3
3
7 9  100 1000010111010001110000011110101001101110110101000010110111011001101000011100010011101000011001111000
4 10  100 1000010111010001110000011110101001101110110101000010110111011001101000011100010011100000011001111000
3 13  100 0100010101010001111000111110101001101110110101000010110111011001101000011100010011010100011001111000
runNumber 4
genCount 5562
elapsedTime 599.835
unaryHyperVol 285
binaryHyperVol 10.1875
additiveEps 0.75
entropy 0.49717
archive 4
2
4 11  100 0100001001010001110001111110101001101110110101000010110111011001101000011100010011101000010101111000
3 12  100 0100001001010001010001111110101001101110110101000010110111011001101000011100010011101000010101111000
runNumber 5
genCount 5712
elapsedTime 599.995
unaryHyperVol 292
binaryHyperVol 5.55
additiveEps 0.4
entropy 0.45785
archive 5
3
5 10  100 1000001011010001110011111110101001101110110101000010110111011001101000011100010011100000011001111000
4 12  100 1000001011100100111000111110101001101110110101000010110111011001101000011100010011100000011001111000
3 13  100 1000001011100100111000111110101001101110110101000010110111011001101000011100010011010100011001111000
runNumber 6
genCount 5540
elapsedTime 599.808
unaryHyperVol 301
binaryHyperVol 2.85
additiveEps 0.25
entropy 0.452217
archive 6
3
7 9  100 1000010111010001110000011110101001101110110101000010110111011001101000011100010011101000010101111000
4 10  100 1000010111010001110000011110101001101110110101000010110111011001101000011100010011100000011001111000
3 13  100 1000010111100100111000111110101001101110110101000010110111011001101000011100010011010100011001111000
runNumber 7
genCount 5458
elapsedTime 599.786
unaryHyperVol 311
binaryHyperVol 0.1
additiveEps 0.25
entropy 0.46166
archive 7
3
7 8  100 1000010111010001110000011110101001101110110101000010110111000001101000011101000011101000011001111000
4 9  100 1000010111010001110000011110101001101110110101000010110111000001101000011101000011100000011001111000
3 13  100 1000010111100100111000111110101001101110110101000010110111000001101000011100010011010100011001111000
runNumber 8
genCount 5612
elapsedTime 599.995
unaryHyperVol 281
binaryHyperVol 6.95833
additiveEps 0.5
entropy 0.481574
archive 8
3
5 11  100 1000001011010001110011111101011001101110110101000010110111011001101000011100010011100000010101111000
4 13  100 1000001011100100111000111101011001101110110101000010110111011001101000011100010011100000010101111000
3 14  100 1000001011100100111000111101011001101110110101000010110111011001101000011100010011010100010101111000
runNumber 9
genCount 5573
elapsedTime 599.903
unaryHyperVol 303
binaryHyperVol 2.75
additiveEps 0.25
entropy 0.524939
archive 9
3
5 9  100 1000001011010001110011111110101001101110110101000010110111000001101000011101000011100000011001111000
4 10  100 1000001011101001110000111110101001101110110101000010110111000001101000011100000011100000011001111000
3 13  100 1000001011100100111000111110101001101110110101000010110111000001101000011100010011010100011001111000
runNumber 10
genCount 5542
elapsedTime 599.909
unaryHyperVol 290
binaryHyperVol 4.70833
additiveEps 0.333333
entropy 0.449615
archive 10
3
7 10  100 1000010111010001110000001110101001010110110101000010110111011001101000011100010011101000010101111000
4 11  100 1000010111010001110000011110101001010110110101000010110111011001101000011100010011100000010101111000
3 14  100 0100010101010001111000111110101001010110110101000010110111011001101000011100010011010100010101111000
runNumber 11
genCount 5541
elapsedTime 599.937
unaryHyperVol 302
binaryHyperVol 2.8
additiveEps 0.25
entropy 0.47941
archive 11
3
5 9  100 1000001011010001110011111110101001101110110101000010110111000001101000011101000011100000011001111000
4 11  100 1000001011100100111000111110101001101110110101000010110111000001101000011101000011100000011001111000
3 13  100 1000001011100100111000111110101001101110110101000010110111000001101000011100010011010100011001111000
runNumber 12
genCount 5474
elapsedTime 599.921
unaryHyperVol 301
binaryHyperVol 2.85
additiveEps 0.25
entropy 0.452217
archive 12
3
7 9  100 1000010111010001110000011110101001101110110101000010110111011001101000011100010011101000011001111000
4 10  100 1000010111010001110000011110101001101110110101000010110111011001101000011100010011100000011001111000
3 13  100 1000010111100100111000111110101001101110110101000010110111011001101000011100010011010100011001111000
runNumber 13
genCount 5533
elapsedTime 599.789
unaryHyperVol 303
binaryHyperVol 2.75
additiveEps 0.25
entropy 0.524939
archive 13
3
5 9  100 1000001011010001110011111110101001101110110101000010110111000001101000011101000011100000011001111000
4 10  100 0100001001010001110000111110101001101110110101000010110111000001101000011101000011100000011001111000
3 13  100 0100001001010001111000111110101001101110110101000010110111000001101000011100010011010100011001111000
runNumber 14
genCount 5763
elapsedTime 599.991
unaryHyperVol 293
binaryHyperVol 6.875
additiveEps 0.5
entropy 0.49717
archive 14
2
5 10  100 1000001011010001110011111110101001101110110101000010110111011001101000011100010011100000011001111000
3 12  100 1000001011100100010001111110101001101110110101000010110111011001101000011100010011101000011001111000
runNumber 15
genCount 5795
elapsedTime 599.854
unaryHyperVol 292
binaryHyperVol 5.55
additiveEps 0.4
entropy 0.449615
archive 15
3
6 10  100 1000001011010000111000111110101001101110110101000010110111000001101000011101100011010000011001111000
4 11  100 1000001011100100111000111110101001101110110101000010110111000001101000011101000011100000011001111000
3 13  100 1000001011100100111000111110101001101110110101000010110111000001101000011100010011010100011001111000
runNumber 16
genCount 5695
elapsedTime 599.909
unaryHyperVol 281
binaryHyperVol 6.95833
additiveEps 0.5
entropy 0.449615
archive 16
3
6 11  100 1000001011010100111000111101011001101110110101000010110111000001101000011101100011010000011001111000
4 12  100 1000001011100100111000111101011001101110110101000010110111000001101000011101000011100000011001111000
3 14  100 1000001011100100111000111101011001101110110101000010110111000001101000011100010011010100011001111000
runNumber 17
genCount 5464
elapsedTime 599.876
unaryHyperVol 290
binaryHyperVol 4.70833
additiveEps 0.333333
entropy 0.449615
archive 17
3
7 10  100 1000010111010000111000011110101001010110110101000010110111000001101000011101100011101000011001111000
4 11  100 1000010111010000111000011110101001010110110101000010110111000001101000011101100011100000011001111000
3 14  100 1000010111100100111000111110101001010110110101000010110111000001101000011100010011010100011001111000
runNumber 18
genCount 5475
elapsedTime 599.897
unaryHyperVol 290
binaryHyperVol 4.70833
additiveEps 0.333333
entropy 0.449615
archive 18
3
7 10  100 1000010111010001110000011101011001101110110101000010110111011001101000011100010011101000011001111000
4 11  100 1000010111010001110000011101011001101110110101000010110111011001101000011100010011100000011001111000
3 14  100 1000010111100100111000111101011001101110110101000010110111011001101000011100010011010100011001111000
runNumber 19
genCount 5492
elapsedTime 599.99
unaryHyperVol 281
binaryHyperVol 6.95833
additiveEps 0.5
entropy 0.481574
archive 19
3
5 11  100 1000001011010001110011111101011001101110110101000010110111011001101000011100010011100000010101111000
4 13  100 1000001011100100111000111101011001101110110101000010110111011001101000011100010011100000010101111000
3 14  100 1000001011100100111000111101011001101110110101000010110111011001101000011100010011010100010101111000
runNumber 20
genCount 5680
elapsedTime 599.954
unaryHyperVol 301
binaryHyperVol 2.85
additiveEps 0.25
entropy 0.452217
archive 20
3
7 9  100 1000010111010001110000011110101001101110110101000010110111011001101000011100010011101000011001111000
4 10  100 1000010111010001110000011110101001101110110101000010110111011001101000011100010011100000011001111000
3 13  100 1000010111100100111000111110101001101110110101000010110111011001101000011100010011010100011001111000
runNumber 21
genCount 5415
elapsedTime 600.009
unaryHyperVol 302
binaryHyperVol 2.8
additiveEps 0.25
entropy 0.452217
archive 21
3
6 9  100 1000001011010001110000111110101001101110110101000010110111000001101000011101000011010000011001111000
4 10  100 0100001001010001110000111110101001101110110101000010110111000001101000011101000011100000011001111000
3 13  100 0100001001010001010000111110101001101110110101000010110111000001101000011100010011010100011001111000
runNumber 22
genCount 5536
elapsedTime 599.908
unaryHyperVol 283
binaryHyperVol 8.25
additiveEps 0.6
entropy 0.449615
archive 22
3
5 11  100 1000001011010001110011111110101001010110110101000010110111011001101000011100010011100000011001111000
4 12  100 0100001001010001110001111110101001010110110101000010110111011001101000011100010011101000011001111000
3 13  100 0100001001010001010001111110101001010110110101000010110111011001101000011100010011101000011001111000
runNumber 23
genCount 5614
elapsedTime 599.919
unaryHyperVol 292
binaryHyperVol 5.55
additiveEps 0.4
entropy 0.45785
archive 23
3
5 10  100 1000001011010001110011111110101001101110110101000010110111011001101000011100010011100000011001111000
4 12  100 1000001011100100111000111110101001101110110101000010110111011001101000011100010011100000011001111000
3 13  100 1000001011100100111000111110101001101110110101000010110111011001101000011100010011010100011001111000
runNumber 24
genCount 5750
elapsedTime 599.84
unaryHyperVol 277
binaryHyperVol 13.5833
additiveEps 0.333333
entropy 0.49717
archive 24
2
7 9  100 1000010111010001110000011110101001101110110101000010110111011001101000011100010011101000011001111000
4 10  100 1000010111010001110001011110101001101110110101000010110111011001101000011100010011101000011001111000
runNumber 25
genCount 5350
elapsedTime 599.853
unaryHyperVol 302
binaryHyperVol 2.8
additiveEps 0.25
entropy 0.452217
archive 25
3
6 9  100 1000001011010001110000111110101001101110110101000010110111000001101000011101000011010000011001111000
4 10  100 0100001001010001110000111110101001101110110101000010110111000001101000011101000011100000011001111000
3 13  100 0100001001010001010000111110101001101110110101000010110111000001101000011100010011010100011001111000
runNumber 26
genCount 5591
elapsedTime 599.883
unaryHyperVol 302
binaryHyperVol 2.8
additiveEps 0.25
entropy 0.47941
archive 26
3
5 9  100 1000001011010001110011111110101001101110110101000010110111000001101000011101000011100000011001111000
4 11  100 1000001011100100111000111110101001101110110101000010110111000001101000011101000011100000011001111000
3 13  100 1000001011100100111000111110101001101110110101000010110111000001101000011100010011010100011001111000
runNumber 27
genCount 5499
elapsedTime 599.995
unaryHyperVol 292
binaryHyperVol 5.55
additiveEps 0.4
entropy 0.449615
archive 27
3
6 10  100 1000001011010001110000111110101001101110110101000010110111011001101000011100010011010000011001111000
4 11  100 0100001001010001110000111110101001101110110101000010110111011001101000011100010011100000011001111000
3 13  100 0100001001010001111000111110101001101110110101000010110111011001101000011100010011010100011001111000
runNumber 28
genCount 5628
elapsedTime 599.958
unaryHyperVol 278
binaryHyperVol 13.5
additiveEps 0.333333
entropy 0.49717
archive 28
2
6 9  100 1000001011010001110000111110101001101110110101000010110111000001101000011101000011010000010101111000
4 10  100 1000001011101001110000111110101001101110110101000010110111000001101000011100000011100000010101111000
runNumber 29
genCount 5845
elapsedTime 599.993
unaryHyperVol 275
binaryHyperVol 13.625
additiveEps 1
entropy 0
archive 29
1
3 12  100 1000001011100100010001111110101001101110110101000010110111011001101000011100010011101000010101111000
