OptimalFront
unaryHyperVol 503
3
7 11  100 1010101010100001000000111111110001101001000100001010011010000011010000111011000100101001100100111010
4 12  100 1010101010100001000000111111110001101001000100001010011010000011011010111011000100101001100100111010
2 13  100 1010101010100001000000111111110001101001000100001010011010000011011010111000010100101001100100111010
-------------------------
runNumber 0
genCount 5529
elapsedTime 599.958
unaryHyperVol 503
binaryHyperVol 0
additiveEps 0
entropy 0.270001
archive 0
3
7 11  100 1010101010100001000000111111110001101001000100001010011010000011010000111011000100101001100100111010
4 12  100 1010101010100001000000111111110001101001000100001010011010000011011010111011000100101001100100111010
2 13  100 1010101010100001000000111111110001101001000100001010011010000011011010111000010100101001100100111010
runNumber 1
genCount 5628
elapsedTime 600.054
unaryHyperVol 503
binaryHyperVol 0
additiveEps 0
entropy 0.270001
archive 1
3
7 11  100 1010101010100001000000111111110001101001000100001010011010000011010000111011000100101001100100111010
4 12  100 1010101010100001000000111111110001101001000100001010011010000011011010111011000100101001100100111010
2 13  100 1010101010100001000000111111110001101001000100001010011010000011011010111000010100101001100100111010
runNumber 2
genCount 5438
elapsedTime 599.879
unaryHyperVol 503
binaryHyperVol 0
additiveEps 0
entropy 0.270001
archive 2
3
7 11  100 1010101010100001000000111111110001101001000100001010011010000011010000111011000100101001100100111010
4 12  100 1010101010100001000000111111110001101001000100001010011010000011011010111011000100101001100100111010
2 13  100 1010101010100001000000111111110001101001000100001010011010000011011010111000010100101001100100111010
runNumber 3
genCount 5460
elapsedTime 600.003
unaryHyperVol 503
binaryHyperVol 0
additiveEps 0
entropy 0.270001
archive 3
3
7 11  100 1010101010100001000000111111110001101001000100001010011010000011010000111011000100101001100100111010
4 12  100 1010101010100001000000111111110001101001000100001010011010000011011010111011000100101001100100111010
2 13  100 1010101010100001000000111111110001101001000100001010011010000011011010111000010100101001100100111010
runNumber 4
genCount 5372
elapsedTime 599.902
unaryHyperVol 503
binaryHyperVol 0
additiveEps 0
entropy 0.270001
archive 4
3
7 11  100 1010101010100001000000111111110001101001000100001010011010000011010000111011000100101001100100111010
4 12  100 1010101010100001000000111111110001101001000100001010011010000011011010111011000100101001100100111010
2 13  100 1010101010100001000000111111110001101001000100001010011010000011011010111000010100101001100100111010
runNumber 5
genCount 5566
elapsedTime 599.944
unaryHyperVol 488
binaryHyperVol 9.3
additiveEps 0.5
entropy 0.509891
archive 5
2
7 12  100 1010101010100001000000111111110001101001000100001010011010000011010000111000010100101001100100111010
2 13  100 1010101010100001000000111111110001101001000100001010011010000011011010111000010100101001100100111010
runNumber 6
genCount 5556
elapsedTime 600.027
unaryHyperVol 503
binaryHyperVol 0
additiveEps 0
entropy 0.270001
archive 6
3
7 11  100 1010101010100001000000111111110001101001000100001010011010000011010000111011000100101001100100111010
4 12  100 1010101010100001000000111111110001101001000100001010011010000011011010111011000100101001100100111010
2 13  100 1010101010100001000000111111110001101001000100001010011010000011011010111000010100101001100100111010
runNumber 7
genCount 5597
elapsedTime 599.957
unaryHyperVol 503
binaryHyperVol 0
additiveEps 0
entropy 0.270001
archive 7
3
7 11  100 1010101010100001000000111111110001101001000100001010011010000011010000111011000100101001100100111010
4 12  100 1010101010100001000000111111110001101001000100001010011010000011011010111011000100101001100100111010
2 13  100 1010101010100001000000111111110001101001000100001010011010000011011010111000010100101001100100111010
runNumber 8
genCount 5429
elapsedTime 599.996
unaryHyperVol 503
binaryHyperVol 0
additiveEps 0
entropy 0.270001
archive 8
3
7 11  100 1010101010100001000000111111110001101001000100001010011010000011010000111011000100101001100100111010
4 12  100 1010101010100001000000111111110001101001000100001010011010000011011010111011000100101001100100111010
2 13  100 1010101010100001000000111111110001101001000100001010011010000011011010111000010100101001100100111010
runNumber 9
genCount 5518
elapsedTime 599.95
unaryHyperVol 503
binaryHyperVol 0
additiveEps 0
entropy 0.270001
archive 9
3
7 11  100 1010101010100001000000111111110001101001000100001010011010000011010000111011000100101001100100111010
4 12  100 1010101010100001000000111111110001101001000100001010011010000011011010111011000100101001100100111010
2 13  100 1010101010100001000000111111110001101001000100001010011010000011011010111000010100101001100100111010
runNumber 10
genCount 5322
elapsedTime 600.064
unaryHyperVol 503
binaryHyperVol 0
additiveEps 0
entropy 0.270001
archive 10
3
7 11  100 1010101010100001000000111111110001101001000100001010011010000011010000111011000100101001100100111010
4 12  100 1010101010100001000000111111110001101001000100001010011010000011011010111011000100101001100100111010
2 13  100 1010101010100001000000111111110001101001000100001010011010000011011010111000010100101001100100111010
runNumber 11
genCount 5578
elapsedTime 599.907
unaryHyperVol 503
binaryHyperVol 0
additiveEps 0
entropy 0.270001
archive 11
3
7 11  100 1010101010100001000000111111110001101001000100001010011010000011010000111011000100101001100100111010
4 12  100 1010101010100001000000111111110001101001000100001010011010000011011010111011000100101001100100111010
2 13  100 1010101010100001000000111111110001101001000100001010011010000011011010111000010100101001100100111010
runNumber 12
genCount 5620
elapsedTime 599.959
unaryHyperVol 503
binaryHyperVol 0
additiveEps 0
entropy 0.270001
archive 12
3
7 11  100 1010101010100001000000111111110001101001000100001010011010000011010000111011000100101001100100111010
4 12  100 1010101010100001000000111111110001101001000100001010011010000011011010111011000100101001100100111010
2 13  100 1010101010100001000000111111110001101001000100001010011010000011011010111000010100101001100100111010
runNumber 13
genCount 5647
elapsedTime 599.934
unaryHyperVol 503
binaryHyperVol 0
additiveEps 0
entropy 0.270001
archive 13
3
7 11  100 1010101010100001000000111111110001101001000100001010011010000011010000111011000100101001100100111010
4 12  100 1010101010100001000000111111110001101001000100001010011010000011110000111011000100101001100100111010
2 13  100 1010101010100001000000111111110001101001000100001010011010000011011010111000010100101001100100111010
runNumber 14
genCount 5487
elapsedTime 599.967
unaryHyperVol 503
binaryHyperVol 0
additiveEps 0
entropy 0.270001
archive 14
3
7 11  100 1010101010100001000000111111110001101001000100001010011010000011010000111011000100101001100100111010
4 12  100 1010101010100001000000111111110001101001000100001010011010000011011010111011000100101001100100111010
2 13  100 1010101010100001000000111111110001101001000100001010011010000011011010111000010100101001100100111010
runNumber 15
genCount 5629
elapsedTime 599.959
unaryHyperVol 503
binaryHyperVol 0
additiveEps 0
entropy 0.270001
archive 15
3
7 11  100 1010101010100001000000111111110001101001000100001010011010000011010000111011000100101001100100111010
4 12  100 1010101010100001000000111111110001101001000100001010011010000011011010111011000100101001100100111010
2 13  100 1010101010100001000000111111110001101001000100001010011010000011011010111000010100101001100100111010
runNumber 16
genCount 5532
elapsedTime 600.034
unaryHyperVol 503
binaryHyperVol 0
additiveEps 0
entropy 0.270001
archive 16
3
7 11  100 1010101010100001000000111111110001101001000100001010011010000011010000111011000100101001100100111010
4 12  100 1010101010100001000000111111110001101001000100001010011010000011110000111011000100101001100100111010
2 13  100 1010101010100001000000111111110001101001000100001010011010000011011010111000010100101001100100111010
runNumber 17
genCount 5367
elapsedTime 599.904
unaryHyperVol 503
binaryHyperVol 0
additiveEps 0
entropy 0.270001
archive 17
3
7 11  100 1010101010100001000000111111110001101001000100001010011010000011010000111011000100101001100100111010
4 12  100 1010101010100001000000111111110001101001000100001010011010000011110000111011000100101001100100111010
2 13  100 1010101010100001000000111111110001101001000100001010011010000011011010111000010100101001100100111010
runNumber 18
genCount 5511
elapsedTime 600.032
unaryHyperVol 503
binaryHyperVol 0
additiveEps 0
entropy 0.270001
archive 18
3
7 11  100 1010101010100001000000111111110001101001000100001010011010000011010000111011000100101001100100111010
4 12  100 1010101010100001000000111111110001101001000100001010011010000011011010111011000100101001100100111010
2 13  100 1010101010100001000000111111110001101001000100001010011010000011011010111000010100101001100100111010
runNumber 19
genCount 5417
elapsedTime 599.865
unaryHyperVol 503
binaryHyperVol 0
additiveEps 0
entropy 0.270001
archive 19
3
7 11  100 1010101010100001000000111111110001101001000100001010011010000011010000111011000100101001100100111010
4 12  100 1010101010100001000000111111110001101001000100001010011010000011011010111011000100101001100100111010
2 13  100 1010101010100001000000111111110001101001000100001010011010000011011010111000010100101001100100111010
runNumber 20
genCount 5390
elapsedTime 600.011
unaryHyperVol 503
binaryHyperVol 0
additiveEps 0
entropy 0.270001
archive 20
3
7 11  100 1010101010100001000000111111110001101001000100001010011010000011010000111011000100101001100100111010
4 12  100 1010101010100001000000111111110001101001000100001010011010000011011010111011000100101001100100111010
2 13  100 1010101010100001000000111111110001101001000100001010011010000011011010111000010100101001100100111010
runNumber 21
genCount 5554
elapsedTime 600
unaryHyperVol 503
binaryHyperVol 0
additiveEps 0
entropy 0.270001
archive 21
3
7 11  100 1010101010100001000000111111110001101001000100001010011010000011010000111011000100101001100100111010
4 12  100 1010101010100001000000111111110001101001000100001010011010000011011010111011000100101001100100111010
2 13  100 1010101010100001000000111111110001101001000100001010011010000011011010111000010100101001100100111010
runNumber 22
genCount 5505
elapsedTime 600.001
unaryHyperVol 503
binaryHyperVol 0
additiveEps 0
entropy 0.270001
archive 22
3
7 11  100 1010101010100001000000111111110001101001000100001010011010000011010000111011000100101001100100111010
4 12  100 1010101010100001000000111111110001101001000100001010011010000011011010111011000100101001100100111010
2 13  100 1010101010100001000000111111110001101001000100001010011010000011011010111000010100101001100100111010
runNumber 23
genCount 5499
elapsedTime 599.912
unaryHyperVol 503
binaryHyperVol 0
additiveEps 0
entropy 0.270001
archive 23
3
7 11  100 1010101010100001000000111111110001101001000100001010011010000011010000111011000100101001100100111010
4 12  100 1010101010100001000000111111110001101001000100001010011010000011011010111011000100101001100100111010
2 13  100 1010101010100001000000111111110001101001000100001010011010000011011010111000010100101001100100111010
runNumber 24
genCount 5663
elapsedTime 600.009
unaryHyperVol 503
binaryHyperVol 0
additiveEps 0
entropy 0.270001
archive 24
3
7 11  100 1010101010100001000000111111110001101001000100001010011010000011010000111011000100101001100100111010
4 12  100 1010101010100001000000111111110001101001000100001010011010000011011010111011000100101001100100111010
2 13  100 1010101010100001000000111111110001101001000100001010011010000011011010111000010100101001100100111010
runNumber 25
genCount 5577
elapsedTime 599.915
unaryHyperVol 503
binaryHyperVol 0
additiveEps 0
entropy 0.270001
archive 25
3
7 11  100 1010101010100001000000111111110001101001000100001010011010000011010000111011000100101001100100111010
4 12  100 1010101010100001000000111111110001101001000100001010011010000011011010111011000100101001100100111010
2 13  100 1010101010100001000000111111110001101001000100001010011010000011011010111000010100101001100100111010
runNumber 26
genCount 5411
elapsedTime 600.058
unaryHyperVol 503
binaryHyperVol 0
additiveEps 0
entropy 0.270001
archive 26
3
7 11  100 1010101010100001000000111111110001101001000100001010011010000011010000111011000100101001100100111010
4 12  100 1010101010100001000000111111110001101001000100001010011010000011011010111011000100101001100100111010
2 13  100 1010101010100001000000111111110001101001000100001010011010000011011010111000010100101001100100111010
runNumber 27
genCount 5529
elapsedTime 599.992
unaryHyperVol 503
binaryHyperVol 0
additiveEps 0
entropy 0.270001
archive 27
3
7 11  100 1010101010100001000000111111110001101001000100001010011010000011010000111011000100101001100100111010
4 12  100 1010101010100001000000111111110001101001000100001010011010000011011010111011000100101001100100111010
2 13  100 1010101010100001000000111111110001101001000100001010011010000011011010111000010100101001100100111010
runNumber 28
genCount 5661
elapsedTime 599.96
unaryHyperVol 503
binaryHyperVol 0
additiveEps 0
entropy 0.270001
archive 28
3
7 11  100 1010101010100001000000111111110001101001000100001010011010000011010000111011000100101001100100111010
4 12  100 1010101010100001000000111111110001101001000100001010011010000011011010111011000100101001100100111010
2 13  100 1010101010100001000000111111110001101001000100001010011010000011011010111000010100101001100100111010
runNumber 29
genCount 5508
elapsedTime 599.959
unaryHyperVol 503
binaryHyperVol 0
additiveEps 0
entropy 0.270001
archive 29
3
7 11  100 1010101010100001000000111111110001101001000100001010011010000011010000111011000100101001100100111010
4 12  100 1010101010100001000000111111110001101001000100001010011010000011011010111011000100101001100100111010
2 13  100 1010101010100001000000111111110001101001000100001010011010000011011010111000010100101001100100111010
