OptimalFront
unaryHyperVol 290
4
6 9  100 0000101000000100010110000010001100110101000110011001010100000011010000110010100010101000101011110110
4 10  100 0000101000000100010110000010001100110101000110011001010100000011110000110010100010101000101011110110
3 11  100 0000101000000100010110000010001100110101000110011001010100000011011010110010100010101000101011110110
2 12  100 1010101000010001010110000010001100110101000110011001010100000011011010110010100010101000101011110101
-------------------------
runNumber 0
genCount 5581
elapsedTime 599.903
unaryHyperVol 280
binaryHyperVol 4.25
additiveEps 0.333333
entropy 0.449615
archive 0
3
6 10  100 1010101000010001010110000010001100110101000110011001010100011011010000110010100010101000101011110110
4 11  100 1010101000010001010110000010001100110101000110010001010100011011010000110010100010101000101011110110
2 12  100 1010101000010001010110000010001100110101000110011001010100011011011010110010100010101000101011110110
runNumber 1
genCount 5624
elapsedTime 599.905
unaryHyperVol 290
binaryHyperVol 0
additiveEps 0
entropy 0.326045
archive 1
4
6 9  100 0000101000000100010110000010001100110101000110011001010100011011010000110010100010101000101011110110
4 10  100 0000101000000100010110000010001100110101000110010001010100011011010000110010100010101000101011110110
3 11  100 0000101000000100010110000010001100110101000110011001010100011011011010110010100010101000101011110110
2 12  100 0000101000010001010110000010001100110101000110011001010100011011011010110010100010101000101011110110
runNumber 2
genCount 5713
elapsedTime 599.927
unaryHyperVol 280
binaryHyperVol 4.25
additiveEps 0.333333
entropy 0.449615
archive 2
3
6 10  100 1010101000010001010110000010001100110101000110011001010100011011010000110010100010101000101011110101
4 11  100 1010101000010001010110000010001100110101000110010001010100011011010000110010100010101000101011110101
2 12  100 1010101000010001010110000010001100110101000110011001010100011011011010110010100010101000101011110101
runNumber 3
genCount 5652
elapsedTime 599.872
unaryHyperVol 280
binaryHyperVol 4.25
additiveEps 0.333333
entropy 0.449615
archive 3
3
6 10  100 1010101000010001010110000010001100110101000110011001010100011011010000110010100010101000101011110101
4 11  100 1010101000010001010110000010001100110101000110010001010100011011010000110010100010101000101011110101
2 12  100 1010101000010001010110000010001100110101000110011001010100011011011010110010100010101000101011110101
runNumber 4
genCount 5651
elapsedTime 599.92
unaryHyperVol 289
binaryHyperVol 0.0833333
additiveEps 0.25
entropy 0.46166
archive 4
3
6 9  100 1010101000000101010110000010000000110101000110011001010100011011010000110010100010101000101011110101
4 10  100 1010101000000101010110000010000000110101000110010001010100011011010000110010100010101000101011110101
2 12  100 1010101000010001010110000010001100110101000110011001010100011011011010110010100010101000101011110101
runNumber 5
genCount 5568
elapsedTime 599.949
unaryHyperVol 290
binaryHyperVol 0
additiveEps 0
entropy 0.326045
archive 5
4
6 9  100 0000101000000100010110000010001100110101000110011001010100011011010000110010100010101000101011110110
4 10  100 0000101000000100010110000010001100110101000110010001010100011011010000110010100010101000101011110110
3 11  100 0000101000000100010110000010001100110101000110011001010100011011011010110010100010101000101011110110
2 12  100 0000101000010001010110000010001100110101000110011001010100011011011010110010100010101000101011110110
runNumber 6
genCount 5621
elapsedTime 599.846
unaryHyperVol 287
binaryHyperVol 0.25
additiveEps 0.333333
entropy 0.466276
archive 6
3
6 9  100 1010101000000111010110000010001100110101000110011001010100011011010000110010100010101000101011110110
4 11  100 1010101000010001010110000010001100110101000110010001010100011011010000110010100010101000101011110110
2 12  100 1010101000010001010110000010001100110101000110011001010100011011011010110010100010101000101011110110
runNumber 7
genCount 5582
elapsedTime 599.994
unaryHyperVol 290
binaryHyperVol 0
additiveEps 0
entropy 0.326045
archive 7
4
6 9  100 0000101000000100010110000010001100110101000110011001010100011011010000110010100010101000101011110101
4 10  100 0000101000000100010110000010001100110101000110010001010100011011010000110010100010101000101011110101
3 11  100 0000101000000100010110000010001100110101000110011001010100011011011010110010100010101000101011110101
2 12  100 0000101000010001010110000010001100110101000110011001010100011011011010110010100010101000101011110101
runNumber 8
genCount 5655
elapsedTime 599.736
unaryHyperVol 280
binaryHyperVol 4.25
additiveEps 0.333333
entropy 0.449615
archive 8
3
6 10  100 1010101000010001010110000010001100110101000110011001010100000011010000110010100010101000101011110110
4 11  100 1010101000010001010110000010001100110101000110011001010100000011110000110010100010101000101011110110
2 12  100 1010101000010001010110000010001100110101000110011001010100000011011010110010100010101000101011110110
runNumber 9
genCount 5660
elapsedTime 599.986
unaryHyperVol 290
binaryHyperVol 0
additiveEps 0
entropy 0.326045
archive 9
4
6 9  100 0000101000000100010110000010001100110101000110011001010100011011010000110010100010101000101011110110
4 10  100 0000101000000100010110000010001100110101000110010001010100011011010000110010100010101000101011110110
3 11  100 0000101000000100010110000010001100110101000110011001010100011011011010110010100010101000101011110101
2 12  100 0000101000010001010110000010001100110101000110011001010100011011011010110010100010101000101011110110
runNumber 10
genCount 5698
elapsedTime 599.951
unaryHyperVol 276
binaryHyperVol 3.4375
additiveEps 0.5
entropy 0.425693
archive 10
3
6 10  100 1010101000000111010110000010001100110101000110011001010100011011010000110010100010101000010111110110
4 12  100 1010101000010001010110000010001100110101000110010001010100011011010000110010100010101000010111110110
2 13  100 1010101000010001010110000010001100110101000110011001010100011011011010110010100010101000010111110110
runNumber 11
genCount 5442
elapsedTime 599.855
unaryHyperVol 290
binaryHyperVol 0
additiveEps 0
entropy 0.326045
archive 11
4
6 9  100 0000101000000100010110000010001100110101000110011001010100011011010000110010100010101000101011110110
4 10  100 0000101000000100010110000010001100110101000110010001010100011011010000110010100010101000101011110110
3 11  100 0000101000000100010110000010001100110101000110011001010100011011011010110010100010101000101011110110
2 12  100 0000101000010001010110000010001100110101000110011001010100011011011010110010100010101000101011110110
runNumber 12
genCount 5598
elapsedTime 599.721
unaryHyperVol 279
binaryHyperVol 3.25
additiveEps 0.25
entropy 0.437537
archive 12
4
6 10  100 0000101000000100010110000010001100110101000110011001010100011011010000110010100010101000010111110101
4 11  100 0000101000000100010110000010001100110101000110010001010100011011010000110010100010101000010111110101
3 12  100 0000101000000100010110000010001100110101000110011001010100011011011010110010100010101000010111110101
2 13  100 0000101000010001010110000010001100110101000110011001010100011011011010110010100010101000010111110101
runNumber 13
genCount 5544
elapsedTime 599.864
unaryHyperVol 280
binaryHyperVol 4.25
additiveEps 0.333333
entropy 0.449615
archive 13
3
6 10  100 1010101000010001010110000010001100110101000110011001010100011011010000110010100010101000101011110110
4 11  100 1010101000010001010110000010001100110101000110010001010100011011010000110010100010101000101011110110
2 12  100 1010101000010001010110000010001100110101000110011001010100011011011010110010100010101000101011110110
runNumber 14
genCount 5842
elapsedTime 599.934
unaryHyperVol 280
binaryHyperVol 4.25
additiveEps 0.333333
entropy 0.449615
archive 14
3
6 10  100 1010101000010001010110000010001100110101000110011001010100011011010000110010100010101000101011110110
4 11  100 1010101000010001010110000010001100110101000110010001010100011011010000110010100010101000101011110110
2 12  100 1010101000010001010110000010001100110101000110011001010100011011011010110010100010101000101011110110
runNumber 15
genCount 5669
elapsedTime 599.825
unaryHyperVol 280
binaryHyperVol 4.25
additiveEps 0.333333
entropy 0.449615
archive 15
3
6 10  100 1010101000010001010110000010001100110101000110011001010100011011010000110010100010101000101011110110
4 11  100 1010101000010001010110000010001100110101000110010001010100011011010000110010100010101000101011110110
2 12  100 1010101000010001010110000010001100110101000110011001010100011011011010110010100010101000101011110110
runNumber 16
genCount 5626
elapsedTime 599.972
unaryHyperVol 287
binaryHyperVol 0.25
additiveEps 0.333333
entropy 0.466276
archive 16
3
6 9  100 1010101000000111010110000010001100110101000110011001010100011011010000110010100010101000101011110110
4 11  100 1010101000010001010110000010001100110101000110010001010100011011010000110010100010101000101011110110
2 12  100 1010101000010001010110000010001100110101000110011001010100011011011010110010100010101000101011110110
runNumber 17
genCount 5673
elapsedTime 599.928
unaryHyperVol 280
binaryHyperVol 4.25
additiveEps 0.333333
entropy 0.449615
archive 17
3
6 10  100 1010101000010001010110000010001100110101000110011001010100011011010000110010100010101000101011110110
4 11  100 1010101000010001010110000010001100110101000110010001010100011011010000110010100010101000101011110110
2 12  100 1010101000010001010110000010001100110101000110011001010100011011011010110010100010101000101011110110
runNumber 18
genCount 5587
elapsedTime 600.061
unaryHyperVol 290
binaryHyperVol 0
additiveEps 0
entropy 0.326045
archive 18
4
6 9  100 0000101000000100010110000010001100110101000110011001010100011011010000110010100010101000101011110110
4 10  100 0000101000000100010110000010001100110101000110010001010100011011010000110010100010101000101011110110
3 11  100 0000101000000100010110000010001100110101000110011001010100011011011010110010100010101000101011110110
2 12  100 0000101000010001010110000010001100110101000110011001010100011011011010110010100010101000101011110110
runNumber 19
genCount 5654
elapsedTime 599.894
unaryHyperVol 280
binaryHyperVol 4.25
additiveEps 0.333333
entropy 0.449615
archive 19
3
6 10  100 1010101000010001010110000010001100110101000110011001010100011011010000110010100010101000101011110110
4 11  100 1010101000010001010110000010001100110101000110010001010100011011010000110010100010101000101011110110
2 12  100 1010101000010001010110000010001100110101000110011001010100011011011010110010100010101000101011110110
runNumber 20
genCount 5594
elapsedTime 600.007
unaryHyperVol 280
binaryHyperVol 4.25
additiveEps 0.333333
entropy 0.449615
archive 20
3
6 10  100 1010101000010001010110000010001100110101000110011001010100000011010000110010100010101000101011110110
4 11  100 1010101000010001010110000010001100110101000110011001010100000011110000110010100010101000101011110110
2 12  100 1010101000010001010110000010001100110101000110011001010100000011011010110010100010101000101011110110
runNumber 21
genCount 5607
elapsedTime 599.727
unaryHyperVol 290
binaryHyperVol 0
additiveEps 0
entropy 0.326045
archive 21
4
6 9  100 0000101000000100010110000010001100110101000110011001010100000011010000110010100010101000101011110110
4 10  100 0000101000000100010110000010001100110101000110011001010100000011110000110010100010101000101011110110
3 11  100 0000101000000100010110000010001100110101000110011001010100000011011010110010100010101000101011110110
2 12  100 0000101000010001010110000010001100110101000110011001010100000011011010110010100010101000101011110110
runNumber 22
genCount 5578
elapsedTime 599.917
unaryHyperVol 280
binaryHyperVol 4.25
additiveEps 0.333333
entropy 0.449615
archive 22
3
6 10  100 1010101000010001010110000010001100110101000110011001010100011011010000110010100010101000101011110110
4 11  100 1010101000010001010110000010001100110101000110010001010100011011010000110010100010101000101011110110
2 12  100 1010101000010001010110000010001100110101000110011001010100011011011010110010100010101000101011110110
runNumber 23
genCount 5724
elapsedTime 599.91
unaryHyperVol 290
binaryHyperVol 0
additiveEps 0
entropy 0.326045
archive 23
4
6 9  100 0000101000000100010110000010001100110101000110011001010100011011010000110010100010101000101011110110
4 10  100 0000101000000100010110000010001100110101000110010001010100011011010000110010100010101000101011110110
3 11  100 0000101000000100010110000010001100110101000110011001010100011011011010110010100010101000101011110110
2 12  100 0000101000010001010110000010001100110101000110011001010100011011011010110010100010101000101011110110
runNumber 24
genCount 5631
elapsedTime 599.96
unaryHyperVol 280
binaryHyperVol 4.25
additiveEps 0.333333
entropy 0.449615
archive 24
3
6 10  100 1010101000010001010110000010001100110101000110011001010100000011010000110010100010101000101011110101
4 11  100 1010101000010001010110000010001100110101000110011001010100000011110000110010100010101000101011110101
2 12  100 1010101000010001010110000010001100110101000110011001010100000011011010110010100010101000101011110101
runNumber 25
genCount 5628
elapsedTime 599.74
unaryHyperVol 280
binaryHyperVol 4.25
additiveEps 0.333333
entropy 0.449615
archive 25
3
6 10  100 1010101000010001010110000010001100110101000110011001010100011011010000110010100010101000101011110110
4 11  100 1010101000010001010110000010001100110101000110010001010100011011010000110010100010101000101011110110
2 12  100 1010101000010001010110000010001100110101000110011001010100011011011010110010100010101000101011110110
runNumber 26
genCount 5637
elapsedTime 599.998
unaryHyperVol 290
binaryHyperVol 0
additiveEps 0
entropy 0.326045
archive 26
4
6 9  100 0000101000000100010110000010001100110101000110011001010100011011010000110010100010101000101011110101
4 10  100 0000101000000100010110000010001100110101000110010001010100011011010000110010100010101000101011110101
3 11  100 0000101000000100010110000010001100110101000110011001010100011011011010110010100010101000101011110101
2 12  100 0000101000010001010110000010001100110101000110011001010100011011011010110010100010101000101011110101
runNumber 27
genCount 5843
elapsedTime 599.907
unaryHyperVol 280
binaryHyperVol 4.25
additiveEps 0.333333
entropy 0.449615
archive 27
3
6 10  100 1010101000010001010110000010001100110101000110011001010100011011010000110010100010101000101011110101
4 11  100 1010101000010001010110000010001100110101000110010001010100011011010000110010100010101000101011110101
2 12  100 1010101000010001010110000010001100110101000110011001010100011011011010110010100010101000101011110101
runNumber 28
genCount 5543
elapsedTime 599.929
unaryHyperVol 266
binaryHyperVol 8.75
additiveEps 0.25
entropy 0.482558
archive 28
3
6 9  100 0000011000000100010110000010001100110101000110011001010100011011010000110010100010101000101011110110
4 10  100 0000011000000100010110000010001100110101000110010001010100011011010000110010100010101000101011110110
3 11  100 0000011000000100010110000010001100110101000110011001010100011011011010110010100010101000101011110110
runNumber 29
genCount 5535
elapsedTime 599.898
unaryHyperVol 290
binaryHyperVol 0
additiveEps 0
entropy 0.326045
archive 29
4
6 9  100 0000101000000100010110000010001100110101000110011001010100000011010000110010100010101000101011110110
4 10  100 0000101000000100010110000010001100110101000110011001010100000011110000110010100010101000101011110110
3 11  100 0000101000000100010110000010001100110101000110011001010100000011011010110010100010101000101011110110
2 12  100 0000101000010001010110000010001100110101000110011001010100000011011010110010100010101000101011110110
