OptimalFront
unaryHyperVol 300
4
7 12  100 0101101001010000001001111001011111000111101101000110101101011000111101101110000001010111101001001010
6 13  100 0101000001010000010000111001011111000111101101000110101101011000111101101110000001010111101001001010
4 14  100 0101000001010000010000111001011111000111101101000110101101010001001101101110000001010111101001001010
3 15  100 0100000001010100010000111001011111000111101101000110101101011000001101101110100001010111101001001010
-------------------------
runNumber 0
genCount 5556
elapsedTime 600.003
unaryHyperVol 262
binaryHyperVol 11.45
additiveEps 0.25
entropy 0.441978
archive 0
4
8 13  100 1000101001100100001001111001011111000111101101000110101101010000001101101110000001010111101001001010
7 14  100 1000101001100100001001111001011111000111101101000110101101010001001101101110000001010111101001001010
5 15  100 1000101001100100001001110101011111000111101101000110101101010001001101101110000001010111101001001010
4 16  100 1000100101100100001001001001011111000111101101000110101101010001001101101110000001010111101001001010
runNumber 1
genCount 5542
elapsedTime 599.979
unaryHyperVol 236
binaryHyperVol 18.88
additiveEps 0.8
entropy 0.475082
archive 1
2
8 16  100 1001000001100101010000111001000011000111101101000110101101010000001101101110000001010111101001001010
4 17  100 1001000001100101010000111001000011000111101101000110101101010001001101101110000001010111101001001010
runNumber 2
genCount 5524
elapsedTime 599.977
unaryHyperVol 290
binaryHyperVol 3.4375
additiveEps 0.25
entropy 0.464829
archive 2
4
7 13  100 0100101001010000001001111001011111000111101101000110101101011000001101101110100001010111101001001010
5 14  100 0100101001010000001001110101011111000111101101000110101101011000001101101110100001010111101001001010
4 15  100 0100101000010000001001110101011111000111101101000110101101011000001101101110100001010111101001001010
3 16  100 0100100101010100001001001001011111000111101101000110101101011000001101101110100001010111101001001010
runNumber 3
genCount 5462
elapsedTime 600.049
unaryHyperVol 253
binaryHyperVol 14.85
additiveEps 0.5
entropy 0.427067
archive 3
3
8 14  100 0101101001010000001001111001011111000111101101000110101101010000001100011110000001100000101001001010
7 15  100 1101101001010000001001111001011111000111101101000110101101010001001100011110000001100000101001001010
4 16  100 0101101001010000001010111001011111000111101101000110101101010001001100011110000001010000101001001010
runNumber 4
genCount 5846
elapsedTime 599.933
unaryHyperVol 230
binaryHyperVol 23.35
additiveEps 1
entropy 0
archive 4
1
4 17  100 1101101001010000001010111001011111000111101101000110101100011000001100010100010001010000101001001010
runNumber 5
genCount 5661
elapsedTime 600.034
unaryHyperVol 213
binaryHyperVol 26.68
additiveEps 0.8
entropy 0.475082
archive 5
2
8 16  100 1001000001100111001010111001011111000111101101000110101100010000001101100010000001010011101001001010
5 17  100 1001000001100111001010111001011111000111101101000110101100010001001101100010000001010011101001001010
runNumber 6
genCount 5689
elapsedTime 599.913
unaryHyperVol 236
binaryHyperVol 18.88
additiveEps 0.8
entropy 0.475082
archive 6
2
8 16  100 1000101001100100001010111001011111000111101101000110101101010000001100011110000001010100101001001010
4 17  100 1000101001100100001010111001011111000111101101000110101101010001001100011110000001010000101001001010
runNumber 7
genCount 5411
elapsedTime 600.013
unaryHyperVol 252
binaryHyperVol 13.52
additiveEps 0.4
entropy 0.509891
archive 7
4
8 14  100 1001000001100111001001111001011111000111101101000110101101010000001101101110000001010111101001001010
7 15  100 1001000001100111001001111001011111000111101101000110101101010001001101101110000001010111101001001010
5 16  100 1001000001100111001001110101011111000111101101000110101101010001001101101110000001010111101001001010
4 17  100 0101000000100111001001111001011111000111101101000110101101010001001101101110000001010111101001001010
runNumber 8
genCount 5623
elapsedTime 599.929
unaryHyperVol 285
binaryHyperVol 8.75
additiveEps 0.666667
entropy 0.509891
archive 8
2
4 14  100 0100000001010000010000111001011111000111101101000110101101011000001101101110100001010111101001001010
3 15  100 0100000001010100010000111001011111000111101101000110101101011000001101101110100001010111101001001010
runNumber 9
genCount 5750
elapsedTime 600.019
unaryHyperVol 239
binaryHyperVol 12
additiveEps 0.5
entropy 0.446543
archive 9
4
11 15  100 1000101001100100110000111001000011000111101101000110101101011000001101101100010001010111101001001010
7 16  100 1000101001100100110001111001000011000111101101000110101101011000001101101100010001010111101001001010
5 17  100 1000101001100100110000111001000011000111101101000110101100011000001101100100010001010111101001001010
4 18  100 1000101001100101110000111001000011000111101101000110101100011000001101100100010001010111101001001010
runNumber 10
genCount 5582
elapsedTime 599.915
unaryHyperVol 256
binaryHyperVol 16.9333
additiveEps 0.666667
entropy 0.475082
archive 10
2
8 14  100 1000101001100100000000111001011101010111101101000110101101010000001101101110000001010111101001001010
4 15  100 1000101001100100000000111001011101010111101101000110101101010001001101101110000001010111101001001010
runNumber 11
genCount 5580
elapsedTime 599.99
unaryHyperVol 226
binaryHyperVol 19.6786
additiveEps 0.714286
entropy 0.427067
archive 11
3
7 17  100 1000101001100100001001111001011111000111101101000110101101011000001100011110001111000000101001001010
5 18  100 1000101001100100001001110101011111000111101101000110101101011000001100011110001111000000101001001010
4 19  100 1000100101100100001001001001011111000111101101000110101101011000001100011110001111000000101001001010
runNumber 12
genCount 5590
elapsedTime 600.014
unaryHyperVol 258
binaryHyperVol 18.6667
additiveEps 0.666667
entropy 0.475082
archive 12
2
6 14  100 1000101001100100000000111001011101010111101101000110101101011000111101101110000001010111101001001010
4 15  100 1000101001100100000000111001011101010111101101000110101101010001001101101110000001010111101001001010
runNumber 13
genCount 5606
elapsedTime 599.891
unaryHyperVol 231
binaryHyperVol 26.4375
additiveEps 0.5
entropy 0.427067
archive 13
3
7 14  100 1000101001100100001001111001011111000111101101000110101101011000001101101110001100010111101001001010
6 15  100 1000101001100100001001110101011111000111101101000110101101011000001101101110001100010111101001001010
5 16  100 1000101001100100001001110101011111000111101101000110101101011000000101101110001100010111101001001010
runNumber 14
genCount 5536
elapsedTime 600.011
unaryHyperVol 239
binaryHyperVol 12
additiveEps 0.5
entropy 0.446543
archive 14
4
11 15  100 1000101001100100110000111001000011000111101101000110101101011000001101101100010001010111101001001010
7 16  100 1000101001100100110001111001000011000111101101000110101101011000001101101100010001010111101001001010
5 17  100 1000101001100100110000111001000011000111101101000110101100011000001101100100010001010111101001001010
4 18  100 1000101001100101110000111001000011000111101101000110101100011000001101100100010001010111101001001010
runNumber 15
genCount 5857
elapsedTime 599.955
unaryHyperVol 230
binaryHyperVol 23.35
additiveEps 1
entropy 0
archive 15
1
4 17  100 1000100111010000001001011001011111000000101101000110101101011000001101101110100001010111101001001010
runNumber 16
genCount 5454
elapsedTime 599.966
unaryHyperVol 230
binaryHyperVol 14.2917
additiveEps 0.666667
entropy 0.427067
archive 16
3
11 16  100 1001000001100101010000111001000011000111101101000110101101011000001101101100010001010111101001001010
7 17  100 1001000001100101010001111001000011000111101101000110101101011000001101101100010001010111101001001010
4 18  100 1001000001100101010000111001000011000111101101000110101100011000001101100100010001010111101001001010
runNumber 17
genCount 5438
elapsedTime 599.997
unaryHyperVol 260
binaryHyperVol 9.70833
additiveEps 0.5
entropy 0.427067
archive 17
3
11 13  100 0101000001010000010000111001011111000111101101000110101101011000001101101100010001010111101001001010
7 14  100 0101000001010000010001111001011111000111101101000110101101011000001101101100010001110111101001001010
4 15  100 1101000001010000010000111001011111000111101101000110101100011000001101100100010001010111101001001010
runNumber 18
genCount 6012
elapsedTime 599.972
unaryHyperVol 198
binaryHyperVol 33.1667
additiveEps 1
entropy 0
archive 18
1
5 18  100 1000101001100100001010111001011111000111101101000110101101011000000100011110001100010000101001001010
runNumber 19
genCount 5481
elapsedTime 599.964
unaryHyperVol 250
binaryHyperVol 12
additiveEps 0.5
entropy 0.427067
archive 19
3
11 14  100 1000000001100100010000111001011111000111101101000110101101011000001101101100010001010111101001001010
7 15  100 1000000001100100010001111001011111000111101101000110101101011000001101101100010001010111101001001010
4 16  100 1000000001100100010000111001011111000111101101000110101100011000001101100100010001010111101001001010
runNumber 20
genCount 5563
elapsedTime 599.965
unaryHyperVol 266
binaryHyperVol 14.25
additiveEps 0.333333
entropy 0.427067
archive 20
3
7 13  100 0100101001010000001001111001011111000111101101000110101101011000001101101110100001010111101001001010
5 14  100 0100101001010000001001110101011111000111101101000110101101011000001101101110100001010111101001001010
4 15  100 0100101000010000001001110101011111000111101101000110101101011000001101101110100001010111101001001010
runNumber 21
genCount 5497
elapsedTime 599.936
unaryHyperVol 260
binaryHyperVol 9.70833
additiveEps 0.5
entropy 0.427067
archive 21
3
11 13  100 0101101001010000000000111001011101010111101101000110101101011000001101101100010001010111101001001010
7 14  100 0101101001010000000001111001011101010111101101000110101101011000001101101100010001010111101001001010
4 15  100 0101101001010000000000111001011101010111101101000110101100011000001101100100010001010111101001001010
runNumber 22
genCount 5864
elapsedTime 600.047
unaryHyperVol 220
binaryHyperVol 23.4167
additiveEps 1
entropy 0
archive 22
1
4 18  100 1000101001100100001010111001011111000111101101000110101100011000001100010100010001010000101001001010
runNumber 23
genCount 5589
elapsedTime 599.946
unaryHyperVol 266
binaryHyperVol 14.25
additiveEps 0.333333
entropy 0.427067
archive 23
3
7 13  100 0100101001010000001001111001011111000111101101000110101101011000001101101110100001010111101001001010
5 14  100 0100101001010000001001110101011111000111101101000110101101011000001101101110100001010111101001001010
4 15  100 0100101000010000001001110101011111000111101101000110101101011000001101101110100001010111101001001010
runNumber 24
genCount 5581
elapsedTime 599.946
unaryHyperVol 262
binaryHyperVol 11.45
additiveEps 0.25
entropy 0.441978
archive 24
4
8 13  100 1000101001100100001001111001011111000111101101000110101101010000001101101110000001010111101001001010
7 14  100 1000101001100100001001111001011111000111101101000110101101010001001101101110000001010111101001001010
5 15  100 1000101001100100001001110101011111000111101101000110101101010001001101101110000001010111101001001010
4 16  100 1000100101100100001001001001011111000111101101000110101101010001001101101110000001010111101001001010
runNumber 25
genCount 5787
elapsedTime 599.966
unaryHyperVol 240
binaryHyperVol 23.25
additiveEps 1
entropy 0
archive 25
1
4 16  100 0101100101010000001001001001011111000111101101000110101100011000001101100100010001010111101001001010
runNumber 26
genCount 5797
elapsedTime 599.986
unaryHyperVol 200
binaryHyperVol 23.5
additiveEps 1
entropy 0
archive 26
1
4 20  100 1001100111010000001001011001011111000000101101000110101100011000001100010100010001100000101001001010
runNumber 27
genCount 5632
elapsedTime 599.937
unaryHyperVol 256
binaryHyperVol 16.9333
additiveEps 0.666667
entropy 0.475082
archive 27
2
8 14  100 1000000001100100010000111001011111000111101101000110101101010000001101101110000001010111101001001010
4 15  100 1000000001100100010000111001011111000111101101000110101101010001001101101110000001010111101001001010
runNumber 28
genCount 5842
elapsedTime 600.027
unaryHyperVol 248
binaryHyperVol 19.9375
additiveEps 0.75
entropy 0.475082
archive 28
2
6 15  100 1001100111010000000000011001011101010111101101000110101101011000111101101110000001010111101001001010
4 16  100 1000100111010000000000011001011101010111101101000110101101011000001101101110100001010111101001001010
runNumber 29
genCount 5894
elapsedTime 599.95
unaryHyperVol 240
binaryHyperVol 23.25
additiveEps 1
entropy 0
archive 29
1
4 16  100 0101100101010000001001001001011111000111101101000110101100011000001101100100010001010111101001001010
