OptimalFront
unaryHyperVol 437
3
6 10  100 1010101010100001000000111111110001011001000110001010011010000011011010111010100100011001110100110110
4 11  100 1010101010100001000000111111110001011001000110001010011010000011011010111010100100011001111000110110
3 13  100 1010101010100001001010111111110001111001000110001010011010000011011010111010100100010001010100110101
-------------------------
runNumber 0
genCount 5557
elapsedTime 600.042
unaryHyperVol 437
binaryHyperVol 0
additiveEps 0
entropy 0.461903
archive 0
3
6 10  100 1010101010100001000000111111110001011001000110001010011010000011011010111010100100011001110100110110
4 11  100 1010101010100001000000111111110001011001000110001010011010000011011010111010100100011001010100110110
3 13  100 1010101010100001001010111111110001111001000110001010011010000011011010111010100100010001111000110110
runNumber 1
genCount 5386
elapsedTime 599.962
unaryHyperVol 436
binaryHyperVol 0.0833333
additiveEps 0.25
entropy 0.46166
archive 1
3
7 10  100 1010101010100001000000111111110001011001000000001010011010000011010000111010100100011001111000110110
4 11  100 1010101010100001000000111111110001011001000000001010011010000011011010111010100100011001111000110110
3 13  100 1010101010100001001010111111110001111001000000001010011010000011011010111010100100010001111000110110
runNumber 2
genCount 5836
elapsedTime 599.931
unaryHyperVol 357
binaryHyperVol 23.5
additiveEps 0.8
entropy 0.49717
archive 2
2
7 14  100 1010101010100001001001011111110001000000000000001010011010000011010000111010100100011001111000110110
4 15  100 1010101010100001001001011111110001000000000000001010011010000011011010111010100100011001111000110110
runNumber 3
genCount 5697
elapsedTime 600.077
unaryHyperVol 413
binaryHyperVol 10.4444
additiveEps 0.666667
entropy 0.509891
archive 3
2
6 12  100 1010101010100001001010111111110001111001000110001010011010000011011010111010100100010001110100110110
3 13  100 1010101010100001001010111111110001111001000110001010011010000011011010111010100100010001111000110110
runNumber 4
genCount 5590
elapsedTime 599.878
unaryHyperVol 436
binaryHyperVol 0.0833333
additiveEps 0.25
entropy 0.46166
archive 4
3
7 10  100 1010101010100001000000111111110001011001000000001010011010000011010000111010100100011001111000110110
4 11  100 1010101010100001000000111111110001011001000000001010011010000011011010111010100100011001111000110110
3 13  100 1010101010100001001010111111110001111001000000001010011010000011011010111010100100010001111000110110
runNumber 5
genCount 5716
elapsedTime 599.952
unaryHyperVol 413
binaryHyperVol 10.4444
additiveEps 0.666667
entropy 0.509891
archive 5
2
6 12  100 1010101010100001001010111111110001111001000110001010011010000011011010111010100100010001110100110110
3 13  100 1010101010100001001010111111110001111001000110001010011010000011011010111010100100010001111000110110
runNumber 6
genCount 5672
elapsedTime 599.953
unaryHyperVol 437
binaryHyperVol 0
additiveEps 0
entropy 0.461903
archive 6
3
6 10  100 1010101010100001000000111111110001011001000110001010011010000011011010111010100100011001110100110101
4 11  100 1010101010100001000000111111110001011001000110001010011010000011011010111010100100011001010100110101
3 13  100 1010101010100001001010111111110001111001000110001010011010000011011010111010100100010001111000110101
runNumber 7
genCount 5772
elapsedTime 599.988
unaryHyperVol 437
binaryHyperVol 0
additiveEps 0
entropy 0.461903
archive 7
3
6 10  100 1010101010100001000000111111110001011001000110001010011010000011011010111010100100011001110100110110
4 11  100 1010101010100001000000111111110001011001000110001010011010000011011010111010100100011001010100110110
3 13  100 1010101010100001001010111111110001111001000110001010011010000011011010111010100100010001111000110110
runNumber 8
genCount 5729
elapsedTime 600.046
unaryHyperVol 393
binaryHyperVol 16.0833
additiveEps 0.333333
entropy 0.49717
archive 8
2
7 11  100 1000101010100001110000111111110001111001000000001010011010000011010000111010100100011001111000110110
4 12  100 1000101010100001110000111111110001111001000000001010011010000011011010111010100100011001111000110110
runNumber 9
genCount 5817
elapsedTime 599.896
unaryHyperVol 436
binaryHyperVol 0.0833333
additiveEps 0.25
entropy 0.46166
archive 9
3
7 10  100 1010101010100001000000111111110001011001000000001010011010000011010000111010100100011001111000110110
4 11  100 1010101010100001000000111111110001011001000000001010011010000011011010111010100100011001111000110110
3 13  100 1010101010100001001010111111110001111001000000001010011010000011011010111010100100010001111000110110
runNumber 10
genCount 5437
elapsedTime 600.003
unaryHyperVol 413
binaryHyperVol 10.4444
additiveEps 0.666667
entropy 0.509891
archive 10
2
6 12  100 1010101010100001001010111111110001111001000110001010011010000011011010111010100100010001110100110110
3 13  100 1010101010100001001010111111110001111001000110001010011010000011011010111010100100010001111000110110
runNumber 11
genCount 5523
elapsedTime 599.973
unaryHyperVol 437
binaryHyperVol 0
additiveEps 0
entropy 0.461903
archive 11
3
6 10  100 1010101010100001000000111111110001011001000110001010011010000011011010111010100100011001110100110110
4 11  100 1010101010100001000000111111110001011001000110001010011010000011011010111010100100011001111000110110
3 13  100 1010101010100001001010111111110001111001000110001010011010000011011010111010100100010001111000110110
runNumber 12
genCount 5660
elapsedTime 599.92
unaryHyperVol 413
binaryHyperVol 10.4444
additiveEps 0.666667
entropy 0.509891
archive 12
2
6 12  100 1010101010100001001010111111110001111001000110001010011010000011011010111010100100010001110100110110
3 13  100 1010101010100001001010111111110001111001000110001010011010000011011010111010100100010001111000110110
runNumber 13
genCount 5627
elapsedTime 600.035
unaryHyperVol 413
binaryHyperVol 10.4444
additiveEps 0.666667
entropy 0.509891
archive 13
2
6 12  100 1010101010100001001010111111110001111001000110001010011010000011011010111010100100010001110100110110
3 13  100 1010101010100001001010111111110001111001000110001010011010000011011010111010100100010001111000110110
runNumber 14
genCount 5593
elapsedTime 599.864
unaryHyperVol 406
binaryHyperVol 14.3333
additiveEps 0.333333
entropy 0.488066
archive 14
2
6 10  100 1010101010100001000000111111110001011001000110001010011010000011011010111010100100011001110100110110
4 11  100 1010101010100001000000111111110001011001000110001010011010000011011010111010100100011001111000110110
runNumber 15
genCount 5562
elapsedTime 600.034
unaryHyperVol 436
binaryHyperVol 0.0833333
additiveEps 0.25
entropy 0.46166
archive 15
3
7 10  100 1010101010100001000000111111110001011001000000001010011010000011010000111010100100011001111000110110
4 11  100 1010101010100001000000111111110001011001000000001010011010000011011010111010100100011001111000110110
3 13  100 1010101010100001001010111111110001111001000000001010011010000011011010111010100100010001111000110110
runNumber 16
genCount 5735
elapsedTime 599.936
unaryHyperVol 406
binaryHyperVol 14.3333
additiveEps 0.333333
entropy 0.488066
archive 16
2
6 10  100 1010101010100001000000111111110001011001000110001010011010000011011010111010100100011001110100110110
4 11  100 1010101010100001000000111111110001011001000110001010011010000011011010111010100100011001111000110110
runNumber 17
genCount 5675
elapsedTime 599.989
unaryHyperVol 406
binaryHyperVol 14.3333
additiveEps 0.333333
entropy 0.488066
archive 17
2
6 10  100 1010101010100001000000111111110001011001000110001010011010000011011010111010100100011001110100110110
4 11  100 1010101010100001000000111111110001011001000110001010011010000011011010111010100100011001111000110110
runNumber 18
genCount 5691
elapsedTime 600.037
unaryHyperVol 437
binaryHyperVol 0
additiveEps 0
entropy 0.461903
archive 18
3
6 10  100 1010101010100001000000111111110001011001000110001010011010000011011010111010100100011001110100110110
4 11  100 1010101010100001000000111111110001011001000110001010011010000011011010111010100100011001111000110110
3 13  100 1010101010100001001010111111110001111001000110001010011010000011011010111010100100010001111000110110
runNumber 19
genCount 5711
elapsedTime 600.02
unaryHyperVol 413
binaryHyperVol 10.4444
additiveEps 0.666667
entropy 0.509891
archive 19
2
6 12  100 1010101010100001001010111111110001111001000110001010011010000011011010111010100100010001110100110110
3 13  100 1010101010100001001010111111110001111001000110001010011010000011011010111010100100010001111000110110
runNumber 20
genCount 5618
elapsedTime 599.951
unaryHyperVol 437
binaryHyperVol 0
additiveEps 0
entropy 0.461903
archive 20
3
6 10  100 1010101010100001000000111111110001011001000110001010011010000011011010111010100100011001110100110110
4 11  100 1010101010100001000000111111110001011001000110001010011010000011011010111010100100011001010100110110
3 13  100 1010101010100001001010111111110001111001000000001010011010000011011010111010100100010001010100110110
runNumber 21
genCount 5515
elapsedTime 599.996
unaryHyperVol 406
binaryHyperVol 14.3333
additiveEps 0.333333
entropy 0.488066
archive 21
2
6 10  100 1010101010100001000000111111110001011001000110001010011010000011011010111010100100011001110100110110
4 11  100 1010101010100001000000111111110001011001000110001010011010000011011010111010100100011001111000110110
runNumber 22
genCount 5581
elapsedTime 599.95
unaryHyperVol 406
binaryHyperVol 14.3333
additiveEps 0.333333
entropy 0.488066
archive 22
2
6 10  100 1010101010100001000000111111110001011001000110001010011010000011011010111010100100011001110100110110
4 11  100 1010101010100001000000111111110001011001000110001010011010000011011010111010100100011001111000110110
runNumber 23
genCount 5534
elapsedTime 599.963
unaryHyperVol 369
binaryHyperVol 22.6875
additiveEps 0.75
entropy 0.49717
archive 23
2
7 13  100 0110101000100001001001111111110001111001000000001010011010000011010000111010100100011001111000110101
4 14  100 0110101000100001001001111111110001111001000000001010011010000011011010111010100100011001111000110101
runNumber 24
genCount 5458
elapsedTime 599.953
unaryHyperVol 437
binaryHyperVol 0
additiveEps 0
entropy 0.461903
archive 24
3
6 10  100 1010101010100001000000111111110001011001000110001010011010000011011010111010100100011001110100110110
4 11  100 1010101010100001000000111111110001011001000110001010011010000011011010111010100100011001010100110110
3 13  100 1010101010100001001010111111110001111001000110001010011010000011011010111010100100010001111000110110
runNumber 25
genCount 5562
elapsedTime 599.978
unaryHyperVol 437
binaryHyperVol 0
additiveEps 0
entropy 0.461903
archive 25
3
6 10  100 1010101010100001000000111111110001011001000110001010011010000011011010111010100100011001110100110110
4 11  100 1010101010100001000000111111110001011001000110001010011010000011011010111010100100011001111000110110
3 13  100 1010101010100001001010111111110001111001000110001010011010000011011010111010100100010001111000110110
runNumber 26
genCount 5645
elapsedTime 600.02
unaryHyperVol 436
binaryHyperVol 0.0833333
additiveEps 0.25
entropy 0.46166
archive 26
3
7 10  100 1010101010100001000000111111110001011001000000001010011010000011010000111010100100011001111000110110
4 11  100 1010101010100001000000111111110001011001000000001010011010000011011010111010100100011001111000110110
3 13  100 1010101010100001001010111111110001111001000000001010011010000011011010111010100100010001111000110110
runNumber 27
genCount 5620
elapsedTime 600.016
unaryHyperVol 436
binaryHyperVol 0.0833333
additiveEps 0.25
entropy 0.46166
archive 27
3
7 10  100 1010101010100001000000111111110001011001000000001010011010000011010000111010100100011001111000110101
4 11  100 1010101010100001000000111111110001011001000000001010011010000011011010111010100100011001111000110101
3 13  100 1010101010100001001010111111110001111001000000001010011010000011011010111010100100010001111000110101
runNumber 28
genCount 5661
elapsedTime 599.999
unaryHyperVol 394
binaryHyperVol 19.5556
additiveEps 0.333333
entropy 0.49717
archive 28
2
6 11  100 1000101010100001110000111111110001111001000110001010011010000011011010111010100100011001110100110110
4 12  100 1000101010100001110000111111110001111001000110001010011010000011011010111010100100011001111000110110
runNumber 29
genCount 5552
elapsedTime 599.908
unaryHyperVol 437
binaryHyperVol 0
additiveEps 0
entropy 0.461903
archive 29
3
6 10  100 1010101010100001000000111111110001011001000110001010011010000011011010111010100100011001110100110101
4 11  100 1010101010100001000000111111110001011001000110001010011010000011011010111010100100011001111000110101
3 13  100 1010101010100001001010111111110001111001000110001010011010000011011010111010100100010001111000110101
