OptimalFront
unaryHyperVol 334
2
5 10  100 0000011101010100101010000100011111011001001010000110010001100111001001111001100001010001000011110101
3 11  100 0000011101010100101010000100011111011001001010000110010001100111001010111001100001010001000011110101
-------------------------
runNumber 0
genCount 5490
elapsedTime 599.998
unaryHyperVol 297
binaryHyperVol 9.1
additiveEps 0.6
entropy 0.5994
archive 0
3
5 13  100 0110001101110010010000000100011111011001001010000110010001100111001001111000010001010110000011110110
4 14  100 0110001101110010010000000100011111011001001010000110010001100111001010111000010001010110000011110110
3 15  100 0110001101010010010000000100011111011001001010000110010001100111001010111000010001010110000011110110
runNumber 1
genCount 5355
elapsedTime 599.89
unaryHyperVol 320
binaryHyperVol 4
additiveEps 0.5
entropy 0.442186
archive 1
3
5 11  100 0110011101110010101001000100011111011001001010000110010001100111001001111000010001010110000011110110
4 12  100 0110011101110010101001000100011111011001001010000110010001100111001010111000010001010110100011110110
3 14  100 0110010101010010101001000100011111011001001010000110010001100111001010111000010001010110100011110110
runNumber 2
genCount 5562
elapsedTime 599.975
unaryHyperVol 297
binaryHyperVol 9.1
additiveEps 0.6
entropy 0.5994
archive 2
3
5 13  100 0110001101110010010000000100011111011001001010000110010001100111001001111000010001010110000011110110
4 14  100 0110001101110010010000000100011111011001001010000110010001100111001010111000010001010110000011110110
3 15  100 0110001101010010010000000100011111011001001010000110010001100111001010111000010001010110000011110110
runNumber 3
genCount 5734
elapsedTime 599.966
unaryHyperVol 310
binaryHyperVol 10
additiveEps 0.666667
entropy 0.509891
archive 3
2
5 12  100 0000011101010010101010000100011111011001001010000110010001100111001001111000010001010001000011110101
3 13  100 0000011101010010101010000100011111011001001010000110010001100111001010111000010001010001100011110101
runNumber 4
genCount 5451
elapsedTime 600.079
unaryHyperVol 320
binaryHyperVol 4
additiveEps 0.5
entropy 0.442186
archive 4
3
5 11  100 0110011101110010101001000100011111011001001010000110010001100111001001111000010001010110000011110110
4 12  100 0110011101110010101001000100011111011001001010000110010001100111001010111000010001010110000011110110
3 14  100 0110010101010010101001000100011111011001001010000110010001100111001010111000010001010110000011110110
runNumber 5
genCount 5698
elapsedTime 599.746
unaryHyperVol 297
binaryHyperVol 9.1
additiveEps 0.6
entropy 0.5994
archive 5
3
5 13  100 0110001101110010010000000100011111011001001010000110010001100111001001111000010001010110000011110110
4 14  100 0110001101110010010000000100011111011001001010000110010001100111001010111000010001010110000011110110
3 15  100 0110001101010010010000000100011111011001001010000110010001100111001010111000010001010110100011110110
runNumber 6
genCount 5549
elapsedTime 600.006
unaryHyperVol 286
binaryHyperVol 12
additiveEps 0.8
entropy 0.509891
archive 6
2
5 14  100 0000001101010010010000000100011111011001001010000110010001100111001001111000010001100001000011110101
3 15  100 0000001101010010010000000100011111011001001010000110010001100111001010111000010001100001100011110101
runNumber 7
genCount 5727
elapsedTime 599.999
unaryHyperVol 310
binaryHyperVol 7.5
additiveEps 0.5
entropy 0.509891
archive 7
2
4 12  100 0110011101110010101001000100011111011001001010000110010001100111001010111000010001010110100011110110
3 14  100 0110010101010010101001000100011111011001001010000110010001100111001010111000010001010110100011110110
runNumber 8
genCount 5706
elapsedTime 599.866
unaryHyperVol 286
binaryHyperVol 12
additiveEps 0.8
entropy 0.509891
archive 8
2
5 14  100 0000001101010010010000000100011111011001001010000110010001100111001001111000010001010110000011110110
3 15  100 0000001101010010010000000100011111011001001010000110010001100111001010111000010001010110100011110110
runNumber 9
genCount 5609
elapsedTime 599.919
unaryHyperVol 321
binaryHyperVol 5.16667
additiveEps 0.5
entropy 0.428269
archive 9
3
5 11  100 0000011101110100101001000100011111011001001010000110010001100111001001111000010001010110000011110110
4 12  100 0000011101110100101001000100011111011001001010000110010001100111001010111000010001010110000011110110
3 13  100 0000010101110100101001000100011111011001001010000110010001100111001010111000010001010110100011110110
runNumber 10
genCount 5580
elapsedTime 599.987
unaryHyperVol 320
binaryHyperVol 4
additiveEps 0.5
entropy 0.442186
archive 10
3
5 11  100 0110011101110010101001000100011111011001001010000110010001100111001001111000010001010110000011110110
4 12  100 0110011101110010101001000100011111011001001010000110010001100111001010111000010001010110000011110110
3 14  100 0110010101010010101001000100011111011001001010000110010001100111001010111000010001010110100011110110
runNumber 11
genCount 5684
elapsedTime 600.011
unaryHyperVol 321
binaryHyperVol 5.16667
additiveEps 0.5
entropy 0.428269
archive 11
3
5 11  100 0000011101110100101001000100011111011001001010000110010001100111001001111000010001010110000011110110
4 12  100 0000011101110100101001000100011111011001001010000110010001100111001010111000010001010110000011110110
3 13  100 0000010101110100101001000100011111011001001010000110010001100111001010111000010001010110100011110110
runNumber 12
genCount 5395
elapsedTime 600.036
unaryHyperVol 320
binaryHyperVol 4
additiveEps 0.5
entropy 0.442186
archive 12
3
5 11  100 0110011101110010101001000100011111011001001010000110010001100111001001111000010001010110000011110110
4 12  100 0110011101110010101001000100011111011001001010000110010001100111001010111000010001010110100011110110
3 14  100 0110010101010010101001000100011111011001001010000110010001100111001010111000010001010110000011110110
runNumber 13
genCount 5636
elapsedTime 599.885
unaryHyperVol 322
binaryHyperVol 7.5
additiveEps 0.5
entropy 0.509891
archive 13
2
5 11  100 0000011101110100101010000100011111011001001010000110010001100111001001111000010001010001000011110101
3 12  100 0000011101110100101010000100011111011001001010000110010001100111001010111000010001010001000011110101
runNumber 14
genCount 5657
elapsedTime 600.005
unaryHyperVol 321
binaryHyperVol 5.16667
additiveEps 0.5
entropy 0.428269
archive 14
3
5 11  100 0000011101110100101001000100011111011001001010000110010001100111001001111000010001010110000011110110
4 12  100 0000011101110100101001000100011111011001001010000110010001100111001010111000010001010110000011110110
3 13  100 0000010101110100101001000100011111011001001010000110010001100111001010111000010001010110000011110110
runNumber 15
genCount 5725
elapsedTime 599.957
unaryHyperVol 286
binaryHyperVol 12
additiveEps 0.8
entropy 0.509891
archive 15
2
5 14  100 0000001101010010010000000100011111011001001010000110010001100111001001111000010001010110000011110110
3 15  100 0000001101010010010000000100011111011001001010000110010001100111001010111000010001010110000011110110
runNumber 16
genCount 5610
elapsedTime 599.987
unaryHyperVol 298
binaryHyperVol 11.25
additiveEps 0.75
entropy 0.509891
archive 16
2
5 13  100 0000001101110100010000000100011111011001001010000110010001100111001001111000010001010110000011110110
3 14  100 0000001101110100010000000100011111011001001010000110010001100111001010111000010001010110000011110110
runNumber 17
genCount 5555
elapsedTime 599.916
unaryHyperVol 310
binaryHyperVol 10
additiveEps 0.666667
entropy 0.509891
archive 17
2
5 12  100 0000001101010100010000000100011111011001001010000110010001100111001001111001100001010110000011110110
3 13  100 0000001101010100010000000100011111011001001010000110010001100111001010111001100001010110100011110110
runNumber 18
genCount 5599
elapsedTime 600.009
unaryHyperVol 287
binaryHyperVol 11.9
additiveEps 0.8
entropy 0.509891
archive 18
2
4 14  100 0110001101110010010000000100011111011001001010000110010001100111001010111000010001010110100011110110
3 15  100 0110001101010010010000000100011111011001001010000110010001100111001010111000010001010110100011110110
runNumber 19
genCount 5558
elapsedTime 599.986
unaryHyperVol 305
binaryHyperVol 19.1667
additiveEps 0.666667
entropy 0.488066
archive 19
2
5 10  100 0110011101110101101001000100000011011001001001000110010001100111001001111001100001010110000011110110
4 13  100 0110011101010101101001000100000011011001001010000110010001100111001010111001100001010110000011110110
runNumber 20
genCount 5606
elapsedTime 600.024
unaryHyperVol 321
binaryHyperVol 5.16667
additiveEps 0.5
entropy 0.428269
archive 20
3
5 11  100 0000011101110100101001000100011111011001001010000110010001100111001001111000010001010110000011110110
4 12  100 0000011101110100101001000100011111011001001010000110010001100111001010111000010001010110000011110110
3 13  100 0000010101110100101001000100011111011001001010000110010001100111001010111000010001010110000011110110
runNumber 21
genCount 5643
elapsedTime 599.947
unaryHyperVol 320
binaryHyperVol 4
additiveEps 0.5
entropy 0.442186
archive 21
3
5 11  100 0110011101110010101001000100011111011001001010000110010001100111001001111000010001010110000011110110
4 12  100 0110011101110010101001000100011111011001001010000110010001100111001010111000010001010110000011110110
3 14  100 0110010101010010101001000100011111011001001010000110010001100111001010111000010001010110000011110110
runNumber 22
genCount 5595
elapsedTime 599.988
unaryHyperVol 305
binaryHyperVol 19.1667
additiveEps 0.666667
entropy 0.488066
archive 22
2
5 10  100 0110011101110101101001000100000011011001001001000110010001100111001001111001100001010110000011110110
4 13  100 0110011101010101101001000100000011011001001010000110010001100111001010111001100001010110000011110110
runNumber 23
genCount 5537
elapsedTime 599.893
unaryHyperVol 322
binaryHyperVol 7.5
additiveEps 0.5
entropy 0.509891
archive 23
2
5 11  100 0000011101110100101010000100011111011001001010000110010001100111001001111000010001010001000011110101
3 12  100 0000011101110100101010000100011111011001001010000110010001100111001010111000010001010001000011110101
runNumber 24
genCount 5613
elapsedTime 599.826
unaryHyperVol 310
binaryHyperVol 7.5
additiveEps 0.5
entropy 0.509891
archive 24
2
4 12  100 0110011101110010101001000100011111011001001010000110010001100111001010111000010001100001100011110101
3 14  100 0110010101010010101001000100011111011001001010000110010001100111001010111000010001100001100011110101
runNumber 25
genCount 5546
elapsedTime 599.967
unaryHyperVol 320
binaryHyperVol 4
additiveEps 0.5
entropy 0.442186
archive 25
3
5 11  100 0110011101110010101001000100011111011001001010000110010001100111001001111000010001100001000011110101
4 12  100 0110011101110010101001000100011111011001001010000110010001100111001010111000010001100001100011110101
3 14  100 0110010101010010101001000100011111011001001010000110010001100111001010111000010001100001000011110101
runNumber 26
genCount 5543
elapsedTime 599.987
unaryHyperVol 320
binaryHyperVol 4
additiveEps 0.5
entropy 0.442186
archive 26
3
5 11  100 0110011101110010101001000100011111011001001010000110010001100111001001111000010001010110000011110110
4 12  100 0110011101110010101001000100011111011001001010000110010001100111001010111000010001010110000011110110
3 14  100 0110010101010010101001000100011111011001001010000110010001100111001010111000010001010110000011110110
runNumber 27
genCount 5514
elapsedTime 599.946
unaryHyperVol 320
binaryHyperVol 4
additiveEps 0.5
entropy 0.442186
archive 27
3
5 11  100 0110011101110010101001000100011111011001001010000110010001100111001001111000010001010110000011110110
4 12  100 0110011101110010101001000100011111011001001010000110010001100111001010111000010001010110000011110110
3 14  100 0110010101010010101001000100011111011001001010000110010001100111001010111000010001010110100011110110
runNumber 28
genCount 5560
elapsedTime 600.001
unaryHyperVol 298
binaryHyperVol 11.25
additiveEps 0.75
entropy 0.509891
archive 28
2
5 13  100 0000001101110100010000000100011111011001001010000110010001100111001001111000010001100001000011110101
3 14  100 0000001101110100010000000100011111011001001010000110010001100111001010111000010001100001100011110101
runNumber 29
genCount 5763
elapsedTime 599.94
unaryHyperVol 286
binaryHyperVol 33
additiveEps 1
entropy 0
archive 29
1
4 12  100 0110011101110010101010000100011111011001001010000110010001100111001010110100010001010011000011110110
