OptimalFront
unaryHyperVol 258
3
5 8  100 0110000011010111110111001110101000100000101000100110101000101001101011110001011001100101101000010010
4 9  100 0110000001010111110111001110101000100000101000100110101000101001101011110001011001100101101000010010
3 10  100 0110000001010011110111001110101000100000101000100110101000101001101011110001011001100101101000010010
-------------------------
runNumber 0
genCount 5669
elapsedTime 599.956
unaryHyperVol 258
binaryHyperVol 0
additiveEps 0
entropy 0.461903
archive 0
3
5 8  100 0000000011010111110111001110101000100000101000100110101000101001100101110001011001100101101000010010
4 9  100 0000000011100111110111001110101000100000101000100110101000101001100101110001011001100101101000010010
3 10  100 0000000011100100110111001110101000100000101000100110101000101001100101110001011001100101101000010010
runNumber 1
genCount 5549
elapsedTime 600.014
unaryHyperVol 258
binaryHyperVol 0
additiveEps 0
entropy 0.461903
archive 1
3
5 8  100 0110000011010111110111001110101000100000101000100110101000101001100101110001011001100101101000010010
4 9  100 0110000001010111110111001110101000100000101000100110101000101001100101110001011001100101101000010010
3 10  100 0110000001010011110111001110101000100000101000100110101000101001100101110001011001100101101000010010
runNumber 2
genCount 5685
elapsedTime 599.974
unaryHyperVol 258
binaryHyperVol 0
additiveEps 0
entropy 0.461903
archive 2
3
5 8  100 0110000011010111110111001110101000100000101000100110101000101001101011110001011001100101101000010010
4 9  100 0110000001010111110111001110101000100000101000100110101000101001101011110001011001100101101000010010
3 10  100 0110000001010011110111001110101000100000101000100110101000101001101011110001011001100101101000010010
runNumber 3
genCount 5743
elapsedTime 599.939
unaryHyperVol 258
binaryHyperVol 0
additiveEps 0
entropy 0.461903
archive 3
3
5 8  100 0000000011010111110111001110101000100000101000100110101000101001101011110001011001100101101000010010
4 9  100 0000000011100111110111001110101000100000101000100110101000101001101011110001011001100101101000010010
3 10  100 0000000011100100110111001110101000100000101000100110101000101001101011110001011001100101101000010010
runNumber 4
genCount 5860
elapsedTime 600.044
unaryHyperVol 258
binaryHyperVol 0
additiveEps 0
entropy 0.461903
archive 4
3
5 8  100 0110000011010111110111001110101000100000101000100110101000101001101011110001011001100101101000010010
4 9  100 0110000001010111110111001110101000100000101000100110101000101001101011110001011001100101101000010010
3 10  100 0110000001010011110111001110101000100000101000100110101000101001101011110001011001100101101000010010
runNumber 5
genCount 5725
elapsedTime 599.918
unaryHyperVol 258
binaryHyperVol 0
additiveEps 0
entropy 0.461903
archive 5
3
5 8  100 0110000011010111110111001110101000100000101000100110101000101001100101110001011001100101101000010010
4 9  100 0110000001010111110111001110101000100000101000100110101000101001100101110001011001100101101000010010
3 10  100 0110000001010011110111001110101000100000101000100110101000101001100101110001011001100101101000010010
runNumber 6
genCount 5734
elapsedTime 599.975
unaryHyperVol 258
binaryHyperVol 0
additiveEps 0
entropy 0.461903
archive 6
3
5 8  100 0000000011010111110111001110101000100000101000100110101000101001101011110001011001100101101000010010
4 9  100 0000000011100111110111001110101000100000101000100110101000101001101011110001011001100101101000010010
3 10  100 0000000011100100110111001110101000100000101000100110101000101001101011110001011001100101101000010010
runNumber 7
genCount 5881
elapsedTime 600.032
unaryHyperVol 249
binaryHyperVol 3
additiveEps 0.5
entropy 0.509891
archive 7
2
4 9  100 0110000011100111110111001100101000100011101000100110101000101001101011110001011001100101101000010010
3 12  100 0110000011101011110111001110101000100000101000100110101000101001101011110000001001100101101000010010
runNumber 8
genCount 5790
elapsedTime 599.955
unaryHyperVol 258
binaryHyperVol 0
additiveEps 0
entropy 0.461903
archive 8
3
5 8  100 0000000011010111110111001110101000100000101000100110101000101001101011110001011001100101101000010010
4 9  100 0000000011100111110111001110101000100000101000100110101000101001101011110001011001100101101000010010
3 10  100 0000000011100100110111001110101000100000101000100110101000101001101011110001011001100101101000010010
runNumber 9
genCount 5539
elapsedTime 599.974
unaryHyperVol 258
binaryHyperVol 0
additiveEps 0
entropy 0.461903
archive 9
3
5 8  100 0110000011010111110111001110101000100000101000100110101000101001101011110001011001100101101000010010
4 9  100 0110000001010111110111001110101000100000101000100110101000101001101011110001011001100101101000010010
3 10  100 0110000001010011110111001110101000100000101000100110101000101001101011110001011001100101101000010010
runNumber 10
genCount 5822
elapsedTime 599.895
unaryHyperVol 258
binaryHyperVol 0
additiveEps 0
entropy 0.461903
archive 10
3
5 8  100 0110000011010111110111001110101000100000101000100110101000101001100101110001011001100101101000010010
4 9  100 0110000001010111110111001110101000100000101000100110101000101001100101110001011001100101101000010010
3 10  100 0110000001010011110111001110101000100000101000100110101000101001100101110001011001100101101000010010
runNumber 11
genCount 5662
elapsedTime 600.001
unaryHyperVol 258
binaryHyperVol 0
additiveEps 0
entropy 0.461903
archive 11
3
5 8  100 0110000011010111110111001110101000100000101000100110101000101001101011110001011001100101101000010010
4 9  100 0110000001010111110111001110101000100000101000100110101000101001101011110001011001100101101000010010
3 10  100 0110000001010011110111001110101000100000101000100110101000101001101011110001011001100101101000010010
runNumber 12
genCount 5905
elapsedTime 599.925
unaryHyperVol 216
binaryHyperVol 29.25
additiveEps 1
entropy 0
archive 12
1
4 10  100 0110000011100111110111001100101000100011101000100110101000101001101011110001011001100101010100010010
runNumber 13
genCount 5697
elapsedTime 599.944
unaryHyperVol 258
binaryHyperVol 0
additiveEps 0
entropy 0.461903
archive 13
3
5 8  100 0110000011010111110111001110101000100000101000100110101000101001100101110001011001100101101000010010
4 9  100 0110000001010111110111001110101000100000101000100110101000101001100101110001011001100101101000010010
3 10  100 0110000001010011110111001110101000100000101000100110101000101001100101110001011001100101101000010010
runNumber 14
genCount 5715
elapsedTime 599.976
unaryHyperVol 249
binaryHyperVol 4
additiveEps 0.333333
entropy 0.456965
archive 14
3
5 9  100 0110000011010111110111001110101000100000101000100110101000101001101011110001011001100101010100010010
4 10  100 0110000001010111110111001110101000100000101000100110101000101001101011110001011001100101010100010010
3 11  100 0110000001010011110111001110101000100000101000100110101000101001101011110001011001100101010100010010
runNumber 15
genCount 5868
elapsedTime 600.1
unaryHyperVol 251
binaryHyperVol 5.5
additiveEps 0.5
entropy 0.488066
archive 15
2
4 9  100 0000000011100111110111001100101000100011101000100110101000101001101011110001011001100101101000010010
3 10  100 0000000011100100110111001110101000100000101000100110101000101001101011110001011001100101101000010010
runNumber 16
genCount 5833
elapsedTime 599.877
unaryHyperVol 258
binaryHyperVol 0
additiveEps 0
entropy 0.461903
archive 16
3
5 8  100 0110000011010111110111001110101000100000101000100110101000101001100101110001011001100101101000010010
4 9  100 0110000001010111110111001110101000100000101000100110101000101001100101110001011001100101101000010010
3 10  100 0110000001010011110111001110101000100000101000100110101000101001100101110001011001100101101000010010
runNumber 17
genCount 5524
elapsedTime 600.024
unaryHyperVol 258
binaryHyperVol 0
additiveEps 0
entropy 0.461903
archive 17
3
5 8  100 0110000011010111110111001110101000100000101000100110101000101001101011110001011001100101101000010010
4 9  100 0110000001010111110111001110101000100000101000100110101000101001101011110001011001100101101000010010
3 10  100 0110000001010011110111001110101000100000101000100110101000101001101011110001011001100101101000010010
runNumber 18
genCount 5563
elapsedTime 599.741
unaryHyperVol 258
binaryHyperVol 0
additiveEps 0
entropy 0.461903
archive 18
3
5 8  100 0000000011010111110111001110101000100000101000100110101000101001101011110001011001100101101000010010
4 9  100 0000000011100111110111001110101000100000101000100110101000101001101011110001011001100101101000010010
3 10  100 0000000011100100110111001110101000100000101000100110101000101001101011110001011001100101101000010010
runNumber 19
genCount 5813
elapsedTime 600.039
unaryHyperVol 249
binaryHyperVol 4
additiveEps 0.333333
entropy 0.456965
archive 19
3
5 9  100 0000000011010111110111001110101000100000101000100110101000101001101011110001011001100101010100010010
4 10  100 0000000011100111110111001110101000100000101000100110101000101001101011110001011001100101010100010010
3 11  100 0000000011100100110111001110101000100000101000100110101000101001101011110001011001100101010100010010
runNumber 20
genCount 5663
elapsedTime 599.952
unaryHyperVol 258
binaryHyperVol 0
additiveEps 0
entropy 0.461903
archive 20
3
5 8  100 0000000011010111110111001110101000100000101000100110101000101001100101110001011001100101101000010010
4 9  100 0000000011100111110111001110101000100000101000100110101000101001100101110001011001100101101000010010
3 10  100 0000000011100100110111001110101000100000101000100110101000101001100101110001011001100101101000010010
runNumber 21
genCount 5871
elapsedTime 599.999
unaryHyperVol 258
binaryHyperVol 0
additiveEps 0
entropy 0.461903
archive 21
3
5 8  100 0000000011010111110111001110101000100000101000100110101000101001101011110001011001100101101000010010
4 9  100 0000000011100111110111001110101000100000101000100110101000101001101011110001011001100101101000010010
3 10  100 0000000011100100110111001110101000100000101000100110101000101001101011110001011001100101101000010010
runNumber 22
genCount 5706
elapsedTime 599.929
unaryHyperVol 258
binaryHyperVol 0
additiveEps 0
entropy 0.461903
archive 22
3
5 8  100 0000000011010111110111001110101000100000101000100110101000101001100101110001011001100101101000010010
4 9  100 0000000011100111110111001110101000100000101000100110101000101001100101110001011001100101101000010010
3 10  100 0000000011100100110111001110101000100000101000100110101000101001100101110001011001100101101000010010
runNumber 23
genCount 5743
elapsedTime 600.032
unaryHyperVol 249
binaryHyperVol 4
additiveEps 0.333333
entropy 0.456965
archive 23
3
5 9  100 0000000011010111110111001110101000100000101000100110101000101001101011110001011001100101010100010010
4 10  100 0000000011100111110111001110101000100000101000100110101000101001101011110001011001100101010100010010
3 11  100 0000000011100100110111001110101000100000101000100110101000101001101011110001011001100101010100010010
runNumber 24
genCount 5727
elapsedTime 599.984
unaryHyperVol 258
binaryHyperVol 0
additiveEps 0
entropy 0.461903
archive 24
3
5 8  100 0000000011010111110111001110101000100000101000100110101000101001101011110001011001100101101000010010
4 9  100 0000000011100111110111001110101000100000101000100110101000101001101011110001011001100101101000010010
3 10  100 0000000011100100110111001110101000100000101000100110101000101001101011110001011001100101101000010010
runNumber 25
genCount 5698
elapsedTime 599.95
unaryHyperVol 258
binaryHyperVol 0
additiveEps 0
entropy 0.461903
archive 25
3
5 8  100 0110000011010111110111001110101000100000101000100110101000101001101011110001011001100101101000010010
4 9  100 0110000001010111110111001110101000100000101000100110101000101001101011110001011001100101101000010010
3 10  100 0110000001010011110111001110101000100000101000100110101000101001101011110001011001100101101000010010
runNumber 26
genCount 5737
elapsedTime 599.932
unaryHyperVol 258
binaryHyperVol 0
additiveEps 0
entropy 0.461903
archive 26
3
5 8  100 0000000011010111110111001110101000100000101000100110101000101001101011110001011001100101101000010010
4 9  100 0000000011100111110111001110101000100000101000100110101000101001101011110001011001100101101000010010
3 10  100 0000000011100100110111001110101000100000101000100110101000101001101011110001011001100101101000010010
runNumber 27
genCount 5685
elapsedTime 599.96
unaryHyperVol 258
binaryHyperVol 0
additiveEps 0
entropy 0.461903
archive 27
3
5 8  100 0110000011010111110111001110101000100000101000100110101000101001101011110001011001100101101000010010
4 9  100 0110000001010111110111001110101000100000101000100110101000101001101011110001011001100101101000010010
3 10  100 0110000001010011110111001110101000100000101000100110101000101001101011110001011001100101101000010010
runNumber 28
genCount 5660
elapsedTime 600
unaryHyperVol 258
binaryHyperVol 0
additiveEps 0
entropy 0.461903
archive 28
3
5 8  100 0110000011010111110111001110101000100000101000100110101000101001101011110001011001100101101000010010
4 9  100 0110000001010111110111001110101000100000101000100110101000101001101011110001011001100101101000010010
3 10  100 0110000001010011110111001110101000100000101000100110101000101001101011110001011001100101101000010010
runNumber 29
genCount 5618
elapsedTime 599.983
unaryHyperVol 258
binaryHyperVol 0
additiveEps 0
entropy 0.461903
archive 29
3
5 8  100 0110000011010111110111001110101000100000101000100110101000101001101011110001011001100101101000010010
4 9  100 0110000001010111110111001110101000100000101000100110101000101001101011110001011001100101101000010010
3 10  100 0110000001010011110111001110101000100000101000100110101000101001101011110001011001100101101000010010
