OptimalFront
unaryHyperVol 367
3
6 9  100 1010100110010001000000111110110001010101000110001010011001000011110000111011000100011001110100110111
4 10  100 1010100110010001000000111110110001010101000000001010011011000011110000111011000100011001010100110111
3 14  100 1010000110010001010000111110110001010101000110001010011010101011011010111000010100011001111000110111
-------------------------
runNumber 0
genCount 5426
elapsedTime 600.024
unaryHyperVol 346
binaryHyperVol 5.55
additiveEps 0.4
entropy 0.470519
archive 0
3
7 11  100 1010100110010001000000111110110001010101000000001010011010101011010000111000010100011001111000110111
4 12  100 1010100110010001000000111110110001010101000000001010011010101011011010111000010100011001111000110111
3 14  100 1010000110010001010000111110110001010101000000001010011010101011011010111000010100011001111000110111
runNumber 1
genCount 5513
elapsedTime 599.95
unaryHyperVol 357
binaryHyperVol 2.73333
additiveEps 0.2
entropy 0.470519
archive 1
3
6 10  100 1010100110010001000000111110110001010101000110001010011010101011011010111011000100011001110100110111
4 11  100 1010100110010001000000111110110001010101000110001010011010101011011010111011000100011001010100110111
3 14  100 1010000110010001010000111110110001010101000110001010011010101011011010111000010100011001010100110111
runNumber 2
genCount 5482
elapsedTime 600.001
unaryHyperVol 347
binaryHyperVol 5.46667
additiveEps 0.4
entropy 0.470519
archive 2
3
6 11  100 1010100110010001000000111110110001010101000110001010011010101011011010111000010100011001110100110111
4 12  100 1010100110010001000000111110110001010101000110001010011010101011011010111000010100011001111000110111
3 14  100 1010000110010001010000111110110001010101000110001010011010101011011010111000010100011001111000110111
runNumber 3
genCount 5484
elapsedTime 599.912
unaryHyperVol 346
binaryHyperVol 5.55
additiveEps 0.4
entropy 0.470519
archive 3
3
7 11  100 1010100110010001000000111110110001010101000000001010011010101011010000111000010100011001111000110111
4 12  100 1010100110010001000000111110110001010101000000001010011010101011011010111000010100011001111000110111
3 14  100 1010000110010001010000111110110001010101000000001010011010101011011010111000010100011001111000110111
runNumber 4
genCount 5443
elapsedTime 599.958
unaryHyperVol 366
binaryHyperVol 0.05
additiveEps 0.2
entropy 0.46166
archive 4
3
7 9  100 1010100110010001000000111110110001010101000000001010011011000011010000111011000100011001010100110111
4 10  100 1010100110010001000000111110110001010101000000001010011011000011110000111011000100011001010100110111
3 14  100 1010000110010001010000111110110001010101000000001010011010101011011010111000010100011001010100110111
runNumber 5
genCount 5536
elapsedTime 599.984
unaryHyperVol 357
binaryHyperVol 2.73333
additiveEps 0.2
entropy 0.470519
archive 5
3
6 10  100 1010100110010001000000111110110001010101000110001010011010101011011010111011000100011001110100110111
4 11  100 1010100110010001000000111110110001010101000110001010011010101011011010111011000100011001010100110111
3 14  100 1010000110010001010000111110110001010101000110001010011010101011011010111000010100011001010100110111
runNumber 6
genCount 5594
elapsedTime 599.991
unaryHyperVol 337
binaryHyperVol 8.2
additiveEps 0.6
entropy 0.468496
archive 6
3
6 12  100 1010000110010001010000111110110001100101000110001010011010101011011010111011000100011001110100110111
4 13  100 1010000110010001010000111110110001100101000110001010011010101011011010111011000100011001010100110111
3 14  100 1010000110010001010000111110110001100101000110001010011010101011011010111000010100011001010100110111
runNumber 7
genCount 5697
elapsedTime 599.923
unaryHyperVol 348
binaryHyperVol 4.5
additiveEps 0.333333
entropy 0.49717
archive 7
2
4 11  100 1010100110010001000000111110110001010101000110001010011001000011011010111000010100011001111000110111
3 15  100 1010100110010001001001001110110001100101000110001010011010101011011010111000010100011001111000110111
runNumber 8
genCount 5502
elapsedTime 599.996
unaryHyperVol 326
binaryHyperVol 9.16667
additiveEps 0.666667
entropy 0.481574
archive 8
3
6 13  100 1010100110010001001010111110110001100101000110001010011010101011011010111011000100010101110100110111
4 14  100 1010100110010001001010111110110001100101000110001010011010101011011010111011000100010001010100110111
3 15  100 1010100110010001001010111110110001100101000110001010011010101011011010111000010100010001010100110111
runNumber 9
genCount 5486
elapsedTime 599.979
unaryHyperVol 315
binaryHyperVol 9.85714
additiveEps 0.714286
entropy 0.45785
archive 9
3
6 14  100 1010100110010001001001001101010001100101000110001010011010101011011010111011000100011001110100110111
4 15  100 1010100110010001001001001101010001100101000110001010011010101011011010111011000100011001010100110111
3 16  100 1010100110010001001001001101010001100101000110001010011010101011011010111000010100011001010100110111
runNumber 10
genCount 5554
elapsedTime 600.011
unaryHyperVol 349
binaryHyperVol 5.33333
additiveEps 0.4
entropy 0.509891
archive 10
2
4 11  100 1010100110010001000000111110110001010101000110001010011001000011011010111000010100011001111000110111
3 14  100 1010000110010001010000111110110001010101000110001010011010101011011010111000010100011001111000110111
runNumber 11
genCount 5562
elapsedTime 599.986
unaryHyperVol 325
binaryHyperVol 9.25
additiveEps 0.666667
entropy 0.481574
archive 11
3
7 13  100 1010100110010001001001001110110001100101000000001010011010101011010000111011000100011001010100110111
4 14  100 1010100110010001001001001110110001100101000000001010011010101011011010111011000100011001010100110111
3 15  100 1010100110010001001001001110110001100101000000001010011010101011011010111000010100011001010100110111
runNumber 12
genCount 5518
elapsedTime 599.912
unaryHyperVol 346
binaryHyperVol 5.55
additiveEps 0.4
entropy 0.470519
archive 12
3
7 11  100 1010100110010001000000111110110001010101000000001010011010101011010000111000010100011001111000110111
4 12  100 1010100110010001000000111110110001010101000000001010011010101011011010111000010100011001111000110111
3 14  100 1010000110010001010000111110110001010101000000001010011010101011011010111000010100011001111000110111
runNumber 13
genCount 5535
elapsedTime 599.975
unaryHyperVol 336
binaryHyperVol 6.88889
additiveEps 0.5
entropy 0.455195
archive 13
3
6 12  100 1000100110010001110000111110110001100101000110001010011010101011011010111011000100011001110100110111
4 13  100 1000100110010001110000111110110001100101000110001010011010101011011010111011000100011001010100110111
3 15  100 1010100110010001001010111110110001100101000110001010011010101011011010111000010100010001010100110111
runNumber 14
genCount 5602
elapsedTime 600.044
unaryHyperVol 346
binaryHyperVol 5.55
additiveEps 0.4
entropy 0.470519
archive 14
3
7 11  100 1010100110010001000000111110110001010101000000001010011010101011010000111000010100011001111000110111
4 12  100 1010100110010001000000111110110001010101000000001010011010101011011010111000010100011001111000110111
3 14  100 1010000110010001010000111110110001010101000000001010011010101011011010111000010100011001111000110111
runNumber 15
genCount 5583
elapsedTime 599.908
unaryHyperVol 349
binaryHyperVol 5.33333
additiveEps 0.4
entropy 0.509891
archive 15
2
4 11  100 1010100110010001000000111110110001010101000110001010011001000011011010111000010100011001111000110111
3 14  100 1010000110010001010000111110110001010101000110001010011010101011011010111000010100011001111000110111
runNumber 16
genCount 5546
elapsedTime 600.004
unaryHyperVol 356
binaryHyperVol 2.8
additiveEps 0.25
entropy 0.468463
archive 16
3
7 10  100 1010100110010001000000111110110001010101000000001010011011000011010000111000010100011001111000110111
4 11  100 1010100110010001000000111110110001010101000000001010011011000011110000111000010100011001111000110111
3 14  100 1010000110010001010000111110110001010101000000001010011010101011011010111000010100011001111000110111
runNumber 17
genCount 5485
elapsedTime 600.027
unaryHyperVol 346
binaryHyperVol 5.55
additiveEps 0.4
entropy 0.470519
archive 17
3
7 11  100 1010100110010001000000111110110001010101000000001010011010101011010000111000010100011001111000110111
4 12  100 1010100110010001000000111110110001010101000000001010011010101011011010111000010100011001111000110111
3 14  100 1010000110010001010000111110110001010101000000001010011010101011011010111000010100011001111000110111
runNumber 18
genCount 5708
elapsedTime 599.956
unaryHyperVol 356
binaryHyperVol 2.33333
additiveEps 0.166667
entropy 0.449615
archive 18
3
6 10  100 1010100110010001000000111110110001010101000110001010011010101011011010111011000100011001110100110111
4 11  100 1010100110010001000000111110110001010101000110001010011010101011011010111011000100011001010100110111
3 15  100 1010100110010001001001001110110001010101000110001010011010101011011010111000010100011001010100110111
runNumber 19
genCount 5488
elapsedTime 599.993
unaryHyperVol 356
binaryHyperVol 2.33333
additiveEps 0.166667
entropy 0.449615
archive 19
3
6 10  100 1010100110010001000000111110110001010101000110001010011010101011011010111011000100011001110100110111
4 11  100 1010100110010001000000111110110001010101000110001010011010101011011010111011000100011001010100110111
3 15  100 1010100110010001001010111110110001010101000110001010011010101011011010111000010100010001010100110111
runNumber 20
genCount 5418
elapsedTime 599.945
unaryHyperVol 357
binaryHyperVol 2.73333
additiveEps 0.2
entropy 0.470519
archive 20
3
6 10  100 1010100110010001000000111110110001010101000110001010011010101011011010111011000100011001110100110111
4 11  100 1010100110010001000000111110110001010101000110001010011010101011011010111011000100011001010100110111
3 14  100 1010000110010001010000111110110001010101000110001010011010101011011010111000010100011001010100110111
runNumber 21
genCount 5423
elapsedTime 600.019
unaryHyperVol 357
binaryHyperVol 2.73333
additiveEps 0.2
entropy 0.470519
archive 21
3
6 10  100 1010100110010001000000111110110001010101000110001010011010101011011010111011000100011001110100110111
4 11  100 1010100110010001000000111110110001010101000110001010011010101011011010111011000100011001010100110111
3 14  100 1010000110010001010000111110110001010101000110001010011010101011011010111000010100011001010100110111
runNumber 22
genCount 5528
elapsedTime 599.941
unaryHyperVol 336
binaryHyperVol 8.3
additiveEps 0.6
entropy 0.468496
archive 22
3
7 12  100 1010000110010001010000111110110001100101000000001010011011000011010000111000010100011001111000110111
4 13  100 1010000110010001010000111110110001100101000000001010011011000011110000111000010100011001111000110111
3 14  100 1010000110010001010000111110110001100101000000001010011010101011011010111000010100011001111000110111
runNumber 23
genCount 5568
elapsedTime 599.924
unaryHyperVol 337
binaryHyperVol 8.2
additiveEps 0.6
entropy 0.468496
archive 23
3
6 12  100 1010000110010001010000111110110001100101000110001010011010101011011010111011000100011001110100110111
4 13  100 1010000110010001010000111110110001100101000110001010011010101011011010111011000100011001010100110111
3 14  100 1010000110010001010000111110110001100101000110001010011010101011011010111000010100011001010100110111
runNumber 24
genCount 5517
elapsedTime 600.013
unaryHyperVol 326
binaryHyperVol 9.16667
additiveEps 0.666667
entropy 0.481574
archive 24
3
6 13  100 1010100110010001001010111110110001100101000110001010011010101011011010111011000100010101110100110111
4 14  100 1010100110010001001010111110110001100101000110001010011010101011011010111011000100010001010100110111
3 15  100 1010100110010001001010111110110001100101000110001010011010101011011010111000010100010001010100110111
runNumber 25
genCount 5368
elapsedTime 599.94
unaryHyperVol 356
binaryHyperVol 2.8
additiveEps 0.25
entropy 0.468463
archive 25
3
7 10  100 1010100110010001000000111110110001010101000000001010011010101011010000111011000100011001010100110111
4 11  100 1010100110010001000000111110110001010101000000001010011010101011011010111011000100011001010100110111
3 14  100 1010000110010001010000111110110001010101000000001010011010101011011010111000010100011001010100110111
runNumber 26
genCount 5618
elapsedTime 599.968
unaryHyperVol 337
binaryHyperVol 8.2
additiveEps 0.6
entropy 0.468496
archive 26
3
6 12  100 1010000110010001010000111110110001100101000110001010011010101011011010111011000100011001110100110111
4 13  100 1010000110010001010000111110110001100101000110001010011010101011011010111011000100011001010100110111
3 14  100 1010000110010001010000111110110001100101000110001010011010101011011010111000010100011001010100110111
runNumber 27
genCount 5553
elapsedTime 599.966
unaryHyperVol 347
binaryHyperVol 5.46667
additiveEps 0.4
entropy 0.470519
archive 27
3
6 11  100 1010100110010001000000111110110001010101000110001010011010101011011010111000010100011001110100110111
4 12  100 1010100110010001000000111110110001010101000110001010011010101011011010111000010100011001010100110111
3 14  100 1010000110010001010000111110110001010101000110001010011010101011011010111000010100011001010100110111
runNumber 28
genCount 5520
elapsedTime 599.995
unaryHyperVol 349
binaryHyperVol 5.33333
additiveEps 0.4
entropy 0.509891
archive 28
2
4 11  100 1010100110010001000000111110110001010101000110001010011001000011011010111000010100011001111000110111
3 14  100 1010000110010001010000111110110001010101000110001010011010101011011010111000010100011001111000110111
runNumber 29
genCount 5629
elapsedTime 599.963
unaryHyperVol 347
binaryHyperVol 5.46667
additiveEps 0.4
entropy 0.470519
archive 29
3
6 11  100 1010100110010001000000111110110001010101000110001010011010101011011010111000010100011001110100110111
4 12  100 1010100110010001000000111110110001010101000110001010011010101011011010111000010100011001111000110111
3 14  100 1010000110010001010000111110110001010101000110001010011010101011011010111000010100011001111000110111
