OptimalFront
unaryHyperVol 380
3
6 8  100 1011111011010011011000111110111011100011101011010111110011011010101011001000010001010001011010011001
4 9  100 1011010111010011011000011110111011100011101011010111110011011010101011001000010001010001011010011001
3 10  100 0111111001010011011000111110111011100011101011010111110011011010101011001000010001010001011010011001
-------------------------
runNumber 0
genCount 5377
elapsedTime 600.084
unaryHyperVol 115
binaryHyperVol 17.7346
additiveEps 0.777778
entropy 0.529986
archive 0
4
9 28  100 0000001010101010010011111010111000100000111001010111000011011000001010100100000011100001101010011001
6 30  100 0000001010101010010011111110111001100010111000010111101001011010001000010100010001010100001001001000
5 32  100 0000001011101000001011001110111001101011111000101100110111000001101001111000010010100001101010011001
4 35  100 0000001011101010001010011010111011101010111001010110001111000001001000101100000011100001101010111001
runNumber 1
genCount 5279
elapsedTime 599.914
unaryHyperVol 161
binaryHyperVol 11.1594
additiveEps 0.73913
entropy 0.447913
archive 1
4
12 25  100 1000001010100101010000110010000000000100110111010101100001011001001011001000010001010110011010011000
9 26  100 1000001011100101010000110010000100000000110111010101001010011001001011001000010001010111011010001000
4 27  100 1000001010100101010000110010000000100001110101010101110110111001101011001000010001010110101010001000
3 31  100 1000001010100100010000110010000000100101110101010001010110001001001011001000010001010110101010010000
runNumber 2
genCount 5425
elapsedTime 599.917
unaryHyperVol 141
binaryHyperVol 12.0278
additiveEps 0.916667
entropy 0.49717
archive 2
2
6 27  100 0111001011010010011000111110111111010110111010001110010001001000000101001000010101010001011001011001
3 32  100 0111011001010000011000011110111111010100111010001110010001001000000101001000010110010001001001001001
runNumber 3
genCount 5214
elapsedTime 600.024
unaryHyperVol 170
binaryHyperVol 10.0938
additiveEps 0.708333
entropy 0.449615
archive 3
3
11 24  100 1000001011101000011000011110000100000110111001010111110010011010101011101000001100010001011010011001
4 26  100 1000001010100101010011111110000000100000101000010101110010001010101011101000011100010100011010111001
3 32  100 1000001001100100101011011010000000100000101000010101100010011010101011011000011100010100011010110000
runNumber 4
genCount 5412
elapsedTime 599.966
unaryHyperVol 142
binaryHyperVol 11.5333
additiveEps 0.84
entropy 0.481574
archive 4
3
6 27  100 1011111011101011011011010010111011100011101001010111101100000011011000000000001100010001010100001001
4 31  100 1011111011101011111011110110111011100011001001100010100111101011000101011100000100010001010100001001
3 33  100 0101011001010010011011010110111011100011110101110000110100111010000101011100011100010110010100011001
runNumber 5
genCount 5437
elapsedTime 600.02
unaryHyperVol 118
binaryHyperVol 33.7857
additiveEps 0.952381
entropy 0.49717
archive 5
2
7 28  100 1000111011101001011000110010000111100011011000010101110011111001010101001000001100010110011001000000
5 29  100 1010111011101010011000011101010111100111101001010111001111111000000101000100001100010110011000011011
runNumber 6
genCount 5479
elapsedTime 600.023
unaryHyperVol 224
binaryHyperVol 13
additiveEps 0.866667
entropy 0.49717
archive 6
2
5 21  100 1000001001100101011000110010111001100011101000000101110000011010101011001000010001000001011010001001
3 23  100 1000001000100100001000111110110001100010101010010100110000011000101011001000010001000001011010001001
runNumber 7
genCount 5306
elapsedTime 599.882
unaryHyperVol 167
binaryHyperVol 14.1579
additiveEps 0.947368
entropy 0.49717
archive 7
2
4 26  100 0100010101010000001000110010101111010100001011101000110011011000110101011010100110010110011010011001
3 27  100 0100010101010000001000110010101111010100001011101000110011011000110101001000010110010110011010011001
runNumber 8
genCount 5294
elapsedTime 600.015
unaryHyperVol 111
binaryHyperVol 20.7328
additiveEps 0.724138
entropy 0.449615
archive 8
3
7 29  100 1111111000101011111000100110011100100001101011000101110011011010010101011100000001010101111001001001
5 30  100 1111011000101011111001110110011111100011101011000101110011101000110101010100000011010100011001001001
4 37  100 0010101011101001101010010110100001100001111011101111111001000001110101011100000001010100101001011001
runNumber 9
genCount 5323
elapsedTime 599.969
unaryHyperVol 95
binaryHyperVol 26.8267
additiveEps 0.92
entropy 0.49717
archive 9
2
6 31  100 0011101000000100011011010110000001000101101000010111110011001000010101001000000101010001010100111001
4 33  100 0011101010100100011010010110011001101011011010010101111011000001010101001000000101010001010100111001
runNumber 10
genCount 5323
elapsedTime 599.95
unaryHyperVol 154
binaryHyperVol 21.4773
additiveEps 0.818182
entropy 0.481574
archive 10
3
7 25  100 1000111000010100011000100101110111010101011000010111111111011010010101000110000001010110101001011000
5 28  100 1000111000010000011000000101010011010111111011010111000011011001000101000100010001110110101011001010
4 30  100 1000111000010000011000000101010011010101101011000100000011011001010101111100100101010110001001001010
runNumber 11
genCount 5458
elapsedTime 600.007
unaryHyperVol 159
binaryHyperVol 23.2237
additiveEps 0.894737
entropy 0.49717
archive 11
2
7 25  100 0011010111010011001000010010000111101001001011010101110001011010011011000011010101100000001000011001
4 27  100 0011010111010011001000010010000111101001001011010101110001011010011010000011010100010100001000011001
runNumber 12
genCount 5285
elapsedTime 599.875
unaryHyperVol 168
binaryHyperVol 14.9259
additiveEps 1
entropy 0
archive 12
1
3 26  100 1100001011100100010000011110110101010111001000010000110011101011011001001000010100010100011010011001
runNumber 13
genCount 5311
elapsedTime 599.997
unaryHyperVol 90
binaryHyperVol 19.6513
additiveEps 0.758621
entropy 0.449615
archive 13
3
12 29  100 1001111011101000101010111110011000100001110101001111110010000001011000001000001100010110010110011001
6 31  100 1001111010101000001010111110111000100001110101001111110011000011011001111000001100010110010111101001
5 37  100 1001101011101000101010000110100001100000000101001111110100101001000101010100001100010110010111011001
runNumber 14
genCount 5424
elapsedTime 599.968
unaryHyperVol 198
binaryHyperVol 27.9048
additiveEps 1
entropy 0
archive 14
1
4 22  100 1011111011101000011000011110111001010111011011010111110011000001000000001000000001000001010110001001
runNumber 15
genCount 5389
elapsedTime 599.998
unaryHyperVol 216
binaryHyperVol 10.4035
additiveEps 0.684211
entropy 0.49717
archive 15
2
5 21  100 0100111000010000011000010010011011100011011000010101110011011010001010001010100101010101011000011001
3 27  100 0100010101010100001000010010011110100101011000010111000011011000101001001010100000010100101000011001
runNumber 16
genCount 5397
elapsedTime 599.968
unaryHyperVol 132
binaryHyperVol 27.9333
additiveEps 1
entropy 0
archive 16
1
4 28  100 1000001010100101010000110110000000101000101000010111100111011000001011011000010001010101101000011000
runNumber 17
genCount 5547
elapsedTime 599.968
unaryHyperVol 126
binaryHyperVol 13.1458
additiveEps 0.875
entropy 0.449615
archive 17
3
7 29  100 0100111001100100011000000101010100011100100101011100110011011010101011000100010100010110010111111001
4 30  100 1001001000010011011000000101010111100010001011010010100110011010101011010100010101010111010101101001
3 32  100 0100111001100100101000000001011100010100111011010100110011011010011010010100010101010111010101101001
runNumber 18
genCount 5356
elapsedTime 599.954
unaryHyperVol 180
binaryHyperVol 14.9216
additiveEps 1
entropy 0
archive 18
1
3 25  100 1000111000100100011000111110000100100011001000110011110011011000101011111000011001010110001010001010
runNumber 19
genCount 5463
elapsedTime 599.954
unaryHyperVol 156
binaryHyperVol 12.9524
additiveEps 0.904762
entropy 0.49717
archive 19
2
7 26  100 0100010101010011011000111110111110100011000101000110110101111001011000000000010010010000010110011001
3 29  100 0100010101010011011000111010011110100011100101010110010000111001011000010000010001010101010111101001
runNumber 20
genCount 5339
elapsedTime 599.957
unaryHyperVol 164
binaryHyperVol 12.2727
additiveEps 0.818182
entropy 0.49717
archive 20
2
4 26  100 0011111010100100011000100110000100100011110101010111111101111010101001101000010101010110001010011001
3 30  100 0000111010100100111000101110000100100010110101010111111100011010111001101000010001010110001001001011
runNumber 21
genCount 5240
elapsedTime 599.979
unaryHyperVol 85
binaryHyperVol 11.878
additiveEps 0.785714
entropy 0.506429
archive 21
4
15 30  100 0100010100100100111000000010110001100001110111010111110011101001001000011001000101010101010100011000
10 31  100 1100010110100101011001111010000101000011011011010101110001001000001011001001000111110111010100011011
4 34  100 0100010101100100011000000010110001100101111011010001000011101001001000011011000101010101010100010000
3 36  100 1100010110100100111000011110100001100101111011010100011010101000001000001000010111010101111000101010
runNumber 22
genCount 5334
elapsedTime 599.958
unaryHyperVol 262
binaryHyperVol 8.64583
additiveEps 0.666667
entropy 0.49717
archive 22
2
5 17  100 0100111000010000101000010010111011100011011011010111110111011010001011001010100001010000011000011001
3 24  100 0100111001010100001000000010111001100001011011010111110100000001001011001010100001010100011000011001
runNumber 23
genCount 5460
elapsedTime 600.021
unaryHyperVol 142
binaryHyperVol 13.6061
additiveEps 0.909091
entropy 0.49717
archive 23
2
4 28  100 0100010111010000001010010010111010100011101000110101010111011010011001001000010010010100001000001001
3 30  100 0100010101010100001000010010111010100100101010010101111000011000111001101000010010010100001000011001
runNumber 24
genCount 5498
elapsedTime 599.894
unaryHyperVol 231
binaryHyperVol 8.53333
additiveEps 0.75
entropy 0.481574
archive 24
3
6 19  100 1100010111010000011000111110101011101111101000011011111111011011101000001011100101010001011000011001
4 25  100 0100010101010000011000111110111011101101000101010011101110001010101000011100100001010101001010011001
3 28  100 0100010101010100111011100110111001101011101000011011111111011000101000110111101000010101001010011001
runNumber 25
genCount 5252
elapsedTime 600.064
unaryHyperVol 66
binaryHyperVol 12.2083
additiveEps 0.8125
entropy 0.49717
archive 25
2
4 34  100 0100001011100100101001111010000111101111001001001000110000111000001000011000010011010000111001111001
3 40  100 0000111011100100101001101010110000100101011001001000011001111000010101100000010010010100001001011010
runNumber 26
genCount 5258
elapsedTime 599.951
unaryHyperVol 240
binaryHyperVol 14.8889
additiveEps 1
entropy 0
archive 26
1
3 20  100 1000111011100100011000111110000011100011011011010101111010011010101011001000010010010110001001011001
runNumber 27
genCount 5439
elapsedTime 599.943
unaryHyperVol 82
binaryHyperVol 12.023
additiveEps 0.827586
entropy 0.529986
archive 27
4
9 31  100 1000010100100100101000101101011000010111111010010011110110000000010111001000010010010101001010011010
7 33  100 0100010100100100011010111101010011010111110111010001000011000101000111001000010100010101001010110000
6 35  100 0000001000100100111010111101010011010111110101010111100010000000010111001000010100010101001010110000
3 37  100 1000001011100100101001111101010011010110111011010101001100000000011001101100010100010100001010100000
runNumber 28
genCount 5343
elapsedTime 599.935
unaryHyperVol 96
binaryHyperVol 24.125
additiveEps 0.958333
entropy 0.49717
archive 28
2
7 31  100 0100111001100100111000110001011111100001101000010111110100000001101000000101000010010000010111001001
4 32  100 0100111001100100101000111001011111101101101000000111111111000001101000011001000010010000010111001001
runNumber 29
genCount 5280
elapsedTime 599.948
unaryHyperVol 103
binaryHyperVol 23.01
additiveEps 0.88
entropy 0.481574
archive 29
3
7 30  100 1100111010101000011001110010001100010111101000101011010000000000001011001000000001010111011001001001
5 32  100 1001111011101010011011101110100011010101001000101011011001000001111000001000010001010100010101001001
4 33  100 1101111010101001111011111110111000100111101000101010011101000001101000001000000000010111001001111001
