OptimalFront
unaryHyperVol 399
2
4 11  100 0000101000101010011001011011101110100000011011000000101101111101100000000110000100101000100100001010
3 15  100 0000101000101010011010011011101110100100011011000000101101111101100000000000010100010000000011001010
-------------------------
runNumber 0
genCount 5436
elapsedTime 599.982
unaryHyperVol 171
binaryHyperVol 11.4063
additiveEps 0.75
entropy 0.54796
archive 0
4
7 28  100 0110101000101011011001110101101110001000010011011001001001111101100000000000011100011011000010101010
5 29  100 0110101010101010011001011011100110100000010011000001000100011101110001010100011010110001000001101010
4 30  100 0110101001011010011001011011111110010000010101010011001101100101000000000000011110010000000000101010
3 35  100 0110101010101000001010010111100011110000010101010011001101100101000000000000011110010000000000101010
runNumber 1
genCount 5379
elapsedTime 599.878
unaryHyperVol 154
binaryHyperVol 28.807
additiveEps 0.947368
entropy 0.509891
archive 1
2
6 29  100 0000000001101000010000010011110001110011101011000000101100011001100000000100011110010000100101001010
4 30  100 0110000000101000000000010011010001010111101011000000101100011001100010010100011000111000101101001010
runNumber 2
genCount 5583
elapsedTime 600.084
unaryHyperVol 228
binaryHyperVol 56.6667
additiveEps 1
entropy 0
archive 2
1
4 23  100 1010101000101010011001011001101001100000100101000011100101111101011010000110000100100111100100001010
runNumber 3
genCount 5485
elapsedTime 599.879
unaryHyperVol 107
binaryHyperVol 35.7609
additiveEps 0.956522
entropy 0.509891
archive 3
2
5 33  100 0110010101100000101001010111111001010000011011001111011100110100000010000100010100111001000010101010
4 34  100 0110010100101000101001000110010001010000010101010011111100111101110010010000010100111001000010111010
runNumber 4
genCount 5544
elapsedTime 599.987
unaryHyperVol 99
binaryHyperVol 19.245
additiveEps 0.88
entropy 0.5994
archive 4
3
11 33  100 0010101000101010000101011101001110110001000000111000110001111111000110101110000101010001100100001010
5 34  100 0010101000101010000101011101101110110001001000111000111100000101010110101110000101010001100100001010
4 36  100 1010101010101101001010001100100101110000001000111000100001111111000010101010000101010001100100001010
runNumber 5
genCount 5406
elapsedTime 599.958
unaryHyperVol 121
binaryHyperVol 21.2727
additiveEps 0.909091
entropy 0.599401
archive 5
3
14 29  100 0000101001101010000000000101101101111101001011010000100100111010100000010110000100011100100100001010
9 31  100 0000101000101110000000000101000000110100001010010011100100111111000000100110000101100000100100001010
5 32  100 0000101001101110000000000101000101110100001010010011100100111111000000100110000101100000100100001010
runNumber 6
genCount 5431
elapsedTime 600.02
unaryHyperVol 110
binaryHyperVol 56.9048
additiveEps 1
entropy 0
archive 6
1
5 32  100 0000101010100000011001010110111111100000010101111111110100110011100000001001001111001000000010001010
runNumber 7
genCount 5514
elapsedTime 599.94
unaryHyperVol 92
binaryHyperVol 21.728
additiveEps 0.9
entropy 0.468496
archive 7
3
13 32  100 0101101000010110001001110101000001001100010011000111110010110001000000000010100100011110100111011010
6 34  100 0101101001010110111001010101000001001101010101000001111111011101110010000010100100001110100111111010
5 36  100 0101101001010110001001110101000001001101010101000001111111011101110010000010100100001110100011111010
runNumber 8
genCount 5394
elapsedTime 600.052
unaryHyperVol 110
binaryHyperVol 56.9048
additiveEps 1
entropy 0
archive 8
1
5 32  100 0000010111100001010101001111000001010111001010000000101100110000110110000010101000010000100100001010
runNumber 9
genCount 5645
elapsedTime 599.928
unaryHyperVol 161
binaryHyperVol 26.7302
additiveEps 0.809524
entropy 0.599401
archive 9
3
6 28  100 0000101010101001110001010001101110101010010011101100110000111101001010001100010100000100100111010101
5 31  100 0000101000100001110000011011110010111110001011001000110100100101100101001100010100100100100111110101
4 32  100 0000101010100101110000011011101010001010001011001000110100100101000010001100010100001100100111010101
runNumber 10
genCount 5363
elapsedTime 599.909
unaryHyperVol 148
binaryHyperVol 15.8551
additiveEps 0.826087
entropy 0.380988
archive 10
5
12 27  100 0000101000100001110000011111000000110100101000000001101100111101100000010100010011101000100100001010
7 30  100 0000101011101000110000011111000101110100010101010101001100011101000000000100010101101010100100001010
6 31  100 0000101011100000110000011101001010110100001000000001101100111111101110010110100111111000100101001010
5 33  100 0000101000100001110000011111000000110100001010010001010101010101100010010110100101111010100100001010
4 34  100 0000101000100001110000011111000000110100000101110110001000011001100010010110000111111010100100001010
runNumber 11
genCount 5200
elapsedTime 599.986
unaryHyperVol 152
binaryHyperVol 33.6818
additiveEps 0.818182
entropy 0.509891
archive 11
2
5 29  100 0000101011100001000001011011111110010000001010100101010101110101100000110000011100101000000011001010
4 33  100 1010101001100001001001011010111110010000001011110011100000110011010010110000010100001000000000011010
runNumber 12
genCount 5569
elapsedTime 599.973
unaryHyperVol 150
binaryHyperVol 24.7
additiveEps 0.9
entropy 0.509891
archive 12
2
7 29  100 0000010100101001000101011110111110110010011011001000111011101101011100000000010000010000000011001010
4 31  100 0000010100101001010101001011010110100110011011001000111101100111011110000000010010010011000010011010
runNumber 13
genCount 5351
elapsedTime 599.96
unaryHyperVol 107
binaryHyperVol 13.6154
additiveEps 0.846154
entropy 0.468496
archive 13
3
6 33  100 0110101001011001000000111001101110100111011011001011101010111001010110000000010000010000000010111010
4 36  100 0110101001011001000000011001000001011111001000010000100000110001011110000000010110011000000000001010
3 37  100 0110101001011101001010101111001010100111011000000000111010110101011110000000010110010010000000111010
runNumber 14
genCount 5512
elapsedTime 599.95
unaryHyperVol 99
binaryHyperVol 32.0806
additiveEps 0.870968
entropy 0.509891
archive 14
2
5 33  100 0000101000100000000000110001001100011100010011010101100001011011101010000010101100100001100111001010
4 42  100 0000101001100000000000111001001101010000001010111111000000111100001010110010101110100001101100111010
runNumber 15
genCount 5455
elapsedTime 600.021
unaryHyperVol 126
binaryHyperVol 24.8409
additiveEps 0.909091
entropy 0.509891
archive 15
2
7 31  100 0000101000101001110000101111010100010101000011011100101101010001000010000100010111110101000011001010
4 33  100 0000101000100101110000010011011100010100111010000011110100010001010110000110000000111001000000001010
runNumber 16
genCount 5562
elapsedTime 599.863
unaryHyperVol 77
binaryHyperVol 56.9167
additiveEps 1
entropy 0
archive 16
1
5 35  100 1010010100101010101001000011111101010001110101101001011000111110000101000010001100001001101000011010
runNumber 17
genCount 5620
elapsedTime 600.048
unaryHyperVol 89
binaryHyperVol 16.7464
additiveEps 0.821429
entropy 0.380988
archive 17
5
13 33  100 0000101001100000111001111000000011110101010111001101010001111100011110010100010100011010100111011010
7 34  100 0000101001101000111001011101100011110001111011101111001001111100001010010100011100101100100111110101
6 36  100 0000101001100000111001111000000011110101010101001101010000011110010010010100010101011100100111011010
5 37  100 0000101001100001110000011111010011011100011000001101000000110100011010010100010101001000000011011010
4 39  100 0000101010100001110000011111010011011100011000001101000000010100000010110100010001001010000011011010
runNumber 18
genCount 5596
elapsedTime 599.962
unaryHyperVol 115
binaryHyperVol 28.3
additiveEps 0.8
entropy 0.5994
archive 18
3
8 30  100 1010101000101010000000110100111100000100010011000000110101011110010110011010000111001101010100001010
7 33  100 1010101001101010000000110100111100010100011011110100110101110100010110011010000111001100010100001010
5 37  100 1010101000101010000000011100111101010100011001101100110100010011010110011010000111001101011100011010
runNumber 19
genCount 5440
elapsedTime 599.926
unaryHyperVol 100
binaryHyperVol 32.4333
additiveEps 0.866667
entropy 0.509891
archive 19
2
5 33  100 0110101011100110101010010011110111100100011000010000100010001101001110100110000010010000101010001010
4 41  100 0110101011100100101010110001010000101001010101111101000110000001001110100110000010010000101011001010
runNumber 20
genCount 5472
elapsedTime 600.031
unaryHyperVol 152
binaryHyperVol 33.6818
additiveEps 0.818182
entropy 0.509891
archive 20
2
5 29  100 0110101001010110001001010011011110010000010011000101100001101111100010110110100101011011100101111010
4 33  100 0110101001010110001001010001011010010000010011000111100000110010000000010110100111011110101111111000
runNumber 21
genCount 5353
elapsedTime 599.893
unaryHyperVol 128
binaryHyperVol 27.6232
additiveEps 0.869565
entropy 0.599401
archive 21
3
6 31  100 0110101001010001011010011011000011010001000111000100001101111000100000010110100100110101100111110101
5 32  100 0110101001010100011010010110000101000011000111000100001101110001100000010110100100110101100111110101
4 34  100 0110101001010100011010010111101001010100101001110001010110011010100000010110100100000101100111110101
runNumber 22
genCount 5397
elapsedTime 600.08
unaryHyperVol 132
binaryHyperVol 18.3885
additiveEps 0.95
entropy 0.509891
archive 22
2
16 30  100 0000101000010110011001010101110110100000011010000000100000010001000101001010100000111100011001001010
4 31  100 0000101000010110011001010101110110100000011010000000110100011110000110001010100101111100011101001010
runNumber 23
genCount 5589
elapsedTime 599.925
unaryHyperVol 114
binaryHyperVol 17.7308
additiveEps 0.769231
entropy 0.468496
archive 23
3
10 30  100 0110101000010110001001110001100100011000000011000010100101111100000000011110101100110000101011001010
8 31  100 0110101000010110001001110001100100011000000011000010100101110110000000011110101100110000101011001010
4 37  100 0110101000010101101001110101110100011000011000010010100101010000010010010110101101001000101001001010
runNumber 24
genCount 5404
elapsedTime 600.057
unaryHyperVol 147
binaryHyperVol 18.85
additiveEps 0.875
entropy 0.509891
archive 24
2
11 28  100 0010101011101010010101011101011000010000011011000001100100011100100000000100010111100100100001001010
4 31  100 0000101000100011111001010011011001010000011011000001100100011100100000000100011111110100100001011010
runNumber 25
genCount 5516
elapsedTime 599.892
unaryHyperVol 99
binaryHyperVol 16.7095
additiveEps 0.766667
entropy 0.472411
archive 25
4
10 31  100 0110101000101100011001110111111010100100011000111111110101111011110000010100010001101001100111111010
9 34  100 0010101001101010001001110101001111010100000011011111110101111100000000110100010101011101000010111010
5 36  100 0010101001101010001001110101000101010100000011011110110001011110110000110100010001011101000011111010
4 41  100 0110101000100100001001110101000100010110111000001011100100010110011010010100010001100011100110111010
runNumber 26
genCount 5458
elapsedTime 599.986
unaryHyperVol 116
binaryHyperVol 15.1739
additiveEps 0.956522
entropy 0.509891
archive 26
2
4 33  100 0110101000101110111010011011011101110000011011000010100000010110000000010100011000010001000010101010
3 34  100 0010101010101001011010010111001000111000011001001100001001111010100000010000011100010001000011111010
runNumber 27
genCount 5377
elapsedTime 600.072
unaryHyperVol 180
binaryHyperVol 56.75
additiveEps 1
entropy 0
archive 27
1
4 27  100 0000101000101001011010011010101111100100011011001101111101010001010010000010000010010000101001001010
runNumber 28
genCount 5370
elapsedTime 599.936
unaryHyperVol 66
binaryHyperVol 14.8642
additiveEps 0.925926
entropy 0.509891
archive 28
2
9 36  100 0000101000100100011010010011110110011011010000101000100001010000000010000000011011010001000000011010
3 38  100 0000101000100100011010010101101000000000110101100001100001010000000010000000011011010001000000011010
runNumber 29
genCount 7405
elapsedTime 599.863
unaryHyperVol 137
binaryHyperVol 15.254
additiveEps 0.952381
entropy 0.509891
archive 29
2
9 31  100 1110101000101001011010010111101110110100011000011111110000111100100000000000011101010000000001111000
3 32  100 1110101000101001011010010111101110110100011000011101110000111100110000000000011101010000000001111010
