OptimalFront
unaryHyperVol 349
2
6 9  100 0100000011010111010000001100101000101000100000100110101000101001100111110001011001100101101000010101
4 10  100 0100101011010101110000001100101000101000100000100110101000101001100111110001011001100101101000010010
-------------------------
runNumber 0
genCount 5232
elapsedTime 599.943
unaryHyperVol 130
binaryHyperVol 16.9412
additiveEps 1
entropy 0
archive 0
1
4 26  100 0100101000100101011001111111100100101010000011101110101100101001100101100010011001100101101011100010
runNumber 1
genCount 4938
elapsedTime 599.969
unaryHyperVol 70
binaryHyperVol 14.9583
additiveEps 0.916667
entropy 0.599401
archive 1
3
7 30  100 0000101011000111011001110101011101101000000111101001110100001001100101010101011001100111101010010010
6 32  100 1010101001110111111001110111011001101000000110100110110100101001110000010001010101101100101011011010
4 33  100 0000101011000111011001110100010101101000000111101110001110101010010010010110011001100111101010010010
runNumber 2
genCount 5051
elapsedTime 600.04
unaryHyperVol 74
binaryHyperVol 15.5652
additiveEps 0.956522
entropy 0.509891
archive 2
2
6 30  100 0100101000011101110000100001010000010101000100010110100101001001010111000001110010100101101001010010
4 32  100 0100101001101101110000000011110101101001000100010110100110101001000100101100111011100101101001010010
runNumber 3
genCount 5167
elapsedTime 599.918
unaryHyperVol 179
binaryHyperVol 10.55
additiveEps 0.95
entropy 0.509891
archive 3
2
6 21  100 0111000000010001000000001100011010101000100000110010101000101001100100110111011101100101101000010101
4 29  100 0111000000010001010010011000011010101011100100010110000100101001100100011111000001100101101001010101
runNumber 4
genCount 5187
elapsedTime 599.924
unaryHyperVol 141
binaryHyperVol 11.2283
additiveEps 0.652174
entropy 0.472411
archive 4
4
8 24  100 0000000000011010010000000001001010100101100000100010111000101001100100010001011001100101101001110101
6 25  100 0100000000011000010000000101001100100100101010110110111000001001110100010001011001100101101001110101
5 29  100 1101000000011010010000010111111000101000100001000110101000000001111000010001000010100100101001110101
4 32  100 0110000000010111010000010101001110101010100000100010111000101011100001010001101100101100011001100101
runNumber 5
genCount 5111
elapsedTime 600.06
unaryHyperVol 88
binaryHyperVol 16.2063
additiveEps 0.952381
entropy 0.509891
archive 5
2
7 29  100 0000101010010101110000001010111111101001010100100010100001001010100011000001111001100101011000011110
4 30  100 1000101010011001110000001001101111101011010101111110001000101001100011000000111001100100101000110010
runNumber 6
genCount 5107
elapsedTime 599.97
unaryHyperVol 151
binaryHyperVol 14.1569
additiveEps 0.941176
entropy 0.509891
archive 6
2
10 23  100 0100101011010110111010111100100100101000001100101110100100010111111111010000010001100101101000010101
4 26  100 0100101011010101110010001100100110101010000000111100110100010111110101000000010001100101101000010101
runNumber 7
genCount 5144
elapsedTime 599.965
unaryHyperVol 84
binaryHyperVol 21.8
additiveEps 0.954545
entropy 0.509891
archive 7
2
9 28  100 1000101011011101011001011111000000000000100011010010100001010100101111101101011001100001101000000010
5 31  100 1000101011011101111001011101100100101001010011010010100001010100010000000101011000100001101000000010
runNumber 8
genCount 5177
elapsedTime 599.983
unaryHyperVol 141
binaryHyperVol 13.4895
additiveEps 0.8
entropy 0.472411
archive 8
4
14 24  100 0100101011010100111010001100101100101001100011000110101000100100001101111001010101010001101001000010
6 25  100 0100101011010100111010001100101100101001101111000110111000100101001101011101010001010001101000000010
5 27  100 0100101011010100101010001101101000101000010011000110110011101001001101011101010001010001101000000010
4 28  100 0101101011010101111010000100100001101010100001100110110011101001000101111010010001010001101011010110
runNumber 9
genCount 5236
elapsedTime 599.526
unaryHyperVol 156
binaryHyperVol 11.5952
additiveEps 0.904762
entropy 0.5994
archive 9
3
6 23  100 0101101011010111101010001111110000101001101100010110101011101001010101110001010001010001100000010010
5 29  100 0101101011010111101010011111100000101001001100010110011110101001001101110000110101010001100000010010
4 30  100 1100101011010111111010111010100100101011001011111010101010101000000100110000010001010001101001100010
runNumber 10
genCount 5110
elapsedTime 599.926
unaryHyperVol 75
binaryHyperVol 12.7654
additiveEps 0.814815
entropy 0.472411
archive 10
4
7 29  100 0100101001010110000000111111100000101011010011000110001000101001011011000111011011100100101001110010
6 32  100 0100101000010110000001110111110100101011110111010110111000101001011101100101011011100101101001101110
5 35  100 0100101000000010000001110011110101010111010011110110001000101001001011000111011001100100101001101110
4 36  100 0100101000000110001001110111110100101010110011000110110001101011010000110111011011100100101001101110
runNumber 11
genCount 5228
elapsedTime 599.936
unaryHyperVol 142
binaryHyperVol 12.9
additiveEps 0.85
entropy 0.599401
archive 11
3
8 24  100 0100000011000101110000001100101001101000000101111001110100101011000011010011011001100100101000010010
5 27  100 0100101011000101110000001100101010101010010101101001110100101011000100000011011001100100101000000010
4 29  100 0100101011000101110000011011101000101001111100000010011000101000010100010111011001100100101010000010
runNumber 12
genCount 5255
elapsedTime 600.001
unaryHyperVol 155
binaryHyperVol 10.8961
additiveEps 0.681818
entropy 0.5994
archive 12
3
11 23  100 1000000001011101010000000011010001101000101101100110100010101001000111110001011001100111101000010010
5 24  100 0100000001110101110000010101010001101000101100100110111011101001010011110001011001100111101010010110
4 31  100 0100000000111100010000010111110001101000100101111110001010101010100101110000111001100111101010010110
runNumber 13
genCount 5442
elapsedTime 599.896
unaryHyperVol 83
binaryHyperVol 13.72
additiveEps 0.88
entropy 0.5994
archive 13
3
6 29  100 1100000000000011110000100000011001101001101000101110101001101000110111000000000101101101101010000101
5 32  100 0011101000001001110000100000011001101001100000101110101011101000110111000000010101001101101010000101
4 34  100 0110000000000011010000011110001110101001100000111100101101101000110110000101010110101101101010100101
runNumber 14
genCount 5237
elapsedTime 599.912
unaryHyperVol 77
binaryHyperVol 16.2045
additiveEps 0.954545
entropy 0.509891
archive 14
2
5 30  100 0000010111000000010101001010000100000010001100101010010010101001010101110001010000010001101000010010
4 31  100 0000010111000000010101001001000110101001101000100000110111101001010101110001010000010001101000010010
runNumber 15
genCount 5034
elapsedTime 599.98
unaryHyperVol 122
binaryHyperVol 12.6957
additiveEps 0.782609
entropy 0.5994
archive 15
3
6 26  100 0100000000011111010000010010001001000001100000101010101001101001100000110001011111100111000011110010
5 28  100 0110000000011111110000010010000001101001100000001110101000101000100011110011011111100111000011110010
4 32  100 0100000000011111010000010110100001101001100000000110001101101000010000010101011111100111000011110010
runNumber 16
genCount 5179
elapsedTime 599.934
unaryHyperVol 145
binaryHyperVol 11.7273
additiveEps 0.727273
entropy 0.5994
archive 16
3
7 24  100 0100000011001111001001010100011000101001010100011110100000000001100011010000011001100001101010011010
5 26  100 1000000011001000110000010111000000101001000001010010100000101000100011110000011001100101101010010010
4 31  100 0000101011101101110000010111010010101001000101110110100001000000100011100011011001100101101000110110
runNumber 17
genCount 5185
elapsedTime 600.059
unaryHyperVol 48
binaryHyperVol 34.4565
additiveEps 1
entropy 0
archive 17
1
5 32  100 0101010100011110101001001000100101010100011100100010101010101000000101111001101100101101101001110010
runNumber 18
genCount 5265
elapsedTime 599.935
unaryHyperVol 65
binaryHyperVol 16.9545
additiveEps 1
entropy 0
archive 18
1
4 31  100 0101101000000101111001110111101000101000010000000110001001101001111101000101100100100001101011010110
runNumber 19
genCount 5288
elapsedTime 599.865
unaryHyperVol 119
binaryHyperVol 15.2895
additiveEps 0.894737
entropy 0.5994
archive 19
3
10 26  100 0100101011100100111010101101101001101000010010100010110100001000000100000001010001100100101000010101
9 27  100 0100101000110100111010101101101001101000010011100010100000001000000100000011011001100100101001010101
4 28  100 0100101000110100011010000000111011101000011111100110100111101001010100010011010001100101101011010101
runNumber 20
genCount 5174
elapsedTime 600.04
unaryHyperVol 90
binaryHyperVol 16.1667
additiveEps 0.952381
entropy 0.509891
archive 20
2
5 29  100 0100101011011101110000110000111011101001010000010110001010010101110111111101010111001101101011100101
4 30  100 0100101011010101110000100010101011101001010000010110000101010100000101110001010100001101101011100101
runNumber 21
genCount 5153
elapsedTime 600.024
unaryHyperVol 69
binaryHyperVol 19.4196
additiveEps 0.846154
entropy 0.417715
archive 21
5
17 27  100 0100010100111111010101000000100010010100011000101010100100101001100100110001001101010011101010010010
15 28  100 0100010100111111010101000001101010010101011000101010100100101001101100110001001001010010101000100010
13 29  100 0100010100111111000101000001101010010100011111011010100100101001100100110001001101010011101010010010
9 30  100 0100010100000101010101000101101010010101000011001010100100101001100110100001001101010010101000100010
6 31  100 0100010100011111010101000001101100100101001111011010000100101011100100110001001100010010101010010010
runNumber 22
genCount 5136
elapsedTime 599.956
unaryHyperVol 144
binaryHyperVol 34.4333
additiveEps 1
entropy 0
archive 22
1
5 24  100 1111010111000011101001001100001100101001010000110110101001101001100100000010011011100101101000010010
runNumber 23
genCount 5185
elapsedTime 599.867
unaryHyperVol 80
binaryHyperVol 12.3673
additiveEps 0.8
entropy 0.599401
archive 23
3
15 27  100 0100101011000001111001110011101000101011010000010110101110010101010111100001010101010101101001000101
7 29  100 0000101011000000111001111000001000101001000000010110101110010101011111110001010000100110101001000101
4 34  100 0100101011000001111001110011111001101011010000010110101001010100111110000001010010101011010101000101
runNumber 24
genCount 5171
elapsedTime 599.984
unaryHyperVol 113
binaryHyperVol 13.9545
additiveEps 0.818182
entropy 0.509891
archive 24
2
5 27  100 0000010111000001001010000111010100100100000001010110101000101011100010110001011101100101101000100101
4 31  100 0100101011111100101010000111010110101001111101100010100101101011100011100001011111100101101000010101
runNumber 25
genCount 5173
elapsedTime 599.981
unaryHyperVol 160
binaryHyperVol 11.9875
additiveEps 0.7
entropy 0.5994
archive 25
3
8 23  100 0100000001011111110000000001101000101001110000011010101001101001100011010100011011100100101000011110
5 24  100 0100101001011111110000000001101000101001110000011010101001101001100011010101011011100100101000011110
4 29  100 0100101001011101110000010000110011101000100000011110100101101001100011010101011011101100101010011110
runNumber 26
genCount 5138
elapsedTime 599.936
unaryHyperVol 117
binaryHyperVol 16.9444
additiveEps 1
entropy 0
archive 26
1
4 27  100 1111101000010111111010001000100000101000001111111010001001101000100111010001011000100101010100100101
runNumber 27
genCount 5148
elapsedTime 600.096
unaryHyperVol 139
binaryHyperVol 13.65
additiveEps 0.8
entropy 0.509891
archive 27
2
5 25  100 1111000000010100010000101101100100101001111100110110101000101001100111011010011001101001101011000010
4 29  100 0111000000111101010000010101110100101001110100000110101001101001100111011000001001100101101000000110
runNumber 28
genCount 5319
elapsedTime 599.945
unaryHyperVol 128
binaryHyperVol 13.0408
additiveEps 0.761905
entropy 0.5994
archive 28
3
11 25  100 0100000001010111010000010000000001101000101110000110101001101011110000010001011001100100101000010101
6 26  100 0100000001101111010000000000000000101000100011000110100001101011010000000001011011100101101000100101
4 30  100 0101000000101101010000010000001111101000100011000110101011001011011000110000110001100101101010010101
runNumber 29
genCount 8743
elapsedTime 599.931
unaryHyperVol 90
binaryHyperVol 16.1667
additiveEps 0.952381
entropy 0.509891
archive 29
2
5 29  100 1100101000010101110000001100010000101000010011111100100101101000011011000001100101101101101010010010
4 30  100 0100101011000001011001111100101000101010110011010110110101101001010101101101100100101001101000010101
