OptimalFront
unaryHyperVol 339
4
9 10  100 0110000010111110001111010100000001110000010110001011000010100001111010110100010111010110101001101010
5 11  100 0110000010111110000100010100100001110000010110001011000010101100111010110100010111101010101001101010
4 12  100 0110000010111110000001010100100001111000010110001011000010101100111010110100010111101010101001101010
3 13  100 0110000010111110000001010110100001111000010110001011000010101100111010110100010111101010101001101010
-------------------------
runNumber 0
genCount 5418
elapsedTime 600.009
unaryHyperVol 154
binaryHyperVol 10.2652
additiveEps 0.681818
entropy 0.475082
archive 0
2
5 25  100 1110100101110001001100010100000101000000010101000001010010100000111001110100010111101010101010101010
3 32  100 0111100101111101010001101110100010000001011101100011110010100100111001000100010111101010101011101010
runNumber 1
genCount 5273
elapsedTime 599.923
unaryHyperVol 71
binaryHyperVol 20.0764
additiveEps 0.916667
entropy 0.475082
archive 1
2
7 32  100 0110000010010110101011100100000010001000001101001111110100100011110000000100010101100000101000101010
4 34  100 0100100010100110001111000110100010111000000101111111110000100011110000011100011100100000101011011010
runNumber 2
genCount 5523
elapsedTime 599.987
unaryHyperVol 106
binaryHyperVol 10.9936
additiveEps 0.730769
entropy 0.475082
archive 2
2
5 29  100 0101100100000010001100001010101001110100011011111011000010100100111010010100010100101010101010001010
3 36  100 0001100100001010000001011110101101111000001011111011011000101100001001001100010101101010101010011010
runNumber 3
genCount 5541
elapsedTime 599.944
unaryHyperVol 122
binaryHyperVol 9.64881
additiveEps 0.642857
entropy 0.475082
archive 3
2
4 28  100 0100100110011110110001000101010001111000111110000011110110100100111001110100011111101010101011111010
3 38  100 0100000000011110110001110110101001011000011101000010110100101011011000011100011001101000101011001010
runNumber 4
genCount 5451
elapsedTime 600.025
unaryHyperVol 123
binaryHyperVol 18.4583
additiveEps 0.85
entropy 0.475082
archive 4
2
9 26  100 0110100010011110000001010110100001111000000111000101100101001100001000000101000000000000010100010101
4 30  100 0000100010110110000001000110100001111011000111000100011000000100001000010101000100000000010100010101
runNumber 5
genCount 5449
elapsedTime 599.999
unaryHyperVol 58
binaryHyperVol 25.4295
additiveEps 0.846154
entropy 0.431037
archive 5
4
9 32  100 0100010110010000000111100110100100111011000110000011010011101000101010100000010100010111101001001010
8 33  100 0100010111010101000111000110100100111011000110000011010011101000101010100000010100010111101001001010
7 35  100 0100010110010000010111001010101001111011110101110011010101101100001000101000011111010110101001011010
5 36  100 1000010110110001001111000110100100111011011101010001010100101000101010001100011101010101101001001010
runNumber 6
genCount 5364
elapsedTime 599.887
unaryHyperVol 118
binaryHyperVol 26.787
additiveEps 0.944444
entropy 0.475082
archive 6
2
7 27  100 0101100000110110001011011010100000111011010111000011110111010100111010000101100011100000101001101010
5 28  100 0101100000010110001011011010100000111011010111000011110111010100111010000101100011100000101001101010
runNumber 7
genCount 5309
elapsedTime 600.015
unaryHyperVol 49
binaryHyperVol 27.0267
additiveEps 0.96
entropy 0.475082
archive 7
2
6 34  100 0110011101101100010101110010010001011011010110000001001110100011000101011000010001010110101001001010
5 35  100 0111011100001101010100110010100001000010010111111000110011101110001001101100010011101010101001001010
runNumber 8
genCount 5471
elapsedTime 599.906
unaryHyperVol 83
binaryHyperVol 12.6229
additiveEps 0.84
entropy 0.427067
archive 8
3
10 31  100 1100100010010110001101010110100000011011110011100000000010100000111000011010100101000000101001101010
5 32  100 1101100110010100000001000100100000011010010000000001001110101100111001000100100100101001101001101010
3 35  100 0101100110010110000001000010100000101000000011101010010110100000101011001001100011101010101001111010
runNumber 9
genCount 5454
elapsedTime 599.968
unaryHyperVol 120
binaryHyperVol 21.4671
additiveEps 0.842105
entropy 0.478842
archive 9
3
11 25  100 0001100010100000011110010000000001110000010101010101010010100000001010110100010111010110101001011010
7 28  100 0111100000101100001111110010100001011000011111010001000101100000001010110100010111010110101001011010
5 29  100 0111100000101100001111110010100000111010011111010101000000100001001010110100010111010110101001111010
runNumber 10
genCount 5431
elapsedTime 600.006
unaryHyperVol 55
binaryHyperVol 25.1708
additiveEps 0.916667
entropy 0.427067
archive 10
3
13 32  100 0101100101100011111111010000101001000000011101010101000000001101001000000111000101100001010100010101
7 33  100 1010100110010011111111000010100101000000000111111101000001001101001000010111000101100001010100010101
6 34  100 1010100110010011111111001010101001000000000111110101000001001101001000010111000001100001010100010101
runNumber 11
genCount 5476
elapsedTime 599.974
unaryHyperVol 94
binaryHyperVol 25.6439
additiveEps 0.863636
entropy 0.475082
archive 11
2
7 29  100 0110100110010100011111000110100010000000011110001010000001100000000101110100010110100001101001110101
5 32  100 0110100110010100011111110010101101000000000110000110000001100000000101110100010110100001101011010101
runNumber 12
genCount 5296
elapsedTime 599.949
unaryHyperVol 65
binaryHyperVol 24.4444
additiveEps 0.777778
entropy 0.427067
archive 12
3
8 31  100 0110100110010111011100000110100011111000100110101000000001100100011001110100010001010111010100010101
7 34  100 1001100110110101001100001110100001111000000011001000010011101000000101110100010001010111010100010101
5 37  100 1101100110010111001100000110100011111000000010010000100111100100000101010111000110101000010100010101
runNumber 13
genCount 5265
elapsedTime 599.987
unaryHyperVol 71
binaryHyperVol 14.6743
additiveEps 0.724138
entropy 0.431037
archive 13
4
12 30  100 0100011101010001001111010100100101110000111000000101000011010111011010001100010100010101101001001010
10 32  100 1100011111111100011111110110100101110000110110000101100011010100011001001100010100100000101001001010
5 33  100 1100011111010101001111010010100000110000111110000101100011010100011001000100010110100000101001001010
4 39  100 0100011101010101001111100010101000111001110011000001100011010101011000011100010110100000101001001010
runNumber 14
genCount 5407
elapsedTime 600.002
unaryHyperVol 128
binaryHyperVol 25.9722
additiveEps 0.888889
entropy 0.475082
archive 14
2
6 26  100 0100010101001101001111010110100000011000010111001001000010100001101010100111000001010111101001101010
5 28  100 0100010010101101001111010110101000011000010111000001111100100001101011110111000001010110101001101010
runNumber 15
genCount 5490
elapsedTime 599.943
unaryHyperVol 67
binaryHyperVol 25.8667
additiveEps 0.88
entropy 0.475082
archive 15
2
6 32  100 0110100110010111000000000001011101111001100100110011010001001001001011111100010011101010101001101010
5 35  100 0110100101110111000000000001011101000011001001000101111111100001011011001101100011101010101001101010
runNumber 16
genCount 5324
elapsedTime 600.034
unaryHyperVol 120
binaryHyperVol 12.881
additiveEps 0.857143
entropy 0.475082
archive 16
2
7 28  100 1111000000001101001101010100100001110111011101000000101111101100110101111011000011101001101001101010
3 31  100 1111000010010110110001000110101001000011011110010011000010100000100101110011100011101001101001101010
runNumber 17
genCount 5540
elapsedTime 599.854
unaryHyperVol 49
binaryHyperVol 20.1731
additiveEps 0.923077
entropy 0.475082
archive 17
2
7 34  100 0110000011010101001101010110100001011001100000001010111011010100101000000000011001000000101000111010
4 36  100 1010100000110001011101010010100010111011010101001000011011010100101000010000011100100000101010111010
runNumber 18
genCount 5362
elapsedTime 599.972
unaryHyperVol 135
binaryHyperVol 18.3583
additiveEps 0.8
entropy 0.427067
archive 18
3
9 26  100 1110000010010001001101011010101001111000010100000111100011101000011001110100011111010101101001101010
5 27  100 1000000010110010001111011010100101001000010011010000000010100001101001100100010111010101101001101010
4 30  100 1110100010010001001101011010100101000000111000010011000011101100000101111000010101010110101011101010
runNumber 19
genCount 5368
elapsedTime 599.972
unaryHyperVol 161
binaryHyperVol 17.9907
additiveEps 0.777778
entropy 0.475082
archive 19
2
5 24  100 0000000010010111001100100110101101000000000110011011000001001101111000010101000011100000101001101010
4 28  100 0000100010010110001100100110101101000000010110011010100000100001011000010101000011100000101001101010
runNumber 20
genCount 5422
elapsedTime 600.025
unaryHyperVol 141
binaryHyperVol 12.7
additiveEps 0.85
entropy 0.475082
archive 20
2
4 27  100 0111101101010110000001101100100001000011011111000111100000001100001010110101100000101010101001101010
3 30  100 0111101101010110000001101010100001000001001111001011100010101100001010110001100000101000101001101010
runNumber 21
genCount 5603
elapsedTime 600.012
unaryHyperVol 124
binaryHyperVol 17.9545
additiveEps 0.772727
entropy 0.427067
archive 21
3
8 27  100 0001000010111110001111010110100000011000010110111001110010100111000101010100010000010100101001001010
5 28  100 0111000001101110001111010110100000011000010110110001000010010101100101010100011001010100101001001010
4 32  100 0111000001101010001111010110100000011000000101110101000001100011000101000100011001010100101001001010
runNumber 22
genCount 5478
elapsedTime 599.927
unaryHyperVol 88
binaryHyperVol 21.2048
additiveEps 0.904762
entropy 0.427067
archive 22
3
13 29  100 0100011101011111011111010110100000110001010110101011000010100001000101110011011001010100000000111010
9 30  100 0100010101111111000111010110100000110010010111101011000010100001010101010011011001010100000000111010
5 31  100 0100011110011111000111010010100001110011010110101001101110100001000101010011011001010100000000101010
runNumber 23
genCount 5514
elapsedTime 599.939
unaryHyperVol 112
binaryHyperVol 17.7333
additiveEps 0.9
entropy 0.427067
archive 23
3
12 28  100 0101100010111000001101010100000001011000011101000111110100101100111000000100011111100001010111110101
5 29  100 0101100010111000001101010100000001011000011101000111110100101100001000010100010101100001010111110101
4 30  100 0101100010111100001101010100000001011000011111000101010100101101001000010100011111100000010111110101
runNumber 24
genCount 5445
elapsedTime 600.02
unaryHyperVol 187
binaryHyperVol 10.7963
additiveEps 0.722222
entropy 0.475082
archive 24
2
4 23  100 0110000010010110000001010100101001000000010101000011110000100100011010011100010111101010101001101010
3 28  100 0011100110010110000001010110100001000000011111000011110000100100011010011100010111101010101001101010
runNumber 25
genCount 5395
elapsedTime 599.899
unaryHyperVol 165
binaryHyperVol 21.2262
additiveEps 1
entropy 0
archive 25
1
4 24  100 0100000010111110110100010100010001001000000010010000100010101100000101110100010101010110101011101010
runNumber 26
genCount 5498
elapsedTime 600.004
unaryHyperVol 45
binaryHyperVol 23.2169
additiveEps 0.888889
entropy 0.475082
archive 26
2
10 32  100 1010100000000001001101010100000001001001010011000100001000011100010101001000010100010100101001001010
5 37  100 0010100100000001000101010100001011001010010110010101100001100011010101011000010001010110101001001010
runNumber 27
genCount 5499
elapsedTime 600
unaryHyperVol 51
binaryHyperVol 16.4647
additiveEps 0.884615
entropy 0.427067
archive 27
3
15 33  100 1011100101011110010100000010100011110000111111001011000110101101101011100100011101101001101001101010
6 34  100 0011100101111110010100110101010010000010000110001001110100101001111010011100010100101001101000111010
4 36  100 0010100101111110010100001010100011001001111111000100000110101101101011100100010100101001101001001010
runNumber 28
genCount 5559
elapsedTime 599.96
unaryHyperVol 79
binaryHyperVol 19.4792
additiveEps 0.875
entropy 0.475082
archive 28
2
7 31  100 0110000010111100100001001110100011000011000110001000000011000100000101000000011001010100101010011010
4 34  100 0110000010011100100001101010101001000010000100001111010011100100000101000000011001010100101011101010
runNumber 29
genCount 5459
elapsedTime 600.009
unaryHyperVol 79
binaryHyperVol 15.864
additiveEps 0.8
entropy 0.496825
archive 29
5
13 30  100 0110100100001010101100010100100001000000011101101001010110100000110111010001000010101001011000101010
10 31  100 1110100100001110001100010100100101000000010101101110100110100001110101100001000011100011011000111010
6 32  100 1110100100001110001100010100100101101000000100101111010110100001110101100001000011100011011000111010
5 34  100 0001100100001101011100010100100101000000000110010010100110100001110101100001000011101001011010111010
4 35  100 1001100101011111000100000110100010101000100110111001000110100001010101000001000011101001011000101010
