OptimalFront
unaryHyperVol 307
3
5 11  100 1000001000100100011010000010101100010101110110011010010100000011010000110001100010001000101011111011
4 12  100 1000001000100100010010000010101100101001000110011010010100000011110000110001100010001000101011111011
3 13  100 1000001000100100010010000010101100101001000110011010010100011011011010110001100010001000101011111011
-------------------------
runNumber 0
genCount 5438
elapsedTime 599.662
unaryHyperVol 139
binaryHyperVol 10.5333
additiveEps 0.85
entropy 0.449615
archive 0
3
6 27  100 0100001001010000011010001000000100001010000110010010100100001011011010110010110010011000010111111000
5 30  100 0100001000010010011011001000000000101010010110011110000111011011011010110010110011011000010111010000
3 31  100 0110101001010001011010001000000000101010000110010010011100011011011010000011000110111000010110000000
runNumber 1
genCount 5393
elapsedTime 599.945
unaryHyperVol 125
binaryHyperVol 10.2174
additiveEps 0.782609
entropy 0.49717
archive 1
2
4 29  100 1101001001010001010000000000001111101011111110111010010100011011011010111000010110111001010111110100
3 34  100 0111001001010001011010001101100100101011010000111010010000011011111010111000000111101000010101110000
runNumber 2
genCount 5409
elapsedTime 600.045
unaryHyperVol 128
binaryHyperVol 11.0474
additiveEps 0.894737
entropy 0.481574
archive 2
3
13 27  100 1111011100010001011010000000001100101001001110001010010110111011011010110000101110000000111001101011
5 29  100 1101100000010001011010001000001100101001010110001010110010111001011010110000101110001000111000111011
3 30  100 0100000101010010011010000000001100101001001110011010010001111011111010010101101100110000111000111011
runNumber 3
genCount 5392
elapsedTime 599.716
unaryHyperVol 125
binaryHyperVol 15.5614
additiveEps 0.842105
entropy 0.449615
archive 3
3
12 27  100 1111001000010001011010000000001101010101110110011010010100011011101010100001111000011111011010111000
5 28  100 0111001101010001111010000000001100010101110110001010010100001011011010100001110010011111001010111000
4 30  100 0111111001010011001010000000001111000001100110011010010100011011101010110001000101011111101000111000
runNumber 4
genCount 5469
elapsedTime 599.819
unaryHyperVol 90
binaryHyperVol 11.9304
additiveEps 0.913043
entropy 0.49717
archive 4
2
8 32  100 1101101101010001011011000000001010101001000110111010000100101000011010111111001001000000101001110100
3 34  100 0011111011101011111011000000001100101010001010011010010111101000011010101000000010000000010100000000
runNumber 5
genCount 5423
elapsedTime 599.7
unaryHyperVol 153
binaryHyperVol 10.8778
additiveEps 0.833333
entropy 0.449615
archive 5
3
8 26  100 1101000100010001001010000000001100101001000010011010011100011011001010100000000000011000101011110000
4 27  100 1011000100101011001010000000001100101001000110011010011100011011001010100100000110001011110011110000
3 29  100 0111001101010000011001100000001100101001000010011010011100011011111010110011000001011000101011101001
runNumber 6
genCount 5388
elapsedTime 599.854
unaryHyperVol 148
binaryHyperVol 6.95333
additiveEps 0.666667
entropy 0.529986
archive 6
4
9 24  100 0100110101010101011010010000000000001001000001010010010100011010011010100001010010001011011011111011
7 25  100 0100010001010101011011110000000100101010000101010010010100011010011010110001010001001000001011111010
4 30  100 0100000101010000011010110000000100101011000101000010010100011010011010011010010010001010001010101011
3 36  100 1100001000100100101010001101101000101000010010110010000011011010011010011010010001000010011011011011
runNumber 7
genCount 5549
elapsedTime 599.799
unaryHyperVol 138
binaryHyperVol 11.6053
additiveEps 0.894737
entropy 0.49717
archive 7
2
4 28  100 0100001001010101010000000000000000101001000110101010010101011000111010110000110101001001011011101001
3 30  100 0100001001010100010000000000001000101001000010011010010100011000101010010101010111010110101011101001
runNumber 8
genCount 5522
elapsedTime 599.794
unaryHyperVol 150
binaryHyperVol 12.9062
additiveEps 1
entropy 0
archive 8
1
3 27  100 1100001101100100010010110000000000101001001010010110010111011000011010010001100010001001011001101011
runNumber 9
genCount 5431
elapsedTime 600.028
unaryHyperVol 177
binaryHyperVol 7.06767
additiveEps 0.714286
entropy 0.481574
archive 9
3
10 21  100 1100001001100100011010000000000000101001000000010110010000111011010000110001100010011000001011111001
4 25  100 1100001001100101010010000000000000101001000000010110010000111010101010100001100010111000101010111010
3 30  100 1100001010100100010010000111100000101010101110011110010100111010101010100001101010111000101010111001
runNumber 10
genCount 5779
elapsedTime 599.904
unaryHyperVol 83
binaryHyperVol 11.0769
additiveEps 0.884615
entropy 0.481574
archive 10
3
5 33  100 1000011111010011011011010000000000101001001010001010000100011010001010000001000111001101101000111000
4 36  100 1000110111010011011011010000101000101000100010001010010100011010101010000000000111001101101000111000
3 37  100 0000110101100100011011010100100011101001100110001010010001011010001010000001000111001101101000111000
runNumber 11
genCount 7308
elapsedTime 851.427
unaryHyperVol 85
binaryHyperVol 11.48
additiveEps 0.88
entropy 0.481574
archive 11
3
5 33  100 1000011111010001001000011101100110101001010110101010010101011011011010110011110101000101010111111011
4 35  100 0110001101010010011000001101100100101001100110111010110011001011011010100001010010000101110101111001
3 36  100 0100001101010010010000001111100101101001100110010110011011011001011010110011110000110100010101001001
runNumber 12
genCount 5554
elapsedTime 642.895
unaryHyperVol 180
binaryHyperVol 12.8846
additiveEps 1
entropy 0
archive 12
1
3 24  100 0100110001010001111001000010101100101000000110011110010100011001011010110101100000001000101011111011
runNumber 13
genCount 5416
elapsedTime 599.96
unaryHyperVol 132
binaryHyperVol 11.6842
additiveEps 0.894737
entropy 0.481574
archive 13
3
8 28  100 0100000000010000011010000001101100100100001110101010000101111011011010111100100010001000001010011000
6 29  100 0100001001010001110010000001100100100101001110111010000101111011011010111000100000001010101001001000
3 30  100 0100001001010011011010000101100100101010010010101010010100111011101010110011100011001000101010001010
runNumber 14
genCount 5587
elapsedTime 599.965
unaryHyperVol 63
binaryHyperVol 33.4375
additiveEps 1
entropy 0
archive 14
1
4 35  100 0111100100101000011000100111100011010100000000011010101110011000011010110000000101011001101011111011
runNumber 15
genCount 5367
elapsedTime 599.907
unaryHyperVol 160
binaryHyperVol 12.9
additiveEps 1
entropy 0
archive 15
1
3 26  100 0000011000100100011010000001100000101000110110010110000111011011011010110001111101001000101011111010
runNumber 16
genCount 5483
elapsedTime 599.973
unaryHyperVol 123
binaryHyperVol 10.2045
additiveEps 0.818182
entropy 0.529986
archive 16
4
7 28  100 0100001001010101011010000001100100101010001110001010010111111011101010100000010010001000101001001001
6 31  100 0100001001010011011010101100001100101011011110001010011000110001001010110001010010111000001010101001
5 32  100 0100001001011001010010111110101100101011101010011010010000110001101010111010010000111000001010101001
3 33  100 0100001001010011011010111101101100101001101010011110011000011011111010111010010000111000001010101001
runNumber 17
genCount 5416
elapsedTime 599.947
unaryHyperVol 192
binaryHyperVol 8.55882
additiveEps 0.647059
entropy 0.481574
archive 17
3
5 22  100 1000011010100101011010000000000001001001000110010110010110111011011010010001100010011000101011001011
4 24  100 1000001111100101011011000100000000101000010110010010010100011010011010110001001110001000101011101011
3 28  100 0100110010100100101011000000001100101001110110010010010100111011101010110001001110001111101011011011
runNumber 18
genCount 5592
elapsedTime 599.958
unaryHyperVol 75
binaryHyperVol 10.7143
additiveEps 0.821429
entropy 0.49717
archive 18
2
4 34  100 0110110001010010101010000001100000101001010110011010010001011011101010100001000001111010110100110000
3 39  100 0110110001010010101010000001100100101001011110010010010001011011101010101010001000111010010100110000
runNumber 19
genCount 5636
elapsedTime 599.959
unaryHyperVol 156
binaryHyperVol 12.2031
additiveEps 0.9375
entropy 0.49717
archive 19
2
7 26  100 1100000001100101010010110011100100101000000110000010010110000011011010010001100110111000101011111010
3 27  100 1100000100100100011010110011100100101000100110000010010110000011011010110001100100111000101011111010
runNumber 20
genCount 5638
elapsedTime 600.008
unaryHyperVol 127
binaryHyperVol 9.55556
additiveEps 0.772727
entropy 0.472736
archive 20
5
12 27  100 0100001110100100011010000010101010101001110110101010000100011001010010100111011101001000110111110111
7 28  100 0100001110100100011000000110101000101011001100011010011110011010000000100001111101001000110111110101
6 29  100 0100001110100100011000000110101010101011001100011010011110011011000000100101111101001000110111110101
5 31  100 0100001110100100111010000110101010101000110110101010000100011001011010011001111101001000110111110101
3 33  100 0100001110100100011010000110101010101001111110110010000100011001011010001001111101001001010101111011
runNumber 21
genCount 5400
elapsedTime 599.917
unaryHyperVol 161
binaryHyperVol 9.25
additiveEps 0.75
entropy 0.449615
archive 21
3
5 25  100 1100101000010001110011011001101100101001010110011010100110011011011010110010100010000100101011111011
4 28  100 0100010101010001000111001001100101101010000110011010100110011011011010110000100010000100101011111010
3 31  100 0100111101010010111010011001100100101010010110100010100100011001011010110000100010001000101001111011
runNumber 22
genCount 5492
elapsedTime 599.914
unaryHyperVol 113
binaryHyperVol 10.2754
additiveEps 0.826087
entropy 0.529986
archive 22
4
9 29  100 1000001000101000101010001100000000101001011110101010010111101010101010110001010011001100001011001011
6 31  100 1000000101000100101010001100000001001001000110101010010111011010101010100011000000001110001010101011
4 32  100 0000001100000100101011001100000000101001010110101010010110011010101010110000000101001100011001001000
3 34  100 0000110101100100101010001100000000101010000110101010010111011010101010110011010001001110111001001010
runNumber 23
genCount 5540
elapsedTime 599.963
unaryHyperVol 98
binaryHyperVol 12.3864
additiveEps 0.954545
entropy 0.49717
archive 23
2
5 32  100 1000000000101000011000001000001011101001000110001010011101011001101010000001011111001110001011111001
3 33  100 1000000000100100001001110000001100101001100110001010011101011001101010000000011111111100001000111001
runNumber 24
genCount 5551
elapsedTime 599.964
unaryHyperVol 236
binaryHyperVol 8.31818
additiveEps 0.636364
entropy 0.49717
archive 24
2
4 18  100 1000001000100101011010000000000000101001001110010010010100000000011010010001100110001000101011111011
3 22  100 1000001000100100011001000000001000101001001110010010110100000000011010001101101110001000101011111011
runNumber 25
genCount 5493
elapsedTime 599.773
unaryHyperVol 67
binaryHyperVol 11.1204
additiveEps 0.851852
entropy 0.447913
archive 25
4
11 34  100 1111000100011001001001000011000100101001010110011110011010011011111010111100011111001101111001101011
6 35  100 0111110100011001001001100011000111101001010110011110011010011011001010111100011111001100101001111000
4 36  100 1111000000010000011001100101100111101001000110011110011000011011111010111110010110100101001001001011
3 38  100 0110110101011000001001000011100101101001000110011110010010011011111010101100000011000111101001001010
runNumber 26
genCount 5818
elapsedTime 599.993
unaryHyperVol 39
binaryHyperVol 10.9677
additiveEps 0.83871
entropy 0.481574
archive 26
3
7 37  100 1000011101101001111010010000000100010111010110100010101101011011110101011000000000000110010110001001
4 39  100 1000010101101001111000001000001001101000110110100010101100011011110101011000000000000110010110011001
3 42  100 1000011111101011011001101100001011101001111010100010101100101000101010100100001001000110111011101001
runNumber 27
genCount 5425
elapsedTime 599.929
unaryHyperVol 90
binaryHyperVol 12.9318
additiveEps 1
entropy 0
archive 27
1
3 33  100 0100011001010100001010010011101011101001110110010010000100011011111010110010010000111111111011110000
runNumber 28
genCount 5580
elapsedTime 599.938
unaryHyperVol 191
binaryHyperVol 6.44444
additiveEps 0.619048
entropy 0.449615
archive 28
3
6 21  100 1000001000100101010010100000000010101001110000110100011100011001010000110001100001001000101011011011
4 25  100 1000001010100100010010100000101111101000010110010110010000111011000000110101100001001000101011011000
3 32  100 0100000110100100010010100000001011101000010110010110011100111011011010011001101000001101101011011001
runNumber 29
genCount 5484
elapsedTime 600.004
unaryHyperVol 85
binaryHyperVol 11.4667
additiveEps 0.88
entropy 0.449615
archive 29
3
6 33  100 1000101011100100011010001100001101101001000010010110001111011000110001111011011001111100010100110000
4 34  100 0000101011100100011010001100001100101001000010010110001111011000111001110111110011111111010101110000
3 36  100 1000101011100100011010001100001101101001010110000110010000101000111010010111001001011111010101110000
