OptimalFront
unaryHyperVol 369
2
6 10  100 0000010111101110101001000010100100111101011001110011011011001101001110000110000111010000100100101010
3 11  100 1010101011101110101010000010100100111101011001110011011011001101001110000000010111010000000001101010
-------------------------
runNumber 0
genCount 5664
elapsedTime 600.059
unaryHyperVol 82
binaryHyperVol 17.447
additiveEps 0.916667
entropy 0.5994
archive 0
3
14 32  100 0000101001100000000000000101000101111101001010011111110111000100101110001010101011010000100001001010
11 33  100 0000101001100000000000111000010101111101001010111101011001000101010110011010100100010000000001001010
4 34  100 0000101001100000000000111001000101010101001010111111011000100111000110001010100011010000000001001010
runNumber 1
genCount 5338
elapsedTime 599.89
unaryHyperVol 177
binaryHyperVol 17.6848
additiveEps 0.933333
entropy 0.509891
archive 1
2
14 24  100 1110101011100010000000000010100101111101010101110011010100010001001110000000010111011101000011101000
4 25  100 0110101011101110000000000010000101011100011001100001010111011101001110000000010111011101000010101010
runNumber 2
genCount 5413
elapsedTime 599.936
unaryHyperVol 172
binaryHyperVol 11.9912
additiveEps 0.894737
entropy 0.468496
archive 2
3
9 25  100 0110101001010110000000000010101101111101001001111011011011010001000000000010000111000000100100111010
5 28  100 0110100001010110000000000010101101110101001001011011011011110101000000000010101101010010100100011010
3 29  100 0110101001010101001010000010101101111101001001101011011011010001000010110010101101010010101000011010
runNumber 3
genCount 5277
elapsedTime 599.868
unaryHyperVol 126
binaryHyperVol 12.5417
additiveEps 0.833333
entropy 0.5994
archive 3
3
5 30  100 1110101001101100000010000111111101011101101000000110101000011101001101010100010111010001000001101010
4 32  100 1110101001100011011010100011010101011001101010010111101000011101000110110100010110010001000001101010
3 34  100 0110101000100000011010100001110110001001101000000110011010000110101110100000010101010001000001101010
runNumber 4
genCount 5474
elapsedTime 600.012
unaryHyperVol 141
binaryHyperVol 27.5439
additiveEps 0.947368
entropy 0.509891
archive 4
2
6 28  100 0110101010101111101010010001000100010001000111110001001011110100000000000110000111010000100100101010
4 29  100 0110101010101111101010010001000101110011111000010011110011110100000000000110000111010000100100101010
runNumber 5
genCount 5517
elapsedTime 599.932
unaryHyperVol 79
binaryHyperVol 23.3558
additiveEps 0.961538
entropy 0.509891
archive 5
2
7 33  100 0000101011100000110000111001000111110110011001101010010001010001001100010110100100000100101001101010
4 36  100 0000101001100001110000001010010101101011001010100000110001010001001110000010000000010000101001001010
runNumber 6
genCount 5371
elapsedTime 600.091
unaryHyperVol 103
binaryHyperVol 21.7478
additiveEps 0.913043
entropy 0.5994
archive 6
3
8 31  100 0000101010101010101010001110010101011110011001010001010001001101001100111110000100000101100100010101
7 32  100 0000101001101010101010110010010101011110011001010001010001001101001100111110000000000101100100010101
4 33  100 0000101001101010101010001110010101011110011001010001010001001100011110111110000100000101100100010101
runNumber 7
genCount 5370
elapsedTime 599.857
unaryHyperVol 188
binaryHyperVol 11.8472
additiveEps 0.944444
entropy 0.509891
archive 7
2
7 24  100 0110101011100010101010001011000100101110110101110001010001001101001010010100010111010000000001101010
3 28  100 0110101011100010101010001111000100101100100101000011010001010001011010010000010111010000000001101010
runNumber 8
genCount 5387
elapsedTime 600.007
unaryHyperVol 88
binaryHyperVol 28.2899
additiveEps 1
entropy 0
archive 8
1
4 33  100 0110000000010110010000010101010100010100101001000011111010001010100110000110101010101000100101011010
runNumber 9
genCount 5378
elapsedTime 599.873
unaryHyperVol 141
binaryHyperVol 20.2762
additiveEps 0.809524
entropy 0.468496
archive 9
3
8 27  100 0110000000011100010000010011100100011101001011100011111011001101000110000000011101010000000000011010
7 28  100 0110000000010100010000000000100100010101001001110011111001111101000010000000011011010010000010001010
4 31  100 0110000000100100010000010000100100010101001001110111111111001001001110000000011010010010000000111010
runNumber 10
genCount 5517
elapsedTime 600.012
unaryHyperVol 65
binaryHyperVol 14.329
additiveEps 0.741935
entropy 0.346015
archive 10
6
13 31  100 0000101001101010000000000011010100011101010011010101111011111101010101111100010100000000100101010101
12 32  100 0000101011101110000000000011110100101111101000011110110011111101011101111100010100000100101101010101
8 34  100 0000101001101110000000000011010000011000010011010101111011011101010101111100010100000100100101010101
7 35  100 0000101011101111000010000011010000011000010011000001111011111101010000011100010100000100101101010101
5 40  100 0000101010101010000000001011011001011010111000010101000011110101011101111100010100000100101110010101
4 41  100 0000101010101000000000001011011001011010111000011101000011111001010010011100010100001100100101010101
runNumber 11
genCount 11248
elapsedTime 618.901
unaryHyperVol 229
binaryHyperVol 18.7031
additiveEps 0.6875
entropy 0.5994
archive 11
3
7 19  100 1010101011101110101001010110100100110001010101110000011001011101001110010100010101010000101000101010
5 22  100 1010101011101110011001011101100101110001100101110000011000011101001110010100010101010000100001101010
4 26  100 1010101010101110011001010000010101110000010101110000011000010101111010010100010101010000101001101010
runNumber 12
genCount 10097
elapsedTime 717.139
unaryHyperVol 138
binaryHyperVol 20.9035
additiveEps 0.947368
entropy 0.509891
archive 12
2
9 28  100 1110010101100000001001000011110010100001010101011111010011001101001110000010000111011011100100111010
4 29  100 1110010111100000101001001111110001011001010101110101010111011100001110011010000111011111100100101010
runNumber 13
genCount 5279
elapsedTime 599.943
unaryHyperVol 112
binaryHyperVol 18.0924
additiveEps 0.869565
entropy 0.5994
archive 13
3
11 30  100 1010101011100001011001011111110000101101011000000011101000010010011110000100001111000000100000111010
5 31  100 1110101011100001011001011101100001110101111001010011100000011001001110000100001111001010000000101010
4 33  100 1110101011100001011001011110010111110000111010000011100100010010011110000100001111000000100000111010
runNumber 14
genCount 5274
elapsedTime 600.015
unaryHyperVol 61
binaryHyperVol 25.9111
additiveEps 0.833333
entropy 0.509891
archive 14
2
5 35  100 0110000000010100010000010111011100110011011001010001111111111001000000011010101000010000100111110101
4 40  100 0110000000010100010000010101110101010101011001010101011111010010100000101010101001000111100111110101
runNumber 15
genCount 5261
elapsedTime 600.016
unaryHyperVol 131
binaryHyperVol 22.4205
additiveEps 0.954545
entropy 0.509891
archive 15
2
7 28  100 0000101010100110001001010110000101000001101000001111011001010001001101000000010100010001000001101010
4 32  100 0000101010100110111001011111010111010000111001001111011000000101110010010000010100010001000001101010
runNumber 16
genCount 5323
elapsedTime 599.992
unaryHyperVol 157
binaryHyperVol 25.4833
additiveEps 0.95
entropy 0.509891
archive 16
2
6 26  100 0110010100010101010101000101010101111100111000010011011111101001111100000110100111010000100110011010
4 30  100 0110010100010101010101000101110101110100101010010111111011111101011010001010100110010000100110011010
runNumber 17
genCount 5284
elapsedTime 599.892
unaryHyperVol 155
binaryHyperVol 18.7583
additiveEps 0.8
entropy 0.54796
archive 17
4
9 26  100 0010101010100001011010011101000101111101011000010010011011001101001010000110101110010000100001101010
7 27  100 1010101010100011011010011001001100111111001001010000110011001101001010000110100111010001000001101010
5 28  100 0110101010100001011010011101000000111111011000010011010011110001001110100110100111010001000001101010
4 30  100 0000101000100000011010011001001100111101011000010011111001100001001110000110101110010000100010111010
runNumber 18
genCount 5418
elapsedTime 599.981
unaryHyperVol 171
binaryHyperVol 21.2532
additiveEps 0.928571
entropy 0.509891
archive 18
2
14 23  100 0110101001010110101001111000100100110110101001000011111001111100000000110100100111010000100100101010
5 24  100 0110101000010101101001111000000100000010010101100011011001111100000000110100100111010000100101101010
runNumber 19
genCount 5347
elapsedTime 600.038
unaryHyperVol 62
binaryHyperVol 23.9167
additiveEps 0.925926
entropy 0.5994
archive 19
3
7 35  100 1010100001101100000000100100100110001110001001010101001011010001000110010110000010001110100101001010
5 36  100 1010101001101100000000100011110110001000011001110101101111000001010110110110000010000110100111001010
4 37  100 0000101010101101110000100111100101001100011001111001100111010001010110101110000010100110100101001010
runNumber 20
genCount 5219
elapsedTime 599.922
unaryHyperVol 72
binaryHyperVol 27.6856
additiveEps 0.954545
entropy 0.509891
archive 20
2
15 31  100 0110101001010101000000000001000101011101010011100001100001111101101110010100010100010000001100101000
7 32  100 0110101001010101000000000001100101011101010011110101101000011100101110110000010100110000001100101000
runNumber 21
genCount 5472
elapsedTime 600.029
unaryHyperVol 95
binaryHyperVol 26.0897
additiveEps 0.846154
entropy 0.509891
archive 21
2
5 32  100 0010101010101110000000000110001100110100101000000101000011011101001101110000010111101110000001011010
4 36  100 0010101010101010000000001110000101011010101000010101001111011101000110110000010100101100000001011010
runNumber 22
genCount 5379
elapsedTime 599.909
unaryHyperVol 176
binaryHyperVol 28.2667
additiveEps 1
entropy 0
archive 22
1
4 25  100 1010101011101110111001011110010101010000001000110011011101001101000010001010001111000000100101101010
runNumber 23
genCount 5358
elapsedTime 599.987
unaryHyperVol 135
binaryHyperVol 21.57
additiveEps 0.95
entropy 0.509891
archive 23
2
8 28  100 0110101000101110111001110010011000110101011000010000010001011100101110010100010011010100000010101010
4 30  100 0110101000101110101001110010001000000100011000010010000000010101011010000100010001010000100100001010
runNumber 24
genCount 5379
elapsedTime 599.946
unaryHyperVol 128
binaryHyperVol 26.9524
additiveEps 0.952381
entropy 0.509891
archive 24
2
6 29  100 1010101000101101000000000100111100111001011010000011111000011101001110000100010111001111101010011010
4 31  100 1010101000101101000000000100111101010001011010000011111000011101001110000100010111001111101010011010
runNumber 25
genCount 5211
elapsedTime 600.044
unaryHyperVol 157
binaryHyperVol 21.0341
additiveEps 0.727273
entropy 0.5994
archive 25
3
7 26  100 0110000001010100000000010101100100011101011000100000011011011001000000000110100110010000000001101010
5 27  100 0110000001010100010000010101010000110101001001110001011011110001000000010110100111010011100101101010
4 32  100 0110000000010110010000010101110110010111111000000010101011011100000000000010100111010010100001101010
runNumber 26
genCount 5171
elapsedTime 599.973
unaryHyperVol 99
binaryHyperVol 54.95
additiveEps 1
entropy 0
archive 26
1
6 30  100 0000010100100001001010110010000000111010011010100001010111011101000110001110101100010100000011101010
runNumber 27
genCount 5607
elapsedTime 599.996
unaryHyperVol 126
binaryHyperVol 19.9929
additiveEps 0.95
entropy 0.509891
archive 27
2
10 29  100 0110101001011110101001010110100100110010011001001000110100110101110001010000010111011101000011001010
4 30  100 0110101001011110101001010110100100110000011001101000110100110101110000000000010111001101000011001010
runNumber 28
genCount 5390
elapsedTime 599.953
unaryHyperVol 84
binaryHyperVol 26.1728
additiveEps 0.851852
entropy 0.509891
archive 28
2
5 33  100 1010101001101010111001110101110110111111010101101011001110100101100000001010000111100011100100001010
4 37  100 1010100001101111000000100110110101010000010101010010100111010001100000011010000110000001100100001010
runNumber 29
genCount 5349
elapsedTime 599.926
unaryHyperVol 87
binaryHyperVol 27.6944
additiveEps 0.958333
entropy 0.509891
archive 29
2
5 33  100 1110101000101101101001010110001010110000001010110111110100011101000010000000010011100100000011111000
4 34  100 1110101000100101101001010111001000100000001010110111110000011101000010000000010011100100000001111010
