OptimalFront
unaryHyperVol 300
4
7 12  100 0101101001010000001001111001011111000111101101000110101101011000111101101110000001010111101001001010
6 13  100 0101000001010000010000111001011111000111101101000110101101011000111101101110000001010111101001001010
4 14  100 0101000001010000010000111001011111000111101101000110101101010001001101101110000001010111101001001010
3 15  100 0100000001010100010000111001011111000111101101000110101101011000001101101110100001010111101001001010
-------------------------
runNumber 0
genCount 5335
elapsedTime 599.989
unaryHyperVol 43
binaryHyperVol 21.649
additiveEps 0.846154
entropy 0.431037
archive 0
4
11 34  100 0100001101010000010000010010011111001100011100010010100100000101000000110101000101010111010100011010
8 35  100 0111000000100101010000110101010111011000000001110010000101010100000000110100000110010111010100001010
6 36  100 0111000001010000010001011010011110001100011100010010100110100101000000110110000110010111010100101010
5 38  100 0101001100010111010000010101110101011010010000110010000101010101011101110001000100010111010100001010
runNumber 1
genCount 5263
elapsedTime 599.935
unaryHyperVol 123
binaryHyperVol 31.0441
additiveEps 0.823529
entropy 0.475082
archive 1
2
6 26  100 0100101000010100110000110101010111010111001100000010011101011000111101101010100011101001101000001010
5 29  100 0100101000010101110001110101010111010111001111000010100101011000111101100010100011011001101000001010
runNumber 2
genCount 5414
elapsedTime 599.999
unaryHyperVol 93
binaryHyperVol 12.6429
additiveEps 0.904762
entropy 0.475082
archive 2
2
6 31  100 0100000001010001010000110001010111010101011001010110010110001100010101101110100010010111101001101010
3 33  100 0100000001010100010000100101010001010110011101110110000010111000010101010010100010010111101001101010
runNumber 3
genCount 5412
elapsedTime 599.981
unaryHyperVol 101
binaryHyperVol 20.1739
additiveEps 0.73913
entropy 0.427067
archive 3
3
6 29  100 0100100101100100000000001010010000010111101100000100101010100001011101100110000010111001101011001010
5 32  100 0100100101100100000000001010000001010011101100000000101010100001011101100110000010111001101011001010
4 35  100 0100100101100100000000001010000001011011110010101010011110100001011101100110000010111001101000001010
runNumber 4
genCount 5472
elapsedTime 599.882
unaryHyperVol 82
binaryHyperVol 12.7091
additiveEps 0.909091
entropy 0.427067
archive 4
3
8 32  100 0100100101010000101001001101011111001100100011011010011001110000111101010100010000010110101001001010
4 33  100 0100100101010000001001000101101101000101100000111110010101011100001111010110100000010100101011111010
3 34  100 0100100101010100101001000101011111001100010011011010010101011000001111010110100000010100101011111010
runNumber 5
genCount 5386
elapsedTime 600.036
unaryHyperVol 80
binaryHyperVol 23.65
additiveEps 1
entropy 0
archive 5
1
4 32  100 1000100101100100111001001001010011111111100111110010101100011011101101010100010100010101101000001010
runNumber 6
genCount 5375
elapsedTime 600.014
unaryHyperVol 42
binaryHyperVol 22.5769
additiveEps 0.846154
entropy 0.446543
archive 6
4
10 33  100 0100100101010100110001001101000101000011100100010001110101011000111100010010100010010111101001001010
9 36  100 0100100101010100110001010011110001000001010100010001110100111000000101010110100001010111101001001010
7 37  100 0100100101010100111001010101111101000001011101010001110100100100100000000010101001010110101001001010
5 38  100 0100100101010100111001010111111111010000010111110101110100011101000100000110100011010101101001001010
runNumber 7
genCount 5404
elapsedTime 599.937
unaryHyperVol 74
binaryHyperVol 20.5577
additiveEps 0.769231
entropy 0.475082
archive 7
2
5 32  100 0100101001010000000000100011001101010111000100110100110000011011100000010100010001100000101001101010
4 38  100 0100100001010100000000001011001101010101001101111010010000010011010011010100010100010100101000101010
runNumber 8
genCount 5365
elapsedTime 599.92
unaryHyperVol 45
binaryHyperVol 30.1429
additiveEps 0.75
entropy 0.427067
archive 8
3
9 33  100 1000100100010000000101000101101000111000100000110110111110101000001101100010101001010101101001110101
7 35  100 0100100101010100000101000101101110111001100100010100111110111010001001100010101001010101101001110101
6 40  100 1100100100010100000101000101101010111001000100010110011110110001001000110010101001010011101001110101
runNumber 9
genCount 5520
elapsedTime 600.044
unaryHyperVol 132
binaryHyperVol 13.875
additiveEps 1
entropy 0
archive 9
1
3 28  100 0100100101010100001001000101010111010101010011000110100001011000001101101110100110010110101001101010
runNumber 10
genCount 5395
elapsedTime 599.975
unaryHyperVol 121
binaryHyperVol 18.2037
additiveEps 0.833333
entropy 0.431037
archive 10
4
9 27  100 0110101001010000001001110001110110000100001101010110010100010001011101101010000001010111010100001010
7 28  100 1101101001010000001001110001001101001111000100010110110100010001010101101010000001010111010100001010
5 29  100 1101101100010010001001111001011100001111010110100110110100010001010101101010000001010111010100001010
4 30  100 0110101100010011011001110101110111011100100000000110011100010001001101101010000001010111010110001010
runNumber 11
genCount 5560
elapsedTime 599.904
unaryHyperVol 11
binaryHyperVol 20.8074
additiveEps 0.925926
entropy 0.475082
archive 11
2
13 37  100 1101000001010101010000011111110000000001111100101110111010011000111100010110101000010100101001001010
5 39  100 0110000001010001010000101110000000100001111100101110111010011000101100100110101000010100101000111010
runNumber 12
genCount 5329
elapsedTime 600.028
unaryHyperVol 77
binaryHyperVol 9.6
additiveEps 0.678571
entropy 0.496825
archive 12
5
8 31  100 0100100101010000011001010111000011100000011101000001110011010001011101101110000011010111101001001010
6 33  100 0100100101010011111001000001000011100100011101111110111000010000111101101010000010010101101001111010
5 34  100 0100100101010011111001000001000011100100011101111110111000010000110101101010000010010101101001111010
4 37  100 0100100101010000011001000010000011100111000101001110000110100000101110011010101111010111101000111010
3 40  100 0100100101010100011001000001000011110000011100011110110011011101011110011010100011010100101011111010
runNumber 13
genCount 5366
elapsedTime 599.934
unaryHyperVol 67
binaryHyperVol 24.4694
additiveEps 0.952381
entropy 0.475082
archive 13
2
10 32  100 0100100101010100000001001001101110001101011010000101110100011100110000010110100001100000101001001010
5 33  100 0100100101010100000001001001010110000001101110000101110000001111001011011110101000101010101011001010
runNumber 14
genCount 5424
elapsedTime 599.924
unaryHyperVol 140
binaryHyperVol 23.6071
additiveEps 1
entropy 0
archive 14
1
4 26  100 0100000001010000010000111001011111101000001101111110100110010001111101111110000001010111101000001010
runNumber 15
genCount 5415
elapsedTime 600.032
unaryHyperVol 71
binaryHyperVol 12.7609
additiveEps 0.913043
entropy 0.475082
archive 15
2
6 33  100 0100100101010001001001000000110011001100101100011010110101010010111101111110100101010111101001101010
3 35  100 0100100101010100001001001000001001001100110100011010110101010010111101111110100101010111101001111010
runNumber 16
genCount 5472
elapsedTime 599.912
unaryHyperVol 110
binaryHyperVol 23.6324
additiveEps 1
entropy 0
archive 16
1
4 29  100 0100100100010001110000110101011011000110110001001110010100010000001101100100010011010111101001101010
runNumber 17
genCount 5357
elapsedTime 599.99
unaryHyperVol 70
binaryHyperVol 19.5167
additiveEps 0.833333
entropy 0.427067
archive 17
3
8 32  100 0100011101010000000001001101000001010111001100010100101110111011010100100001000101010111010100101010
6 33  100 0100011101010001000001001101000001010111001100010110110110001010111101100101000101010111010100101010
4 36  100 0100010101010101000000011010000001011111001111000110010110100111010111110001000101010111010100001010
runNumber 18
genCount 5355
elapsedTime 599.944
unaryHyperVol 138
binaryHyperVol 10.4625
additiveEps 0.75
entropy 0.475082
archive 18
2
4 27  100 0100000001010000010000110111010100000111101010000110111001010110001101101110100011010101101010001010
3 32  100 0100000001010100010000110101111010001001001110010010010001010110001101101110100011010101101010001010
runNumber 19
genCount 5455
elapsedTime 599.959
unaryHyperVol 116
binaryHyperVol 12.5
additiveEps 0.888889
entropy 0.475082
archive 19
2
11 28  100 0100100101010100011001001101010001001101100000101010100101001100001101101110000001010111101001001010
3 30  100 0100100101010100011001001001010001001101100000101010100101001100001101001110100001010110101001001010
runNumber 20
genCount 5294
elapsedTime 599.971
unaryHyperVol 100
binaryHyperVol 27.4526
additiveEps 0.842105
entropy 0.427067
archive 20
3
8 28  100 1101000001010011000000111001000000010100011101100100001000010000111001101110100011111010101001001010
7 30  100 1101000001010011000000111001000000000101010111101110100010000000001110100110100011111010101001001010
5 31  100 0111000000010101010000111011000000000111010111000110100001010010001111000010100001001011101011001010
runNumber 21
genCount 5375
elapsedTime 600.025
unaryHyperVol 93
binaryHyperVol 20.75
additiveEps 0.782609
entropy 0.427067
archive 21
3
7 30  100 0100000001010000000000110111010101010011101111000010101000011000000100001110101100101000101000011010
5 31  100 0100000000010100010000110101010110010110111111000010100001100011000001100010101110101011101001001010
4 35  100 0100000000010100010001110101110101000000100000011110101001001101001100010010100110101011101001001010
runNumber 22
genCount 5351
elapsedTime 599.975
unaryHyperVol 123
binaryHyperVol 17.4904
additiveEps 0.615385
entropy 0.427067
archive 22
3
6 26  100 0101101001010000000000001011111110001011111101110101111100011100110111001110000001010100101001101010
5 31  100 0100000001010000010000000011111110001011110101110101111100111100111111001110100001010100101001001010
4 38  100 0100000001010000010000000010110001010011001110010010110100010000111110000010101000010100101001111010
runNumber 23
genCount 5403
elapsedTime 599.971
unaryHyperVol 54
binaryHyperVol 33.4091
additiveEps 1
entropy 0
archive 23
1
5 34  100 1000100101100100111001001001100011100101110101000010100100110100011100010100010001010101010111111010
runNumber 24
genCount 5419
elapsedTime 599.88
unaryHyperVol 94
binaryHyperVol 23.3182
additiveEps 0.727273
entropy 0.427067
archive 24
3
9 28  100 0101101001010011011010111101010001010011001101010100100001000011000110101101001100010111101001001010
7 29  100 0101101101010011011010111101010001011111001101000010100001000011000110101101001100010111101001001010
5 34  100 0100101101010111011010111101010001011111001101000010100001000011000110011101001100010011101000111010
runNumber 25
genCount 5465
elapsedTime 599.999
unaryHyperVol 72
binaryHyperVol 43.1447
additiveEps 1
entropy 0
archive 25
1
6 31  100 1000101001100100011010111001101110110111100011010110110100110101000101100100010010010111000011001010
runNumber 26
genCount 5255
elapsedTime 599.948
unaryHyperVol 69
binaryHyperVol 15.1116
additiveEps 0.863636
entropy 0.478842
archive 26
3
14 30  100 0101101001010001001010001001000000110101011101011010100001111111001101101110101101010000101011011010
5 33  100 0101101001010001001010001001000000010100011101001010100001011111000100010110100111010000101011011010
4 34  100 0100101101010000101010101001001001010100001101001010100001011111000100010110100111010000101011001010
runNumber 27
genCount 5473
elapsedTime 599.896
unaryHyperVol 41
binaryHyperVol 32.38
additiveEps 0.92
entropy 0.475082
archive 27
2
7 35  100 0100000001010000010000110111010111011100000100100110101110001100111100011010100101001010010111110110
5 37  100 0100000000010100010000110111010110011100000100001110010010001100001101011010101111101011010111110110
runNumber 28
genCount 5245
elapsedTime 600.059
unaryHyperVol 75
binaryHyperVol 14.2469
additiveEps 0.703704
entropy 0.427067
archive 28
3
12 31  100 0100100101010001110000000101110111111100101000000110101100010000010101001110100011101000101001111010
5 32  100 0100100101010101110000000101110111011101001100000010101101010000010101001110100011101001101001011010
4 39  100 0100100101010101110001000111000000011101001100000010101100011100010100101010101010111001101001011010
runNumber 29
genCount 6036
elapsedTime 599.984
unaryHyperVol 123
binaryHyperVol 18
additiveEps 0.9375
entropy 0.475082
archive 29
2
11 27  100 0101000001010011010000101001011100001100110001000110111000111100011101100100010001010111101001001010
4 28  100 0101000001010011010000101011001100011100100001000110111000011100011101100100010001010111101001001010
