OptimalFront
unaryHyperVol 276
3
6 13  100 0111101001101011101010110010100100101011110101010010010111111010000110100000011100010001110000101001
4 14  100 0111000001010011010000110010100100101011111000010010010111111010000110100000011100010110110000101011
3 15  100 0111000001010011010000110010100100101011111000010010010111111010000110100010011100010110110000101011
-------------------------
runNumber 0
genCount 5536
elapsedTime 599.985
unaryHyperVol 130
binaryHyperVol 10.7941
additiveEps 0.823529
entropy 0.481574
archive 0
3
7 27  100 1000000001000100010000110010100110101001001000010110010011111010000110100010010000010111110010100111
6 28  100 0011001101100100010000000010100100101001001000010111010011111010000110100010011000010001011011010111
3 30  100 1000000001100100010000011010101101101001111000010111011011111010000110100010010000010101110011000111
runNumber 1
genCount 5400
elapsedTime 600.038
unaryHyperVol 94
binaryHyperVol 11.076
additiveEps 0.888889
entropy 0.449615
archive 1
3
12 29  100 1011100101101011101001000010100100000000111000011010011001001001000000010000001100000011000001001001
11 31  100 1011100101101011101001000010100101000000111010010011011001000001000000010100001000100001000000001001
3 32  100 1011100101101011101001000010100100000000111010011000011001000001000000010000001000000001000000001101
runNumber 2
genCount 5792
elapsedTime 599.963
unaryHyperVol 29
binaryHyperVol 15.7545
additiveEps 0.821429
entropy 0.506429
archive 2
4
11 36  100 0000100000010000001010110101011101011011110111110101101011111000000110110110010010010111000100101011
10 37  100 0011101100010000111010110101011101001000011011111010101011111000000110110010010100010001101011001001
5 38  100 0001101000010000001010110101011111011011011011111001100011111000000110110110010010010111000100001011
4 41  100 0000100000010000001010110101011111011001011011101000101111111000010110110110010100010001001100001101
runNumber 3
genCount 5433
elapsedTime 599.922
unaryHyperVol 136
binaryHyperVol 10.1111
additiveEps 0.777778
entropy 0.49717
archive 3
2
4 27  100 0111100001010011011010110010100001011011111000010011010111110100010110100010010000010001110001111101
3 31  100 0111000001010011010000110010100001111001101000000010110110111010000110101110010011010111000010111111
runNumber 4
genCount 5510
elapsedTime 600.006
unaryHyperVol 85
binaryHyperVol 19.73
additiveEps 0.9
entropy 0.481574
archive 4
3
8 31  100 0100100100100100000001110010100101011011111010100011011000011001000110100000110111100011111100001000
5 32  100 0100100100100100000000001010101101011011111010100001011110100111000000100000010100101010110000011010
4 33  100 0100100100100100000001110010100101011011111010100011011000011001000110100000110111010101001000101000
runNumber 5
genCount 5296
elapsedTime 599.839
unaryHyperVol 144
binaryHyperVol 15.9667
additiveEps 0.916667
entropy 0.49717
archive 5
2
13 24  100 1111000001010000010001110101010100101000111000010111011000111001010110010000011100111010110000101011
4 25  100 0111000000010011010001110101010100101000111000000100010100101000010110110010011100111010110000101011
runNumber 6
genCount 5404
elapsedTime 600.019
unaryHyperVol 105
binaryHyperVol 12.2889
additiveEps 0.944444
entropy 0.49717
archive 6
2
8 30  100 0100100101010001111001010110100110000001000101011010100110111010000110100000011110010011000100100111
3 31  100 0100100101010011111001000110100110000001000101011000100110111010000110100000011110010001001000111001
runNumber 7
genCount 5554
elapsedTime 599.924
unaryHyperVol 128
binaryHyperVol 8.39394
additiveEps 0.666667
entropy 0.449615
archive 7
3
5 27  100 0100000001100101010000010010101011101011111000001100010111101010010110000010010100100001110000011001
4 31  100 1000000011100100010010111010101011101010111000010100010111111011110110000010010100010001111000110111
3 35  100 0100000011100100011010010010101001111011001010100001110000111000000110001110010100010001100000111001
runNumber 8
genCount 5388
elapsedTime 599.997
unaryHyperVol 91
binaryHyperVol 10.5952
additiveEps 0.809524
entropy 0.529986
archive 8
4
13 30  100 0111100101010010101001000010100100000000011001010011110010110111000010100010010100010110110001100011
10 31  100 0111100101010011101001000010100001000001101000110011110100110111000010101110101100010110110001101001
4 32  100 0111100101010010101001010010100100000000011000000011110001101001000110101010010100010001011100100111
3 34  100 0111100101010011101001000110100001000000101000000011110001101000000010101110101100010110110001100111
runNumber 9
genCount 5431
elapsedTime 600.011
unaryHyperVol 99
binaryHyperVol 12.2632
additiveEps 0.947368
entropy 0.49717
archive 9
2
4 31  100 0100100101010000101001000010100110000001110101010001011011101010000000000110111110010001111100100111
3 32  100 0100100101010000101001000010100110000001110101010001011011101010000000000110111100010001111100010101
runNumber 10
genCount 5543
elapsedTime 599.934
unaryHyperVol 104
binaryHyperVol 23.8
additiveEps 0.8
entropy 0.49717
archive 10
2
5 29  100 0101100101010011101001010100000100000000011000010001110111111010011100100010011101010100111000011010
4 33  100 1101100101010011011001001100001100000011001000010000110111111011110110000010011101010111000000010110
runNumber 11
genCount 5547
elapsedTime 600.04
unaryHyperVol 78
binaryHyperVol 38.4
additiveEps 0.9
entropy 0.49717
archive 11
2
6 31  100 0111101001010001111010001101010100011011111001010000010110000000001010100010010101010001010111000111
5 33  100 0111100001010001011010111001010100111011010101100001010111000000101110011110010111010101011100100111
runNumber 12
genCount 5484
elapsedTime 599.69
unaryHyperVol 130
binaryHyperVol 12.9111
additiveEps 1
entropy 0
archive 12
1
3 28  100 0100000001010011010000110010100110111011010101010111110010001010000110100010011100010101111100100011
runNumber 13
genCount 5426
elapsedTime 600.004
unaryHyperVol 87
binaryHyperVol 11.2121
additiveEps 0.863636
entropy 0.49717
archive 13
2
4 32  100 0100100101011011101001010010100101000000011000100011111101111000010110100000001101100001110011000001
3 35  100 0100100101011011101001000010101111111000011010100011111101111010010110000000001000100001000011000001
runNumber 14
genCount 5392
elapsedTime 599.916
unaryHyperVol 130
binaryHyperVol 12.9111
additiveEps 1
entropy 0
archive 14
1
3 28  100 0100100101100100101010000110101100101010110101010010011011111001000110001010111101010001000000101001
runNumber 15
genCount 5449
elapsedTime 599.785
unaryHyperVol 140
binaryHyperVol 6.79545
additiveEps 0.727273
entropy 0.529986
archive 15
4
7 24  100 0111100101010011100101010000000100000001000101000010010110111010001010100000101110010011000011001011
6 29  100 0111100101010011101010100110100100001000000101001010010110111010001010100000101110010011000011001010
4 31  100 0111100101010011100101010110100100000000000101100110100110111010000110100110000001010011001010001011
3 35  100 0111101101010010101010000110100100000000010101000111010110101000100110100010001010010001001100111001
runNumber 16
genCount 5399
elapsedTime 600.002
unaryHyperVol 72
binaryHyperVol 26.2667
additiveEps 1
entropy 0
archive 16
1
4 33  100 0111010101010001010101010010101001000000001011011100100111111010000000010010101011010000110100101001
runNumber 17
genCount 5593
elapsedTime 599.998
unaryHyperVol 66
binaryHyperVol 12.4091
additiveEps 0.954545
entropy 0.49717
archive 17
2
7 34  100 0100000010100100111010110010100100111011101000011101111111111001010000010110111101110100110100010011
3 35  100 0100000010100100011010010010100101011011101000000001110101111001010000011010011001010001110000000001
runNumber 18
genCount 5278
elapsedTime 600.008
unaryHyperVol 141
binaryHyperVol 10.6071
additiveEps 0.8125
entropy 0.449615
archive 18
3
10 26  100 0010100101101011100101000010100100000000111001010010001010111000000110100000000110010000110000100111
4 27  100 0111100101101011101001000010100100000000111001010010001010111011111110100000001000010100110000100111
3 29  100 0110100101101010101001000010100100000000001000010010011010001010100110100000000000010100000100100111
runNumber 19
genCount 5376
elapsedTime 599.94
unaryHyperVol 68
binaryHyperVol 11.8406
additiveEps 0.913043
entropy 0.49717
archive 19
2
4 34  100 1000100111100100011001000010100010101011001000011101110111001010000000011110011100010000100010001111
3 36  100 0100100101100100011001000010100010101011001000000110100101001010000000011110010100010100010100001110
runNumber 20
genCount 5490
elapsedTime 599.943
unaryHyperVol 132
binaryHyperVol 9.64912
additiveEps 0.736842
entropy 0.481574
archive 20
3
5 27  100 0111000001011001111010000000100000001011101000010010010101011010000110000000001100010101000011111001
4 30  100 0111000001010011011010111010100000011011111000011000000001011010000110000000001101010001000011010111
3 32  100 0111000001011001111010100010101010011011101000010010001101011010000110000000001110010001000111111001
runNumber 21
genCount 5449
elapsedTime 599.965
unaryHyperVol 123
binaryHyperVol 9.8
additiveEps 0.75
entropy 0.449615
archive 21
3
6 28  100 0111100100010001011010100000101000101001010101100010011111111011110110100010011100010101110000000111
4 29  100 0111100101010011001010000010101001101001000101110010101111111011110110000000011110010001110000000111
3 33  100 0101100101010011011001000110101001101001010101000010101111111010010110010010011110010101000011101111
runNumber 22
genCount 5559
elapsedTime 599.912
unaryHyperVol 85
binaryHyperVol 10.2364
additiveEps 0.909091
entropy 0.49717
archive 22
2
8 30  100 0111000001010011010001111010100100111011000101111000111110111011010110000000111000010110000000001011
3 35  100 0111000001010001010000111010101001111011000101011010010011101000110110100110100001010100010001000111
runNumber 23
genCount 5537
elapsedTime 600.037
unaryHyperVol 94
binaryHyperVol 11.1746
additiveEps 0.857143
entropy 0.49717
archive 23
2
5 31  100 0101000000010011010000110010101001000011101000000000010110011001110000000000101100010101110000101001
3 34  100 0101000001010010010000010010101100000001001000101010010100011000110000100010101110010101110000100110
runNumber 24
genCount 5371
elapsedTime 599.972
unaryHyperVol 113
binaryHyperVol 9.37415
additiveEps 0.714286
entropy 0.449615
archive 24
3
10 28  100 0111001101010011010000011010101100101010010101100010010100101010000101110010010000010001111100000101
5 29  100 0111000001010011010000001010101101101011000101110010010100101010000101110000010101010101000010100101
3 34  100 0100000001010011010000011010101010101011000101110010110110000001100110100000010001010101000011000010
runNumber 25
genCount 5407
elapsedTime 599.776
unaryHyperVol 98
binaryHyperVol 12.2807
additiveEps 0.947368
entropy 0.49717
archive 25
2
5 31  100 0001011000101011101010010010011101011011101000000101010101000010000110110000001110010001000001011001
3 32  100 1011101000101010101010010010100100111011111010100101010100000001010110110000000110010001000000111001
runNumber 26
genCount 5510
elapsedTime 600.057
unaryHyperVol 89
binaryHyperVol 23.5455
additiveEps 0.909091
entropy 0.49717
archive 26
2
6 30  100 0100000001010010101010110010101000000011011001100010010000110000110000010000010111010000110001101001
4 35  100 0100000001010010101010011010101101101000011000110011110100111011010000010010011101010000110010110001
runNumber 27
genCount 5487
elapsedTime 600.012
unaryHyperVol 123
binaryHyperVol 22.1333
additiveEps 0.933333
entropy 0.49717
archive 27
2
7 27  100 0111000001010010101010000001010110011000111000010001100011011010010110110000010001010001110000100001
4 28  100 0111000001010010101010000001010110001000111000000001100100011010010110110000010001010001110000100001
runNumber 28
genCount 5507
elapsedTime 599.88
unaryHyperVol 66
binaryHyperVol 24.7101
additiveEps 0.913043
entropy 0.49717
archive 28
2
6 33  100 0100000001010011001010000010100000011011111011011110100011011010000110000010000100010100101011111001
4 36  100 1101100001010011101010111110101000101000111001000101001001000010000110000010100100010101111000000101
runNumber 29
genCount 5437
elapsedTime 599.975
unaryHyperVol 86
binaryHyperVol 10.7391
additiveEps 0.826087
entropy 0.49717
archive 29
2
4 32  100 0011000011100100010000010010100100001000111000010000010100011010010110000010100101010100100000111001
3 36  100 0100000000100100010000010110100101011010111000011000110100101000000110000010000010010100010010101111
