OptimalFront
unaryHyperVol 335
2
4 11  100 0001100111010001001001001110001011101011000010111110010111101011000000001100011001000111010110100111
3 12  100 0001100111010001001001001110001011101011000010111110010111101011001010001100011001000111010110100111
-------------------------
runNumber 0
genCount 5241
elapsedTime 599.965
unaryHyperVol 81
binaryHyperVol 11.3819
additiveEps 0.875
entropy 0.468496
archive 0
3
15 29  100 1100000111110100001001001110001001100000100010000110010111101001010000111100011100001111011010101111
4 32  100 1100100111010100001001011110001001100000000010110010000101101001111010110000011000010100011011100110
3 35  100 0100100101110100101001000010010100100000001010010110001001101011001010111100011000000100011011100100
runNumber 1
genCount 5528
elapsedTime 600.043
unaryHyperVol 150
binaryHyperVol 11.375
additiveEps 0.75
entropy 0.5994
archive 1
3
5 26  100 0001110110001001000000001110001001010101010000000010100111101011011010110100010101110111010100100110
4 27  100 0001010111010001000001001110011001010111000000000010111111101011011010110100010101111111010100100110
3 31  100 0001000111010001001001000001011000010101000000000010010101101001111010101100010100101111010100111010
runNumber 2
genCount 5273
elapsedTime 599.953
unaryHyperVol 149
binaryHyperVol 10.5
additiveEps 0.954545
entropy 0.509891
archive 2
2
4 26  100 0000001111010101010000000110000000010111110000010010011011101010001010001100010001010111011010100111
3 33  100 0000001101010011010000100110010001010101000010010010011011101010001010001000010001010101011000110111
runNumber 3
genCount 5254
elapsedTime 600.011
unaryHyperVol 152
binaryHyperVol 13.2941
additiveEps 0.882353
entropy 0.599401
archive 3
3
6 26  100 0000000101010001010000000110001000010110100001110100110011101011101010001100011101000111010111000011
4 27  100 0000000101010001010000000110001000010110000000110100110011101010101010001100011101000111010111000011
3 28  100 0000000101010001010000000110001000010110100000110010010011101001111010001100011111000111010111000011
runNumber 4
genCount 5352
elapsedTime 599.881
unaryHyperVol 102
binaryHyperVol 13.0682
additiveEps 0.954545
entropy 0.509891
archive 4
2
5 30  100 1001110100010001011001001101011111100011001110001110111011101010001010001111010001110100111010110101
3 33  100 0101110100010001011001001101011111100011001110001110111011101010001010011000010010010101101010000011
runNumber 5
genCount 5217
elapsedTime 600.069
unaryHyperVol 126
binaryHyperVol 10.9444
additiveEps 0.857143
entropy 0.599401
archive 5
3
9 26  100 0011000111110001010000111110001011100111001010111110110000101011000000011111010000110100010100010111
6 30  100 0011000011010001010000010110001000100111001110101010010000101011000000011111010000110100010100110111
3 32  100 1011000011010001010000111110101011100111000010101110110100101001101010001000010111110100010100010100
runNumber 6
genCount 5306
elapsedTime 599.961
unaryHyperVol 118
binaryHyperVol 14.2368
additiveEps 0.947368
entropy 0.509891
archive 6
2
5 29  100 0101000111010001011001001110001011100100001010010010010111101000001010001111011000001100111000001101
3 30  100 1101000111010001011001001110000011100100001010010010010111101001001010011000011000001100010100110110
runNumber 7
genCount 5433
elapsedTime 599.89
unaryHyperVol 130
binaryHyperVol 13.4737
additiveEps 0.947368
entropy 0.509891
archive 7
2
4 28  100 0101000111010000001010010010001000101111000010111110111011101010111010000000011101000101010110010101
3 30  100 0000000111010100011010111110001001101111000010111010111011101010011010000100010101010011010110010111
runNumber 8
genCount 5369
elapsedTime 599.986
unaryHyperVol 146
binaryHyperVol 37.0196
additiveEps 0.941176
entropy 0.509891
archive 8
2
6 24  100 0010100111010011001001000110101010101011000000111100011101101001001010001111010101100100101010100111
5 28  100 0001000111010011001001000110101010101011000000111100011101101001001010001111010100100100001010001101
runNumber 9
genCount 5209
elapsedTime 600.044
unaryHyperVol 80
binaryHyperVol 21.3182
additiveEps 0.954545
entropy 0.509891
archive 9
2
8 31  100 0001000101010001011001001110000010101011010000011110010111010101101010111000010001011011010101000110
4 33  100 0000110101010001111001000110001010100111000000010010011101100100001010111000010001111010010101000111
runNumber 10
genCount 5281
elapsedTime 599.758
unaryHyperVol 131
binaryHyperVol 12.1
additiveEps 0.833333
entropy 0.472411
archive 10
4
9 27  100 1111000110010001010000001110001011101111000000001110010100101001011010000000010100000101110000100101
8 28  100 1101001000010011110000001010000010101110000010011110010111101011001010001100010101000101010100000101
4 29  100 1111000100010001010000111010001011101111000010011110011101101011101010000000000101000101010100010101
3 31  100 1111000100010001010000111110101011100110011110011110011111101001001010000000010101000101010100010101
runNumber 11
genCount 5346
elapsedTime 599.773
unaryHyperVol 135
binaryHyperVol 20.9412
additiveEps 0.941176
entropy 0.509891
archive 11
2
8 26  100 1111000101110001001001001110000110010101000000111110010101101011001010010011000101000111010100010100
4 28  100 1111000101110101001001000010000011010111010000101110010101101000001010001011000101000111010100010110
runNumber 12
genCount 5340
elapsedTime 599.915
unaryHyperVol 137
binaryHyperVol 12.625
additiveEps 0.875
entropy 0.472411
archive 12
4
11 26  100 0011000101010001010000001110101010101010000010010010000111101011001010001110101001011100010100100000
9 27  100 0000000101010001101001001110001010101011000010010010011111101000101010001100101001011110010100101011
8 28  100 0011000111010001010000000110000000101011000110010010000111101011001010000100011111110111110100100011
3 29  100 0000000010010001010000111010011010101010000010010010011111101011101010001100011000110111010110101000
runNumber 13
genCount 5201
elapsedTime 600.024
unaryHyperVol 103
binaryHyperVol 12.0417
additiveEps 0.958333
entropy 0.509891
archive 13
2
4 30  100 1001100001010001000000000010001001010110111010001110000001101010001010011000010101001100101010100111
3 35  100 0100001011010001010000000010011001010100000110101010010001101010001010011100010111000000111001110101
runNumber 14
genCount 5519
elapsedTime 600.017
unaryHyperVol 120
binaryHyperVol 14.9444
additiveEps 1
entropy 0
archive 14
1
3 29  100 0010110101010011001001000010001001010101000010110110010110101000111010000000010100000100010100000111
runNumber 15
genCount 5332
elapsedTime 599.849
unaryHyperVol 114
binaryHyperVol 12.9762
additiveEps 0.952381
entropy 0.509891
archive 15
2
5 29  100 0100101001010101110010000010001011101011000000001110010111101001001010001100011000010000111001010011
3 32  100 1000100101010001001010000010001011101001000000001110010101101011101010101000010100010001111001000001
runNumber 16
genCount 5283
elapsedTime 600.027
unaryHyperVol 94
binaryHyperVol 10.4107
additiveEps 0.821429
entropy 0.5994
archive 16
3
5 30  100 0001010101010011000101001101011010100111110010110110010101101011011010001000011100010101011011010101
4 35  100 0000110101010010000101001001010000101000100010101110010001101010111010000000010111010000101010010111
3 39  100 0101010011010011011010000101011110100000000110011110001001101010111010001000010010010001011011100000
runNumber 17
genCount 5247
elapsedTime 599.942
unaryHyperVol 144
binaryHyperVol 14.9375
additiveEps 1
entropy 0
archive 17
1
3 27  100 0010000011010001010000001110001001101011100010010010010111101000011010001100010001001110010101000100
runNumber 18
genCount 5470
elapsedTime 600.013
unaryHyperVol 122
binaryHyperVol 12.8625
additiveEps 0.9
entropy 0.599401
archive 18
3
7 28  100 0100001111000100000000101110110100101011000000001110110111101011001010101000011101110111111010110111
5 30  100 0011110010010001010000001110000000101011000000000110110111101011011010110010100101110010001010011111
3 31  100 1111001001010001010000001110010100101011000010111010001011101000111010100000010101010111011010110101
runNumber 19
genCount 5586
elapsedTime 599.942
unaryHyperVol 75
binaryHyperVol 27.0152
additiveEps 0.954545
entropy 0.509891
archive 19
2
6 32  100 1001110110010001011001001110000111010110110000010110011100010100001010100010101000100111001010101100
4 33  100 1100100100010100001001001110000010010100100000010110011000010100001010000010101000100111011010001000
runNumber 20
genCount 5209
elapsedTime 600.019
unaryHyperVol 93
binaryHyperVol 23.1548
additiveEps 0.952381
entropy 0.509891
archive 20
2
7 30  100 0001000100010001111001001101011010101011100000001100010001101001011010010010101001001100001001000101
4 32  100 0011000111010100111001000101011011101011000010000110111011101001011010100010100000000100001001000111
runNumber 21
genCount 5188
elapsedTime 599.977
unaryHyperVol 240
binaryHyperVol 14.875
additiveEps 1
entropy 0
archive 21
1
3 19  100 0000100111010001001001001110001011010111000010111110101011101011001010001100011101000101011011100101
runNumber 22
genCount 5255
elapsedTime 599.923
unaryHyperVol 128
binaryHyperVol 12
additiveEps 0.888889
entropy 0.54796
archive 22
4
12 26  100 0001100111010001001010001110000001010111000000111110101010101000011010111000010001110011010101101011
9 28  100 0001001111010001011010011110000111010111000000111110001100101000011010101100011001110010010100101011
7 29  100 0000100110010001001010001110010011010111000000111100110011101000011010101100011100110011010111001110
3 30  100 0000100110010001001010001110000111010111010010101110111011101001011010101100010110010011010111001110
runNumber 23
genCount 5392
elapsedTime 600.066
unaryHyperVol 169
binaryHyperVol 11.6176
additiveEps 0.823529
entropy 0.472411
archive 23
4
7 24  100 0000110111010001110001001110001011101011000010001110011011101000001010011100001111110001011010100111
5 26  100 0011010111010001110000001010001010101111000010001110010111101011001010010100001111000010101010000111
4 27  100 0100110111010001110001001110001011101111000010000110010111101011011010000100001111000011101011000111
3 28  100 0000110101010011111001001110001111101111000010000110010111101011001010010100011111000001011000100111
runNumber 24
genCount 5375
elapsedTime 599.924
unaryHyperVol 82
binaryHyperVol 13.7391
additiveEps 0.956522
entropy 0.509891
archive 24
2
4 32  100 0011100111010001001001000010000110101001100010011010001100101011001010001100001111001000101001001100
3 34  100 0001010101010001001001000010000110101001100010011010001100101011001010010000011111000011101001111101
runNumber 25
genCount 5461
elapsedTime 600.014
unaryHyperVol 103
binaryHyperVol 12.0417
additiveEps 0.958333
entropy 0.509891
archive 25
2
4 30  100 0101010111010011000000000110001101010111010000101010110010101011011010100000011011110100011010010111
3 35  100 0110001010010011010000001010001101010111010000111010110010101011001010100000011111110000011010101101
runNumber 26
genCount 5396
elapsedTime 599.919
unaryHyperVol 131
binaryHyperVol 12.7018
additiveEps 0.888889
entropy 0.599401
archive 26
3
12 27  100 1001001001010001000000001110000100010111101110101010010110101010001010111100010001000101011010100011
5 28  100 1111000100010001000000011110001100010101001110101010001111101010001010101100011101000101011010100111
3 30  100 1001001000010001010000111110000100010111100110101010010110101010101010111100011001000101011000100011
runNumber 27
genCount 5337
elapsedTime 599.965
unaryHyperVol 118
binaryHyperVol 10.2604
additiveEps 0.875
entropy 0.468496
archive 27
3
7 27  100 0001001101010000000000111110000100101111000110001110000101101001011010001100011001000111010100101011
4 33  100 0011001111010011010000000010100100101101111010011110100101101010000010000100010001000101010101101011
3 35  100 0010000001010000010000011010110100101111000110011110100101101000011010001100010101000101011001110001
runNumber 28
genCount 5385
elapsedTime 599.957
unaryHyperVol 96
binaryHyperVol 14.95
additiveEps 1
entropy 0
archive 28
1
3 31  100 1111010111010011011001001110001011101000000010001010100001101000101010000000011010000100010100101000
runNumber 29
genCount 5192
elapsedTime 599.933
unaryHyperVol 140
binaryHyperVol 25.9804
additiveEps 0.882353
entropy 0.5994
archive 29
3
6 26  100 1111000100010001010000110000000100001010010110010010010111101011001010001100010101000101011010100111
5 27  100 1101000100010001010000010110000000100111010110010010110111101011001010001101101101000111011010100110
4 28  100 1100000101010000010000010000000010101000010110010010010111101010001010000101101101000111011010100111
