OptimalFront
unaryHyperVol 309
2
4 9  100 1110100000101000100000100010011101100101000101010001011101000011101000101000000010100001101000100001
3 10  100 1110100000101000100000100010011101100101000101010001011101100011101000101000000010100001101000100001
-------------------------
runNumber 0
genCount 5829
elapsedTime 599.843
unaryHyperVol 86
binaryHyperVol 14.89
additiveEps 0.84
entropy 0.54796
archive 0
4
11 28  100 0110101001010010100000100010011101010101001000000001001100010100010101001000110000010001101001001101
9 30  100 0110101001010010100000001010001111010101001011100001011100010110100101101001010000010001101001001101
5 31  100 0110010001010001110000100010011111010101001011100001111100010110100101111000110101010111101001001100
4 34  100 0110100101010001110000100010001101010101001000000001001100010110000101000111110101010111101001001101
runNumber 1
genCount 5589
elapsedTime 600.027
unaryHyperVol 119
binaryHyperVol 12.35
additiveEps 0.95
entropy 0.509891
archive 1
2
4 28  100 1010011111101011110001000110001111001101000101001100011101010111011010101100000010101010101000101110
3 29  100 0010000111101001100001000110001001101101000101010011011101010111011010101100000110101010101000110111
runNumber 2
genCount 5447
elapsedTime 599.746
unaryHyperVol 92
binaryHyperVol 11.4722
additiveEps 0.916667
entropy 0.599401
archive 2
3
6 30  100 0110000111010000000000010010101110010100001000010000110101100000100111000110110010100001101000100111
5 32  100 0110100101010011000000000010101100010100001000010000110101100010100101000111010010000001101010110101
3 33  100 0110100101010011000000000010111100010100001000010000110101100001100101000111110000100001101010110101
runNumber 3
genCount 5528
elapsedTime 600.049
unaryHyperVol 120
binaryHyperVol 12.9474
additiveEps 1
entropy 0
archive 3
1
3 28  100 0000100001100100010000100010000100101101111011010001111110100001101011101010100010100001101010100001
runNumber 4
genCount 5430
elapsedTime 599.768
unaryHyperVol 132
binaryHyperVol 11.1375
additiveEps 0.85
entropy 0.5994
archive 4
3
7 26  100 0110100000010000100000000010010011010101101001000101111001010110011000010000000110100000101011100001
5 27  100 0110100000010010010000110010010010100011001010010010010011010101101000010000000010100000101011100001
3 29  100 0110000001010000000000110010011011100011001010010011000101010110011000010000000010100001101011100001
runNumber 5
genCount 5485
elapsedTime 600.025
unaryHyperVol 111
binaryHyperVol 15.6158
additiveEps 0.9
entropy 0.599401
archive 5
3
13 26  100 1101000001010000000000100010001000101001000101100001101101000001010101101000000000010110101001000101
10 27  100 0110000100010001000000100010001001101001000101100001101101000001010101100000000001010100101001000110
4 28  100 0101000001011001000000010010001001101001000101100001101101000001000101100000000101010110101001001010
runNumber 6
genCount 5351
elapsedTime 599.766
unaryHyperVol 130
binaryHyperVol 12.9444
additiveEps 1
entropy 0
archive 6
1
3 27  100 0000011101100100110000010010011101100101011001010001000001100011001010100000000000100001101001000001
runNumber 7
genCount 5389
elapsedTime 599.982
unaryHyperVol 76
binaryHyperVol 10.5467
additiveEps 0.88
entropy 0.54796
archive 7
4
12 29  100 0110011101010000000000000010110010100101010101010011110101101111010000010000110010101001101000010010
9 31  100 0110011101010000010000010000000010100101010101011011011101101010101000000100110010101001101001010001
7 33  100 0110011101010000000000010110100010100101010101000011110001101010001011010000110010101001101000010010
3 34  100 0110011101010000100000010110000010100101010101011001110010101000011011110000100010100001101001010101
runNumber 8
genCount 5571
elapsedTime 599.997
unaryHyperVol 102
binaryHyperVol 11.8977
additiveEps 0.954545
entropy 0.509891
archive 8
2
7 29  100 0110100101010011100001010010110011101101011000010000011101100000010101001000010010101010101000100101
3 31  100 0110100101010011100001001010001101100101000101100100001011101001101000000010010010101010101000100101
runNumber 9
genCount 5458
elapsedTime 600.06
unaryHyperVol 93
binaryHyperVol 11.04
additiveEps 0.92
entropy 0.5994
archive 9
3
5 30  100 0000110100100100100000000110100001100001001001000001000101100011001000011100100011000000100000110011
4 33  100 0000110100100100100001000110010001100001111010000001001011100111001000011100110011100000101001010010
3 34  100 0000100100100100100001000110010001101001001010000001001110101101001000011101101101101001101011000010
runNumber 10
genCount 5847
elapsedTime 599.75
unaryHyperVol 153
binaryHyperVol 9.42857
additiveEps 0.714286
entropy 0.599401
archive 10
3
5 24  100 0110011101010010110000000010011101100001001001011011100101100011000101101000110010101010101000100010
4 25  100 0110010101010001000000000010011101100001001001010001100100100000010101101011000010101000101000100010
3 30  100 0110010101010001000001000010011101100001101001010001000100100000010101111001110000101000101000100010
runNumber 11
genCount 7656
elapsedTime 859.364
unaryHyperVol 145
binaryHyperVol 10.0952
additiveEps 0.952381
entropy 0.509891
archive 11
2
4 25  100 1110101000101001100000110001011101010100001000010000111001101101101000010000000100100000101000100001
3 30  100 1110111010101001010000101001011101010111011000010000010001100110111000000000000000100001101000110101
runNumber 12
genCount 5436
elapsedTime 633.362
unaryHyperVol 91
binaryHyperVol 16.7566
additiveEps 0.952381
entropy 0.509891
archive 12
2
12 29  100 1110000101100111000000111010111111101010000101010101100000000111101000010000000010000000101001100001
4 30  100 0110000100100111000001111010000111101011000101010001000001000111101000010000000110000000101000101001
runNumber 13
genCount 5469
elapsedTime 599.92
unaryHyperVol 121
binaryHyperVol 11.2381
additiveEps 0.857143
entropy 0.472411
archive 13
4
7 27  100 0110100101010000010001010100011100100001101001000001011001010111011000101000000010101001101000110000
6 28  100 0110100101010000010000010010110001100001101001011101001010101111011000101000010010100000101011110011
5 29  100 0110100101010001110000010010110001100000101001000001011001010111011000101000101010101001101000101001
3 30  100 0110000101010001110000010010110001100001101001011101001010101111011000101000101010100001101000101001
runNumber 14
genCount 5286
elapsedTime 599.939
unaryHyperVol 127
binaryHyperVol 11.2381
additiveEps 0.952381
entropy 0.509891
archive 14
2
4 27  100 0000100100100100100001000110011101101001000101110001010001000111111000010000111011000000101000000001
3 30  100 0000000101100100100000010110011101100001000101010001110000101111101000010011001010100001101001001001
runNumber 15
genCount 5200
elapsedTime 599.988
unaryHyperVol 88
binaryHyperVol 20.7292
additiveEps 0.916667
entropy 0.5994
archive 15
3
7 29  100 1101000100010001000001111010010111010100000101110001010001001110101000000101000010100000011001100111
6 32  100 0101000000010101000000101010010111010101010101111000010001001110101000000101001101100001101011000111
4 33  100 0110000101010001010000011010010111010101000101111001000001001110001000000011001100100001101000000111
runNumber 16
genCount 5621
elapsedTime 599.973
unaryHyperVol 147
binaryHyperVol 12.2745
additiveEps 0.941176
entropy 0.509891
archive 16
2
6 25  100 0010100000101001100000000010011101100000010101110000111101000000011000001100000010100001101001010101
3 26  100 1110100000101001000000100010001010100110001010100000111101100010011000001100000010100001101010010001
runNumber 17
genCount 5464
elapsedTime 599.984
unaryHyperVol 135
binaryHyperVol 51.9375
additiveEps 1
entropy 0
archive 17
1
4 25  100 0010110000101011000000010010001100010101000101010001101000101010101000011000000010100000101001101111
runNumber 18
genCount 5443
elapsedTime 599.876
unaryHyperVol 105
binaryHyperVol 11.3545
additiveEps 0.954545
entropy 0.509891
archive 18
2
8 28  100 0000010001100100100000110010011100001101101001000001111110101001000101101000000010100001101010001101
3 31  100 0000110010100100100000111110000010100101111001000001111110101001000101101000000010100001101010001101
runNumber 19
genCount 5417
elapsedTime 600.019
unaryHyperVol 63
binaryHyperVol 10.2581
additiveEps 0.967742
entropy 0.509891
archive 19
2
4 33  100 0110000100010000010000000101010100100101000101101101011100100001110101000101010001101010101001001101
3 40  100 0110100101010000010001001101010000101100100101001010010111100001110101110101010101101010101001001101
runNumber 20
genCount 5679
elapsedTime 599.977
unaryHyperVol 103
binaryHyperVol 11.3696
additiveEps 0.869565
entropy 0.472411
archive 20
4
7 29  100 0110100101010000000001010010001111001101001001111100111110100011110010011100110000100001101000100001
5 30  100 0110110101010000000001010010001111001100001001111110011111100011110011011000110000101001101000100001
4 31  100 0110100101010000000000010010001010101100101001110110010110100011110011111000010000100001101000100001
3 32  100 0110100101010000000000010010001001101101101000110101001010100011010101000011000000100001101010100001
runNumber 21
genCount 5436
elapsedTime 599.785
unaryHyperVol 130
binaryHyperVol 10.585
additiveEps 0.857143
entropy 0.5994
archive 21
3
10 26  100 0110010100011011000001010101011001100001101001010001011000100011101000011000000100101010101000010010
4 27  100 0110010100011011000001000101011001100001101001010001011000100011101000011000000100101010101000011010
3 30  100 0110010101010011000001000001011010100101101001010111111000100011101000011000000100101010101000010010
runNumber 22
genCount 5491
elapsedTime 600.01
unaryHyperVol 90
binaryHyperVol 11.3591
additiveEps 0.954545
entropy 0.509891
archive 22
2
13 28  100 0110110101010011001100000010010001011101001000010111110001100011010101111000110010101010101000000000
3 31  100 0110110101010000100001000010010001010101011000000110110001100011000101001110110010101010101010100000
runNumber 23
genCount 5643
elapsedTime 599.957
unaryHyperVol 72
binaryHyperVol 18.0133
additiveEps 0.88
entropy 0.472411
archive 23
4
9 31  100 0000100000100100110000101010000100000101101001010101010111101100000101100011100111010101101010100010
7 32  100 0000100101100100110000101010000100010101111010010101010101101100100101100011000001010110101001110000
5 33  100 0000001000100100010000101010000100010101101000110101000001100001000101101000000111010110101001110000
4 34  100 0000100101100100110000101010000100010101111010010101010111101100000101100011000001010110101001110000
runNumber 24
genCount 5451
elapsedTime 599.978
unaryHyperVol 141
binaryHyperVol 8.43182
additiveEps 0.727273
entropy 0.380988
archive 24
5
11 23  100 0110011101010001100000010101011101010101000101000001010000100011101001011000001010101010101000100010
6 25  100 0110011101010001100000110101010101010101000101110001010000100011101001011000111010101010101000100010
5 28  100 0110101100010011000000110101011101010101100101100000010100101011101000011000011110101000101000010001
4 29  100 0110101100010011000001110101011100010101000101011000000000100011101000011000011110101000101000010001
3 31  100 0110011101010001100000110101010101010100000101000010010000101011001001011000001010100001101011101001
runNumber 25
genCount 5487
elapsedTime 599.865
unaryHyperVol 166
binaryHyperVol 12.1833
additiveEps 0.933333
entropy 0.509891
archive 25
2
7 23  100 1110011100101000111101000110000001100001001000010001011101100011001001100000000010101001101000100011
3 24  100 0010100110101001011101001110010001100001000101010001111101100011001001100000000000100001101000100001
runNumber 26
genCount 5508
elapsedTime 599.883
unaryHyperVol 130
binaryHyperVol 12.9444
additiveEps 1
entropy 0
archive 26
1
3 27  100 0000100100100100111101001110010101100010001000110101011101101000101000101000100010100001101000010001
runNumber 27
genCount 5445
elapsedTime 600.065
unaryHyperVol 140
binaryHyperVol 12.9412
additiveEps 1
entropy 0
archive 27
1
3 26  100 0110111101010000000000100010000101100101011001010111011101100111101000011010010011100001101000010001
runNumber 28
genCount 5564
elapsedTime 599.815
unaryHyperVol 132
binaryHyperVol 9.12
additiveEps 0.96
entropy 0.509891
archive 28
2
4 26  100 0110100001010011100000100010111101010101011010110001111100010100010000111000001010100001011011010001
3 34  100 0110010001010001000000000010111101010101011000110111111101010110011000011010011111100001101001111101
runNumber 29
genCount 5794
elapsedTime 599.841
unaryHyperVol 41
binaryHyperVol 10.9892
additiveEps 0.870968
entropy 0.5994
archive 29
3
6 35  100 0000010101100100111100000010000010100000001011110011011110100011110011100011110100101010101011100111
4 37  100 0000110100100100110000000110001110100000000101101100110000010111101001101110001000101000101000000100
3 40  100 0000100110100100110001000101011000100000011010011111001110100011111001101111100101101010101001110111
