OptimalFront
unaryHyperVol 347
3
7 11  100 1000000011000100010001010000110001000000010101010011101000100111100101110001111100101010001000001010
5 12  100 1000010110000100001001000010000001101000011000010011101000100111100101110001111100100001001000001001
4 13  100 1000101010000100011010000010110001101000011000010011101000100111100101110001111100010001001000010001
-------------------------
runNumber 0
genCount 5501
elapsedTime 599.909
unaryHyperVol 76
binaryHyperVol 16.197
additiveEps 0.954545
entropy 0.49717
archive 0
2
6 32  100 0011101010000100101010000010110001101000010101110110010000111100000111011101100101010101010111000001
4 33  100 0011101010010000011010100010111100101010010101110000000111100001000101100001100101010101010111001001
runNumber 1
genCount 5453
elapsedTime 599.945
unaryHyperVol 100
binaryHyperVol 15.381
additiveEps 0.904762
entropy 0.481574
archive 1
3
7 30  100 1100101011000100011001110010111111101000101000010001101100000110000001101111100100010100010100010010
5 31  100 1100101011000100001001110010111110101010001000010001101100000101110011101011110000010110010100010010
4 32  100 1100101011000100001001110010111111101010001000010001101100001101111001100110100000010110010100010010
runNumber 2
genCount 5283
elapsedTime 599.874
unaryHyperVol 94
binaryHyperVol 14.75
additiveEps 0.863636
entropy 0.481574
archive 2
3
8 30  100 1100101001000100110000010110101001101010011000010111101000010001010101100011011100100001001001000101
6 32  100 1011101001010000110000010010101001101010011000000101101000010001010101000001011100100001001001000101
4 33  100 1000101001010001110000001010111001101010011000010100010111100001010101000001111110100001101001001101
runNumber 3
genCount 5385
elapsedTime 600.019
unaryHyperVol 84
binaryHyperVol 12.6296
additiveEps 0.740741
entropy 0.49717
archive 3
2
5 31  100 0110101000010011111001110110110101101000011000010011101000000001000101101101011011100011100000111001
4 38  100 0110101000010000011001110110101101101011001000010001101111000100001011110100010101100001111000110001
runNumber 4
genCount 5553
elapsedTime 599.922
unaryHyperVol 138
binaryHyperVol 11.0227
additiveEps 0.727273
entropy 0.472736
archive 4
5
10 25  100 1000101010010000111010000010110001101000011000110111100100101000101010111000110000010001001001001001
9 27  100 1000101000010000001010100010110001101000011000110111100100101010101010110000010100010101001001001001
7 29  100 1000101010010000101010000010110001101000011000000000100101101100011001010100110001010001111001001001
6 30  100 1000101010010000111010000010111100101001011000110110100100101000101010110000110101010001001001011001
4 33  100 1000101011010001101010000010110001101000011011110111111001100000001011110100110000010001101011010001
runNumber 5
genCount 5439
elapsedTime 599.9
unaryHyperVol 105
binaryHyperVol 21.3048
additiveEps 0.857143
entropy 0.449615
archive 5
3
9 28  100 0100000001010100010000010101010001101010011000110000110100110111101000110000111000101001001011100010
8 31  100 0011000001010100010001010101010001101010011000110000110101110111101000110000111000101001001001100011
5 32  100 1000000001010100010000010101010001101010011000011100110111100100011010011101101000100001001011101001
runNumber 6
genCount 5462
elapsedTime 599.912
unaryHyperVol 161
binaryHyperVol 13.2963
additiveEps 0.777778
entropy 0.481574
archive 6
3
7 25  100 1000010101110101001001000010000101101000001000110011110010101011100101110101011100100001001000111001
5 27  100 1100010111010100001001000010000010101000011000110011100100111010000101110101011001100001001000011001
4 29  100 1100010101010001001001001010000101101000001001110011110010101011100101110101011100100001001000111001
runNumber 7
genCount 5456
elapsedTime 600.085
unaryHyperVol 58
binaryHyperVol 17.408
additiveEps 0.8
entropy 0.492862
archive 7
5
14 31  100 1000000010010111010000001101010001010111011000000101111000000110101000010001010101010100111001000110
10 32  100 1000000010010111010000001101010001010111011000000101111000000110101000010000010001010100111001000110
9 34  100 1000000010010111010000001101010001010111011010010101110001000010101000010001010001010100111001000110
8 35  100 1110000000010011010000001101010010100111011000010001110000100000101000000000010001010000001001000001
5 36  100 0101000001010011010000001101010010100111011000010001110000000000101001000000010001010001111001000001
runNumber 8
genCount 5571
elapsedTime 599.841
unaryHyperVol 63
binaryHyperVol 15.5556
additiveEps 0.916667
entropy 0.49717
archive 8
2
5 33  100 1100101010010100000000001101011101010111011000010001110111110100100101011001111001010101010101000101
4 35  100 1100101011010000000000111101010001010111011000000011110111110110100101010011110010100001010110001101
runNumber 9
genCount 5362
elapsedTime 600.015
unaryHyperVol 30
binaryHyperVol 19.2222
additiveEps 0.884615
entropy 0.529986
archive 9
4
13 34  100 0111101001010000000000000010001101010100111010110111110010100011100101100001110100100001011010000001
12 35  100 1111101000010000000000000010001100010101011001010111110100000111110101010011110111100001001000010101
8 36  100 1111101000010000000000000010001100010101011001010111110000011111110101010011110111100001001000010101
5 37  100 0111101000010011000000001010001101010100011000000001100100101111101010011100100111100001001010000001
runNumber 10
genCount 5524
elapsedTime 599.896
unaryHyperVol 92
binaryHyperVol 26.4348
additiveEps 0.826087
entropy 0.49717
archive 10
2
6 30  100 1100101010010100000000001010110010101011011000110011110101010011011000010101111100100000111000001001
5 34  100 0000101011010100000000000010111010101011011010010101111101110001101000000001101000100001101000001001
runNumber 11
genCount 6931
elapsedTime 807.473
unaryHyperVol 166
binaryHyperVol 13.9804
additiveEps 0.823529
entropy 0.49717
archive 11
2
5 25  100 1000010110010100001001001110000010101000011000001011101000000010010101000011110100100001001011001001
4 28  100 1000010110010101001001001110000010101000011000010111001000000001101001001101100000100001001011000101
runNumber 12
genCount 5814
elapsedTime 649.972
unaryHyperVol 133
binaryHyperVol 16.0353
additiveEps 0.941176
entropy 0.49717
archive 12
2
14 27  100 0100101010010010011010000001110001101000010000010011110100010000101011100001010000010001010000010001
4 28  100 0100101010010010011010000001010001101000010000010001110000010100101011100001010000010001001000010001
runNumber 13
genCount 5467
elapsedTime 599.98
unaryHyperVol 36
binaryHyperVol 15.0988
additiveEps 0.888889
entropy 0.49717
archive 13
2
5 35  100 0100101011010001101010001010010001101011001010010010110100110010000101000101010000010111001000010001
4 38  100 0101101010010000111010100110100001101010001010010101101101001101000101000111110001010001010100101101
runNumber 14
genCount 5683
elapsedTime 599.92
unaryHyperVol 108
binaryHyperVol 29.2593
additiveEps 1
entropy 0
archive 14
1
5 29  100 1000101010010001011010010110111001101000001000011111110000010101001001000000111111010011001000111001
runNumber 15
genCount 5526
elapsedTime 600.093
unaryHyperVol 164
binaryHyperVol 12.5439
additiveEps 0.736842
entropy 0.49717
archive 15
2
5 25  100 1000101000000100011010001010000001101000011010000011101000110111000101010111011101010111001000100001
4 30  100 1000101000010101101010000110000000101000101000010011100000110111000101010111010101010101001000100001
runNumber 16
genCount 5586
elapsedTime 599.969
unaryHyperVol 124
binaryHyperVol 15.2456
additiveEps 0.894737
entropy 0.49717
archive 16
2
7 28  100 1000101001000101011010000110100100101000011000010010011000011100000101100011110000010011110000010001
4 30  100 1100101010100100011010100110001001101000011011000001101000110101000101100011110001010001111000010001
runNumber 17
genCount 5393
elapsedTime 599.983
unaryHyperVol 132
binaryHyperVol 29.25
additiveEps 1
entropy 0
archive 17
1
5 27  100 0000101011000100111010000010010001101011101000010001100101010111101000010001110001010101101000001001
runNumber 18
genCount 5512
elapsedTime 599.966
unaryHyperVol 139
binaryHyperVol 16
additiveEps 0.941176
entropy 0.49717
archive 18
2
8 27  100 1000101011010100110000000010000101101001101000110001101000100110100101111001011100010111001010010001
4 28  100 1000101011010001110000000010000001101011101000110001001000100110100101111001011100010111001000010011
runNumber 19
genCount 5515
elapsedTime 599.93
unaryHyperVol 139
binaryHyperVol 13.6
additiveEps 0.8
entropy 0.49717
archive 19
2
5 27  100 0100101010000100110000101010000001101000000101000011101100101111101011000001100000100001001000000001
4 31  100 0100101010000101110000101010000001101000000101000011101100101111101011111001000101100001011011000001
runNumber 20
genCount 5459
elapsedTime 599.927
unaryHyperVol 36
binaryHyperVol 29.2778
additiveEps 1
entropy 0
archive 20
1
5 35  100 0111000000010001010000000001010000010100010101010001100110010011101000111000010001010001001001100111
runNumber 21
genCount 5760
elapsedTime 600.009
unaryHyperVol 77
binaryHyperVol 14.1685
additiveEps 0.875
entropy 0.481574
archive 21
3
12 30  100 0000101010010000011010000010110111101000011001111111101011111101000101000101010001010000000000010001
7 33  100 0000101000010100011010001010000010101000011011101111010011010111000101000101010101010001110111000001
4 34  100 0000101010010000011010001010110111101000011001110111100011110100000101000101010101010001111010110001
runNumber 22
genCount 5483
elapsedTime 599.936
unaryHyperVol 64
binaryHyperVol 34.7273
additiveEps 0.954545
entropy 0.49717
archive 22
2
8 32  100 1000101001010010000000100010010000001011010101010101101100011100010101010001111100100011110100000000
6 33  100 1000101001010010000000110010010100101010010111110110101100011100010101010001111100100011110100000000
runNumber 23
genCount 5597
elapsedTime 599.816
unaryHyperVol 91
binaryHyperVol 18.0265
additiveEps 0.888889
entropy 0.481574
archive 23
3
13 28  100 1000010111010000000001000010000000101010011000000100100000100000011001110001010000010100001001001010
12 29  100 1000010111010100001001000010000001101000101000010000101010100000011011000010010101010111011001000010
5 32  100 0000010110010001001001000010000001101000101000010000101010100000011010001111010100010100010111001111
runNumber 24
genCount 5458
elapsedTime 599.996
unaryHyperVol 55
binaryHyperVol 14.947
additiveEps 0.875
entropy 0.529986
archive 24
4
15 32  100 1000010110010001001001000010000000101000001000000111101000111100010001100111001110100001001010111101
13 33  100 1000010110010101001001000110000000101000001000000110101000111100010001100111001110100001001010111101
7 34  100 1000010110010001001001000010000000101000001000000111111011001100010001111111000111100001111000111101
4 35  100 1100010110010001001001000010011000101000001000000111101000111100011001100111001110100001111010111101
runNumber 25
genCount 5611
elapsedTime 600.032
unaryHyperVol 112
binaryHyperVol 17.2389
additiveEps 0.842105
entropy 0.449615
archive 25
3
17 27  100 0100000000000100010000010110000001000000010111000011110010100101001000010001001000101010001000011000
9 28  100 0100000000000100010001010110000100000000010111010101100000100101001000010001001000101010001000011000
5 30  100 0100000000100101010001010110000001000000000101010111110000101101001000010101001000101010001000011010
runNumber 26
genCount 5441
elapsedTime 599.792
unaryHyperVol 128
binaryHyperVol 16.0185
additiveEps 0.944444
entropy 0.49717
archive 26
2
6 28  100 1000101001110100011010000001010001101000000101100011111100110100000111110010110000010001010111010001
4 29  100 1000101001100100011010000001010001101000101000100101001001110011110101110000110000010001010111010001
runNumber 27
genCount 5462
elapsedTime 600.015
unaryHyperVol 64
binaryHyperVol 16.2174
additiveEps 0.956522
entropy 0.49717
archive 27
2
5 33  100 0000101001110100110000011010000010101000011000000110101001101010101001111111010000010110010100010011
4 34  100 0100101010010001110000011010000000101000111000000010100000101011101001011101010100010111010110010010
runNumber 28
genCount 5370
elapsedTime 599.791
unaryHyperVol 64
binaryHyperVol 13.2751
additiveEps 0.777778
entropy 0.447913
archive 28
4
11 32  100 1000101010010000101010110010000110101000101000011011011011110100011000000100110000010001001001001001
7 33  100 1000101010010000101010001010000000101000101000011011011011111100011000000100110001010001001001001001
5 34  100 1000101010010000001010001010000000101011111000010001111001111100101000010100000001010001001001001001
4 38  100 1100101011010100011010001010000000101010100101000101001101010100111010000110010000010001010100010001
runNumber 29
genCount 5580
elapsedTime 599.997
unaryHyperVol 93
binaryHyperVol 14.6772
additiveEps 0.888889
entropy 0.449615
archive 29
3
13 29  100 1000101010010100011010000010000101101000110101010101101100001100000101000001110101010001111001011111
10 31  100 0000101000010100011010010010000001101000000111000001101100001100000101000011110111010101011000010111
4 32  100 0000101010010100011010010010000000101000000101000101100010001100000101010001110101010001111001000111
