OptimalFront
unaryHyperVol 343
3
6 11  100 0110101001010000001001110101011111010111100101000111101101101000111101101111000001101111011001001110
4 12  100 0110000001010000010000111001011111010111100101000111101101101000001101101100010001101111011001001110
3 14  100 0110000001010000010000111010101111100111100101000111101101101000001101101100010001101111011001001110
-------------------------
runNumber 0
genCount 5225
elapsedTime 600.063
unaryHyperVol 111
binaryHyperVol 14.196
additiveEps 0.7
entropy 0.447913
archive 0
4
13 28  100 0110101001101010111001011010100011100000101001000111100101100001001111011100000000001100111001001110
6 29  100 0110000001101000001001011010100111100000101011000001111101101000001101011100000011100111101001110111
5 34  100 0110000001101000011001011010100011100000101011000001111101101000001100011100000111100101110001110001
4 36  100 0110000001101010011001011010100011100000101010001001100101100001001111011000000011100101111001110001
runNumber 1
genCount 5398
elapsedTime 599.949
unaryHyperVol 147
binaryHyperVol 11.4667
additiveEps 0.761905
entropy 0.449615
archive 1
3
8 27  100 0110100101010000101001000100000110100101010101000111011111010101010001101100011101101111011001001110
4 28  100 0110100101010000101001010110101111100000010101001001011111010101010001101100011101101111011001001110
3 32  100 0110100101010001101001000110101111100001010101000110001011010100000101001100011101101111111001010111
runNumber 2
genCount 5183
elapsedTime 599.948
unaryHyperVol 144
binaryHyperVol 11.9532
additiveEps 0.842105
entropy 0.481574
archive 2
3
12 26  100 0110100101010011110000001010100011101101101000000111100000100000001101101100010001101111111001001011
6 28  100 0110100101011010111001000010100010100111011010000111111100100000111101101100000001101111111001001111
3 30  100 0110100101010011011001000010100010100101101001010111111100100000111101101100010101100011111001000110
runNumber 3
genCount 5353
elapsedTime 600.009
unaryHyperVol 141
binaryHyperVol 17.4206
additiveEps 0.857143
entropy 0.49717
archive 3
2
10 25  100 1110000000010011000000110101011101010111101001001011110111010100011111111100010101101100011001001100
4 29  100 1110000000010011010000110101011111010111111001001011111110101000011101010100010101100100001100001100
runNumber 4
genCount 5226
elapsedTime 599.961
unaryHyperVol 176
binaryHyperVol 11.6481
additiveEps 0.777778
entropy 0.49717
archive 4
2
4 25  100 0110000001010000010000101010100100000110001001000101101111101000111101011100010010101111011001001000
3 29  100 0110000001010000010000101110101101010100011001100000101111101010110101011100010001101111011001001000
runNumber 5
genCount 5396
elapsedTime 599.904
unaryHyperVol 82
binaryHyperVol 24.7531
additiveEps 0.777778
entropy 0.49717
archive 5
2
5 32  100 1101100101010000101001000110100101100111111010011111101101101001000101010000001100101101110000001101
4 38  100 0110100101010000101001000010101010101110111010001011010010101101001111010101000100100111010100101101
runNumber 6
genCount 5255
elapsedTime 600.044
unaryHyperVol 127
binaryHyperVol 8.86207
additiveEps 0.586207
entropy 0.449615
archive 6
3
9 28  100 0000000001000100000000111110100000100111011001100110101001100001111101010100000001101011011010001111
4 29  100 0000000001000100010000111110100000100111011001100110101001100001111101010100000001101011011010001111
3 40  100 0000000011100100010000100010100010101100011001101110111011100000111111010100010010101001011010000101
runNumber 7
genCount 5224
elapsedTime 599.907
unaryHyperVol 191
binaryHyperVol 12.0593
additiveEps 0.8
entropy 0.449615
archive 7
3
12 23  100 0110000001010000010000010110101010100011101001010101101101001100001101001110000001101111011001000010
5 24  100 0110000001010001000000110010101110100101101011010101101101101000001101011100010101100111011001001010
3 26  100 0110000001010001010000111010101110100101101011010101101101101000000101001100010101100111011001000101
runNumber 8
genCount 5297
elapsedTime 600.009
unaryHyperVol 164
binaryHyperVol 10.5917
additiveEps 0.75
entropy 0.449615
archive 8
3
9 25  100 0110000001010000010000111010100000010111010101000111111101000011001101000100011111101111010101001110
4 27  100 0110000001010000010000001010100101010100000101000111111101001101001101010000010110101111010101001110
3 31  100 0110000001010000010000011010100101010100010101000111111100101001001101010000010110100110111011000110
runNumber 9
genCount 5331
elapsedTime 599.992
unaryHyperVol 149
binaryHyperVol 9.98551
additiveEps 0.695652
entropy 0.529986
archive 9
4
6 26  100 0101000001010001000000011010100000100111111000000111010101101000001101111100010000100111111101001111
5 30  100 0101000001010000010000001110100100100111001001001101010101101010001101100100000101100101010100011101
4 33  100 0110000001010001001010110010100100100110101000000111010101100010011101100100010000100101110100001101
3 34  100 0110000001010000010000001110100100100110101000001111010111100010011101101100010000100101010100011111
runNumber 10
genCount 5333
elapsedTime 600.026
unaryHyperVol 128
binaryHyperVol 23.25
additiveEps 0.833333
entropy 0.481574
archive 10
3
6 27  100 1010101001101000001010110110101111100011101010100001110011010100001101001000000001010010011001000110
5 34  100 1110101001101000011010111110101111100111101011000011110111010100000100011100010101010000110100010000
4 35  100 1010100100101011101010110110101111100111101011010011110111010100000100011000000101010000010100010010
runNumber 11
genCount 5261
elapsedTime 600.027
unaryHyperVol 126
binaryHyperVol 14.8909
additiveEps 0.727273
entropy 0.447913
archive 11
4
13 27  100 0110000001010011001010001110100110100111101001000101100101011100001101101100010000010010010001001111
8 28  100 0110000001010111001010001010100110100111011001000111100101011100011101100000010001010011101001001001
5 29  100 0110000001010011001010101010101110010111111000010111101111101100001101101100010101010010110001001010
4 33  100 0110000001010111001010011010100010100111011001110111101111101100000101011101101001010011100111100010
runNumber 12
genCount 5248
elapsedTime 599.885
unaryHyperVol 216
binaryHyperVol 10.881
additiveEps 0.785714
entropy 0.49717
archive 12
2
6 21  100 0000000001100100010000111010101111010110100101100111101101100000111101101100000001101111111001101100
3 25  100 0000000001100100010000111010101111010110100101100111101111100000001111010100010001101111111001101100
runNumber 13
genCount 5232
elapsedTime 600.018
unaryHyperVol 121
binaryHyperVol 27.9074
additiveEps 1
entropy 0
archive 13
1
4 29  100 0000101100100100101010111010100011101011011001001111110100010100001101101100010101100101011001000001
runNumber 14
genCount 5242
elapsedTime 599.947
unaryHyperVol 107
binaryHyperVol 25.9697
additiveEps 0.863636
entropy 0.49717
archive 14
2
5 30  100 0000101010100100001010101010101101100111101000010111101001010100000100011100011100010011001001011100
4 33  100 0000000010100100001010101010101101100111101000010111100110010101000101111100011101010011100100101101
runNumber 15
genCount 5414
elapsedTime 600.012
unaryHyperVol 99
binaryHyperVol 27.9167
additiveEps 1
entropy 0
archive 15
1
4 31  100 0000100111010001110000011110101111100110101000001001100111100001111101100011010001101101000001000010
runNumber 16
genCount 5310
elapsedTime 599.9
unaryHyperVol 137
binaryHyperVol 10.6528
additiveEps 0.708333
entropy 0.49717
archive 16
2
4 28  100 0000000001000100010000001010011111010111101000000100001010100001001101101100000101100100010100000101
3 35  100 0000000001100100010000010110101100101011101000000100011010100001011101100100010100101110110100001101
runNumber 17
genCount 5368
elapsedTime 600.022
unaryHyperVol 150
binaryHyperVol 13.3444
additiveEps 0.888889
entropy 0.481574
archive 17
3
8 27  100 0000100110101000101001000110101111100111000101000111101101000000001101000100000001101110010100000101
4 28  100 0000100110100100011001001110101111100111000101000111101101000000001101010100000101101110010100000101
3 29  100 0000100101100100011001000010101111010111110101000111111101100000001111000100010001101101110101000100
runNumber 18
genCount 5296
elapsedTime 599.906
unaryHyperVol 70
binaryHyperVol 19.2391
additiveEps 0.956522
entropy 0.49717
archive 18
2
11 33  100 0110100101010010001001111010101101101101000101010100100001001000010000010000010011100100111001000001
4 34  100 0110100101010000001001000110100011101101000101010100100001001000010000010000010011100100111001000001
runNumber 19
genCount 5245
elapsedTime 600.048
unaryHyperVol 19
binaryHyperVol 17.013
additiveEps 0.909091
entropy 0.481574
archive 19
3
14 36  100 0000100111011010001001000110101011100001001000010011110101100101001100101111001111001101001000001101
9 38  100 0000100111011010001001000110101011100001001000010011110101101101001100111100001111001101001000001101
4 39  100 0000100111010010111001010110101010100000111000000011110101100101001101101000001111001101001100011101
runNumber 20
genCount 5205
elapsedTime 599.88
unaryHyperVol 93
binaryHyperVol 26.619
additiveEps 0.904762
entropy 0.481574
archive 20
3
9 30  100 0001010111010000001010010001010101100010101000000101101101101011001101011100011100100101010111111111
8 31  100 0000010111010000001010010001010101100011101000000101001010101011001101101100011101100101010111111111
5 32  100 0000010111010001001010011001010101101000001000000101101100101011001101101100011101100101010111110111
runNumber 21
genCount 5244
elapsedTime 600.11
unaryHyperVol 83
binaryHyperVol 31.1731
additiveEps 0.769231
entropy 0.481574
archive 21
3
7 31  100 1010000001101011011010110110100011010111101001000101100101100000101101000100000101010001100101111100
6 32  100 1010000001101011011010110110100011010101101011000100100101100000001101000100000101010001100101111100
5 37  100 1110000001101011010000110110100011010101101011110001000111100000001101000100000101010001101101110000
runNumber 22
genCount 5295
elapsedTime 599.901
unaryHyperVol 110
binaryHyperVol 16.7544
additiveEps 0.916667
entropy 0.49717
archive 22
2
15 28  100 0010101110101000000000010000001100010111101010001011100101010100001111110111010100101111011100011110
4 30  100 0110101110101000000000000110101101010101101011001011100101010100001101100100000100101111110100010111
runNumber 23
genCount 5034
elapsedTime 599.946
unaryHyperVol 192
binaryHyperVol 14.8718
additiveEps 1
entropy 0
archive 23
1
3 24  100 0000000001100100010000111010101110100110101001100111001100010100001101101100011101101111010011001111
runNumber 24
genCount 5216
elapsedTime 600.008
unaryHyperVol 134
binaryHyperVol 11.6667
additiveEps 0.772727
entropy 0.49717
archive 24
2
5 28  100 0000100101100100001001001010100111100110000010000011100001010100000101111111011101101000011011001101
3 33  100 0000100101100100011001001010101100101010011001000110001001010101001101010000010101101000011111001100
runNumber 25
genCount 5270
elapsedTime 599.913
unaryHyperVol 154
binaryHyperVol 27.8889
additiveEps 1
entropy 0
archive 25
1
4 26  100 0110000001101000000000001110100101010111101011000011101101101010000101101100000101100010010100001110
runNumber 26
genCount 5175
elapsedTime 599.949
unaryHyperVol 107
binaryHyperVol 23.9875
additiveEps 0.95
entropy 0.49717
archive 26
2
7 30  100 1110000011100111010000111010100000010111101000000100101110101000001101101100010101101000011110110011
4 31  100 0000000010100111000000111010101101010110001001010100101111101101001101111000011000101111010100011110
runNumber 27
genCount 5150
elapsedTime 600.08
unaryHyperVol 70
binaryHyperVol 16.9235
additiveEps 0.75
entropy 0.529986
archive 27
4
10 32  100 1110011101101011010101001010100011010111010101010101110010101000000101001000010001010010011001001101
8 33  100 1010010100101011010101000000000110100101000101010111100000100000000101010100000001010011011001001000
5 35  100 1110011110101011010101001010100011010111000101101010000010100001000101100100010001010011011001001000
4 39  100 1110010110101011010101000010100011100001000101000011110000100001000100000100000001010011000001000101
runNumber 28
genCount 5223
elapsedTime 599.975
unaryHyperVol 98
binaryHyperVol 13.6818
additiveEps 0.909091
entropy 0.49717
archive 28
2
8 31  100 0110100100011011011001001010101110100110010101000011110101001011001101011100011100101111010101001010
3 33  100 0110100101010011001001001010101111100110010101100001111100101100100001011100011100101111010110010010
runNumber 29
genCount 5948
elapsedTime 599.907
unaryHyperVol 188
binaryHyperVol 11.451
additiveEps 0.764706
entropy 0.49717
archive 29
2
4 24  100 0101000001010001000000111010101001010101101001000100101101100000000110101100010101101111100101001101
3 28  100 0110000001010000010000111010101111010101101001001000101100100000000000111000010001101101010010000111
