OptimalFront
unaryHyperVol 374
2
5 9  100 1010000000101001110000011110110011000011101000001111110001101011001101000110101011001000000001001001
2 10  100 1010000000101001110000011110110011101011101000011111110001101011001101000110101011001000000001001001
-------------------------
runNumber 0
genCount 5394
elapsedTime 599.955
unaryHyperVol 160
binaryHyperVol 12.7368
additiveEps 0.947368
entropy 0.509891
archive 0
2
5 25  100 0110000000100001010101111110011000101011101011010011110111001011001110001010101000001110000001001001
2 28  100 0110000001101011000000001110011000101011101011010011110111101011000110001010101000000110000001001001
runNumber 1
genCount 5349
elapsedTime 599.927
unaryHyperVol 141
binaryHyperVol 13.4833
additiveEps 0.9
entropy 0.509891
archive 1
2
3 27  100 1010100100101001110001000110100011101011010101011111110001101011000000110110101010000010100100001000
2 29  100 1010100100101001110000100110000011101001010101011111110001101011000000110110001010000010100100001000
runNumber 2
genCount 5335
elapsedTime 600.033
unaryHyperVol 80
binaryHyperVol 25.3793
additiveEps 0.827586
entropy 0.5994
archive 2
3
7 29  100 0000100111010101100000001110110000101010001000001100110001010111111101000110100000010100101101110000
5 34  100 0110100101010100110101001110110100101010111011111100010001010111111101000110101101110110100001010000
4 38  100 0110100101010010100001001110110000101010011010010000110000010111110111000100110000110101100010110000
runNumber 3
genCount 5387
elapsedTime 599.901
unaryHyperVol 178
binaryHyperVol 14.0781
additiveEps 0.9375
entropy 0.509891
archive 3
2
6 24  100 0000000000100100010110010110100011101010011000011111100001001010001100000110101011010011000001101001
2 25  100 0000000000100101000000110110100010101010011000011101000001101011001101000110101011010101000001101001
runNumber 4
genCount 5617
elapsedTime 599.896
unaryHyperVol 87
binaryHyperVol 13.7639
additiveEps 0.916667
entropy 0.5994
archive 4
3
5 31  100 1110100100100101110000011110111010101000011000010110100101101000000100000110111101010100000000000011
3 32  100 0110100100100101110000011110111010101001101000110110101001101000110000000000111011110100000000011001
2 33  100 0110100100100101110000011110111011101001011001110000011001101011101100010010001101111100000001011001
runNumber 5
genCount 5474
elapsedTime 599.891
unaryHyperVol 84
binaryHyperVol 26.6742
additiveEps 0.954545
entropy 0.509891
archive 5
2
8 30  100 0000100110101001110000010010110100000001110101000111110000101001000001101010101000000100101101111010
4 31  100 0000100000101001110000101110100100000000100101110101010101101010101001111110101000010100101110000000
runNumber 6
genCount 5468
elapsedTime 600.042
unaryHyperVol 115
binaryHyperVol 10.1323
additiveEps 0.703704
entropy 0.417714
archive 6
5
9 27  100 0000100100001101000101010010000101000000101000010011110001101011000001001010101111010100101011011000
8 28  100 0000100101001100010101010010000101000001101000010101110001101010001110000110001010001010101110001000
5 29  100 0000100100001101010000010010000001000000111001111011110001101010000101011010101111011010101110001011
3 33  100 0000100100101101110001000010000000101001101010010110110000101000111001011110001000000000101001001000
2 36  100 0000100100100000010000000110000001101001111001010111110000101000101101011110001000000000101011011010
runNumber 7
genCount 5455
elapsedTime 599.963
unaryHyperVol 132
binaryHyperVol 27.2778
additiveEps 1
entropy 0
archive 7
1
3 27  100 0110000000101010110110010001010111101000101000011101111110101000001100000110100111010000101011000000
runNumber 8
genCount 5276
elapsedTime 599.854
unaryHyperVol 165
binaryHyperVol 14.1324
additiveEps 0.941176
entropy 0.509891
archive 8
2
6 25  100 1010000000101000010000101110000001000011100101010101110000101001101101001110100011010010000001001001
2 26  100 1010000000101000010000101110000000101011100101101101110100101001001111000010101011001000101001001010
runNumber 9
genCount 5548
elapsedTime 600.03
unaryHyperVol 135
binaryHyperVol 14.4583
additiveEps 0.678571
entropy 0.417714
archive 9
5
8 24  100 0110000000011101111010000101010111000001101000011101100001001010001110000110100011110101100001001001
7 25  100 0110000000010101110010000001010000101001101000011111100001001010001110000110100011110101101001001001
5 29  100 0110100001011001110000010001010000101001101000001111110001001010001100000010011111010101101011011001
4 33  100 0110000000011101110010000101010101101001100101101010101001101001001110000110100011110101100001001001
3 37  100 0110100001011001110000010001010000101001101010110110101000101000100101001010100010110010100000101001
runNumber 10
genCount 5395
elapsedTime 599.83
unaryHyperVol 153
binaryHyperVol 13.4236
additiveEps 0.944444
entropy 0.509891
archive 10
2
10 25  100 1010000000001111011100101110110000101000101000010110000001101011010101000110111111000010101110001010
2 27  100 1010100000100101110000010010100000101011101000010110010001101000011001000110111111010010101101001011
runNumber 11
genCount 12887
elapsedTime 609.935
unaryHyperVol 106
binaryHyperVol 13.1014
additiveEps 0.869565
entropy 0.472411
archive 11
4
8 29  100 0110100100101001110000000110110001101010100101011111111010101000111101100000001001001000001100111000
6 30  100 1010100110100101110001001110110001101011010101101000111101001000111011010110001011000100000000000011
3 31  100 1010100100100111110001001110110001101011010101101111111110101000111111010010101001001110101100001001
2 32  100 1010100100100100110000000110111001101010100101011110110001101000111110111010011001001011000000111001
runNumber 12
genCount 9031
elapsedTime 622.004
unaryHyperVol 120
binaryHyperVol 51.9412
additiveEps 1
entropy 0
archive 12
1
5 26  100 0110000001011001000000010110111000010101101000010110111000001011111100001010001011110100000001001001
runNumber 13
genCount 5446
elapsedTime 603.307
unaryHyperVol 156
binaryHyperVol 14.9412
additiveEps 1
entropy 0
archive 13
1
2 26  100 0000000010100101000000011110111110101011101000001101110011101011001101011110010110001011000001001000
runNumber 14
genCount 5318
elapsedTime 600.041
unaryHyperVol 120
binaryHyperVol 11.8634
additiveEps 0.782609
entropy 0.599401
archive 14
3
9 27  100 1010100000101001000000010010111010101011101001001111011000101001001101100101110110000001000001001011
6 28  100 1010101100101011010000011110110010101011101001001111011000001001000101000101111100001101100000001010
2 32  100 1110100100101001000000010010111001101000101001001110111001101001001101101110101001001111100011011011
runNumber 15
genCount 5469
elapsedTime 599.924
unaryHyperVol 125
binaryHyperVol 39.381
additiveEps 0.952381
entropy 0.509891
archive 15
2
6 25  100 1010000000101001011110011110110011101010011000011111010001010100110100010001110101000100011100001000
5 30  100 1010000010101000001110011110100011101010001000011111010001010100000100010001110101010100010100101000
runNumber 16
genCount 5424
elapsedTime 600.003
unaryHyperVol 166
binaryHyperVol 12.6316
additiveEps 0.842105
entropy 0.509891
archive 16
2
3 25  100 1010000000101010101110101110110011101011101000000110111010101000100111000110011010010000000001000000
2 28  100 1110100000101011000000010110110001101011001000010101100000101001001101010110100100110000101101001011
runNumber 17
genCount 5413
elapsedTime 599.853
unaryHyperVol 131
binaryHyperVol 10.1111
additiveEps 0.666667
entropy 0.472411
archive 17
4
5 27  100 0000000000001100000000010010111011101001011000001111001011101000111111000110111011000000000000000011
4 28  100 0000100101001100011101000010111000101011011000111111110001101011110101000110111010000000000010110000
3 29  100 0000100101101101011101000010111000101011011000111111110001101011110101000110111110000000000010110000
2 36  100 0000100101101110110000100001010100101001111000111111110100101011111111000010111111000000100011110000
runNumber 18
genCount 5538
elapsedTime 600.019
unaryHyperVol 162
binaryHyperVol 14.1513
additiveEps 0.941176
entropy 0.509891
archive 18
2
9 25  100 1010100000101111110000011010110011001011101000010101111000101001001101110001111100011100100001001001
2 26  100 0010000000100101110000010010010011101010111000000111100001101011001111100010001000001000100001001011
runNumber 19
genCount 5405
elapsedTime 599.944
unaryHyperVol 174
binaryHyperVol 11.9298
additiveEps 0.789474
entropy 0.509891
archive 19
2
4 24  100 1010000001100101110000010010110001101000001000011011100001100100011101000110111010101000000001000000
2 28  100 1110000001100101110000010010110001101011111011000100100001101011101100000110011000011000000010110000
runNumber 20
genCount 5445
elapsedTime 600.005
unaryHyperVol 97
binaryHyperVol 12.1667
additiveEps 0.807692
entropy 0.5994
archive 20
3
4 30  100 1010100101101010110000011101010011101010101000001101110101010111110100010010100101001000000010011001
3 32  100 1010100100101010100000001001010111101010001000011111110101101011110100110000010101001000000011011001
2 35  100 1010100101101010100000001101010011101010101010001100101110101001110100010010100101001000000010011001
runNumber 21
genCount 5364
elapsedTime 599.891
unaryHyperVol 183
binaryHyperVol 11.8333
additiveEps 0.944444
entropy 0.509891
archive 21
2
5 23  100 1010100100101001110001000110110011101011111000011011111101101000011100000110100011000100000011000011
2 27  100 0010100100101001010000000110110011101001011011011110110001101000000000100110100011000100000011000000
runNumber 22
genCount 5494
elapsedTime 599.817
unaryHyperVol 150
binaryHyperVol 11.0303
additiveEps 0.772727
entropy 0.54796
archive 22
4
8 25  100 1010000000100100111110101001010011101010011000001000110001101011001101000010100001010100000001001001
6 27  100 1010000011100011011010100110011111101010011000010001110001001011001100000110100000000101000000001001
3 28  100 1010000010101101111110101001010011101000111000001000110001101011001101000010110100010001000010001001
2 31  100 1110100000100111010000100010110010101000001000101010010101101011101100000010111111000100000001001001
runNumber 23
genCount 5332
elapsedTime 599.884
unaryHyperVol 176
binaryHyperVol 13.2941
additiveEps 0.941176
entropy 0.509891
archive 23
2
5 24  100 0000100000101001010000011110110011001000101000001101110000101010001101110110010101010101000001000000
2 26  100 0000000000101001010000011110000011101001101000011101101001101010001100011110010101100000000001000000
runNumber 24
genCount 5534
elapsedTime 599.685
unaryHyperVol 215
binaryHyperVol 10.0556
additiveEps 0.666667
entropy 0.509891
archive 24
2
3 21  100 0110000000101001100000011101010011101001011000011011110001101011001101000000111000000100000001001001
2 27  100 0110000000101001110000011101010010101001011000111101010000101010001110000010101110000100000001011001
runNumber 25
genCount 5329
elapsedTime 599.947
unaryHyperVol 72
binaryHyperVol 30.25
additiveEps 0.961538
entropy 0.509891
archive 25
2
8 29  100 1010101100100000110000011110110011101000010101101100110001000001001101010101110110010000010100111001
5 35  100 1010100100100010010000000110111011101011000101111100110001001001000100110001110101001101010100111010
runNumber 26
genCount 5478
elapsedTime 599.938
unaryHyperVol 98
binaryHyperVol 13.1667
additiveEps 0.875
entropy 0.509891
archive 26
2
4 30  100 1010000010101011110000011110001111001010011000000000110000101011101000000110111100010100101110111000
2 33  100 1010000011101101110000111110110101101010011010010000110101101001110100000010111100010100101100111001
runNumber 27
genCount 5393
elapsedTime 599.975
unaryHyperVol 124
binaryHyperVol 7.97151
additiveEps 0.62963
entropy 0.417715
archive 27
5
15 23  100 1010000000101001000000011010110011001000101000000100110101100100001111000110100100001100000000001001
11 26  100 0110000000101001000000011010110011000011011000010100110101100100000110000010100100101100000011101001
5 27  100 1010000000101011000000011010110011001000101000000100110010101011110111010110100100101100000000101001
4 32  100 1010100100100011000000001010110011101011011000010000110101100100001101000010100100101100100110111011
2 36  100 0110101000101001010000001010010111101001101000000100110110101011110111010110100100101110000010101010
runNumber 28
genCount 5520
elapsedTime 599.863
unaryHyperVol 103
binaryHyperVol 14.2879
additiveEps 0.954545
entropy 0.509891
archive 28
2
3 30  100 0110101101100101110000010010010011101011001000010011000100101000001101010000110101100000000001001001
2 31  100 0110000010100000110000010010010011101011101000010011000100101000001100010010100011011010100010011000
runNumber 29
genCount 5342
elapsedTime 599.943
unaryHyperVol 143
binaryHyperVol 14.9444
additiveEps 1
entropy 0
archive 29
1
2 27  100 1110100001100101110000011110100001101000010101011111111001101001001101000110101011010100101011010000
