OptimalFront
unaryHyperVol 448
3
7 8  100 1000100111010001110000011110101001111010110101000010110111011001100000011110100011101000011101111000
4 9  100 1000100111010001110000011110101001111010110101000010110111011001100000011110100011100000011101111000
3 12  100 0100000001010001010000111110101001111010110101000010110111011001100000011110100011010100011101111000
-------------------------
runNumber 0
genCount 5649
elapsedTime 599.834
unaryHyperVol 143
binaryHyperVol 21.0571
additiveEps 0.785714
entropy 0.529986
archive 0
4
8 30  100 1111000001010001010001110101010101011000101000001010001110000010100010010010010011101000011101110001
7 31  100 1111000001010001000001110101010101011000101000001010001110000010100010010010010011101000001101110001
5 33  100 1101000000010001010001110101010100011000101000000000000111000000100110010110011111001011011110110001
4 36  100 1101100000010001000000110101010101011001011000000000011110000010100110011110110001010110111011111101
runNumber 1
genCount 5455
elapsedTime 599.975
unaryHyperVol 97
binaryHyperVol 19.9771
additiveEps 0.742857
entropy 0.493798
archive 1
5
8 33  100 1101000000101011100101111110100001000010001001001100110101000010001010101010010100010100010001111100
7 35  100 1101000000101010100101111110100111000010001001101100110100101001011010101010010100010000010101111100
6 37  100 1101100010101000000101011110100110000000101000101100110111000001110110100010010100010000011101110000
5 40  100 0100100000101010000101111110100101000101110101110111010101000000110110100000000100010101000110100001
4 43  100 0100100010101010000101011110100110000000100101011100110101001010010110110000000100010001000110100001
runNumber 2
genCount 5355
elapsedTime 599.87
unaryHyperVol 310
binaryHyperVol 13.4423
additiveEps 0.846154
entropy 0.49717
archive 2
2
4 19  100 0100100001010001110000111110101001111010011011010010110111011001100000000010101011010100011101111000
3 21  100 0111000001010001010000111110101001111010111001010010110111011001100000000010100011010001011100110101
runNumber 3
genCount 5267
elapsedTime 599.761
unaryHyperVol 155
binaryHyperVol 10.4044
additiveEps 0.647059
entropy 0.481574
archive 3
3
5 30  100 1000100100101001101001000010100000000010100101000000100100011001101110010000001101000011001101111000
4 32  100 1100100100101011110101001010101100111011110101000000100100011001101010010100000101010011001001010000
3 42  100 0101100110101011111001001010100111101001101000010011111000011000001010100000001101010100001010010001
runNumber 4
genCount 5246
elapsedTime 599.765
unaryHyperVol 209
binaryHyperVol 13.1477
additiveEps 0.818182
entropy 0.49717
archive 4
2
6 26  100 0100001101010001010000000110100010011010111000010010010111001001100000011100000000010000011110111001
3 30  100 0100000001010000010000000110100010011010111000010010010111001001100000010010101010010101011001110001
runNumber 5
genCount 5676
elapsedTime 599.923
unaryHyperVol 91
binaryHyperVol 15.9375
additiveEps 1
entropy 0
archive 5
1
3 36  100 0100000000100100011010001110100101111001001000010110011011011001110110000110100001010001101101001101
runNumber 6
genCount 5464
elapsedTime 599.744
unaryHyperVol 175
binaryHyperVol 22.9455
additiveEps 0.909091
entropy 0.481574
archive 6
3
8 28  100 1101000011100111010000011110101010000001011001000010100111000000100000010110100011010101000100001000
5 29  100 1101000011100111000000111110100010000000011001000101110111000000100000010110100011010101001100001001
4 30  100 1100000011100111001010001110101010000000111001000001110111000000101010011010110010010101101100001001
runNumber 7
genCount 5377
elapsedTime 599.986
unaryHyperVol 187
binaryHyperVol 23.1979
additiveEps 0.791667
entropy 0.49717
archive 7
2
5 27  100 0100100101010001110000010100101001000000000101001001110010001001110000000100010011100011001001111010
4 32  100 0100100101010001110001010000001101000000010101000100110110101000010000000000100111001011001011001010
runNumber 8
genCount 5477
elapsedTime 599.865
unaryHyperVol 242
binaryHyperVol 14.1944
additiveEps 0.888889
entropy 0.481574
archive 8
3
6 24  100 0100000001010100010000010110101001111010001010000001110011011001100110011110010001110100011101001000
5 25  100 0100000001010100010000010110101001111010001010000001110011011001000110011110010001110100011101001000
3 26  100 0100000001010100010000010110101001111010110101101010000111011000000110011110010101010110011101001000
runNumber 9
genCount 5448
elapsedTime 599.918
unaryHyperVol 63
binaryHyperVol 19.7695
additiveEps 0.90625
entropy 0.449615
archive 9
3
11 37  100 1100100100100100110000111001010101011001011000000011010100001010101110110110001000010101100100111011
5 38  100 0100100100100101110000000101010111011001011000000101010001111010101010010010000001010100100100010011
4 40  100 1100100100100100101001000101010100011001011000000101110001111010101010010010000001010100100100011011
runNumber 10
genCount 5462
elapsedTime 599.803
unaryHyperVol 169
binaryHyperVol 15.9205
additiveEps 1
entropy 0
archive 10
1
3 30  100 1100100110100100111001001110101011000001110101110111110100000001100000100110100111110001000101111001
runNumber 11
genCount 8482
elapsedTime 689.029
unaryHyperVol 218
binaryHyperVol 14.35
additiveEps 0.9
entropy 0.449615
archive 11
3
5 26  100 0100100001010001110000101110100001111010000101000011110000000011000000011100001111010100100001110111
4 27  100 0100000001010001110000111010101001111010000101000011010011101000010000000010001111010100111111110111
3 28  100 0100000001010001010000111110101011111011000101000010110001101000010000000010001111010100111111110111
runNumber 12
genCount 6878
elapsedTime 724.768
unaryHyperVol 213
binaryHyperVol 11.0865
additiveEps 0.692308
entropy 0.49717
archive 12
2
4 26  100 0100000001010010010000100010101011111010000101000111110100000010100000011110001010010000011101011100
3 34  100 0100000001010010010000100010101011111010000101001111010000000000100110000110000110010110001101011110
runNumber 13
genCount 5526
elapsedTime 599.937
unaryHyperVol 167
binaryHyperVol 14.6146
additiveEps 0.916667
entropy 0.49717
archive 13
2
4 30  100 0100010101010001001001000010101010111010110101111001110001111001101110011110110111010111010010111001
3 32  100 0100100101010001001001000010101010111011110101111001011001011001101010011110011100010101010001000111
runNumber 14
genCount 5334
elapsedTime 600.021
unaryHyperVol 250
binaryHyperVol 14.1429
additiveEps 0.882353
entropy 0.481574
archive 14
3
10 23  100 1100000011100101110000011110100101111010000001000001111001011001000000010110100010110000011101011001
6 24  100 1000000001100101010000011110100101110010001000010101110101000001000000010110100011110000011101011000
3 25  100 1000000000100100010000111110100101111010011000000011110110011001000000010010100011010100110001011001
runNumber 15
genCount 5570
elapsedTime 599.912
unaryHyperVol 192
binaryHyperVol 34.6625
additiveEps 0.85
entropy 0.49717
archive 15
2
7 25  100 1100100111100101110001001110101001111001111000010101110111001001010110011110010010101001011011111000
5 28  100 1000100111100101110001001110101001111001111000000101010011111001010110000110010001111001011011111000
runNumber 16
genCount 5415
elapsedTime 600.017
unaryHyperVol 112
binaryHyperVol 15.3926
additiveEps 0.962963
entropy 0.49717
archive 16
2
8 34  100 1000100111100100001001000010101000001000011011000101110100000001000000101110111010010001011111111111
3 35  100 1000100111100100001001000010101000001001011011000101110100000001000000101110111010010001111111110101
runNumber 17
genCount 5385
elapsedTime 599.96
unaryHyperVol 188
binaryHyperVol 24.9643
additiveEps 0.904762
entropy 0.49717
archive 17
2
6 27  100 0111001100010001000000001010100001011010100101000010110001011000100010010110101111010011001110111000
4 29  100 0111101101010001000000001010101101011010100101000011110001011000100010010110101111010111001110111000
runNumber 18
genCount 5321
elapsedTime 600.057
unaryHyperVol 188
binaryHyperVol 13.3333
additiveEps 0.833333
entropy 0.529986
archive 18
4
6 28  100 0000100111010001110010011010101001111001101001010000100101011001000000110010100111010011101100011000
5 29  100 0100100111010001111010011010101011001011111001011111100101011001100000110100100001010011000101111000
4 30  100 0100100111010001111010011010101011101011011001011010100000011001100000110100100001010011000101111000
3 32  100 0111100101010000101001001010101010111001101001011010110101011010001010010010100011010111000000111000
runNumber 19
genCount 5481
elapsedTime 599.915
unaryHyperVol 98
binaryHyperVol 19.3333
additiveEps 0.8
entropy 0.447913
archive 19
4
16 32  100 0100100101010001101001000001011111010100011001010011110100000011010110011010010011010100011110111000
13 33  100 0100100101010001101001000001011111010100011001001100110100000011000110011010010111010100011110111000
6 34  100 0101100101010000111001000101011111010100011001001100110100000011000110011010010111010100011110111000
5 38  100 0110100100010000111001000101011111010100001011001011100100000000010110011010101100010101011110001000
runNumber 20
genCount 5650
elapsedTime 600.01
unaryHyperVol 128
binaryHyperVol 12.8533
additiveEps 0.8
entropy 0.492862
archive 20
5
8 32  100 0000100000100100011010101010101110001010000101000001111111110111000000001110100011110100110101111100
6 33  100 0000100010100100011010101010101110001010000101000001110111110111000000001110100000010000110001110101
5 35  100 0000101011100100011010101010100110001010011000000001111111011011010010001110110000010000000101111100
4 36  100 1000100000100100111010110010100110001010011000000001111111011011000010001110110000010001011010000111
3 38  100 0000101000100100011010110010101110001011011000000000111111011010000010001010110000010001011001110101
runNumber 21
genCount 5568
elapsedTime 599.892
unaryHyperVol 41
binaryHyperVol 15.0455
additiveEps 0.939394
entropy 0.481574
archive 21
3
11 39  100 1100100100100100111001000000100001011001001000000111111110001000000110100010101001010100101110100111
6 40  100 0100100101100100111001001110100010011010000000000011101110101010110110100010101001010100101010010101
3 41  100 0100100101100100101001001110100010101011111000001111001101011000000110111110011101010100101010010101
runNumber 22
genCount 5374
elapsedTime 600.036
unaryHyperVol 239
binaryHyperVol 10.6771
additiveEps 0.666667
entropy 0.49717
archive 22
2
4 24  100 1000000011100100010000011110101010111010010101000011110001011001000000011110100000010000001001011001
3 32  100 1000000011100100010000000110101010101010110101100101110000111001110000000010010001010101001001001001
runNumber 23
genCount 5416
elapsedTime 599.921
unaryHyperVol 169
binaryHyperVol 14.05
additiveEps 0.875
entropy 0.449615
archive 23
3
8 29  100 0000000011100100011010110110101001111001101000000000110101011000101010000010010011010000111101110111
6 31  100 1000000011100100001010100110101001111011111011001100110101011010100110100010000001010000011111111111
3 32  100 1000000011100100011010111110101001111011111000101100110100011001111110000010011101010001011111111101
runNumber 24
genCount 5561
elapsedTime 599.965
unaryHyperVol 234
binaryHyperVol 15.8971
additiveEps 1
entropy 0
archive 24
1
3 25  100 1000000001100100010000111010101011011001110101000010110101011001001110010010100011010101000100111000
runNumber 25
genCount 5418
elapsedTime 599.93
unaryHyperVol 286
binaryHyperVol 15.8654
additiveEps 1
entropy 0
archive 25
1
3 21  100 0100000001100100010000111110100101111010110101000011110111011001000000010010100011010100001001110100
runNumber 26
genCount 5339
elapsedTime 599.998
unaryHyperVol 231
binaryHyperVol 14.2847
additiveEps 0.888889
entropy 0.49717
archive 26
2
11 24  100 0000100111100101011001001110100101111001010101010111110111011000101010011110101111010100011101001000
3 26  100 0000100111100100011001001110100101111001010101010111110111011000101010011110101111010100011101011010
runNumber 27
genCount 5526
elapsedTime 599.883
unaryHyperVol 130
binaryHyperVol 15.93
additiveEps 1
entropy 0
archive 27
1
3 33  100 0100000001010001010010001110100111111010111001010000111111011000000110111010110001010001001111011101
runNumber 28
genCount 5443
elapsedTime 600.072
unaryHyperVol 103
binaryHyperVol 15.375
additiveEps 0.964286
entropy 0.49717
archive 28
2
4 35  100 0111100101010001001001001010011111011011101010011001100101011010110000011010100111010100011110111000
3 36  100 0111100101010001001001001010100101001010011000011001100101011011110000000010100110010100101000111000
runNumber 29
genCount 5400
elapsedTime 599.953
unaryHyperVol 39
binaryHyperVol 46.9766
additiveEps 0.96875
entropy 0.49717
archive 29
2
7 39  100 0011011111100100000101001010100100001001001000110010110011000001111010000110110101010111110001111111
6 40  100 0011100101100100000101000010100110111001011000110100110111011001011110000110100110010111000101010111
