OptimalFront
unaryHyperVol 360
3
5 7  100 0000101010101101011010011111011110101110001000010110110100101001110000011001100110110101010110011101
4 8  100 0000101010101101011010011111011110101110001000100110110100101001111010011001100110110101010110011101
3 9  100 0000101010101101011010011111011110101110001000100110110100101001111010011001100110010001010110011101
-------------------------
runNumber 0
genCount 5498
elapsedTime 599.956
unaryHyperVol 107
binaryHyperVol 12.7078
additiveEps 0.678571
entropy 0.493798
archive 0
5
14 25  100 1110101001101101011010000011110100100000000000101010100000101001110101011001100111010010001010011001
9 26  100 1110101001101111111010000011011110101101000010101010100000101000010101011001100110010010001011011001
7 30  100 1110101001101111001010000111110110100001000010001110101000101000110101011011100110010010001011010001
5 34  100 1110101001101100011010100011110111101110101011001010111000100011110101010001111011010010001011110111
4 35  100 1110101001101111011010000011110100100101011011000010000101100001110101010011011000010010101011011001
runNumber 1
genCount 5652
elapsedTime 600.054
unaryHyperVol 137
binaryHyperVol 18.6032
additiveEps 0.857143
entropy 0.449615
archive 1
3
9 25  100 0000011010101101001010010110011010100001001001100110100100100000111010011111110100010111010100011101
7 27  100 0000011000101100001010010000011010100010101001100110110100100000111010101101000111010111010100111101
4 28  100 0000011010101101001010010000001010101111101001100110110100100000111010101101000111010011010100101010
runNumber 2
genCount 5394
elapsedTime 599.906
unaryHyperVol 106
binaryHyperVol 15.72
additiveEps 0.84
entropy 0.447913
archive 2
4
13 28  100 1101010101011100010101000111110001011100001000101110111100101001001010010001000010010001011010010111
6 29  100 1101010101011100010101001001000101010100001000010000110100101001001010010001101000010001011010011101
5 31  100 0101010101011101010101001011100101010111011001111110111000101001001010110001101010010011011010011101
4 32  100 0101010101011100010101000011100100010101001000101110110100101001001010110001101010010010001001101111
runNumber 3
genCount 5471
elapsedTime 599.946
unaryHyperVol 116
binaryHyperVol 22.5652
additiveEps 0.913043
entropy 0.481574
archive 3
3
7 28  100 1101101001011100011001010011010100101010010000101010100101011101000000110100110010111101001010010011
5 29  100 0110101000011100011001110111010100100000000011001010000101010100000000011000100110111101001010010011
4 30  100 1101101001011100011001010011010000100000001000001010000101010101011010010010010010111101011011010011
runNumber 4
genCount 5683
elapsedTime 600.022
unaryHyperVol 125
binaryHyperVol 30.84
additiveEps 0.92
entropy 0.49717
archive 4
2
5 27  100 0000010100101101101001001001001100010110000101011110111000100000111010011010000101111101010110111101
4 32  100 0000010100101100101001001101001101010110000101110010111000100000111010011010010110001100001001111111
runNumber 5
genCount 5480
elapsedTime 599.871
unaryHyperVol 164
binaryHyperVol 13.2105
additiveEps 0.947368
entropy 0.49717
archive 5
2
4 25  100 0000101011101101011010010001011110101111101000101010010100100000001010010101110010100101001001011101
3 26  100 1110101000101101011010010001011110101110100101000110000100100000001010010101110000010001011010001100
runNumber 6
genCount 5579
elapsedTime 599.873
unaryHyperVol 200
binaryHyperVol 33.3846
additiveEps 1
entropy 0
archive 6
1
4 20  100 0000101010101101110000011111011010100001011000101010101011100010111010011001100101110001010110011101
runNumber 7
genCount 5813
elapsedTime 599.931
unaryHyperVol 134
binaryHyperVol 18.9
additiveEps 0.95
entropy 0.49717
archive 7
2
10 26  100 0110101000100110001001111011011100101110000101100000110100100011000000000001110101111100011010011100
4 27  100 0110101000101110011001111011010110101100000101111110111101101010001010101010011111111101010110001101
runNumber 8
genCount 5426
elapsedTime 600.052
unaryHyperVol 118
binaryHyperVol 12.32
additiveEps 0.88
entropy 0.49717
archive 8
2
4 29  100 0000101001100001001010010011000000100011001010011010110110101101111010100101001010010101011001011101
3 32  100 0000101001100001001010010011000010101111011001011010100001100100011010110001111010010000010101011101
runNumber 9
genCount 5722
elapsedTime 599.938
unaryHyperVol 150
binaryHyperVol 13.3125
additiveEps 0.95
entropy 0.49717
archive 9
2
7 26  100 0110101000100100101010000111011101100010001000011010110111100001111010001001100111110001001010111101
3 27  100 0110101000100100101010000111011101100010001000011010110111101001111010001001110111010001001010111101
runNumber 10
genCount 5536
elapsedTime 599.836
unaryHyperVol 167
binaryHyperVol 22.803
additiveEps 0.863636
entropy 0.481574
archive 10
3
6 22  100 0000101011101101011001011111011111100001101011100110111000100000110101001010100110010101001010011101
5 28  100 0000101010101101111001011101110111100000001000000110101000100000110101010010001010011100011010000001
4 29  100 1010101001100101111001011101010111100000001000000110101000101101110101010010110110101110011001111001
runNumber 11
genCount 15138
elapsedTime 601.631
unaryHyperVol 75
binaryHyperVol 22.2946
additiveEps 0.892857
entropy 0.449615
archive 11
3
7 32  100 0110101000100001000001111111000110101001001001010010011111010101000001111101000110110100101010011100
5 33  100 0110101000100001011001111111100110101110101001010010110111011111110101110100000011110100101000011100
4 35  100 0110101000100011001001111111100100101101001001010010110110010101001010101110000100101111010100110000
runNumber 12
genCount 8833
elapsedTime 639.46
unaryHyperVol 136
binaryHyperVol 31.1739
additiveEps 0.913043
entropy 0.49717
archive 12
2
5 26  100 1110101010101101111010010011010011100110001010100110011000101001000000000110001001000101010111100111
4 30  100 1110101010101001000000010011000101010100001010100110011000101001000000000110001001000001010111100111
runNumber 13
genCount 5637
elapsedTime 601.013
unaryHyperVol 57
binaryHyperVol 21.4935
additiveEps 0.787879
entropy 0.447913
archive 13
4
10 31  100 0110010111100110010101001011111110101110001011010010010101010101111010000011100110110100001001010111
7 34  100 1110010101101110010101001011001000100110000101110010011111010100011010001011111110110100001011011101
6 37  100 0110010111101110010101001011111000100011010101110010011101010110111010000001101111110101001011010111
5 40  100 0110010101011100010101001000100100101010010101101110011001010100011010000011011001000101011011000101
runNumber 14
genCount 5581
elapsedTime 600.034
unaryHyperVol 123
binaryHyperVol 22
additiveEps 0.869565
entropy 0.481574
archive 14
3
7 27  100 0110101001101101011001011111011101010101100101010010110001100101000010010001110001111101101000011101
5 29  100 1101101000101101011001110111010101010101000101100010010000010101001010010001010101111101101000010101
4 30  100 0110101000101101011001110111110000010111000101010110111010010101101010011001110101111101101000111101
runNumber 15
genCount 5593
elapsedTime 599.898
unaryHyperVol 146
binaryHyperVol 21.0842
additiveEps 0.947368
entropy 0.49717
archive 15
2
8 25  100 0110010101011101101001000111010001011100001000100110110101100000001010010001100110111101010100010001
4 26  100 0110010101011101101001000111010001010100001000100110110101100000001010010001100110111101010100010001
runNumber 16
genCount 5616
elapsedTime 600.059
unaryHyperVol 160
binaryHyperVol 33.4118
additiveEps 1
entropy 0
archive 16
1
4 24  100 1110101011100101000000010111010001010111111000010110111100101001111010100111100110011101010110001101
runNumber 17
genCount 5454
elapsedTime 599.894
unaryHyperVol 81
binaryHyperVol 52.9375
additiveEps 1
entropy 0
archive 17
1
5 31  100 0000010100100001000000010111111101010101001000000110100010100011000101011101110101110001010110100000
runNumber 18
genCount 5468
elapsedTime 600.023
unaryHyperVol 74
binaryHyperVol 20.8
additiveEps 0.925926
entropy 0.449615
archive 18
3
8 32  100 0110010100010011101001000101001100011101010001010110110110100001011010110101010101111100010110011101
6 33  100 0110010100010010101001000101001100011100000000111110110110100001011010010101100101111000110111001101
4 34  100 0110010101010010101001000101000001010100010101010010110100100101011010010101100101110100010100011101
runNumber 19
genCount 5376
elapsedTime 599.866
unaryHyperVol 99
binaryHyperVol 32.8958
additiveEps 0.958333
entropy 0.49717
archive 19
2
5 30  100 0110000000010000010000010111010100010111001000000110110110010110011010011011100110001101001010011111
4 31  100 0110000000010000010000010101100100010110001000000110111110010110011010010111100110111101001010011101
runNumber 20
genCount 5589
elapsedTime 599.981
unaryHyperVol 125
binaryHyperVol 30.84
additiveEps 0.92
entropy 0.49717
archive 20
2
5 27  100 0000000001101101010000000101011111101101001001100010110110010101001010011001100110010000101010001100
4 32  100 1010101011100001000000010111011001010110011001110110010110010110111010100001010111110011111010011101
runNumber 21
genCount 5358
elapsedTime 599.94
unaryHyperVol 132
binaryHyperVol 13.9286
additiveEps 1
entropy 0
archive 21
1
3 28  100 0110101001011101011010000111111101010101001000101010010110101010111010011000100110010001001001111101
runNumber 22
genCount 5624
elapsedTime 599.952
unaryHyperVol 143
binaryHyperVol 18.1711
additiveEps 0.947368
entropy 0.49717
archive 22
2
11 25  100 0000101010101101110000000011111111011101001011101010110110100100111001011101101110111101001010001110
4 26  100 0000101010101101110000010111001001101101001001100010010100010100111010011111100110111111001010111110
runNumber 23
genCount 5480
elapsedTime 599.914
unaryHyperVol 165
binaryHyperVol 16.725
additiveEps 0.666667
entropy 0.449615
archive 23
3
8 22  100 0110000000010011010000010011101110101101001000100110110100100001111010011000100110010001001010011101
5 24  100 0110000000010011010000010111011110101101001000100110100110100101111010011001100101000111011010010101
4 31  100 0110000000011111010000010101100110101100001001010110000000100001111010000101010101000111011010011111
runNumber 24
genCount 5720
elapsedTime 599.88
unaryHyperVol 108
binaryHyperVol 52.9286
additiveEps 1
entropy 0
archive 24
1
5 28  100 1110000001100010010000010101011111100110001010101010110101101011111010010110011000010001011010010001
runNumber 25
genCount 5462
elapsedTime 599.934
unaryHyperVol 192
binaryHyperVol 13.1562
additiveEps 0.9375
entropy 0.49717
archive 25
2
9 22  100 0000101001001101011010011111110101101110100101101010110111100011001010011001110110010101010110011101
3 23  100 0000101001101101011010010111110101101110100101101010110111100011001010011001110110010010010110011101
runNumber 26
genCount 5525
elapsedTime 599.786
unaryHyperVol 201
binaryHyperVol 10.2381
additiveEps 0.777778
entropy 0.431679
archive 26
4
10 20  100 1100101010101101111001010011010110100000000000100110110100101000011010001001100100000010010101011111
5 22  100 1110101000101101011001010011010110100000010011100110110100101000011010001001101101010010010110011101
4 24  100 1110101000101110001001010111011110100000001000000110010100101011111010000001100101010010010100111101
3 25  100 1010101010101111011010010111010010100000001001001010100100101010001010001001100101010010010110010101
runNumber 27
genCount 5490
elapsedTime 599.827
unaryHyperVol 71
binaryHyperVol 25.0893
additiveEps 0.857143
entropy 0.481574
archive 27
3
9 31  100 1010000000101100000000001100001101010101111000101010010000100011010010010101100001110001010101011001
6 33  100 1110101000101100000000001100001101010101111000101010010000000011010010010101100001110001111000110001
5 35  100 1010000010101100010000001110000101010101001001101010100100100011001010100101001010010001011001110010
runNumber 28
genCount 5492
elapsedTime 599.791
unaryHyperVol 164
binaryHyperVol 29.8864
additiveEps 0.909091
entropy 0.49717
archive 28
2
5 23  100 0101101000011101011001110111011101010110001000000110111100101001111010110001100111110100010111011101
4 29  100 0101101000011100001001110101110000010100001010000100110100101001111010101101100111110101010111011101
runNumber 29
genCount 5518
elapsedTime 599.79
unaryHyperVol 82
binaryHyperVol 18.0976
additiveEps 0.818182
entropy 0.449615
archive 29
3
14 28  100 0110000001011100010000010001100101010101001000011010111000101001010000011000100101110001111010010001
7 30  100 0110000001011100000000010101000100010101001000011010010000101001101010011000100101110101010110111101
5 34  100 0110000001011100000000000111010001010101001010011010110001101111011010011010100101010001010100001101
