OptimalFront
unaryHyperVol 224
1
3 11  100 1000000000100100010000000010101100111001000101011001010100000011010000110010100010010100101111110111
-------------------------
runNumber 0
genCount 5363
elapsedTime 599.902
unaryHyperVol 88
binaryHyperVol 333
additiveEps 333
entropy 0
archive 0
1
3 28  100 0111100101010001011001000110101100011001100101011101100101011011010010110110001000010100001111100111
runNumber 1
genCount 5252
elapsedTime 599.86
unaryHyperVol 80
binaryHyperVol 9.91228
additiveEps 0.947368
entropy -inf
archive 1
3
9 28  100 0101000001010011001010000010101100011010111000101001011100011011010000111110101001010101011111111111
5 29  100 1101000001010011001010100010101100011011111000101001011100111011010000111110101011010101111111110111
3 30  100 0101000001010001010000010010101100011011101010101001111100111011010000111010101011010101111111111111
runNumber 2
genCount 5330
elapsedTime 600.018
unaryHyperVol 60
binaryHyperVol 16.4286
additiveEps 0.714286
entropy 0.145824
archive 2
3
7 28  100 0000101000100111011010000110100000000001001000000110010000101011010110000110100001010101101111110101
5 31  100 0000101001100111011010000010100001011011001000000110010000101011010110000010100001010101100111000101
4 39  100 0100000000100111000000000110100101011010001000100000110101011001110110000010110111010101100110010000
runNumber 3
genCount 5175
elapsedTime 599.816
unaryHyperVol 118
binaryHyperVol 5.19697
additiveEps 0.636364
entropy -inf
archive 3
4
9 21  100 0100101000010001011010000010101110111001001001011001010101000011100000000010010101010100100101110111
7 22  100 0100000000010001011010000010101110111001101001011001010101001011010000000010010110010001100100110111
4 25  100 0100101001010001011010000010101110111001001001011001110101111000110000010000110110010000000111111111
3 33  100 0100101101010000001010100010101110111001001001011001110101000000111110001010010110010001001101111101
runNumber 4
genCount 5170
elapsedTime 600.004
unaryHyperVol 120
binaryHyperVol 8.2
additiveEps 0.8
entropy -inf
archive 4
4
11 22  100 1111000000000100010000110010100100011001001001111001010100000011010000110000000110010101000111110111
6 23  100 1111000001000100010000110010100100011001001001111001010100000011010000110000000110010101000111110111
5 25  100 1100000000100100010000110010100100111011001001010001000100000011011100110000001110010101001111100100
3 26  100 0100000001100100010000010010100100111011001011011001000100000011010010110000001110010101001111100100
runNumber 5
genCount 5428
elapsedTime 599.804
unaryHyperVol 27
binaryHyperVol 19.3365
additiveEps 0.961538
entropy -inf
archive 5
3
7 34  100 0110010101010010101001001101011101110111001001000001110100000000011100110010100111010101010010010011
6 36  100 0100011101010010101001001101010100010111101000000101100100000010011010100010100110010101010011110000
4 37  100 0110010101010010101001001101010101010111101000000001010100000000011110110110000110010101011110110011
runNumber 6
genCount 5261
elapsedTime 599.713
unaryHyperVol 63
binaryHyperVol 49
additiveEps 1
entropy 0
archive 6
1
4 30  100 1010000011101010011001010010101110000000001001001001010001101000100000110000001011010100001111111111
runNumber 7
genCount 5147
elapsedTime 599.914
unaryHyperVol 128
binaryHyperVol 333
additiveEps 333
entropy 0
archive 7
1
3 23  100 0100000001010001010000000010100000111001001001010101100100000001000000110010010000010101101111100111
runNumber 8
genCount 5273
elapsedTime 599.962
unaryHyperVol 84
binaryHyperVol 14.6303
additiveEps 0.941176
entropy -inf
archive 8
3
10 25  100 1000000000100100010000000010010101011001001000010001000101111001010000101110100011010100101111110101
6 27  100 1000000000100100010000000010010100011010111000000000001100110001000000110010100011010100011111110101
4 28  100 1000000000100100010000000010010100011010111000000010001100111001000000110010100011010100011111110101
runNumber 9
genCount 5182
elapsedTime 599.806
unaryHyperVol 72
binaryHyperVol 333
additiveEps 333
entropy 0
archive 9
1
3 30  100 0100000001010001010000110110100000000000001001010101100000000011100010000010001000010100100111110101
runNumber 10
genCount 5350
elapsedTime 599.922
unaryHyperVol 98
binaryHyperVol 8.14815
additiveEps 0.833333
entropy -inf
archive 10
4
9 24  100 0100001100010001010000010010100100111001010101011001010101011011011010110110100000010101011111111101
7 26  100 0100001100010001010000000010101100011001001001100001010100011011101010110110111011010101011111110101
6 27  100 0100001101010000010000000110100000011001010101011001010101011011011010110110100000010001010111110101
3 29  100 0100000001010010010000010010100100111001010101011001010101001000100010111110101100010111010111111111
runNumber 11
genCount 9936
elapsedTime 738.987
unaryHyperVol 125
binaryHyperVol 10.2308
additiveEps 1
entropy inf
archive 11
2
6 23  100 0100100101100100110101010010101100000000010101011011010100011000010000010010000010010100001111110111
3 24  100 0100100101100100011001000110100101000001000101011001010100011000010000011010000010010100001111110011
runNumber 12
genCount 6636
elapsedTime 681.686
unaryHyperVol 130
binaryHyperVol 8.26667
additiveEps 0.866667
entropy -inf
archive 12
3
5 22  100 1100000000100100010000000010100100111010000101011111010001110011010000000010000010010100101011111011
4 24  100 0011000000100100010000000010101100001010000101011011000100111011010000000010000010010100101011011001
3 26  100 0000000000100100010000000010100100111011001001101011010001000010010000000010101011010100111111011111
runNumber 13
genCount 5218
elapsedTime 599.865
unaryHyperVol 86
binaryHyperVol 17.3882
additiveEps 0.941176
entropy -inf
archive 13
3
8 26  100 0000100111010001110010010010101000001001111001011001110101011011110010000010100001010000101100110111
5 27  100 1000100111010001110000011110101000111001111001011010100111011011100010000010100001010000101100110111
4 28  100 1000100111010001110000011110101000111001111001011001010111011001101110111110100011010100101100000111
runNumber 14
genCount 5423
elapsedTime 599.902
unaryHyperVol 56
binaryHyperVol 10.0909
additiveEps 1
entropy inf
archive 14
2
7 31  100 1111000001010001000000000110101101011000000101000010011101001011010110111110110001010100101111100111
3 33  100 0110000001010001010000000110100000011010001000000010101111111011010010110010010000010100110011111111
runNumber 15
genCount 5165
elapsedTime 599.978
unaryHyperVol 88
binaryHyperVol 9
additiveEps 1
entropy inf
archive 15
2
5 27  100 1000000000100100111010001010100000111001111010011101011101000010110000010010001011010101100111110111
3 31  100 1000000001100100111010000010101100111001011001011000101001000010100010000010111011010001100001010001
runNumber 16
genCount 5148
elapsedTime 599.943
unaryHyperVol 73
binaryHyperVol 17.0105
additiveEps 0.947368
entropy -inf
archive 16
3
8 27  100 0000101000100100011010010000000100011000000101101011000000011010010000010110101111010100010111111111
7 29  100 0000100100100100011010010010101100011010010101101011100000011011010000011110110100010001010111111111
4 30  100 0100101000100100111010000010100101011011001000101011000011011011010000011110110100010000101111101111
runNumber 17
genCount 5091
elapsedTime 600.06
unaryHyperVol 127
binaryHyperVol 4.62667
additiveEps 0.44
entropy -inf
archive 17
3
6 21  100 1000100101100100001001000100000100000000000101011001010100011011010000010010101110000000001111111011
4 22  100 1000100101100100011001001110100100111001000101010101110100011010010000010010101110000000001111111110
3 36  100 1000100101100100101001001010100110111001011010100101100100011011111110000110011000010111010110110110
runNumber 18
genCount 5266
elapsedTime 599.891
unaryHyperVol 59
binaryHyperVol 8.425
additiveEps 0.8
entropy -inf
archive 18
3
11 30  100 0100100101010000011001010110100111101001101001101000110100011011100000000010010010010101101111110101
4 31  100 0100100101010001110001000010101010000010001001011100110110011011000010000010000010010110101101111011
3 36  100 0101100101010000001001000110101100000001001000010100110101011000101010000110100011010101101100001111
runNumber 19
genCount 5465
elapsedTime 599.958
unaryHyperVol 66
binaryHyperVol 10.5
additiveEps 1
entropy inf
archive 19
2
9 30  100 0000000010100101010000001110101010001001101001010001011110100111110110010010100110010001101100110101
3 31  100 1000000010100100010010011110101010011000011001010001111100000001010110000110100110010001101100110101
runNumber 20
genCount 5338
elapsedTime 600.022
unaryHyperVol 154
binaryHyperVol 7.31818
additiveEps 0.909091
entropy -inf
archive 20
3
7 18  100 0100100100100100010101001010101100111001001001011001010111011011100000000010100010010100111111110111
5 21  100 0100100100100100010101000010101000111001001000011001010011011011100000000010100011010000101111111111
3 22  100 0100100100100100011001000010101111111001001001011001010111011011100000010010100010010100111110011111
runNumber 21
genCount 5120
elapsedTime 599.896
unaryHyperVol 77
binaryHyperVol 49
additiveEps 1
entropy 0
archive 21
1
4 28  100 0011000000100100011010000110101100000011011001111001010000111011010110110010010110010001111110100111
runNumber 22
genCount 5144
elapsedTime 599.944
unaryHyperVol 96
binaryHyperVol 9.82353
additiveEps 1
entropy inf
archive 22
2
7 26  100 0100000001010011010000110010101110000011000101011010010101001011010000110010000110101001000000110111
3 28  100 0100000001010100010000111010101100000001000101011001101001000001000000110110000011010111100000100111
runNumber 23
genCount 5386
elapsedTime 599.97
unaryHyperVol 40
binaryHyperVol 333
additiveEps 333
entropy 0
archive 23
1
3 34  100 0100101001010100101010001010101110111010001001010101000001000000010010000110011101010001101010011001
runNumber 24
genCount 5223
elapsedTime 599.996
unaryHyperVol 86
binaryHyperVol 7.91667
additiveEps 0.9
entropy -inf
archive 24
3
9 25  100 0011000011101010011010001010100100111010000101011101010101000001010000000000000010010100000111100111
4 29  100 0010100011101010011010000010100000111010000101011101001111000001010010000000000010010001001110000111
3 31  100 1011000000101001111010001010100010111001101001110101110110000001010010000000000010010001001110000001
runNumber 25
genCount 5267
elapsedTime 599.958
unaryHyperVol 110
binaryHyperVol 6.59649
additiveEps 0.789474
entropy -0.482628
archive 25
5
9 22  100 1000101000100100111010110010101100000001101001011011010101000000010010000010100011010100101101110111
8 23  100 1000101000100100011010110010101100000001101001011011010101001010010010000010100011010000101101010111
5 26  100 1000101000100100111010110010101100000001101001011011010101000001100010101101110000010101011100110111
4 27  100 1000101000100100011010001010101111000001001001111001011111000001100000100010100000010101000101111101
3 30  100 0000101010100100011010110010101101000001001001011111110100001001100010000010100001010001101101001101
runNumber 26
genCount 5327
elapsedTime 599.906
unaryHyperVol 70
binaryHyperVol 49
additiveEps 1
entropy 0
archive 26
1
4 29  100 0000010101101001001001000110100001011001000101011010010000011000110010110000000011000001000100110111
runNumber 27
genCount 5240
elapsedTime 600.061
unaryHyperVol 96
binaryHyperVol 333
additiveEps 333
entropy 0
archive 27
1
3 27  100 0100101001010010011010000010101101011001010101011000110100011011010000000010010010010001000101101001
runNumber 28
genCount 5447
elapsedTime 599.814
unaryHyperVol 95
binaryHyperVol 7.96429
additiveEps 0.761905
entropy -inf
archive 28
3
7 26  100 0100100101010100101010111010100000001011000101011001100100111011010000000101000010010100011111000101
4 27  100 0100100101010100111010111010100000001010000101011001100100111011010010111101000010010101000011110101
3 32  100 0100100101010100111010111010100000001010010101011001101100111011000010111110010000010001000011110101
runNumber 29
genCount 5091
elapsedTime 600.071
unaryHyperVol 111
binaryHyperVol 19.2037
additiveEps 0.944444
entropy 0.145824
archive 29
3
6 21  100 0100000000100111010000000010100010001001000101010101010101110011010000000010000000010100011111110111
5 28  100 0100000000100111010000000010100001011001000101010000010101101011111010110010000000010100010010010111
4 29  100 0110000000100111000000001110100001011001000101010001110100011011111010110010000000010100010010110100
