OptimalFront
unaryHyperVol 290
1
4 12  100 0100010101110001001001000110011111101001001001000110010001100111001001111001100001100001111011110111
-------------------------
runNumber 0
genCount 32505
elapsedTime 599.928
unaryHyperVol 102
binaryHyperVol 8.82143
additiveEps 0.857143
entropy 0.145824
archive 0
3
6 29  100 0100101001010100101010000110101111101001000101100010111101001111011000010001110101010001111001011001
5 36  100 1100101001010001111010100010100011101000000101100001011111101100101000011001010101010000111000001001
4 40  100 1010101011010001111010100110000111101000000101100001011110111100010011001001110100010001111001010001
runNumber 1
genCount 32215
elapsedTime 599.971
unaryHyperVol 109
binaryHyperVol 13.3158
additiveEps 1
entropy inf
archive 1
2
5 30  100 0010010110010101010101000010111011101000001000000101001001100101000101110101010001010011001001111010
4 31  100 1000010100010000010101000110011010101000111001000110001001001000000101000101010001010011001011000111
runNumber 2
genCount 31935
elapsedTime 599.998
unaryHyperVol 103
binaryHyperVol 23.3768
additiveEps 1
entropy inf
archive 2
2
7 28  100 0100000001110100010000000101011000101001000101000001110000100111101000011101110101010100111000110010
5 35  100 0100000001010100010000000101011000101001100101000001110100000010101000010000010001010000111001001000
runNumber 3
genCount 32564
elapsedTime 599.971
unaryHyperVol 115
binaryHyperVol 10.4091
additiveEps 0.909091
entropy -inf
archive 3
4
7 28  100 0100101001000101110000001010011000101010001001100110101101001100001001111001101010100001001000010111
6 32  100 1100101001000100110000001010011000101011001000000110101101101100011010001000111001100001001000010101
5 33  100 1100101000010101110000001010011000101011001000000110101101101100011010001000111001100001001000010101
4 34  100 1000101010010001110000001010001000101010101001100110101101001100001001111001111010100001001000010111
runNumber 4
genCount 32310
elapsedTime 599.98
unaryHyperVol 76
binaryHyperVol 12.8696
additiveEps 1
entropy inf
archive 4
2
6 33  100 0111101010111001111010011110101101101001001001001001101111100001000101110101010000010111110000011100
4 35  100 1100101010010000101010011110101101101001001001001001100111100001000101100100010001010101010100010101
runNumber 5
genCount 32103
elapsedTime 599.757
unaryHyperVol 121
binaryHyperVol 12.5278
additiveEps 0.944444
entropy -inf
archive 5
3
10 28  100 0100101010010100101010001010000101101010101001000101011101100111000101000001010101010001110101111111
7 29  100 0100101010010100101010001010001100101010111001100101101000100111000101000001010101010001110111111111
4 30  100 0100101010010000001010101010110100101010111001010011011101100111000101000001010001010001110111110111
runNumber 6
genCount 32512
elapsedTime 599.886
unaryHyperVol 74
binaryHyperVol 11.264
additiveEps 0.84
entropy -inf
archive 6
4
14 32  100 0100000001110101010000011010010100101010100101000100101000110111000101010001011101010101011011110101
7 33  100 0100000001110101010000001010000100101010100101111000101000110100000101010001101101010011111010110101
5 34  100 0100000000110100010000001010010010101010000101100010101101010001000101000101011101010001001010111001
4 37  100 0100000000010000010000011010100111101010100101000011111000100111000101000001011101010101101010111001
runNumber 7
genCount 32790
elapsedTime 599.869
unaryHyperVol 49
binaryHyperVol 15.2716
additiveEps 0.793103
entropy -inf
archive 7
4
12 33  100 0011101001010010111010000110011111101010011000000101111000101101010101110111110000010111001001000110
9 35  100 0011101001010001111010011101010111101011110101111101010000110011010101111101000000010011111001000010
6 36  100 1001101011010010101010100001011110101000111000010110100110111101011000010001110001010001001011000001
5 41  100 0011101011010000111010011101010011101010011001100001100000001010100101010111110101010111001001000010
runNumber 8
genCount 33239
elapsedTime 599.872
unaryHyperVol 30
binaryHyperVol 54
additiveEps 1
entropy 0
archive 8
1
8 36  100 0000101011010001110000011110010100101000010101000001100001110100101001100100000001100000111001001101
runNumber 9
genCount 32606
elapsedTime 599.937
unaryHyperVol 105
binaryHyperVol 17.3833
additiveEps 0.95
entropy -inf
archive 9
3
10 27  100 0100010100110000001001000010000001010101101000000111110001001101001001110101110010100001111011110001
6 31  100 1101010100010000001001000010000000010100001001000011110001000101001000011001110000100000111001110001
5 32  100 0110010100010000101001000010000101010100001000010011000101010011001001001101110000100001111000111101
runNumber 10
genCount 32371
elapsedTime 599.861
unaryHyperVol 106
binaryHyperVol 9.70667
additiveEps 0.8
entropy -inf
archive 10
3
7 29  100 1100101001110100101010001110010111101011011000010100111100110100000101110001010001010111010111010110
5 32  100 1101101001110010001010001110010111101011001001000111110110110100011001110110010100010001010111000001
4 37  100 0100101001110000001010000010001110101011111010101010000100111101000101010001010101010101010101001101
runNumber 11
genCount 32125
elapsedTime 599.897
unaryHyperVol 91
binaryHyperVol 11.6957
additiveEps 0.913043
entropy -inf
archive 11
4
7 31  100 0101101011110101101010001110000101101000010101010101000101110111101011011001000101010001111011111001
6 33  100 0100101001010101101010001110000101101000010101010101000001110111101010001000010000010001101000010001
5 34  100 0000101000010001101010000110000000010111010101010001101101011110101011011001000101010001111011111001
4 35  100 0011101010110101111010010110000001101001010101010101000001110111101010001000010000010001101000010001
runNumber 12
genCount 32060
elapsedTime 599.943
unaryHyperVol 125
binaryHyperVol 10.9048
additiveEps 1
entropy inf
archive 12
2
5 28  100 0100000001110010010000010101010110101001001001110110000001010111111000010010000011100000011000111101
4 33  100 0101000000010000010000010101011110101001001010101011010001100110011000000010100011100001011010011101
runNumber 13
genCount 31932
elapsedTime 599.965
unaryHyperVol 126
binaryHyperVol 54
additiveEps 1
entropy 0
archive 13
1
5 27  100 0100010101110100010101000101011011101001001000010111010001100110010101000100111111010011001001111010
runNumber 14
genCount 32514
elapsedTime 599.881
unaryHyperVol 115
binaryHyperVol 32.5556
additiveEps 1
entropy inf
archive 14
2
6 28  100 0100101001010000000000000101011001010100001000011111011001101111111011101001010001100001101010110101
5 30  100 0000101001010100000000000101011001010101101000011000110001001111111010101101010000100001101011110101
runNumber 15
genCount 32415
elapsedTime 600.008
unaryHyperVol 56
binaryHyperVol 12.375
additiveEps 1
entropy inf
archive 15
2
12 33  100 0100101001010001110000010000101111101001010101100011111110100011000101110001111011100011011001111101
4 36  100 1100101001010001110000010010111111101001011010001100111110001111010101110000111011100001101011111101
runNumber 16
genCount 32003
elapsedTime 599.95
unaryHyperVol 138
binaryHyperVol 13.1875
additiveEps 1
entropy inf
archive 16
2
6 27  100 0110101001110011001010000010101100101001011010000110010001010111000101000101111101010000010111000101
4 28  100 0110101001110011001010110010101110101001011000000110010101100111000101000101111101010001010111010101
runNumber 17
genCount 32542
elapsedTime 599.965
unaryHyperVol 88
binaryHyperVol 12.8182
additiveEps 1
entropy inf
archive 17
2
5 32  100 0100101001010000101001110101010000101000010101010100110101100101011001000001111001100001001001111001
4 34  100 0100101000010100001001110001010010101000010101000110111101100000001001000011010011100001001010011101
runNumber 18
genCount 32217
elapsedTime 599.923
unaryHyperVol 184
binaryHyperVol 9.125
additiveEps 1
entropy 0.346129
archive 18
2
5 22  100 0100000001110100010000000101011111101001000101001010010001000101000101010001000001010001110101110111
4 28  100 0100000000110100010000010101011111101001000101001010000001000111000101010001000001010101010101101101
runNumber 19
genCount 32291
elapsedTime 600.009
unaryHyperVol 82
binaryHyperVol 12.7879
additiveEps 0.954545
entropy -inf
archive 19
3
10 32  100 0100000000100111010000010110100110101010111001001000000001010100000101111000110001010100111011000000
6 33  100 0100000000100111010000010110110010101010111001100101111001100100000101111000111001010100111011000000
4 34  100 0110000000010010010000011110100001101011101000001001101001100100000101110000110001010110011000110110
runNumber 20
genCount 32386
elapsedTime 599.975
unaryHyperVol 104
binaryHyperVol 12.675
additiveEps 0.95
entropy -inf
archive 20
3
8 30  100 1111101001000100011010000100010111101010110101000011100101010011001001010101110000010001111011010001
6 31  100 1111101001000100001010000101010111101010010101000011100101010011001001010101110000010001111011010001
4 32  100 0011101000000100001010000100101111101010110101110011100101010111001001010111101100010001111011010001
runNumber 21
genCount 32128
elapsedTime 599.968
unaryHyperVol 107
binaryHyperVol 12.1429
additiveEps 1
entropy inf
archive 21
2
5 30  100 0100101010010100110000000110000001101001010101000010010011100000000101000001000001010110101011111000
4 33  100 0100101010010001110000000010000001101001010101000010010111101010000101101001000001010100101011111001
runNumber 22
genCount 32455
elapsedTime 599.996
unaryHyperVol 66
binaryHyperVol 22.8696
additiveEps 1
entropy inf
archive 22
2
8 33  100 0111010101110011000000001010001110101011011000011010010101110001001000011100010001101001010111101010
5 35  100 0000010100010001000000001010011110101001111011010101110100110100001000000001010010101010010100101001
runNumber 23
genCount 31660
elapsedTime 599.964
unaryHyperVol 134
binaryHyperVol 10.2857
additiveEps 1
entropy inf
archive 23
2
5 27  100 1100101000110101110000000101011011101001011000000110011001010110000101111101010001010101111001001110
4 33  100 0100101011010001110000100001011000101001001000000111011101000110000101011101010101010101111001000101
runNumber 24
genCount 32350
elapsedTime 600.012
unaryHyperVol 90
binaryHyperVol 54
additiveEps 1
entropy 0
archive 24
1
5 31  100 1000101011000100110000111110000001101001001010000010100101101100010101111111010001101010101011110110
runNumber 25
genCount 32451
elapsedTime 599.959
unaryHyperVol 77
binaryHyperVol 13.4091
additiveEps 1
entropy inf
archive 25
2
7 33  100 0100000000110100000000010010110100101011001001101000011100101001001001111101000110100011010100011010
4 34  100 0100000000100100010000010010100100101000101010001100010010101001001001111101001110100011010100011010
runNumber 26
genCount 31876
elapsedTime 599.997
unaryHyperVol 136
binaryHyperVol 13.1875
additiveEps 1
entropy inf
archive 26
2
8 27  100 0101101001110001011010000110001111101001101001000110010100110101010101110001100101010011011011011100
4 28  100 0101101001010000111010000110001111101011101011000110010000110101000101110001100001010101011011011101
runNumber 27
genCount 32646
elapsedTime 600.005
unaryHyperVol 91
binaryHyperVol 11.5985
additiveEps 0.954545
entropy -inf
archive 27
3
10 30  100 0010101000110000011010000101011101101000000101101000110001100011000111001101100001010011001011010010
5 33  100 0100101000010001011010100101011101001000010101010011110001000011011001110110110000010011001011010010
4 34  100 0100101000010000011010100001011001101010000101010011110001000011011001110110110000010011001011010010
runNumber 28
genCount 32431
elapsedTime 599.845
unaryHyperVol 101
binaryHyperVol 12.1429
additiveEps 1
entropy inf
archive 28
2
7 30  100 0100000000110011010000010101010111101000010011000100110001110111101000111010101111100001001010110111
4 33  100 0100000000010011010000010110111100101010001001000100110001111101101000111010001111100001001010010101
runNumber 29
genCount 32140
elapsedTime 599.988
unaryHyperVol 138
binaryHyperVol 10.9841
additiveEps 0.833333
entropy -inf
archive 29
4
11 26  100 0100010101010001001010010110011011101001001000001011010001100100011000011101010001010001001011000101
6 27  100 0100010111110100001010010110011011101001001000000100000101100100001000101001010000010001001000010001
5 29  100 0100010111110101001010011110011011101001001000001011010001100000011000011101010000010001111000010001
4 30  100 0100010101010001001010010110011011101001011000010101000101100100001000101001010000010001101000010001
