OptimalFront
unaryHyperVol 349
2
4 13  100 0000101000011111010000110101010111101010001000101010111011101010001110001010100011010110101010101010
2 14  100 0010000000101111010000110110010111101010001000101010111011101010001110001010100011010110101010100000
-------------------------
runNumber 0
genCount 5415
elapsedTime 599.964
unaryHyperVol 73
binaryHyperVol 12.6111
additiveEps 0.875
entropy 0.5994
archive 0
3
8 33  100 0110101000100110100101110101010001100101011011100100110011010111111111110010100011011000000001101010
5 35  100 0110101000100110100101110101010001100101011011100100110001101011111111110010100011011000000001101010
2 37  100 0110101100101011000000100001010100101011110101010001000001101000011111111010010011010110000001101010
runNumber 1
genCount 5352
elapsedTime 599.973
unaryHyperVol 137
binaryHyperVol 12.6349
additiveEps 0.857143
entropy 0.468496
archive 1
3
9 28  100 0010100100101111010000000110000111101011000000100101101110101000001110010010000010010111101010100000
8 29  100 0010100100101111010001000110010111101001000000100111100110101011111110010010000111110111101010100000
2 31  100 0010100101101111010000000110110110101011011000100110001011101011111110010010000111110111101010100000
runNumber 2
genCount 5272
elapsedTime 599.95
unaryHyperVol 184
binaryHyperVol 28.5526
additiveEps 0.947368
entropy 0.509891
archive 2
2
4 24  100 0000101000101111010110100101010111101010101000011010100001010100001100000010100111010010101010101010
3 32  100 0000100100101110000110110101010111101010101000011111110001101001101101010110100101010001101010101010
runNumber 3
genCount 5153
elapsedTime 599.98
unaryHyperVol 89
binaryHyperVol 11.3333
additiveEps 0.791667
entropy 0.184197
archive 3
6
15 31  100 0110100101101111011001000110010001101010001000010111110101010111001110011010010011111101000010101011
8 32  100 0110100101101111011001000110010001101010001000001010110101010111000111011010110001011000000010111001
6 33  100 0010100110100011011001000110011000101010101000110111110101100111001010010010100001010100000000101001
4 34  100 0110100111101011011001000110100001101010111000001010110111101001111010011100100000111100000010101001
3 36  100 1110100111101010011001000110000001101011111000001010110111101001111110001010110001000100000000111001
2 37  100 0110100101101110000000101110100001101000111000001010110111101001111110001010110001001100000010101001
runNumber 4
genCount 5259
elapsedTime 600.045
unaryHyperVol 143
binaryHyperVol 14.9375
additiveEps 1
entropy 0
archive 4
1
2 29  100 1110100001100101010000110101010111101001001000101010111101101010010011001010010011010100101010001001
runNumber 5
genCount 5328
elapsedTime 599.972
unaryHyperVol 107
binaryHyperVol 12.3939
additiveEps 0.909091
entropy 0.468496
archive 5
3
5 31  100 0110100100101101111001001001010100101010000101110101111011001011110001001110010111010110101010101001
3 34  100 0110100100101110000001000001011100101010000101110001001111101011111101001010100011000100101010101000
2 35  100 0110100100101000010000001001010110101010010101110101001111101011111111001010100011000100101010001001
runNumber 6
genCount 5278
elapsedTime 599.994
unaryHyperVol 78
binaryHyperVol 14.9524
additiveEps 1
entropy 0
archive 6
1
2 34  100 0000000011100001000000110110010000101000001000101011111001101001001100011110010001101110101111000000
runNumber 7
genCount 5362
elapsedTime 599.983
unaryHyperVol 79
binaryHyperVol 15.537
additiveEps 0.740741
entropy 0.472411
archive 7
4
10 32  100 0110100101010010010001001110010111101010000000011000110100010111111111010010100010110101101010111011
7 33  100 0000100101101001011001010001010111101001001011101000110111010111111101000010001101110111101010011011
4 34  100 1010100101101100001101000101010111101001001001001000110101010111110111001010100011100010100110011001
3 40  100 0110100101101110010101000101010111101001001001010000110001101011110100011010011110111001101110001011
runNumber 8
genCount 5353
elapsedTime 599.895
unaryHyperVol 67
binaryHyperVol 11.75
additiveEps 0.961538
entropy 0.509891
archive 8
2
6 33  100 0000100111101101000000100110100101101001010000000001111000001010001100111010100111111000000010110000
2 39  100 0000100111101101000000000110100110101001111000010111011001101001000110100110000000100001000010110000
runNumber 9
genCount 5291
elapsedTime 600.001
unaryHyperVol 117
binaryHyperVol 14.9444
additiveEps 1
entropy 0
archive 9
1
2 31  100 0000000000101001010000000110100111101010001001000110101111101010000000100110100010110010101000101010
runNumber 10
genCount 5312
elapsedTime 600
unaryHyperVol 90
binaryHyperVol 12.4565
additiveEps 0.826087
entropy 0.599401
archive 10
3
10 32  100 0000010100100100000101001110000101001010111000011010100011001001001101000110100011011100101000000000
4 33  100 0000011110100101000101000110000101001010001010101011110111101001000100001010010011011100101001000000
2 36  100 1010101110100101010000000110111100101010001010100011110111101001000100000010100011010001100000000000
runNumber 11
genCount 5189
elapsedTime 599.955
unaryHyperVol 105
binaryHyperVol 10.8667
additiveEps 0.72
entropy 0.599401
archive 11
3
8 31  100 0000100100101100011010100110011001000010100101011101111011101000101110011010100011010011101111101011
3 32  100 0000100100101100011010100110011011101010001011011101111111101000101110011110100011010011101111111011
2 38  100 0000100100101100110000000110011001101011111001011111110000101001110110011110100011010011101111101011
runNumber 12
genCount 5227
elapsedTime 599.899
unaryHyperVol 156
binaryHyperVol 9.95
additiveEps 0.75
entropy 0.599401
archive 12
3
8 26  100 1010101000011100010000110101110111101000111000010110111011101010011101001010100001110100100110101010
4 29  100 1010101000011100010000100101011110101010101000011101111011101010100110001010100100010001100110101010
2 33  100 1010101010100100010000100101010100101000101010010110111011101000001101001010100100000100101001001010
runNumber 13
genCount 5220
elapsedTime 599.978
unaryHyperVol 107
binaryHyperVol 11.913
additiveEps 0.956522
entropy 0.509891
archive 13
2
4 31  100 0110000001011100011100010110100110101001001000010010110101101011000011111010010011010101101010000000
2 36  100 0110000010100001000000010110010110101001001000110010100100101011010011111010010001010101101010000000
runNumber 14
genCount 5297
elapsedTime 600.04
unaryHyperVol 34
binaryHyperVol 28.4963
additiveEps 0.925926
entropy 0.468496
archive 14
3
7 36  100 0000100110101010100000000010011100101010011000010110110001010100001111001010001010011100010010001011
5 39  100 0010100110101101000001001010011010101011000011011100110010010100011111001010011010011111000011011000
4 40  100 0000100110101010100000000010011100101010111000010110110010010100001101110010110100111110100000011011
runNumber 15
genCount 5220
elapsedTime 599.976
unaryHyperVol 71
binaryHyperVol 10.1358
additiveEps 0.740741
entropy 0.417715
archive 15
5
14 31  100 0010100101101111001001000110110011101000001000000110001000100100001111011010100100011110101000101001
11 33  100 0010100100101110001001000110110011101000001000000100110110010101001111011010100100011100101000101000
10 34  100 0010100101101111001001000110110010101001101000000110110000010101001111010010100100011110101000101001
3 35  100 0010100101101110001001000110111101101010001000100100010100101010011111010010000100010110101000101000
2 40  100 1110100110101011010000010010111001101010101000010010111000101001011111000010000100111010100001011001
runNumber 16
genCount 5332
elapsedTime 600.01
unaryHyperVol 156
binaryHyperVol 7.98148
additiveEps 0.518519
entropy 0.509891
archive 16
2
3 27  100 0110000001010100001010000001010001101010001000101010000100101011001110001010100001010010101010101010
2 40  100 0110000000100010000000110101010000101000111011111001000100101011000101011110101001110001101000011010
runNumber 17
genCount 5115
elapsedTime 599.9
unaryHyperVol 139
binaryHyperVol 11.325
additiveEps 0.8
entropy 0.380988
archive 17
5
12 28  100 0000100111011111010101010110001110101010001001100111110011101010001110110010110011011010101110100000
5 29  100 0000100111011111010000010110111001010101111000111110111011101010110100000010000011011110101110101010
4 30  100 0000100111011111010000010010001010101010001001100110110011101010001110000110110011111110101111101000
3 31  100 0000100111101111010001000010010110101010011001111110111011101010110100000010000011111110101110101010
2 33  100 0000100011101111010000010010001010101010101001100110110011101010001110000110110011111110101111001000
runNumber 18
genCount 5248
elapsedTime 600.012
unaryHyperVol 78
binaryHyperVol 14.9524
additiveEps 1
entropy 0
archive 18
1
2 34  100 1110100100100011100000000101011010101011111000011010111000101010001101001110101010001010100101000000
runNumber 19
genCount 5302
elapsedTime 599.973
unaryHyperVol 56
binaryHyperVol 13.2933
additiveEps 0.96
entropy 0.509891
archive 19
2
5 35  100 0010101011100111100000110110100011101001011010001001110000010101010011000100110011011101000001110000
2 38  100 0110101011100101100000111110100011101001011010001001101011101001100110111010110011011101000001110000
runNumber 20
genCount 5124
elapsedTime 599.945
unaryHyperVol 145
binaryHyperVol 16.1786
additiveEps 0.714286
entropy 0.5994
archive 20
3
9 27  100 0010000011101100011100110101110000101010011000001010111011101001001101110110100010010110101110101010
4 28  100 0010000001100110011100100101010100101001111000010110111011101001011101101010100011010110100010101010
3 33  100 0110000001100101001110001001010100101001101000001010111011101001011101111010010011010010100110101001
runNumber 21
genCount 5329
elapsedTime 600.043
unaryHyperVol 137
binaryHyperVol 12.1
additiveEps 0.85
entropy 0.5994
archive 21
3
4 29  100 0110101000011011010000110101010010101010001000101010111011101010010001011110010101111111101110100000
3 31  100 0110101001011101110000100101010110101010111000001011111111101011001110101110101111100111101110101000
2 33  100 0110101011100000100000010101010010101010001000101010111111101010010001011110010111110111101011100000
runNumber 22
genCount 5232
elapsedTime 599.942
unaryHyperVol 103
binaryHyperVol 12.3223
additiveEps 0.818182
entropy 0.599401
archive 22
3
13 31  100 0110100100011100010001000101011001101001000111111111111111101000001010000010010011010111101110101010
3 32  100 0110100101011100010001000110011000101000001011111001111011101011001110000010011011010110100000011000
2 35  100 0110100101101101110000100001011000101001001011111001111110101010000101111110010011010110101010101000
runNumber 23
genCount 5278
elapsedTime 599.93
unaryHyperVol 130
binaryHyperVol 14.9412
additiveEps 1
entropy 0
archive 23
1
2 30  100 0010100100101111010000001010011111101011000101101110111000101000001011001110100111010101101111100000
runNumber 24
genCount 5117
elapsedTime 600.045
unaryHyperVol 138
binaryHyperVol 10.4091
additiveEps 0.727273
entropy 0.599401
archive 24
3
6 28  100 0010101001101011010000010110010011101010011000101100110111001000001100010010100011010100101010011001
4 30  100 0010100111011010110000010110010011101010011000111010010000101000000010000010100010010110101010101001
2 35  100 0010100001101111010000011010111011101000011011101010010011101000000011000010100110010110100000111001
runNumber 25
genCount 5211
elapsedTime 599.954
unaryHyperVol 119
binaryHyperVol 11.6494
additiveEps 0.772727
entropy 0.5994
archive 25
3
9 30  100 0000000000101111010000110110000011101010111000000100011011101010011101000101110010100101000000101010
3 31  100 0000000000101111010000010101011111101010111000000001001011101010011101000000110101010111000011001000
2 35  100 0110101100101111010000010101011111101010111000000100001111101010011101000010110101000111101001001000
runNumber 26
genCount 5062
elapsedTime 599.932
unaryHyperVol 199
binaryHyperVol 10.2222
additiveEps 0.833333
entropy 0.478871
archive 26
4
8 23  100 0110100100011111010000110101010010101010011000101001110111101010000110000110100011010111010010100000
7 24  100 0110100100011111100000000101010110101010011000101001110111101010000110000110100011010111010010100000
3 27  100 0110100101010010110000110101010110101010011000101010110101101010000010000110100011010111000010100000
2 28  100 1110000001100011010000110101010010101010011000101001110111101010000110000110100011110000000010100000
runNumber 27
genCount 5151
elapsedTime 599.98
unaryHyperVol 168
binaryHyperVol 13.9667
additiveEps 0.933333
entropy 0.509891
archive 27
2
3 27  100 1110101000101111000000110110110111101010011000000001001011101010111110000000110011110110000011101010
2 28  100 1110101000101111010000110110111111101010011000000001001011101010111110000010110011100110100011101010
runNumber 28
genCount 5180
elapsedTime 599.99
unaryHyperVol 126
binaryHyperVol 9.8
additiveEps 0.76
entropy 0.5994
archive 28
3
5 29  100 1100100100101011010000010101010101101010101010111010100100101010011110001010001110010110101010100000
3 33  100 1010100101101011110001000001011011101010001011011000010100101000001110001010001110010110101010101001
2 38  100 1010100110101011100000000001010111101010011010100001110100101010111010000010101110110100101100111001
runNumber 29
genCount 5360
elapsedTime 599.966
unaryHyperVol 176
binaryHyperVol 8.33636
additiveEps 0.6
entropy 0.382563
archive 29
5
7 25  100 0000000000101100001100011101110000010111001000001010111011101001001110001010100011010110100010010000
6 26  100 0000000000101100001100011101110001010111001000001010111011101001001110001010100011010110100010011000
5 27  100 0000000010101000010000011101110100010111001000001011111011101001001110001010100011010110100010011000
3 28  100 0010000001101000010010111101011101101011001000001010111011101010101110010110100011010011101110100000
2 35  100 1010000001101000010000111101010101101011110101111010001010101001010111110010100011010011101110100000
