OptimalFront
unaryHyperVol 327
2
6 10  100 0111000001101111100111110010100100101011110100010010010011101110000101100000010000100000000000101010
3 11  100 0111101001101111100001110010100100101011110100010010010111101110000101100000011100101010101000101010
-------------------------
runNumber 0
genCount 5350
elapsedTime 599.936
unaryHyperVol 29
binaryHyperVol 39.219
additiveEps 0.857143
entropy 0.599401
archive 0
3
10 34  100 0011101001110000011111110110100111011011111101011001101111100010011000010100010100010110101001001010
9 35  100 0100100001110000110111111010100111111010011101000000100111100000011000100100010001010111101000101010
8 40  100 0011000011010101111111111010100011111000011100001100100011100100011011101000010001010111101001001010
runNumber 1
genCount 5301
elapsedTime 600.088
unaryHyperVol 48
binaryHyperVol 52.9583
additiveEps 1
entropy 0
archive 1
1
6 34  100 1101100000010111100110001110101000011001101111000010010100101110001000010100010001100001010100010101
runNumber 2
genCount 5341
elapsedTime 599.99
unaryHyperVol 36
binaryHyperVol 17.7727
additiveEps 0.857143
entropy 0.5994
archive 2
3
14 31  100 0100101001110101011010100110101000101000110100010010110110100000011001100000010000010100101001001010
8 35  100 1011101110010101000011101110101001111010100100010010011001101100011001100000010001010101101011111010
5 38  100 1101100001110111011011101110100000101000111000110000110000100011011000101000010001010100101001001010
runNumber 3
genCount 5468
elapsedTime 599.924
unaryHyperVol 119
binaryHyperVol 30.85
additiveEps 0.9
entropy 0.5994
archive 3
3
7 26  100 0011101101101111000101110110011101101000110110000011110000100000000101100100010000100011000000111010
6 29  100 0111100110101100100100000010101101111000010110000001110000100001000101100100010000100011000000111010
5 30  100 0010101010101111000101000010100001001011101000000011111000100001000101000100011000100011000000111010
runNumber 4
genCount 5256
elapsedTime 599.902
unaryHyperVol 70
binaryHyperVol 26.2571
additiveEps 0.785714
entropy 0.599401
archive 4
3
8 31  100 0011101110100110100001110110100100001010000111011110010100001000010101001000011010101010000000010000
6 33  100 1000101101000011100001110110100110001000001011110000110100000000110101001000011000101010000000011010
5 38  100 0011101100100001100001010110101110001010001111111010001001100001010101001000011010101000000000011010
runNumber 5
genCount 5351
elapsedTime 600.026
unaryHyperVol 119
binaryHyperVol 17.7565
additiveEps 0.8
entropy 0.472411
archive 5
4
8 26  100 0111101001101111111100111001010111101011010100010111011100011101000101111011000100101001010100111010
7 27  100 0111101001111100100001110101010111101011010100000010001100011101000101011011000100101001010100111010
6 32  100 0111100101101111110001100010010111111001100000010111001100011100010101111011000100101001010100111010
4 33  100 1110101100011100100001100110010111101000100100000010011000010101000101111011000100101000010100011010
runNumber 6
genCount 5373
elapsedTime 600.023
unaryHyperVol 127
binaryHyperVol 11.4881
additiveEps 0.952381
entropy 0.509891
archive 6
2
7 27  100 1011101011101100000001100000100100101010001100011010010011010100111000011100011100101010101000101010
3 31  100 1011101011101100000001100010101100101001101100101101000111010110111001011000011000101001101000101010
runNumber 7
genCount 5341
elapsedTime 599.907
unaryHyperVol 106
binaryHyperVol 25.7143
additiveEps 0.952381
entropy 0.509891
archive 7
2
6 29  100 0101100000100000001000110010100100000001110010010010100110010101000101101000010000000001100000010101
4 31  100 0111100010000000100001010010100100000000000000010010100110010100000101101000010000000001101011010101
runNumber 8
genCount 5482
elapsedTime 599.996
unaryHyperVol 119
binaryHyperVol 12.6508
additiveEps 0.904762
entropy 0.509891
archive 8
2
4 29  100 0001000001000111100001110010100110000010000100000110011000101111101000010000011100101010101010101000
3 31  100 1111100010100000110001110110100000000011000100010110000001101001001000100000011100101010101011001010
runNumber 9
genCount 5520
elapsedTime 599.898
unaryHyperVol 169
binaryHyperVol 9.39683
additiveEps 0.666667
entropy 0.509891
archive 9
2
4 24  100 1011000001010011100001110001010100011011100100000010100011100010001010101100010000101010101001101010
3 31  100 1010000001010011100001011110100101101001000000010010011000100100101010101100010000101010101001101010
runNumber 10
genCount 5202
elapsedTime 599.949
unaryHyperVol 168
binaryHyperVol 10.9815
additiveEps 0.777778
entropy 0.509891
archive 10
2
5 24  100 0111100100101011010100010010100100000000110100010010010110101000001001010000011100101011101000001010
3 28  100 0001101101101101010001010010100101000000110110010011010110101000001001010000011100101010101000011010
runNumber 11
genCount 5332
elapsedTime 599.985
unaryHyperVol 96
binaryHyperVol 22.5114
additiveEps 0.909091
entropy 0.5994
archive 11
3
7 30  100 0101100101101110000100000110100010000001101000011010001001010110001001011000011100101010011000101010
5 31  100 0100100101000000011100000010100000110000101100010101011100010110001001011000011100101010011000101010
4 32  100 0100100101000000001000000010100010000001101100010101011100010110001001011000011100101010011000101010
runNumber 12
genCount 5270
elapsedTime 600.01
unaryHyperVol 119
binaryHyperVol 11.029
additiveEps 0.782609
entropy 0.472411
archive 12
4
9 28  100 1110100101101100100001010000000100000000000111010011010111010111111011010100011101101010101000101010
7 29  100 1110100101101001100001110000000100000000000111000010010011010111111011010100011111101010101000101010
4 30  100 1111100101101110110001000000100010001011010111010001010110010111001011110100011100101010101001111010
3 33  100 1111101001101111100001000010100111000000011101000111110100010110101001011100011011101010101001111010
runNumber 13
genCount 5304
elapsedTime 599.75
unaryHyperVol 114
binaryHyperVol 22.4125
additiveEps 0.95
entropy 0.509891
archive 13
2
7 28  100 0111100110100011010111010100001100101011111000000101110100101101000101001100010000100001101001110101
4 30  100 1111101001000001110001100110101000101011011000011101010011100010000101100000010000000001101010010101
runNumber 14
genCount 5238
elapsedTime 600.029
unaryHyperVol 142
binaryHyperVol 13.1852
additiveEps 0.944444
entropy 0.509891
archive 14
2
4 27  100 0111010100001111010100000010100010000011100000010010110100010110000101011000011000101010101000011010
3 28  100 0111100100101111100001000010100010000011100000010010110100010110000101011000010000101001101011011010
runNumber 15
genCount 5197
elapsedTime 599.884
unaryHyperVol 128
binaryHyperVol 21.1125
additiveEps 0.95
entropy 0.509891
archive 15
2
7 26  100 0100101101010111100011110010100001100111111000011010010011101101000101101000010101010110101011001010
4 30  100 0101101101011111100010110010101100111011100100001111110011100100000101000000010101010110101001001010
runNumber 16
genCount 5330
elapsedTime 600.051
unaryHyperVol 52
binaryHyperVol 13.4615
additiveEps 0.961538
entropy 0.509891
archive 16
2
6 35  100 1010000000010011010001010010100001011001101011000010000111101111001001000001100011101010010100111010
3 36  100 1010100001010111010001110010101100111001000111000011110110101101101011110001100011101010010100111010
runNumber 17
genCount 5293
elapsedTime 599.882
unaryHyperVol 98
binaryHyperVol 11.2024
additiveEps 0.875
entropy 0.468496
archive 17
3
10 29  100 0101010011100001100001100010010101011010110011010010110001101110000101010000000001101010101000011010
4 32  100 0111100011100011100101001010101101111010110101010001110100101110010000011100011011100000101010111010
3 34  100 0101000011001001110001100110100110001010011000010100010101101100000101010100011001101010101010111010
runNumber 18
genCount 5214
elapsedTime 600.085
unaryHyperVol 88
binaryHyperVol 13.9545
additiveEps 1
entropy 0
archive 18
1
3 32  100 0111000001010110100001001110100000111001011001010011110111100000000101101001100000101001101001101010
runNumber 19
genCount 5311
elapsedTime 599.872
unaryHyperVol 65
binaryHyperVol 18.92
additiveEps 0.96
entropy 0.509891
archive 19
2
9 32  100 0011000000100011101011110010101000000011001111011111010101001101110101000101000001100000010111110101
4 35  100 0110100001010110111111110110100001101000011111011110010101100001110101000001000000100001010111110101
runNumber 20
genCount 5433
elapsedTime 599.977
unaryHyperVol 101
binaryHyperVol 23.9924
additiveEps 0.863636
entropy 0.5994
archive 20
3
9 27  100 0111000010000011100111110000101100001001010100111111111101001000000101000000011110100001101000010101
7 30  100 0111000010000010100111100000101111011010010100011000111101000011000101000000010110100000101000010101
5 32  100 0111000010001110001010100100101110001001011000001011011110101101000101000000011110100001101000010101
runNumber 21
genCount 5159
elapsedTime 599.987
unaryHyperVol 111
binaryHyperVol 28.2
additiveEps 0.947368
entropy 0.509891
archive 21
2
8 27  100 0101100101110111100111110000100010011001010111010001101111101110100101111000011111010101101000101010
5 29  100 0101100001110101101100110110101000101011110111010001101111101000101001100000011101010111101000101010
runNumber 22
genCount 5313
elapsedTime 599.802
unaryHyperVol 78
binaryHyperVol 18.363
additiveEps 0.851852
entropy 0.599401
archive 22
3
8 30  100 0111000001010110010100100001010111101000010100011101000000101100001000000010101101100000101001101010
6 34  100 0011000000010110010100000001010111101000000100011101000000101011011000000011101101100000101001101010
4 37  100 0011011011010110010101001010100101101000010100011101100000101001111000010010100010100000101001101010
runNumber 23
genCount 5452
elapsedTime 599.953
unaryHyperVol 66
binaryHyperVol 13.9583
additiveEps 1
entropy 0
archive 23
1
3 34  100 1100000011010111100001101010100101101010110011010101111000101010000101001100101001101010101000011010
runNumber 24
genCount 5285
elapsedTime 599.906
unaryHyperVol 102
binaryHyperVol 17.7143
additiveEps 0.863636
entropy 0.5994
archive 24
3
10 29  100 0100101010100011011111111110101110011000010110010101010101101101000101000100011111010110101000101010
5 30  100 1100100010100100000001110010100100001011110110000001011001101100000101001100011101010101101000101000
4 32  100 0100100011100100000001110010100100001010010100001001101010101110000101001100010001010100101000101010
runNumber 25
genCount 5535
elapsedTime 600
unaryHyperVol 100
binaryHyperVol 21.8155
additiveEps 0.857143
entropy 0.599401
archive 25
3
11 28  100 0100100100110001010111000010100100011000111100110011010111100110110101101000011111010110101000001010
6 29  100 0111101111010100010101110000100100011000010101011001010111100111110101011000011111010110101000001010
5 31  100 1111101101000011110111000010101110000011110100010001010111100001001010001110100111010110101000001010
runNumber 26
genCount 5309
elapsedTime 599.967
unaryHyperVol 97
binaryHyperVol 32.8125
additiveEps 0.95
entropy 0.509891
archive 26
2
7 29  100 0100101001111101001111110000010000011000010100000011010100010101001011001000011100010100010111001010
5 30  100 0000100001011101001111110110010100011000000100000011010100010101001010101000011100010110010111001010
runNumber 27
genCount 5296
elapsedTime 599.965
unaryHyperVol 94
binaryHyperVol 22.5341
additiveEps 0.954545
entropy 0.509891
archive 27
2
7 30  100 0110000001100111110000111010100111101011010111001110010111100001011001011010000000101010101010101010
4 32  100 0110000001001110110001010010101110101010010101010110010110100001011001010011000000101010101010101010
runNumber 28
genCount 5233
elapsedTime 599.898
unaryHyperVol 94
binaryHyperVol 20.1731
additiveEps 0.769231
entropy 0.5994
archive 28
3
7 29  100 0100000000000000010111111100000001110011111100110010110101100111010101101101101000100011101000101010
6 31  100 0000010001000000010111111100000100110011111100110011110101100111010101011101100000100011101010101010
4 36  100 0100010011110000010111010000001010000010010110000111010011100010111010011101101000100011101010101010
runNumber 29
genCount 5638
elapsedTime 599.96
unaryHyperVol 115
binaryHyperVol 18.3043
additiveEps 0.782609
entropy 0.472411
archive 29
4
8 27  100 0100101101110101101101000010100101101010101110010011000100101110000101100000011111010110101000101010
7 28  100 0100101000010000000111011010100111101010100000001011100100101110000101100000011111010110101000101010
6 29  100 1100100000010101010100111010100110101010100010010010100100101110010101100000011111010110101000101010
4 33  100 0110100101110101100101000010100100011010100101111101000100100110000101011100010101010111101000111010
