OptimalFront
unaryHyperVol 316
2
4 11  100 0010100111010001000000011110001011101011001001111111010111101011000101001110111001010111101010100111
3 14  100 0110100101010001000001001110001011101011001001111111010111101011001000001110111001101011101010100111
-------------------------
runNumber 0
genCount 5474
elapsedTime 599.867
unaryHyperVol 116
binaryHyperVol 10.8299
additiveEps 0.857143
entropy 0.5994
archive 0
3
10 27  100 0110100101010001000000110001010011100100000101111101010101101001001000001111110101101001101010000011
6 30  100 0110101001010001000000110101010011100100000111111101010101101001001000001111110101101001101011010101
3 32  100 0110111101010001000000110001010011100100000101111101010101100011001000001111110111100001101000011001
runNumber 1
genCount 5384
elapsedTime 600.024
unaryHyperVol 59
binaryHyperVol 18.7704
additiveEps 0.814815
entropy 0.599401
archive 1
3
13 32  100 0000101001100100010000111010000101100111101000010011110101000011010111010010111001010101101010100111
6 33  100 0000101101100100010000111010000000010110101000010111010101101001011000010010000101010101101011100111
5 38  100 0000101101100101110000111010000000010110101000010001001000000011010010000010000001010100101011110101
runNumber 2
genCount 5391
elapsedTime 600.017
unaryHyperVol 106
binaryHyperVol 13.8009
additiveEps 0.708333
entropy 0.472411
archive 2
4
12 27  100 1110100111010010000000001110000111100000011001111111110001001111011000010000000101010111101010100111
8 28  100 1010100111010010000000001110000111100000011001111101100000001111011000000000010101010111101010100101
6 29  100 1110000111010010000000001110000111100000011000111111010001001111011000000000010101010111101010110101
4 35  100 0110110101010010000000001110011100100000011001111101110000100111011000000000000111101001101010010101
runNumber 3
genCount 5416
elapsedTime 599.916
unaryHyperVol 148
binaryHyperVol 7.125
additiveEps 0.535714
entropy 0.489347
archive 3
3
7 25  100 0000010100100101010000001010001011101110001001010101011011101001010101001110110001101011101010100111
4 26  100 0000110110100100000000000010001011100110001001010111011011101001010101011110010001101011101010100111
3 39  100 0000110110100100100001000010111001100001011010010100000011100001001001011101111010101011101001001001
runNumber 4
genCount 5461
elapsedTime 599.958
unaryHyperVol 139
binaryHyperVol 11.8158
additiveEps 0.842105
entropy 0.5994
archive 4
3
5 27  100 0000100100010010010000000010001011100011110101111100010101010111001000110110101001100001101000100101
4 28  100 0110100101010010010001000010011011100011110101111100010101010111001000111110101001000001101010000101
3 30  100 0110100101010010010001000010011011100011110101111100010101010111001000110110101001100001101010000101
runNumber 5
genCount 5334
elapsedTime 600.018
unaryHyperVol 124
binaryHyperVol 11.4524
additiveEps 0.857143
entropy 0.509891
archive 5
2
5 28  100 0000100111100100100000001110011010101001001001110011101010101010000101000100011010000001101010010101
3 32  100 0000110111100100100000001110011010101001001001110011101010101010000101000100011010100001101000111101
runNumber 6
genCount 5451
elapsedTime 599.883
unaryHyperVol 59
binaryHyperVol 32.8958
additiveEps 0.958333
entropy 0.509891
archive 6
2
5 34  100 0000011110101010001010101110101000100101001010110101011111100100000101100000000101010101101010010111
4 35  100 0000011110101010001010101110101000100101001010110101011111100100000101100000000101010101101010010101
runNumber 7
genCount 5315
elapsedTime 600.038
unaryHyperVol 57
binaryHyperVol 30.0741
additiveEps 0.833333
entropy 0.472411
archive 7
4
9 31  100 0110111101010010011100010101011011100000000101111100110010101000000101110100110001010100010110110101
8 33  100 0110111100010000011100010001010100101000000101111100110100101100000101000110010101010100010100111101
7 37  100 0110111101010000011110000001011001101000110101101100110000101010000101100100000011010001010100100001
6 38  100 0110111100010000011101010101010001100000110101101100110000100010000101100100111001010000010110111001
runNumber 8
genCount 5504
elapsedTime 599.902
unaryHyperVol 93
binaryHyperVol 15.0744
additiveEps 0.863636
entropy 0.54796
archive 8
4
14 29  100 0000100101101000010000010010101001101001011001101100010111100111000101001110011100010101101010011111
7 30  100 0110100101101001010001010010101001101001001001111111110100100011000101000111011101010101101010010011
6 31  100 0110110101101001000000000010101001101001001010101111110100101110000101000111011101010101101010010011
4 33  100 0110100111100111110101000010000101101101001010101111010100101110000101011110011101010101101000010001
runNumber 9
genCount 5519
elapsedTime 600.014
unaryHyperVol 58
binaryHyperVol 14.4802
additiveEps 0.821429
entropy 0.472411
archive 9
4
12 31  100 0110010101010001001101000110101011100011000101100101010001100100011000000111110001010110101001000101
8 34  100 0110010101010000001101001110000111101000100101110001101001101100011011000111110101010110101011010001
5 35  100 0110110101010000001101001110000110101001100101100110110101010100011000001111110000010110101001011100
4 39  100 0110011101010001001101000110000101101010100101000000110101100100011001011000001100010110101001010001
runNumber 10
genCount 5303
elapsedTime 599.955
unaryHyperVol 117
binaryHyperVol 9.58
additiveEps 0.72
entropy 0.5994
archive 10
3
11 28  100 0110110101101001000000000101011011100001000011111111110100101011001000011100000000100000101010100100
4 29  100 0110010101101001000000000101011010101100001001111111110100101011001000011100000000100000101010100110
3 36  100 0110110101101011010001001101011011100000010101111111110100101011101001011000000101101010101000000000
runNumber 11
genCount 5257
elapsedTime 600.052
unaryHyperVol 174
binaryHyperVol 7.86364
additiveEps 0.545455
entropy 0.5994
archive 11
3
5 23  100 0000010111100100000000001110001011100101111010111110000111101101000101001110011001000001101010100111
4 26  100 0000011101100100000001000010001011101001011000001111010111101101000101000001111001000001101010100111
3 33  100 0000111101100100000000000110001011101001011000001111010101101101101001010001101101100001101010100101
runNumber 12
genCount 5397
elapsedTime 599.892
unaryHyperVol 177
binaryHyperVol 12.0625
additiveEps 0.875
entropy 0.5994
archive 12
3
11 23  100 0110100101010001110000000010001011101011001001110011101011101011001000001111111111010111101000010101
5 24  100 0110100101010001010000000110001011101011001001110001100011101011001000001100111111010111101000010101
3 25  100 0110100101010001000000000110001011101011001001111011101011101000000101011111101101100001101010010101
runNumber 13
genCount 5329
elapsedTime 600.005
unaryHyperVol 82
binaryHyperVol 11
additiveEps 0.888889
entropy 0.509891
archive 13
2
4 32  100 0000010111100100000000000010011000010111111001111100010001101101001000010001000110101001010101000101
3 38  100 0000011111100100010000110110101101010110001010010101011001100101001000000001000000100001010101101001
runNumber 14
genCount 5536
elapsedTime 599.962
unaryHyperVol 66
binaryHyperVol 13.8696
additiveEps 1
entropy 0
archive 14
1
3 34  100 0110100001010010000000101110000111100110000101010000000101100010001001000011110101100001101000101101
runNumber 15
genCount 5246
elapsedTime 599.962
unaryHyperVol 108
binaryHyperVol 13.275
additiveEps 0.95
entropy 0.509891
archive 15
2
5 30  100 0000111011100100010000010110010010100010000101111111110100101001001000010101110001100001010110100111
3 31  100 0000001011100100110000011110010010100010000101111111010011101100001000010001011001100001010110100001
runNumber 16
genCount 5381
elapsedTime 599.976
unaryHyperVol 97
binaryHyperVol 12.6818
additiveEps 0.909091
entropy 0.509891
archive 16
2
4 31  100 0110100111011001000000010000011110101001010101111001010101101011011000000000000111100001101010000101
3 33  100 0110000101010000100000000101011011101001000101100011010001100011001000010010000111100001101010000001
runNumber 17
genCount 5350
elapsedTime 599.943
unaryHyperVol 150
binaryHyperVol 11.1053
additiveEps 0.842105
entropy 0.509891
archive 17
2
4 26  100 0010110111101010000000001110001000100000011001011101010101101001001000001100001001100001101000100111
3 30  100 0010110111101001000000001010101001100011100101000000000101101001001000001100001000100001101000100101
runNumber 18
genCount 5474
elapsedTime 599.982
unaryHyperVol 6
binaryHyperVol 36.931
additiveEps 0.965517
entropy 0.509891
archive 18
2
8 39  100 1010110000010000000110010010110001001111101001010011100111101100010101010111000101010101101001010001
6 40  100 1010000000010010000110000010000001001111101000000101100111000011011000111111000100010001101000010001
runNumber 19
genCount 5364
elapsedTime 599.892
unaryHyperVol 76
binaryHyperVol 13.3043
additiveEps 0.956522
entropy 0.509891
archive 19
2
4 33  100 1110100111101011010000001110011000101010011000111111100001010111001011010000001101100001101000100111
3 34  100 0110100101101010110000110110001000101011011000111111110100100010101000000000001111100001101000100101
runNumber 20
genCount 5332
elapsedTime 600.003
unaryHyperVol 126
binaryHyperVol 30.825
additiveEps 0.85
entropy 0.509891
archive 20
2
5 27  100 0110101000010001000000111010000001100011010101011111000001101011001000111101111001101001101010100111
4 31  100 0110001001010101000000111010000011101010001011111011110001101011001000101101000100100001101010100111
runNumber 21
genCount 5423
elapsedTime 599.924
unaryHyperVol 147
binaryHyperVol 11.1579
additiveEps 0.789474
entropy 0.5994
archive 21
3
5 26  100 0110110110101000000000001101010001101000010101111111010111101000000000000000001101000001101010100111
4 29  100 0010110110101010100000001101010011101000010101001111100011101011001000000000001101100001101011100111
3 30  100 1010110110101010000000001101011111101001010101010110110111101011001000000000001011100001101010100101
runNumber 22
genCount 5480
elapsedTime 599.986
unaryHyperVol 88
binaryHyperVol 13.8571
additiveEps 1
entropy 0
archive 22
1
3 32  100 1110110111101000000001001101011011101010001000100010010110101011111000000100001101101000101010011101
runNumber 23
genCount 5505
elapsedTime 599.945
unaryHyperVol 137
binaryHyperVol 25.3922
additiveEps 0.882353
entropy 0.5994
archive 23
3
6 26  100 0110100101010001000000010100100010010111000101011110010100000111000101000001111001010000010100110111
5 27  100 0110010101010011000000010100100011010111000101001111010110101100000101000001011101010101010100100101
4 28  100 0110010101010011000000010000101001010110010101001011110101101111000101000001011001010100010100100111
runNumber 24
genCount 5438
elapsedTime 599.872
unaryHyperVol 146
binaryHyperVol 12.4118
additiveEps 0.882353
entropy 0.5994
archive 24
3
8 26  100 0001000111101001001100001110100000010111001000011101011011100110100101001100001001000001101011010101
6 27  100 0000011110100101000000001110000000010111001001011101010111101010110101011101101101000001101011100101
3 28  100 0010100101101001001101001110000100010101011001011101011011101000100101001100001010100001101010010101
runNumber 25
genCount 5522
elapsedTime 599.959
unaryHyperVol 93
binaryHyperVol 12.7545
additiveEps 0.909091
entropy 0.5994
archive 25
3
8 31  100 0110110101010000100001000101010111100001010001111111010110101011001001010001100101100011101010000101
4 32  100 0110110101010000100001000001010111100001010001111111010110101011001001010001000101101010101010000101
3 33  100 0110000101010001110001000110111011100011001001111000110100100000111001011000001001101011101010010101
runNumber 26
genCount 5412
elapsedTime 600.009
unaryHyperVol 147
binaryHyperVol 31.1176
additiveEps 0.823529
entropy 0.509891
archive 26
2
5 25  100 0010110111010001000000001101011001100000000101110011100000101000111000000010111101000001101000100111
4 28  100 0010100111010001010000010001011001100000000101110011100000101000111000000010111101100001101001100111
runNumber 27
genCount 5301
elapsedTime 600.001
unaryHyperVol 79
binaryHyperVol 18.7536
additiveEps 0.869565
entropy 0.468496
archive 27
3
9 31  100 0110001101010001000000001110001000010100001001000101100101101000010101101010000101010101101010011100
5 33  100 0110110111010001001110011010100110101011001001000001100111100010100101101010000101010101101001010001
4 34  100 0110010111010001000110011110001001101100101001000101100111100000000101110110010101010001101001001001
runNumber 28
genCount 5534
elapsedTime 599.962
unaryHyperVol 132
binaryHyperVol 20.2353
additiveEps 0.882353
entropy 0.509891
archive 28
2
8 26  100 1110010111010001000000110101010111100000000101001101010100100000000101000110111001010101101001100111
4 28  100 1110010111010000000000010101010111100010000101001100011101100010000101000110111001010101101001100111
runNumber 29
genCount 5595
elapsedTime 599.931
unaryHyperVol 128
binaryHyperVol 31.9722
additiveEps 0.888889
entropy 0.509891
archive 29
2
5 27  100 0110001000100111000000111110000000101011101000111111010111101011001000101111111010101011101000100011
4 29  100 0110000100100111000001111110000000101011001001011101111111101011001000100010011001101010101010100011
