OptimalFront
unaryHyperVol 378
3
7 8  100 1010000111010001110000011110101001101110110101000010110111010101101000011101100011101000101001111000
4 9  100 1010000111010001110000011110101001101110110101000010110111010101101000011101100011100000101001111000
3 11  100 0110000101010001110001001110101001101110110101000010110111100001101000011101100011101000101001111000
-------------------------
runNumber 0
genCount 5379
elapsedTime 599.884
unaryHyperVol 176
binaryHyperVol 10.1042
additiveEps 0.666667
entropy 0.49717
archive 0
2
5 24  100 0110010100010001110000110101011101101101100101001000110100100010001000011111100011101010101001011100
3 32  100 0110001101010001110000110101011111101001101001101001000111100100101000011100011101100001101001001001
runNumber 1
genCount 5300
elapsedTime 599.909
unaryHyperVol 136
binaryHyperVol 11.2246
additiveEps 0.826087
entropy 0.377433
archive 1
5
15 25  100 0101000111010001010000011101010001010110111000000011110111101001001001101101101111100000101001011101
7 28  100 0000100111010000010000011101110001010100111011100001111010100000010000011101101111100000101001011001
6 29  100 0101000111010001010000011101010001010110011000000111110010100000010000011101101111100000101000011101
4 30  100 0000100111010100110000011001011101010110111000000101110101100101001001101101101011100001101000011101
3 31  100 0110100001010001010000011101010001010110111011100010010011101001001001101101101111100001101001011101
runNumber 2
genCount 4989
elapsedTime 599.885
unaryHyperVol 211
binaryHyperVol 9.2875
additiveEps 0.75
entropy 0.449615
archive 2
3
7 20  100 0110000101010001100000111010101001100110010101000010110001100001101000010001101111101001101001001001
6 25  100 0110000101010001100001111010101001100111010101100000110001100111101000010001100001101000101001101001
3 28  100 0110010001010001100000111010001001100110000101001010110001100000011000010001100111100001101000011001
runNumber 3
genCount 5473
elapsedTime 599.853
unaryHyperVol 154
binaryHyperVol 10.88
additiveEps 0.72
entropy 0.49717
archive 3
2
5 26  100 0110000100010000100000110101010001010100001001000011110100100001001001011101110110101000101001001000
3 33  100 0110000101010000100001000110010001010100011001001010110001101101000101011101100010101001101010000101
runNumber 4
genCount 5326
elapsedTime 600.028
unaryHyperVol 186
binaryHyperVol 12.6316
additiveEps 0.842105
entropy 0.49717
archive 4
2
5 24  100 0110111000101010110000110110101010101101010101001110110000010101101000010100000011101000101001111001
3 27  100 1010100100101010100001000110101011101101000101101011000011010101101000010000000011101000101001111001
runNumber 5
genCount 5176
elapsedTime 599.929
unaryHyperVol 156
binaryHyperVol 14.9211
additiveEps 1
entropy 0
archive 5
1
3 27  100 0110000101010011010000111110010101010110011000000010101111010111001010000001000011100001010101111001
runNumber 6
genCount 5359
elapsedTime 599.924
unaryHyperVol 164
binaryHyperVol 13.475
additiveEps 0.9
entropy 0.49717
archive 6
2
5 26  100 0110000101010001110000001110000001101101011011000010010000100001101000010101100100000001011001001001
3 28  100 0110000101010000010000010110100101101101001010001110010001100001101000000001100000100001011001101001
runNumber 7
genCount 5377
elapsedTime 599.89
unaryHyperVol 156
binaryHyperVol 14.9211
additiveEps 1
entropy 0
archive 7
1
3 27  100 0000000100101000010001001110101101101100111000001100110001010100101001011100000011101010101001101000
runNumber 8
genCount 5353
elapsedTime 599.824
unaryHyperVol 156
binaryHyperVol 14.9211
additiveEps 1
entropy 0
archive 8
1
3 27  100 0000000111100100000101001110001000101110111000100010110011010101001011011101100110100001101001011001
runNumber 9
genCount 5235
elapsedTime 599.828
unaryHyperVol 112
binaryHyperVol 20.456
additiveEps 0.84
entropy 0.529986
archive 9
4
8 29  100 0000000111010001110000001101011000010101000001010101111101010101000111010001010101010100101001111100
6 30  100 0000000111010001110000001101010000010101000000000111110001010101000101010001010101010100101001111100
5 32  100 0000000111010010001100011101110001010101111000010101110000010101000101001101001001010100101001111100
4 33  100 0000000111010001110000010101010000010101001000010100111100010101000101001101001001010100101001111101
runNumber 10
genCount 5626
elapsedTime 600.09
unaryHyperVol 36
binaryHyperVol 19.6562
additiveEps 0.875
entropy 0.449615
archive 10
3
9 36  100 1010110101101001010101000100111011100001101000100001001001010101101000010000000100010011101001010000
5 37  100 1010110101101001010101011101011011100001111000000000000000010111100101010000000100010011101001010000
4 40  100 1010110011101000011001010101011111100000101000100001001001010101101010010000000100010111101001010000
runNumber 11
genCount 11964
elapsedTime 600.708
unaryHyperVol 173
binaryHyperVol 8.96914
additiveEps 0.592593
entropy 0.447913
archive 11
4
9 24  100 0110000111010000110000001010101001100010111001001101111001100001001000010101110000101001010110001100
7 25  100 0110000111010000110000001010101001100010111001001101111001100001001000000101110000101001010110001001
4 26  100 0110010101010011110000001010101001100010111001001101111001100001001000010001101111101001011011000001
3 35  100 0110010101010010110001001010101010100000011001010101111001101000011000000001111101101001010110001001
runNumber 12
genCount 10380
elapsedTime 659.249
unaryHyperVol 175
binaryHyperVol 12.7375
additiveEps 0.85
entropy 0.449615
archive 12
3
6 25  100 0110000101010000110001111010101101101111010101110010110100010110011000010011010111101000101001110111
4 26  100 0110000101010000100000111010101100101110010101110010110100010111111000010011010111100000101001110111
3 28  100 0110100101010000100000111010101101101110110101110010110100010111011000010011010111100001101000000101
runNumber 13
genCount 5337
elapsedTime 599.957
unaryHyperVol 139
binaryHyperVol 22.163
additiveEps 0.826087
entropy 0.49717
archive 13
2
5 27  100 0000000111100100011101001110101011101100011001111111110100010111001000110001010011101000010111110100
4 31  100 0000000111100100011100000010011000101101011001001101110011100011011000001001001101101010101011101000
runNumber 14
genCount 5427
elapsedTime 600.04
unaryHyperVol 154
binaryHyperVol 8.66667
additiveEps 0.566667
entropy 0.49717
archive 14
2
5 25  100 0110110101010010000000010100100001100000000101100010111111100001111000011001110011101001101001110101
3 38  100 0110110101010000000001000110111100100000010101101011110111010101010101000011000100100001101001100101
runNumber 15
genCount 5430
elapsedTime 599.948
unaryHyperVol 104
binaryHyperVol 13.78
additiveEps 0.92
entropy 0.49717
archive 15
2
5 31  100 0000110111100100000001000010000001101101111011010011000111010111101000000011010011100000101010110101
3 33  100 0000110101100100000001000110000011101101111011000011000110010111011001011111011100101000101010111011
runNumber 16
genCount 5359
elapsedTime 599.928
unaryHyperVol 120
binaryHyperVol 24.0227
additiveEps 0.954545
entropy 0.49717
archive 16
2
5 29  100 0000000111010001110001010110101001100000001001011010110101101001001000010101011000010110101000011100
4 30  100 0000100111010001110000010110101001100000011000010110110011101001011000010101010100010100101000010011
runNumber 17
genCount 5269
elapsedTime 599.953
unaryHyperVol 136
binaryHyperVol 10.1926
additiveEps 0.8
entropy 0.431679
archive 17
4
8 26  100 0110000101010001010000010000101001100001010101100010110100010101001000100111100100101010101011111111
5 31  100 0110011101010000110000000000100011100000010101111110110010101111101000101111100100101010101001111101
4 34  100 0110000101010001100000000101011010101001011001101110110101101001000101100111010000101001101001001111
3 35  100 0110000101010010100001000010100011101001010101111110110111101111110101000101001100101001101001001111
runNumber 18
genCount 5432
elapsedTime 600.023
unaryHyperVol 88
binaryHyperVol 24.6875
additiveEps 1
entropy 0
archive 18
1
4 32  100 0000000111100100110110010010001001010100010101000000110101010101000101001000100101010001101001110001
runNumber 19
genCount 5324
elapsedTime 599.952
unaryHyperVol 164
binaryHyperVol 12.8333
additiveEps 0.85
entropy 0.449615
archive 19
3
9 25  100 0000000101100100010000000100001010101110011001001010110101010110101011011101110011101010101011010100
7 27  100 0000100101100100000001010100001010101110011001001010110101010110101011011101110011101010101011010100
3 28  100 0000100101100100010001000010101010101110011001001000110101010110101011011101110011101010101011001100
runNumber 20
genCount 5176
elapsedTime 599.988
unaryHyperVol 164
binaryHyperVol 23.8611
additiveEps 0.944444
entropy 0.49717
archive 20
2
5 25  100 0010001011100101110000111100000001100011111010000111110101100000001000010101110011100001011001110111
4 26  100 0010001010100101110000111110000001100000100101000111110101100000001000010101110111100000011011111001
runNumber 21
genCount 5307
elapsedTime 599.959
unaryHyperVol 74
binaryHyperVol 16.4138
additiveEps 0.793103
entropy 0.431679
archive 21
4
11 30  100 0110100101010011111100000010010100010110110101000001110111010101100101010100011100101011101011001010
10 32  100 0110100101010011111100000010010100010110110101000001110111010110000101110101011100101011101011001010
8 33  100 1110000100000111011100001010001100010110010101000001110111010110100101100000011100101000101011111111
4 37  100 0110011101010011111101000010001101010110110101000000111110010101010101000110011100100001101010000101
runNumber 22
genCount 5457
elapsedTime 599.979
unaryHyperVol 183
binaryHyperVol 12.0375
additiveEps 0.8
entropy 0.529986
archive 22
4
7 24  100 0110000101010010110001011010101001101110110101101010101011010101101000010010011011101001101011001000
6 25  100 0110000101010010110001011010101001101010111001001010101011010101101000000010010011101001101000001000
4 26  100 0110010101010010110101001010101000101110110101101010111001010101101000010010010011100000101010011000
3 28  100 0110000101010010110001001110101000101110100101101111101001010101101001010010011011101000101011001011
runNumber 23
genCount 5373
elapsedTime 599.962
unaryHyperVol 162
binaryHyperVol 12.825
additiveEps 0.875
entropy 0.481574
archive 23
3
11 25  100 1010000111101011110000010110111000100001000101011010110000010101101000011000000011101000101001110101
5 27  100 1010001011101001010000011110100000100000000101010010000011010100101000010000000011101000101000100110
3 28  100 1010000111101001110001000110111010100001000101011010100000010100101000011100000010101000101001100111
runNumber 24
genCount 5389
elapsedTime 599.955
unaryHyperVol 118
binaryHyperVol 23.4348
additiveEps 0.913043
entropy 0.449615
archive 24
3
6 29  100 0000110101100100110000101110101001101110011000010101110111100000010101111101110011010111101001110011
5 30  100 0000010111100101100000101010101011101010001000000110110011100001000101011110110001010101101001110001
4 31  100 0000000101100100110000101110101001101110001000010101110110100001000101010110011001010101101011110000
runNumber 25
genCount 5376
elapsedTime 599.961
unaryHyperVol 106
binaryHyperVol 22
additiveEps 0.884615
entropy 0.49717
archive 25
2
7 29  100 0110000101010001110001010001011001101101111010001011000101010101011001110111000001101000101001011001
4 34  100 0110100101010001010000000110111011101101101000011100010101010101011001101101001010101011101001000001
runNumber 26
genCount 5265
elapsedTime 600.091
unaryHyperVol 156
binaryHyperVol 14.9211
additiveEps 1
entropy 0
archive 26
1
3 27  100 0110000101011001110000000101011001100010101011100011110101100001101010011100000011100001101001000101
runNumber 27
genCount 5288
elapsedTime 599.876
unaryHyperVol 128
binaryHyperVol 14.3923
additiveEps 0.692308
entropy 0.447913
archive 27
4
13 26  100 0000001101000100010000101110010101010110010101000011011011100010011000011101010011100011101001110000
7 27  100 0000001101000100010000101110010101010110110101010011011011100010011000011101010111100011101001110000
6 30  100 0000010101100100001101001110100101010110010101000001011111101110011000011101010010101001101011110001
4 34  100 0000010101100100001101001110110010100000100101000001011111101110011000011101010111100011101011110001
runNumber 28
genCount 5306
elapsedTime 599.972
unaryHyperVol 98
binaryHyperVol 12.3571
additiveEps 0.821429
entropy 0.49717
archive 28
2
5 31  100 0110110101010001100000001110011001010100101001010010011011010110110111111100001111101010101010001000
3 36  100 0110000101010001100001001010011001010100101001100111011001010110010101111100011111101010101010101100
runNumber 29
genCount 5080
elapsedTime 600.031
unaryHyperVol 114
binaryHyperVol 13.75
additiveEps 0.916667
entropy 0.49717
archive 29
2
6 30  100 0110010101010000110001001101010101101101111000100001110111011111001001001100101110101000101000101010
3 32  100 0110010101010000110001001101010101101101111010110111110101101111111000010101011110101000101000101010
