OptimalFront
unaryHyperVol 334
4
6 8  100 1011010111010111010000111110111001010011101010010111110011101010101011001010100001010001011010010101
5 9  100 1011010111010111010000011110111001010011101010010111110011101010101011001010100001010001011010010101
4 10  100 1011010111010011010000011110111011010011101010010111110011101010101011001000010001010001011010010101
3 11  100 0111010101010011010000111110111011010011101010010111110011101010101011001000010001010110011010011010
-------------------------
runNumber 0
genCount 5385
elapsedTime 599.901
unaryHyperVol 149
binaryHyperVol 12.2667
additiveEps 0.95
entropy 0.475082
archive 0
2
4 27  100 0111010111010010010000011101010110100000001010010011110010101011101011011000010100010101011010001010
3 28  100 0111010101010010010000011101011011100001101010011011110010101011011011100100011111010101010110101010
runNumber 1
genCount 5466
elapsedTime 599.976
unaryHyperVol 96
binaryHyperVol 11.119
additiveEps 0.857143
entropy 0.475082
archive 1
2
4 32  100 0111010111010010110000010001010100101001011010010111111111101001010101001000010010010110111011111110
3 36  100 0111111001010010110000010001011110010000001010001101110111101001010101001100010010010110110011000010
runNumber 2
genCount 5566
elapsedTime 600.049
unaryHyperVol 83
binaryHyperVol 17.9938
additiveEps 0.851852
entropy 0.446543
archive 2
4
9 31  100 0011001011000100000000110010010100011011101010011000110011101000000101000011010001010111001000001110
8 33  100 0011001011000100000000110010001101110110101010011000110011101000000101000011000001010111001000001110
6 34  100 0011011001101001000000111010000100011011101010010001111010101000000101000011000000010110001101001010
4 35  100 1100001001100100000000110010010110011101101010011000111010101010000101000011010001010110000101001110
runNumber 3
genCount 5299
elapsedTime 599.909
unaryHyperVol 108
binaryHyperVol 11.9417
additiveEps 0.916667
entropy 0.427067
archive 3
3
13 30  100 0111111001010010010001110001011101010000010000011000110100101000101010001000010000010100010010111010
5 31  100 0111111001010011010001110101011101010000111010001100110100101000101010001000010000010100010000001010
3 32  100 0111111001010010000000110101011000000000001010010000101000101000101010001000010100010100010010101010
runNumber 4
genCount 5468
elapsedTime 600.005
unaryHyperVol 103
binaryHyperVol 10.6741
additiveEps 0.814815
entropy 0.478842
archive 4
3
8 30  100 1000101011100100110000010010111011100011001010011010111101101000011011100010000000010101110100011010
4 33  100 1100101011100100110000010010111011100011001010011010111101101000011011100010000100010111110100111010
3 35  100 1000101011100100110000000010101000011110111010001011110011101001111010100000010100010111110100111010
runNumber 5
genCount 5393
elapsedTime 599.936
unaryHyperVol 85
binaryHyperVol 11.1115
additiveEps 0.846154
entropy 0.431037
archive 5
4
13 30  100 0100000011000100010000011010110101010000101010011000111111101000001000111000010000010001100110100101
11 32  100 0100001011101000000000010101010101010000101010011001111111001000001000111000010001010110010100010110
10 33  100 0100001001011010010000011010010101000000101010011000111000101000000000011000010001110000010110100101
3 34  100 0100001011100100000000010110010101010110001010111000111000101000001000101000010001010001010110100101
runNumber 6
genCount 5807
elapsedTime 600.033
unaryHyperVol 93
binaryHyperVol 11.5679
additiveEps 0.888889
entropy 0.478842
archive 6
3
6 32  100 0100010111010000010001000110100011001100011010000111010111101011101001100010100011010100001001101110
4 34  100 0100010111010000100000011110000010001100011010000100010011101001101001101101101011010111101100111010
3 35  100 0100010101010100010001000110000000111100001010100101110011101011101001101101101011010100010000111110
runNumber 7
genCount 5412
elapsedTime 599.906
unaryHyperVol 177
binaryHyperVol 10.8947
additiveEps 0.842105
entropy 0.475082
archive 7
2
4 24  100 0100010101010100010101001110110011010011101010010001110001101010010011001001100011010110011101011010
3 27  100 0100010101010100010101001110110011010011101010010011110101101001100101000101100110010110011101011010
runNumber 8
genCount 5507
elapsedTime 599.961
unaryHyperVol 168
binaryHyperVol 8.98485
additiveEps 0.727273
entropy 0.427067
archive 8
3
9 23  100 0111110001010011010000010010111011010001101010011100000111101000101000011000010001010000111010000101
4 26  100 0101101001010011010000010010111011011001101010000100010010101011101000011000010001010000111010100101
3 30  100 0101101001010011010000010010111011011001101010000100010010101011101000011000011010010100110110100101
runNumber 9
genCount 5499
elapsedTime 600.019
unaryHyperVol 128
binaryHyperVol 10.008
additiveEps 0.8
entropy 0.478842
archive 9
3
8 27  100 0101001001010011000010011110111011010011011010011011110000101000011000001000010011010000101101010010
4 31  100 0110001001010111000010100010111100000000101010010111110010101000011001100101100011010001000011000101
3 33  100 0111001001010011000110100010011111010011011010011010110000101000011000000100010100010001100101000101
runNumber 10
genCount 5404
elapsedTime 599.938
unaryHyperVol 186
binaryHyperVol 10.7963
additiveEps 0.833333
entropy 0.427067
archive 10
3
5 23  100 0100010101010000010000010100001000010001101010010111111010101010011011001010100000010100101010011010
4 24  100 0100010101010000010000000110001000110001101010010111111000101000111011001010100001010100100010011010
3 26  100 0100010101010100110000000001011000010001101010010110111010101000011011001010100000010100101010011010
runNumber 11
genCount 5417
elapsedTime 599.873
unaryHyperVol 85
binaryHyperVol 10.8621
additiveEps 0.896552
entropy 0.475082
archive 11
2
6 32  100 1001010111010011010001001101111111110101011010011011100110101010000101010000010010010100001011100101
3 37  100 0110010101010011111001000101011101011101011010011011100100101001101001100100010111010101011000000101
runNumber 12
genCount 5534
elapsedTime 600.039
unaryHyperVol 121
binaryHyperVol 22.0795
additiveEps 0.909091
entropy 0.427067
archive 12
3
7 28  100 0101010101010000011101010010011010010001101010010101110000010111110101001000011100010110011010011010
6 29  100 0111010111010000010000110010111011001111001010011000110110010111110101101000011000010000001010110110
4 30  100 0110010101010001010000010010110010010001101010010101110000010111110101001000011100010110010100100110
runNumber 13
genCount 5511
elapsedTime 600.015
unaryHyperVol 160
binaryHyperVol 12.8889
additiveEps 1
entropy 0
archive 13
1
3 26  100 0100010101010100000000110110001011111110011010000000110011101010101011111010100001010110100101010010
runNumber 14
genCount 5417
elapsedTime 599.955
unaryHyperVol 118
binaryHyperVol 17.4889
additiveEps 0.740741
entropy 0.427067
archive 14
3
8 27  100 0111101000101011010000110110110111011001101010100111101011101000011001001000000000110001010100010101
5 30  100 1111011000101001110000111110111111011000111010010111101011101000011000011000010100110001010100010101
4 35  100 0100011000101011000000111010111111011000111010001011101011101011011001110000000100010101010100000101
runNumber 15
genCount 5538
elapsedTime 599.726
unaryHyperVol 162
binaryHyperVol 10.5556
additiveEps 0.809524
entropy 0.475082
archive 15
2
5 25  100 0101110001010011000000010101011000010001101010000111110110101010101000001000010001010110010110001010
3 29  100 0101010101010010000000010001011000010001101010010111110000101011101000011000011011010100010010001010
runNumber 16
genCount 5443
elapsedTime 600.012
unaryHyperVol 87
binaryHyperVol 22.71
additiveEps 0.96
entropy 0.475082
archive 16
2
7 32  100 0110010101011010010000111101011000100010111010011111110001101000011000110100000010010111110100010010
4 33  100 0100010101011011010000110101011100100010111010001011110111101010011000110100000111010110110100010010
runNumber 17
genCount 5435
elapsedTime 599.942
unaryHyperVol 160
binaryHyperVol 12.8889
additiveEps 1
entropy 0
archive 17
1
3 26  100 0111010101010000000001001110111010000000101010001011110011101010101011000100011101010100010100010010
runNumber 18
genCount 5543
elapsedTime 600.03
unaryHyperVol 195
binaryHyperVol 12.12
additiveEps 0.933333
entropy 0.475082
archive 18
2
8 22  100 0100111000010001010000110101010100010000111010010111100011101010101011001010101000010001010010010101
3 23  100 0100011001010100010000110101010100010000111010010111100011101010101011001010101000010001010010010101
runNumber 19
genCount 5299
elapsedTime 599.856
unaryHyperVol 177
binaryHyperVol 11.5
additiveEps 0.888889
entropy 0.427067
archive 19
3
5 24  100 0100010101010000010000110001111111010111101010010111011000101010101011111010100100010110101101011010
4 25  100 0100010101010000010000110101011001010001101010010110110000101010101011111010100100010110101101010010
3 26  100 0100010101010100010000110101011000000011101010000111010000101010101001001010100110010110000101001010
runNumber 20
genCount 5375
elapsedTime 600.017
unaryHyperVol 106
binaryHyperVol 11.9333
additiveEps 0.92
entropy 0.475082
archive 20
2
5 31  100 0100010101010001010000010110000000011111000101110011111111101010111011010100100101010111100000000101
3 33  100 0100010101010100010000010110010100110101001010010011100110101000101000010000100001010101110001010101
runNumber 21
genCount 5522
elapsedTime 599.948
unaryHyperVol 120
binaryHyperVol 17.0735
additiveEps 0.75
entropy 0.509891
archive 21
4
7 25  100 1011011011101011100000110010101000010111101010011011110110101000001000011000000001010110101110011000
6 28  100 1011011011101011100000110110101000010111101010000001010110101000001000011000000001010110001110011000
5 38  100 1101111000101010010000000010000010100010101010000001010110101000001000010100010101010110110100110010
4 42  100 1101111010101000100000000110100010100010011010101110010110101000001000010000000111010101100100110010
runNumber 22
genCount 5521
elapsedTime 599.899
unaryHyperVol 169
binaryHyperVol 11
additiveEps 0.842105
entropy 0.427067
archive 22
3
8 24  100 0100101011010001100000111110110111010001111010010011110011101011101000011000100111010100010010011010
6 25  100 0111101011010001000000110110110111010001101010010011110011101011111000011000010111010000010110111010
3 27  100 0100101001010001000000110110111000010010101010010011010011101010111000011000010111010100011010111010
runNumber 23
genCount 5595
elapsedTime 599.959
unaryHyperVol 80
binaryHyperVol 18.8718
additiveEps 0.923077
entropy 0.475082
archive 23
2
9 32  100 0011111000010100000000000010011111000011011010101011100011101010101011100100010100110110111101000010
4 34  100 0100011001010100100000010010011110000011001010000011110011101000101011100100010100110011001001000010
runNumber 24
genCount 5572
elapsedTime 599.984
unaryHyperVol 111
binaryHyperVol 30.9271
additiveEps 0.833333
entropy 0.427067
archive 24
3
7 27  100 1001110011000111010000011010001100011100101010111011110011101010101010111000001100010001000101010101
6 31  100 1111101011100111010000011110001100011100001010011001110101101001101010111000011100010111010110110101
5 32  100 0111111011100111010000111010001101011100111010001001110011101001101010011100011100010101110001110101
runNumber 25
genCount 5493
elapsedTime 599.963
unaryHyperVol 159
binaryHyperVol 12.2281
additiveEps 0.947368
entropy 0.475082
archive 25
2
4 26  100 0011010100010011000000010101010100010011101010011111110000101000110101001000010001010110111010010110
3 27  100 0111010101010011010000000001010000010011101010011101110000101000110101101000010001010110111010010110
runNumber 26
genCount 5483
elapsedTime 599.968
unaryHyperVol 144
binaryHyperVol 26.5556
additiveEps 1
entropy 0
archive 26
1
4 26  100 0111001001010111000000110010110000010011101010010100111111101000001010101011101010010111001010010110
runNumber 27
genCount 5552
elapsedTime 599.958
unaryHyperVol 70
binaryHyperVol 17.1944
additiveEps 0.925926
entropy 0.427067
archive 27
3
11 33  100 0100010111010000010000010110000110001100000010101011010100001011001000000101100010010100001010011110
8 34  100 0100010111010000010000010110010000011110011010001111000001000011001010010101100010010100011011101110
4 35  100 0100010111010000010000010110000010001101001010101011010100000011001000000101100010010100011011001110
runNumber 28
genCount 5522
elapsedTime 599.958
unaryHyperVol 130
binaryHyperVol 12.9048
additiveEps 1
entropy 0
archive 28
1
3 29  100 0100001011100100110000101010000111110101001010010111110011101010101011010100010010010111010010001010
runNumber 29
genCount 5561
elapsedTime 599.998
unaryHyperVol 98
binaryHyperVol 26.0694
additiveEps 0.958333
entropy 0.475082
archive 29
2
5 31  100 0100010101010000010101001101010111010001110010011010110111101011100101111000100101010001101001000101
4 32  100 0100010101010000010101001101010111010001101010001010110111101011100101111100100101010001101001000101
