OptimalFront
unaryHyperVol 371
2
4 10  100 0101000100100111000101000110101011101000011110100111000111001000101000000000010000010001000001010000
3 11  100 0101001001010011010000000110101011101000011110100111000111001000101000000000010000100001000001011000
-------------------------
runNumber 0
genCount 5091
elapsedTime 599.833
unaryHyperVol 200
binaryHyperVol 11.8333
additiveEps 0.944444
entropy 0.509891
archive 0
2
4 24  100 0100100100010000001001000101101011101001011110101111001001001000101000001110100100100101100100111011
3 28  100 0100110101010100001001000101101011101001001110000011111101001100101000000010100101101001100111011000
runNumber 1
genCount 5284
elapsedTime 599.656
unaryHyperVol 147
binaryHyperVol 12.3636
additiveEps 0.818182
entropy 0.472411
archive 1
4
7 28  100 0101100101011001111010000100100111100111111110100001000100010000000101000000010000100101000001011001
5 29  100 1101100101010011111001000110100111010100101110000100001000010000110101000000000001100111000001001000
4 31  100 0101100101010011111001000000001111000100010010100001001000110000000101100000010000100101000001011001
3 32  100 0101100101010011111001000000001111010110010110110001010100010000110101000000010000100101000001011001
runNumber 2
genCount 5140
elapsedTime 599.75
unaryHyperVol 97
binaryHyperVol 10.25
additiveEps 0.709677
entropy 0.417715
archive 2
5
11 31  100 0100000101010001010000000001100101101011001010010111110110000111101000000110100001100000000001011011
7 32  100 0100000100010101010000000101100100101001011010101110011101000011001000000010100001100000000010001010
5 33  100 0100000100010100010000000101100111100000001100110111111101011010011011101010100000100000101111001010
4 36  100 0000000100010000010000100101100101100011000110100111111101010111001000000010100010100000101100101010
3 41  100 0100000101010100010000000001100101100001000010101110011110010111001011010010101100101000101111001010
runNumber 3
genCount 5166
elapsedTime 599.745
unaryHyperVol 120
binaryHyperVol 14.9524
additiveEps 1
entropy 0
archive 3
1
3 31  100 0100001101010100010000100100100111100001011110000011000100001101001001010110101100100001000001000000
runNumber 4
genCount 5314
elapsedTime 599.86
unaryHyperVol 169
binaryHyperVol 12.7068
additiveEps 0.857143
entropy 0.599401
archive 4
3
10 26  100 0100010101010000000001000100101010100000010010000111110101000010010000000100010000000001000001000000
5 27  100 0101000101011011011001000110101010100000110000101000001111000001011000000000010001100011000011100000
3 29  100 0100110101010011011001000110101010100000010010001010100101000001111000000000010010101111000001000000
runNumber 5
genCount 5157
elapsedTime 599.757
unaryHyperVol 118
binaryHyperVol 14.6875
additiveEps 0.791667
entropy 0.380988
archive 5
5
15 28  100 1000000001100101010000000100000001100100011101010111110110000000001000000010000111010001100100011001
10 29  100 0100001000100101010000100100000101000100010101010111110110110001001000000010000111010001100100011000
9 30  100 0100000010100100010000100100000101100100011101010111110110100000001000001010000111010001100100011001
5 31  100 1100001000100100010000000100000011010110111101000111001001010001101000010010000111011001100100011001
4 34  100 0100000000100100010000000100000001100100010110010111011101100000001001000010000111101100100100101011
runNumber 6
genCount 5177
elapsedTime 599.758
unaryHyperVol 103
binaryHyperVol 23.6932
additiveEps 0.909091
entropy 0.5994
archive 6
3
11 30  100 0110000001010011010000000110100000100100000000100001000011110001001000011010100000101001100101100000
6 31  100 0110000101010111000000001011100000100000010000000111001010010001001000111110100000101001100100111000
5 32  100 0110000101010011000000011001100010100100000000100101100010010001001000001110000000101001100100111000
runNumber 7
genCount 5239
elapsedTime 599.646
unaryHyperVol 131
binaryHyperVol 9.92857
additiveEps 0.785714
entropy 0.599401
archive 7
3
6 28  100 0100110101010101001001000010101010101000011110101011111111010000001000110110100000100111000010011000
5 33  100 0100110101010101001001000010101010101000000000001111111111010000001000110110100111100111000010010000
3 38  100 0100100101010100011001001111101110100001000000001110100110100000001000110010100010101010000010001001
runNumber 8
genCount 5229
elapsedTime 600.024
unaryHyperVol 116
binaryHyperVol 23.1196
additiveEps 0.869565
entropy 0.5994
archive 8
3
7 30  100 0100010101010001001001001000001010101100001110101011001011100000111000000010100100100011100111011001
5 31  100 0101110101010001001001001100000010101101001110101011001011100000111000000010100000100011100100101001
4 33  100 0100011101010000001001001100001000101000000000000011100001000000011000001010100000100101000010111001
runNumber 9
genCount 5184
elapsedTime 599.903
unaryHyperVol 33
binaryHyperVol 27.5705
additiveEps 0.896552
entropy 0.472411
archive 9
4
14 35  100 0100000010100100010000000000001110100100011010000111010000111100000101010100000100100011101101110000
10 36  100 0100000000100100010000000000001111001000010010011101110100111101000101010100010100101101100100110000
9 38  100 0100001110100100010000100000101110100110010000000101110001110100010101010100000110101011100101110000
7 39  100 1100000010000100010000000000001110101110010000000101100000110100010101010100010100100100100101110000
runNumber 10
genCount 5430
elapsedTime 599.81
unaryHyperVol 120
binaryHyperVol 34.3095
additiveEps 0.952381
entropy 0.509891
archive 10
2
5 30  100 0110000101010011001001000111100100101101010010101111111011010001101011000010100100100001101111011000
4 31  100 0111000101010111001001000110101001100000010010101111010001110101001011000010100011101101101010001000
runNumber 11
genCount 6782
elapsedTime 839.495
unaryHyperVol 232
binaryHyperVol 11.2333
additiveEps 0.933333
entropy 0.509891
archive 11
2
5 21  100 0100000100000100010000001110101010100100111110100111000011000000011000000000000100000000000001110000
3 25  100 0100000100100100010000001110101000101000110110100101000011000001011011110000010000100011000001010000
runNumber 12
genCount 5323
elapsedTime 643.84
unaryHyperVol 192
binaryHyperVol 13.1278
additiveEps 0.933333
entropy 0.509891
archive 12
2
15 23  100 0101100101010001001001001010100100101010011100100111100100010110101001000000010010100001000001010000
3 25  100 0101100101010011001001001011101101100010011110100011100100010111101001000000010000100001000001110000
runNumber 13
genCount 5275
elapsedTime 600.038
unaryHyperVol 87
binaryHyperVol 17.1823
additiveEps 0.793103
entropy 0.5994
archive 13
3
10 32  100 1100000100100111000000001100000001010100110001010101000110000001000010000010000101000001101001001010
5 33  100 1100000100100111000000001110100001010101011010000101010100001101000101110010000001000001100000001010
4 39  100 1101000101100101010000001100000001010101101110000001011100010000000101101110000101010001100100011000
runNumber 14
genCount 5228
elapsedTime 599.951
unaryHyperVol 117
binaryHyperVol 39.7424
additiveEps 0.954545
entropy 0.509891
archive 14
2
6 29  100 0100101101010100110000111101101010101001010000000011110100001111101010100000100000101101000000011000
5 32  100 0100110101010101110000010101101011100000010000000010101101001101101010100000100100101100000000011000
runNumber 15
genCount 5295
elapsedTime 599.951
unaryHyperVol 79
binaryHyperVol 38.3826
additiveEps 0.956522
entropy 0.509891
archive 15
2
8 32  100 1000101010100100011010001101101001100000111010100001001011000100000101001010000000010000101101001001
6 33  100 1000101010100100011010001101101001100000111010100001001011000100000101001010000001010000101101001001
runNumber 16
genCount 5334
elapsedTime 599.975
unaryHyperVol 101
binaryHyperVol 10.9862
additiveEps 0.793103
entropy 0.472411
archive 16
4
8 31  100 0100110000010100000000010101010100010100101110010001010111100000101000010010100000100011000001111011
5 33  100 0100110000010100000000110111010101010100100000000010010100010010101000010010100100100001100101011010
4 36  100 0100111101010000000000010101010101010100000000001011001001011010001001010010101100100001100100001010
3 39  100 0100001101010100010000000100100101101011101010000001011000011001001001010010100100100111101110001010
runNumber 17
genCount 5079
elapsedTime 599.994
unaryHyperVol 230
binaryHyperVol 54.9375
additiveEps 1
entropy 0
archive 17
1
5 18  100 0101001000101001010000000111101011101000010110100111100100001101111000000000000000100001000001011001
runNumber 18
genCount 5205
elapsedTime 599.988
unaryHyperVol 204
binaryHyperVol 14.9286
additiveEps 1
entropy 0
archive 18
1
3 24  100 0100000101010011010000000101100011100010011110100111000100000000010101000000010000101001000001001000
runNumber 19
genCount 5336
elapsedTime 599.911
unaryHyperVol 143
binaryHyperVol 12.9388
additiveEps 0.857143
entropy 0.599401
archive 19
3
10 28  100 0101111111010011001001010100101100100001010110100101110110001101011010010000000000101111000001011000
6 29  100 0101011101011011001001010100101100100001010110100101110110001101011010010000000000101111000011011000
3 31  100 0101100101010011001001000010100101101110001110010000010111110000011010110000010011100100000000101000
runNumber 20
genCount 5253
elapsedTime 599.961
unaryHyperVol 95
binaryHyperVol 17.0787
additiveEps 0.888889
entropy 0.472411
archive 20
4
12 30  100 0100110001010011010000000011100000100000010001111111110000000001011000100000010011101101000001101000
11 31  100 0100110001010011010000000011100000100001010001000011110000000001011000100000010011101101000001101000
8 33  100 0100110001010001010000101100100001100001010001000011110000000000001010100000010011101001000001011001
4 34  100 0100110001010001010000101101101000100000010000011011111010010001001001000000010011101101000001101001
runNumber 21
genCount 5219
elapsedTime 599.59
unaryHyperVol 210
binaryHyperVol 7.5942
additiveEps 0.826087
entropy 0.468496
archive 21
3
6 21  100 0101001000010011010000111010100011100000100110010111000001011000001000000000010000100001000001010000
4 30  100 0101001001010011011001011000100011100000100110001110000000111100101011000000011001100001000001111000
3 33  100 0101000001010010010000111010100011100000100110001000010001110111101000000000010111100001000011001010
runNumber 22
genCount 5224
elapsedTime 599.927
unaryHyperVol 175
binaryHyperVol 11.619
additiveEps 0.952381
entropy 0.509891
archive 22
2
4 26  100 0101001000010011010000000101100100100000001010100100110101001000010101000000011001100001000000111000
3 31  100 0110000101010001010000000101100000100000001010101000110101001000010101000000011001100001000000111000
runNumber 23
genCount 5183
elapsedTime 599.904
unaryHyperVol 70
binaryHyperVol 54.9792
additiveEps 1
entropy 0
archive 23
1
5 34  100 0000010000100100001001010010100100100000001101010001110110110000101010111100010001011111100101101010
runNumber 24
genCount 5253
elapsedTime 599.772
unaryHyperVol 100
binaryHyperVol 18.3571
additiveEps 0.857143
entropy 0.468496
archive 24
3
10 30  100 0101101001010011001010011101100001100111111010101000000111000000000101100010000001010001000000001011
9 31  100 0101101001010011011010011111100001100111110000001000110111000000000101000010000001010001000001101011
4 34  100 0101101001010011111010011101100001100111111010101000101110100001000101000010000001010001000001001001
runNumber 25
genCount 5203
elapsedTime 599.908
unaryHyperVol 208
binaryHyperVol 9.2375
additiveEps 0.7
entropy 0.5994
archive 25
3
7 22  100 0110000101010011000000000100001010101000111110100101100111000100011000010000010001000001001100010000
5 24  100 0100000101010011000000000000001110101000111110100101000111001000011000010000010001100001000001001001
3 30  100 0100000101010011010000001100001110100000111110000101001100100000011000010000010000100000000001001000
runNumber 26
genCount 5227
elapsedTime 599.929
unaryHyperVol 146
binaryHyperVol 25.1061
additiveEps 0.863636
entropy 0.5994
archive 26
3
6 27  100 0101001000010011010000010101101001010100001010010011010111001111111000000110100100100001000001100000
5 30  100 0101001000010011000000000101100001010100101110011111011101111111011010000110100100101001000001100000
4 32  100 0100001001010111000000010000100101010110101010011111110111011100011011000110100100100001000001000000
runNumber 27
genCount 5228
elapsedTime 599.948
unaryHyperVol 126
binaryHyperVol 13.0833
additiveEps 0.954545
entropy 0.509891
archive 27
2
9 29  100 0100101000010000110000000000000011010101100101010100000011001100101000101110001100101100100111011000
3 32  100 0100001001010100010000000000000011010100100000010111000100001100111010001110100100100110100111011000
runNumber 28
genCount 5303
elapsedTime 599.899
unaryHyperVol 180
binaryHyperVol 14.9375
additiveEps 1
entropy 0
archive 28
1
3 26  100 0100110100100100111001001110101111100000111010100110100100111011100101000000010000100001000001010000
runNumber 29
genCount 5245
elapsedTime 600.023
unaryHyperVol 231
binaryHyperVol 11.881
additiveEps 0.833333
entropy 0.472411
archive 29
4
9 21  100 0101110101010011001001000110100100100000001101010111110101111100101000000000010000101001000001010000
5 22  100 0101110111010011011001000110100110100000011101010111010100110000101000100000010100100001000001010000
4 23  100 0110110101010011111001000110100100100000001101010111110100110000101000000000010100100001000001010000
3 24  100 0110110101010011111001000110100100100000001110010111110100110000101000000000010100100001000001010000
