OptimalFront
unaryHyperVol 287
3
5 10  100 0111000101010111000000101001100010101101000010100101110111110101011001001110100010101100101011111010
4 11  100 0111000101010111000000101001100001010101000000101101110111110101011001001110100010101100101011111010
3 12  100 0100000101010100010000101000000010101101000000101101110111110101011001001110100010101100101011111010
-------------------------
runNumber 0
genCount 5420
elapsedTime 600.018
unaryHyperVol 118
binaryHyperVol 11.6053
additiveEps 0.894737
entropy 0.49717
archive 0
2
4 27  100 0100000101010100001001011000101010100000110001111101111010111001100101101110101000101110101011111010
3 29  100 0100000101010100101001001010101010100001100110111101011011000001000101101110101010101110101011111010
runNumber 1
genCount 5424
elapsedTime 599.905
unaryHyperVol 119
binaryHyperVol 9.15942
additiveEps 0.695652
entropy 0.449615
archive 1
3
6 26  100 0111000111010111001001001101100010101001000110101101100100110101011011010000000100101100000001110000
4 28  100 0100000101010111001001000101101001100001001110101101110100010101011001010000010000101111000001110000
3 33  100 0100000101010000001001001101100011101001000010101101100100001010111010010000011000101100000001111000
runNumber 2
genCount 5454
elapsedTime 599.991
unaryHyperVol 113
binaryHyperVol 24.2778
additiveEps 0.888889
entropy 0.49717
archive 2
2
6 26  100 0111000101010111001001001000000000101001101110100111110011010101011001000010000110001100100100101000
4 28  100 0111000101010101001001001000000000101001101110100111110001010101011001000010000110101100100100101000
runNumber 3
genCount 5304
elapsedTime 599.918
unaryHyperVol 108
binaryHyperVol 13.9708
additiveEps 0.842105
entropy 0.431679
archive 3
4
12 24  100 0111010110101011001001001001100001101101000110101001001111001100001001000000010010101100000011111010
6 27  100 0111010110101011001001001001101101100011011100100001011100110001001001000000010010101100000011111010
5 28  100 1011100110101011001001001000100001100101000110100001110100110001001001000000010010101001000001111010
4 29  100 0111010110101000111001001001100101100101000010100010010100110001011001100000000010100001000010111010
runNumber 4
genCount 5575
elapsedTime 600.04
unaryHyperVol 8
binaryHyperVol 21.6422
additiveEps 0.931034
entropy 0.481574
archive 4
3
11 37  100 1000000111100101010000101100000100010101000101000011101100100110001001101010000101101110100001001011
7 38  100 1000001001100100010000111100000100010100000010000011110000101010101001101010000011101010101011001011
5 39  100 0011001010100100010000010000101001010100000000010111111101101010001000111010000011100010100001001010
runNumber 5
genCount 5355
elapsedTime 599.855
unaryHyperVol 78
binaryHyperVol 10.1731
additiveEps 0.923077
entropy 0.49717
archive 5
2
5 30  100 0100000001100101010000010100000001001110110010100101110000111101010101000000010011101001000011111010
3 36  100 0100001010100100010000110000001000100100011010101100110000110100010101000000010111100100000010011011
runNumber 6
genCount 5431
elapsedTime 600.028
unaryHyperVol 76
binaryHyperVol 12.4205
additiveEps 0.954545
entropy 0.49717
archive 6
2
7 31  100 0111000101010011010001000011100001100001001100101101110110110010110101100000010001000000000001111001
3 32  100 0100000101010011010000110001100010010111011010111101111111110011010101000000011111100100000000111000
runNumber 7
genCount 5453
elapsedTime 599.966
unaryHyperVol 86
binaryHyperVol 15.3533
additiveEps 0.68
entropy 0.493798
archive 7
5
9 27  100 0101000100010111010000000001100001011100011100101111110101110101011001011110000110101110100100001001
7 28  100 0101000101010011010000000101100001011100000000000111110100110110011001001110100110101010100100001001
6 32  100 0100000101010011000000000001100001011101111110001000110001010110011011101110100011100010100100001001
5 34  100 0110000101010111000000000001100101010101011100000111110110010111011000101010000111101110100100001001
4 35  100 0101000101010111000000000000100001010110011010001100100001101011111000011110000110101110100100001010
runNumber 8
genCount 5575
elapsedTime 599.932
unaryHyperVol 104
binaryHyperVol 13.2172
additiveEps 0.772727
entropy 0.447913
archive 8
4
12 25  100 0100000100010101110000100001101010101101110110100011111100010101001001001010100010101000100111111010
6 27  100 0100101001010001110000101000001010101101111110100101110111110101111001110110001101101000100111001010
5 28  100 0100001001010000110000101000000010100010110110001100010100011101001001001010100010101000100111111010
4 32  100 0100111001010101110000001000000010101111110110001100110011001000001001110010101011101101100110101010
runNumber 9
genCount 5516
elapsedTime 599.99
unaryHyperVol 127
binaryHyperVol 10.9474
additiveEps 0.842105
entropy 0.49717
archive 9
2
4 26  100 0100000101010100010000101001100101010100010101111101110100010011011000001010101110100100101011111010
3 29  100 0100000001010100010000100000000010101101010110111101110101100111011000111010101001101100000010101011
runNumber 10
genCount 5494
elapsedTime 600.029
unaryHyperVol 88
binaryHyperVol 15.7933
additiveEps 0.72
entropy 0.449615
archive 10
3
9 28  100 0100000101010101010000011100000001001101000001010011111011100001011010000000011100100000000011111001
5 29  100 0100000101010001010000101000000101001101000001001010001011100001011010000000011100100000000011111001
4 35  100 0100001101010001010000011000000101100101000001000011100101110000011010100000011100100000000011011001
runNumber 11
genCount 5376
elapsedTime 599.963
unaryHyperVol 158
binaryHyperVol 11.25
additiveEps 0.857143
entropy 0.49717
archive 11
2
9 22  100 0100000101010100010000100101010000101101000000011101110111110001011000001110100011101100100110001000
3 24  100 0100000101010100010000100110101101101101000000011101110111110001011000001110100011101100100110001000
runNumber 12
genCount 5360
elapsedTime 599.943
unaryHyperVol 105
binaryHyperVol 20.6736
additiveEps 0.9375
entropy 0.49717
archive 12
2
12 25  100 0100000101010011011001000101100010101011001010000101110111110100011001001100010001011101101011101010
5 26  100 0100010101010101111001000100000010100011010010010001110111010101101001001100010001011111101011100000
runNumber 13
genCount 5468
elapsedTime 599.909
unaryHyperVol 82
binaryHyperVol 10.5
additiveEps 0.84
entropy 0.481574
archive 13
3
5 30  100 0100110001010111000000111001100101010110000000000001001101111100011010110110100001101111101011011000
4 33  100 0100000001010111000000111001100101010111100000001001001101111100101010010110100010101110100010011000
3 35  100 0100001001010100010000111001100100010110100000011001000100001100011001101010100000100111101100010000
runNumber 14
genCount 5551
elapsedTime 599.928
unaryHyperVol 84
binaryHyperVol 17.8071
additiveEps 0.95
entropy 0.49717
archive 14
2
10 29  100 0100010101100100110001001101101001101101000000001101100101110001011001011010000110100111101001001011
4 30  100 1000010101100100001001001000101000101101000000001101101100010001011001110010000010100100101001001000
runNumber 15
genCount 5458
elapsedTime 600.024
unaryHyperVol 161
binaryHyperVol 11.2041
additiveEps 0.857143
entropy 0.481574
archive 15
3
10 22  100 0100111101010100001001001001101011010101000010011101110111111101011001011110100010101000101010111010
5 23  100 0100100101010101001001001001100111010111000010011101110111111101011001011110100010101101101011101011
3 24  100 0100100101010100001001000000100111010101000010011101110111111101011001101110100010101101000011011010
runNumber 16
genCount 5590
elapsedTime 599.94
unaryHyperVol 0
binaryHyperVol 333
additiveEps 333
entropy 333
archive 16
0
runNumber 17
genCount 5474
elapsedTime 599.996
unaryHyperVol 53
binaryHyperVol 18.2615
additiveEps 0.884615
entropy 0.449615
archive 17
3
8 31  100 0111010101010001001010010000000010101110010000101101100001110100000111000100010001100101000001111001
7 35  100 0111010101010001001010000110100011100110010000001100100001110111010101000100011000100101000001111001
4 36  100 0111010101010001011010000110100011100110110000000101110000010111010101000100011000100101000001111001
runNumber 18
genCount 5450
elapsedTime 599.953
unaryHyperVol 71
binaryHyperVol 11
additiveEps 0.84
entropy 0.529986
archive 18
4
6 31  100 0111000110101001001001001101100010101111001010100101101111001101000101100000010010100111000000111010
5 33  100 0111000100101011010001001101100010101001000000110111000110001101000101100000000010100111000010111001
4 34  100 0110000101010010001001001101100000101111001010100101101100010001000101000000000010100111000010111000
3 35  100 0111000101010001010001001101100010101011001010000100011100001101010101000000010001100111000010111001
runNumber 19
genCount 5593
elapsedTime 599.967
unaryHyperVol 90
binaryHyperVol 12.925
additiveEps 1
entropy 0
archive 19
1
3 30  100 0100000001010100010000000010100010101111000000011111110101110101111000010000010010100100000010111001
runNumber 20
genCount 5578
elapsedTime 600.031
unaryHyperVol 119
binaryHyperVol 10.5333
additiveEps 0.85
entropy 0.449615
archive 20
3
6 26  100 0100001101010100010001111010100011100101010110111111110011110101010101001110100001101101101000111010
5 29  100 0100000100010000010000111010100011100101010110111110001111110110000101111110100010101101101001111010
3 30  100 0100000101010100010000111010100011100101010110111110001111111100110101001110100010101101101001101001
runNumber 21
genCount 5671
elapsedTime 599.948
unaryHyperVol 66
binaryHyperVol 19.6731
additiveEps 0.807692
entropy 0.481574
archive 21
3
7 30  100 0101000110101011010000100001100010101100010000011001011001110110010101000100010010100001000011001001
6 33  100 0010000100101011010000101000001010101101010000010001010001110110011010110000010010100001000001001001
4 36  100 1000000010101011010000100001101010100101010000011111000011100001101010110000000010100001000010101000
runNumber 22
genCount 5375
elapsedTime 600.033
unaryHyperVol 72
binaryHyperVol 16.2143
additiveEps 0.952381
entropy 0.49717
archive 22
2
13 30  100 1100110010100100000000101001101010100001000010010101100101000100101000111110000110101110101001000000
4 31  100 0100110011100100010000101001101010100011000010010101110111000001001000110110000001101110101001000000
runNumber 23
genCount 5351
elapsedTime 599.898
unaryHyperVol 96
binaryHyperVol 50.9118
additiveEps 1
entropy 0
archive 23
1
5 27  100 1000010110100100001010100100001010101101001010101010110100110101011000010100011010100111000011111010
runNumber 24
genCount 5423
elapsedTime 600.029
unaryHyperVol 101
binaryHyperVol 8.70513
additiveEps 0.730769
entropy 0.529986
archive 24
4
6 27  100 0100000100010011010000110101100001100001001100101101110101110101011001000000010001100100000010101001
5 31  100 0101000001010011010001110101100001101011001110101101111110000111011001000000010010101101000010001001
4 33  100 0101000100010001010001110101100001100000000110100101111110000111011001000000010010100101000010001001
3 36  100 0110000001010010010000110001101010100100000110100101111110000111011001100000010011100101000010101001
runNumber 25
genCount 5403
elapsedTime 599.927
unaryHyperVol 107
binaryHyperVol 31.25
additiveEps 0.944444
entropy 0.49717
archive 25
2
5 27  100 0100001110100111010000110000000001010110000000000101100011110101011001000110000100101100100100111010
4 28  100 0100000111100100010000100000000001010110000110000101100011110101011001000110000100101100100100111010
runNumber 26
genCount 5534
elapsedTime 599.981
unaryHyperVol 160
binaryHyperVol 12.8846
additiveEps 1
entropy 0
archive 26
1
3 23  100 0100010101010100011001000100000000010101000010101100110111110101111001101010100001100000101011111001
runNumber 27
genCount 5419
elapsedTime 599.995
unaryHyperVol 40
binaryHyperVol 25.3365
additiveEps 0.846154
entropy 0.529986
archive 27
4
11 32  100 1010010101101001001001010000000110100001000110100011110100110100001000000100010000101000100100111010
8 33  100 1010010101101001001001000100000110100000010110100001110100010100011000000100000000101000100100111010
7 34  100 1010110101101001001001010000000110100001000110100001110100010100001000000100000001100111100100111010
6 36  100 1010000101101011011001000101100110100000010110100001110000011100001001000100000001101000000011111000
runNumber 28
genCount 5578
elapsedTime 599.929
unaryHyperVol 124
binaryHyperVol 12.2647
additiveEps 0.941176
entropy 0.49717
archive 28
2
9 26  100 0100000101010100001001010111001111000001000110101101110011010001011001011110100000100011101011101011
3 27  100 0100000101010100001001000000000010100010010110101101110011010101011001010010100001100001101011101011
runNumber 29
genCount 5457
elapsedTime 599.999
unaryHyperVol 108
binaryHyperVol 31.9118
additiveEps 1
entropy 0
archive 29
1
4 27  100 1111000100101000010000101000000100101001000001000101110111110001001001001100000000100000101111001001
