OptimalFront
unaryHyperVol 487
2
6 9  100 0000011001100100100000111100000000100100101000000101101010001001001110110100011010110101100011001110
3 10  100 0000101001100100100000111100000000100100101000000101101010001001001110110100011010110101100011001110
-------------------------
runNumber 0
genCount 5267
elapsedTime 599.93
unaryHyperVol 111
binaryHyperVol 29.8292
additiveEps 0.8
entropy 0.5994
archive 0
3
11 33  100 0000101011010100010000111101110000101101110101001111111001111011000000000010100111110100000011010101
7 34  100 0000101011010100110000111110011000010111110101001111110101101000000110110000101000000101101101010101
6 39  100 0000101011010100010000001101111100010101000101011100010001111011010000011000100000100101000010110101
runNumber 1
genCount 5184
elapsedTime 600.042
unaryHyperVol 305
binaryHyperVol 13.8125
additiveEps 0.8125
entropy 0.509891
archive 1
2
4 22  100 0000101001100101010010110000000000100100101000100001101011001010000110110000010010110101100011110101
3 25  100 0000101011100100010000110110000100101100101001100101101010001010101110010000010110000101100011000101
runNumber 2
genCount 4997
elapsedTime 599.924
unaryHyperVol 201
binaryHyperVol 17.0487
additiveEps 0.818182
entropy 0.472411
archive 2
4
17 27  100 0110101001010001100001110111110000100100001000000101100010000000001110111100010001111101100010010110
9 28  100 0110101001010001100001110111110100100100001000000101100010000000001110111100010001111101100010010110
5 29  100 0110101000010001000001110111010001100100001000000101100010000000001110100100010001111101100001000110
4 31  100 0110101000010001000001110101010010100100001010000101101011000000000110011100010001111101100011000010
runNumber 3
genCount 5235
elapsedTime 599.976
unaryHyperVol 162
binaryHyperVol 19.5059
additiveEps 0.956522
entropy 0.509891
archive 3
2
14 30  100 0000010101101000010101110101110000010100010000100111110100011001001110010100000110000100100100100101
4 32  100 0000010101101000010101000001110100010100010001011100110000011000001110010100000110010101100100001110
runNumber 4
genCount 5401
elapsedTime 599.989
unaryHyperVol 260
binaryHyperVol 31.2667
additiveEps 1
entropy 0
archive 4
1
4 24  100 1010101011101000100000111000111100100100101000010101101010001001010110100100000110110110100100000110
runNumber 5
genCount 5311
elapsedTime 599.926
unaryHyperVol 172
binaryHyperVol 15.625
additiveEps 0.916667
entropy 0.599401
archive 5
3
10 31  100 0000000001100100001110101111110001010101000101100001110010011011011100110111011010010000101011000101
6 32  100 0000000001100100001110101111010001010101000101100001110010011011011100100111011010010000101011000101
3 33  100 0000101001100100101010000100110111010100000101100001100110111000001010111100010101010001101011100101
runNumber 6
genCount 5267
elapsedTime 600.013
unaryHyperVol 153
binaryHyperVol 18.7454
additiveEps 0.777778
entropy 0.478871
archive 6
4
11 30  100 0000010101000101010101000100000100010101100101101010101001011011100000111100010110110110101001001110
9 31  100 0000010101000101010101000100000100010101100101101010101001111011100000111100000110110010101001001110
6 35  100 0000010101100101000101000100000100010111101010111001111100111011100000111100010101001100100001000110
4 36  100 0000010101100101010101000101000010100110011010111011101000111011100000111100010101001100101011110110
runNumber 7
genCount 5285
elapsedTime 600.006
unaryHyperVol 293
binaryHyperVol 28.0667
additiveEps 0.933333
entropy 0.509891
archive 7
2
6 21  100 0000010111000100000101001100110000100100101000000101100010000001011110111100010001110001100001001110
4 24  100 0000010111100101000001001100000010100100101000101101001010000001010010101000011000110001100011001110
runNumber 8
genCount 5246
elapsedTime 599.886
unaryHyperVol 208
binaryHyperVol 12.0231
additiveEps 0.703704
entropy 0.54796
archive 8
4
11 28  100 0000101001100100100000001011011010100000000000011101010000011010100110010111011010111101100011011110
5 29  100 0000101001100100110000000011011010100010000000001001101000011000100000110100011010110001100010101010
4 30  100 0000101001100100100000000000010010100010000000101001101001011010110000110000011010111111101000111010
3 36  100 0000101001100100110000000001001010100010001011010000100000011011000110011100010101010100100011100010
runNumber 9
genCount 5200
elapsedTime 600.025
unaryHyperVol 173
binaryHyperVol 21.0782
additiveEps 0.703704
entropy 0.380988
archive 9
5
12 27  100 0000000000010100011100000111110000100100011000000101101011011001000110111000011010010001000011111010
9 29  100 0000000000010100001100000111110010100100011000000101100101011001000010011100011010010001100011100110
7 32  100 0000000011010010001100001111011010101001101000010101001111001001000110111100011010010001100011100110
6 33  100 0000000011010010001100001111100010100000111000010101100001011001010110101000010010010001100011000010
5 36  100 0000000000010000011100000111010110100011111011010001111000010111000010100111011110010001100001001110
runNumber 10
genCount 5108
elapsedTime 600.015
unaryHyperVol 210
binaryHyperVol 16.95
additiveEps 1
entropy 0
archive 10
1
3 29  100 0110101001010011000000010100011101100100100101000101111001111001000000000100010110000101100100001110
runNumber 11
genCount 5127
elapsedTime 600.009
unaryHyperVol 251
binaryHyperVol 16.0185
additiveEps 0.944444
entropy 0.509891
archive 11
2
4 26  100 0110101001010101100000110100000000010100001011010101101011111011001010110100010101110101100001110010
3 27  100 0110101001010001100000110100000000010100011011010111101011111001011010110100010000110101100001111110
runNumber 12
genCount 5199
elapsedTime 599.891
unaryHyperVol 201
binaryHyperVol 19.2955
additiveEps 0.95
entropy 0.509891
archive 12
2
14 27  100 0000000011100101100000001111000001100000111000000001101000111001010110110100011001110010100110001110
4 29  100 0000101000100101100000001111000001100000011001000100001000011001000110110100011001110010100111011010
runNumber 13
genCount 5353
elapsedTime 599.997
unaryHyperVol 230
binaryHyperVol 19.6818
additiveEps 0.818182
entropy 0.472411
archive 13
4
9 25  100 0101101001010000100000111110001001100100101000000101100010001001010000110100010100000100101001001010
8 27  100 1101101001010000010000111110001001100100101000000101100010001001010000110100010100000100101001110010
5 28  100 0101101001010010010000111110001001100100101000000101100010001001010000110100010100000100101001110010
4 31  100 0101101001010010000000011001000001100101101000000101100010101001010110100100010110010000000001001010
runNumber 14
genCount 5295
elapsedTime 599.969
unaryHyperVol 117
binaryHyperVol 31.2949
additiveEps 1
entropy 0
archive 14
1
4 35  100 0010101000010101010010110101000000100011000011001101110101011001110000000011100111010010100010010010
runNumber 15
genCount 5314
elapsedTime 600.07
unaryHyperVol 169
binaryHyperVol 31.2879
additiveEps 1
entropy 0
archive 15
1
4 31  100 0000101001100100100000011111010111100001011001000000101000011001100000110011011110000001000011010010
runNumber 16
genCount 5236
elapsedTime 599.909
unaryHyperVol 239
binaryHyperVol 12.1111
additiveEps 0.708333
entropy 0.54796
archive 16
4
9 26  100 0000010100100101010101000000000000000100001000010001100011001001000110110100011001110010100111001110
5 27  100 0000010110100100001101000000000000000100101001000101110000111001000110000100010101110001100011011010
4 28  100 0000010100100101010101000000000000000100101001000101110000111001000110000100010101110001100011011010
3 33  100 0000010110100100010101000000000110101010001001010000111110001001000110010100010101110001101110000010
runNumber 17
genCount 4988
elapsedTime 599.952
unaryHyperVol 249
binaryHyperVol 16.0556
additiveEps 0.944444
entropy 0.509891
archive 17
2
6 26  100 0110010101010000100001001110000000010100001000000000111011001010001110011100010001110100100011101110
3 27  100 0110010101010011010101001100000000100100001000001001111001001010011010110100010001110111100010101110
runNumber 18
genCount 5308
elapsedTime 600.021
unaryHyperVol 144
binaryHyperVol 25.7048
additiveEps 0.666667
entropy 0.509891
archive 18
2
5 32  100 1110101010101000100000110100111001101000011000010110011000011010010000000100000001000100100011001110
4 44  100 1110101010101011101010010010111101100000011001101000010100011010010000001100000101010000100100101110
runNumber 19
genCount 5544
elapsedTime 600.053
unaryHyperVol 155
binaryHyperVol 24.5046
additiveEps 0.875
entropy 0.472411
archive 19
4
12 30  100 0000101000010000000000010001100000100000101011011001011001011011011110101111101011110100000011001110
10 31  100 0000101000010000000001010001101000100000101011011001011001011011011110101111101011110100000011001110
6 32  100 0000101000010100010000001001101010100100101001001001011001011011111110101111101011010100000010001010
5 33  100 0000101000010100010000010001101000100011101011001001011001011011000110101111101011010100000010001010
runNumber 20
genCount 5118
elapsedTime 599.979
unaryHyperVol 252
binaryHyperVol 14.3737
additiveEps 0.842105
entropy 0.472411
archive 20
4
13 25  100 0110101001010011100000110101000001101100010000000111101001001010001110100100011010100100100001000101
6 26  100 0110101001010011100001110101000001100100000000010001100100001000001110000100011010100110100001000101
4 27  100 0110101001010011100000110101000011100000000000111000101001011000001110000100011010100101100001000101
3 28  100 0110101001010011100000110101000011101100011000110111101001001010001110100100011010101100100001000101
runNumber 21
genCount 5439
elapsedTime 599.847
unaryHyperVol 287
binaryHyperVol 9.06832
additiveEps 0.608696
entropy 0.472411
archive 21
4
10 21  100 0000101001100101010000010100000000100100101000010101101000001001011100100100011000111101100111001110
6 24  100 0000101001100100010000010100000000101000011000110101101010001001011100100100011000100111100101011110
4 27  100 0000101001100101010000010100000000101000011000010101101000000001011110101100010100111101100101001110
3 32  100 0000101001100100110000011000000001101011001011000101101101101001100110011100010101010111100110011110
runNumber 22
genCount 5222
elapsedTime 599.996
unaryHyperVol 247
binaryHyperVol 31.2708
additiveEps 1
entropy 0
archive 22
1
4 25  100 1010101001101000100000111111001111100100110101000001111000000001000000110100000001110001100011000110
runNumber 23
genCount 5334
elapsedTime 600.07
unaryHyperVol 260
binaryHyperVol 31.2667
additiveEps 1
entropy 0
archive 23
1
4 24  100 0110010101101000010101001111000000100100001000000101001010000001110000111100000001110101100001001110
runNumber 24
genCount 5365
elapsedTime 599.929
unaryHyperVol 194
binaryHyperVol 20.9156
additiveEps 0.909091
entropy 0.5994
archive 24
3
10 28  100 0000101001100100010000110111000000100000011010100101011010001010001110000001000000011111100100001110
6 30  100 0000101001100100010000110110000000001100101010101001100000011010101110001011000101000110100100001110
4 31  100 0000101001100100010000111100011000101100101010101010101001011010100010110001000100000110100100000110
runNumber 25
genCount 5431
elapsedTime 600.052
unaryHyperVol 183
binaryHyperVol 23.487
additiveEps 0.956522
entropy 0.509891
archive 25
2
8 29  100 0000101001101011100000111010000001100100001000000110000101000001000000110100000101011101000001000101
4 32  100 0010101001101011100000111001000011100110001011001100100101000001100010000100000010100101000001000101
runNumber 26
genCount 5528
elapsedTime 599.943
unaryHyperVol 132
binaryHyperVol 45.625
additiveEps 1
entropy 0
archive 26
1
5 33  100 1110101001101001100010000110100000010110100101001011010110000000011110000100010110010001100100001110
runNumber 27
genCount 5361
elapsedTime 599.985
unaryHyperVol 274
binaryHyperVol 11.2714
additiveEps 0.8
entropy 0.5994
archive 27
3
10 22  100 0110101001010101100000011100000000100000101000001101101000001010001100110100010001110001100111001010
5 26  100 0110101001010001100000011100110001100000101000000001100000001010001100110100010101000111100001001110
3 29  100 0110101001010001110000011000000000100000101000000001100000001010001110001000010011000001101111001010
runNumber 28
genCount 5315
elapsedTime 599.899
unaryHyperVol 222
binaryHyperVol 15.3813
additiveEps 0.95
entropy 0.509891
archive 28
2
11 27  100 0000101001000101111100011100000001101101000111010101110100000001001110110000010001110101100010001110
3 29  100 0000101000100100100000011100001001010101010101010101100011000001001110101100010101000101100111000010
runNumber 29
genCount 5156
elapsedTime 600.027
unaryHyperVol 194
binaryHyperVol 17.2981
additiveEps 0.730769
entropy 0.54796
archive 29
4
11 27  100 0110010101010111010101000000101010100000010101000001110100001001000101110111100010000101100011001110
7 29  100 0110010101010111010101000000101010100001010101000101010100000001001001110111100110000101101011001110
6 30  100 0110010101010111010101000000101010100000010101000101010100000010000010110111100110000101101011111110
4 35  100 0110010101010011010101000101010110100000000101000011111010000001000010010101000010100111101101101110
