OptimalFront
unaryHyperVol 346
2
5 11  100 0001101011000001001000001110000011101011000001111110010111101011001000001110101001010111011010101011
3 12  100 0001101011010101001000001110001011101011000001111110010111101011001000001110101001010111011010101011
-------------------------
runNumber 0
genCount 5248
elapsedTime 599.928
unaryHyperVol 132
binaryHyperVol 14.9444
additiveEps 1
entropy 0
archive 0
1
3 29  100 1111101011000001001000000110101011101001000001011110110100101000011000010000011000010101001000001001
runNumber 1
genCount 5286
elapsedTime 599.533
unaryHyperVol 114
binaryHyperVol 11.1884
additiveEps 0.826087
entropy 0.472411
archive 1
4
15 28  100 0011101000000001101000000110100011011111001111001110100000101100001000011100011001010101011010101001
6 30  100 1101101000000010101000000010001011011111001101110010010000100100001010010000011000010110001000111011
4 31  100 1001101011000001011001001010101000101111001001101010010101010111001000010000011000010000001010111011
3 34  100 0101101000000110101001000110000011010100001101111010011001010110001011010000011000010111001000111011
runNumber 2
genCount 5366
elapsedTime 599.917
unaryHyperVol 136
binaryHyperVol 12.2857
additiveEps 0.952381
entropy 0.509891
archive 2
2
5 28  100 0001101010010011001001000110101000010110000100010100010100101110000101001110000001010111011010011000
3 32  100 0101101010010100111010000010001011100100101101010110011000101010001001110110101001010111011000011011
runNumber 3
genCount 5182
elapsedTime 600.014
unaryHyperVol 114
binaryHyperVol 13.0455
additiveEps 0.954545
entropy 0.509891
archive 3
2
5 30  100 1001101000000101011000000000111000100001011101101110010110101011011000100000010100010111001001101011
3 33  100 1001101000111101011000011101010100101100110101101110010110101110001000110000010001010111001001101011
runNumber 4
genCount 5171
elapsedTime 599.968
unaryHyperVol 138
binaryHyperVol 11.1739
additiveEps 0.73913
entropy 0.509891
archive 4
2
4 28  100 0001101010010111101000001110001000010111101100011010011001101010000101000110000100010111010100101011
3 34  100 0001101010010111101000001110100001010101010000000010011001100010100101100110100100010101010100101011
runNumber 5
genCount 5265
elapsedTime 599.976
unaryHyperVol 67
binaryHyperVol 13.3269
additiveEps 0.923077
entropy 0.5994
archive 5
3
5 34  100 0001101000000000110111011101010101100000001000110010110111100001001001101010000001110001101010101001
4 36  100 0010101001000000011001011101010001100001101001110010010111100001001001101010000011010001101000101001
3 37  100 0010101000011001111001011101010100101000001001111010110111101001101001100000010100010101001001111000
runNumber 6
genCount 5180
elapsedTime 599.897
unaryHyperVol 130
binaryHyperVol 13.5
additiveEps 0.9
entropy 0.509891
archive 6
2
4 29  100 1101101000000000101000011100111001100011000001100010010100100111011000110000011000010111001011101010
3 31  100 1111101000010011001000011010111001100011100001110010010100101101111000110000011001010111001010101010
runNumber 7
genCount 5263
elapsedTime 600.069
unaryHyperVol 82
binaryHyperVol 14.3478
additiveEps 0.956522
entropy 0.509891
archive 7
2
5 33  100 0000101001110100001000110110001011100000000001111010010100010101100101110000010101000011001011111000
3 34  100 0001101001110100001000100010001011100000011101101110000100010100110101000000010001010111001000001001
runNumber 8
genCount 5270
elapsedTime 599.869
unaryHyperVol 107
binaryHyperVol 11.882
additiveEps 0.869565
entropy 0.472411
archive 8
4
10 29  100 1001100001101101001000010010100000100101000010111110000111101011000101000000011001010101001011101001
6 32  100 1101100001000101001000000010101110100101001110001110111100101011111000000000011001010101001011101001
4 33  100 1000010101100101001000000010110000100101011110001110010101101011111000000000011101010100001011101011
3 34  100 1011101001110101001000010010111000100101001110000110111101101011111000010000011001010111001010101001
runNumber 9
genCount 5334
elapsedTime 600.022
unaryHyperVol 113
binaryHyperVol 21.38
additiveEps 0.95
entropy 0.509891
archive 9
2
8 29  100 0000010101000000001000001110000001010111100001010100010000101100010101001100010101010100011001001001
4 31  100 0000010101011001001000001110000001010111101001010110110000101000000101011100010101010100011001001001
runNumber 10
genCount 5369
elapsedTime 599.997
unaryHyperVol 117
binaryHyperVol 12.9773
additiveEps 0.863636
entropy 0.509891
archive 10
2
4 30  100 0001101010000110001000000110001001010111000011101110001101100001001010000010000011010110111010001001
3 33  100 1100101010010110001000000110001001010111000011101110001101100001001010000010100011010101001010001001
runNumber 11
genCount 5075
elapsedTime 599.905
unaryHyperVol 154
binaryHyperVol 10.0435
additiveEps 0.869565
entropy 0.599401
archive 11
3
5 26  100 0111101001110101001011001110000111101011000001010010010111100101000101101010100101010111010111101000
4 32  100 1101101001010101001011000110011011010110001001000000000110100001010101111010100100010111010111101000
3 34  100 1101101001010101001011000010011010101101000101001010011101100000010101111010100100010101010110101000
runNumber 12
genCount 5184
elapsedTime 599.97
unaryHyperVol 40
binaryHyperVol 26.4524
additiveEps 0.892857
entropy 0.599401
archive 12
3
6 36  100 0100000001110000001000000010100111001000100001111010101010010101010101000010101000010101001001111001
5 37  100 0100000000010100001000001010100011100001001010100010001000010111000101010010100001010011001010101001
4 39  100 0100000000010101101000010010010001010110010110100010001001101011011000110110101101010111001011001001
runNumber 13
genCount 5299
elapsedTime 600.018
unaryHyperVol 166
binaryHyperVol 9.04545
additiveEps 0.666667
entropy 0.599401
archive 13
3
9 24  100 1001101000000001001000001110000111101010001111001110110110101011100101000100011001010101111010101011
5 26  100 1001101000001001101000001110000111101010000111001110110110101011100101000100011001010101111010101011
3 33  100 1011101000001001101000001110000111101010001111001110110110101101100101110000010010010100001001101011
runNumber 14
genCount 5462
elapsedTime 599.911
unaryHyperVol 133
binaryHyperVol 9.5
additiveEps 0.708333
entropy 0.472411
archive 14
4
14 26  100 0011101011000110101000001010000101010110010101111010010111101000001000001110000101010110011001001011
7 28  100 0011101010111110101000000110001000010111000101111010110111101000001000011110000010010110011011001011
4 30  100 0011101001100010001000101110000101010110010000101110010101100001001010011110000001010110011011001011
3 35  100 0110101011010100101011111110010111010110000000111010110001101010101000000110100101010101101011001000
runNumber 15
genCount 5193
elapsedTime 600.02
unaryHyperVol 83
binaryHyperVol 13.7554
additiveEps 0.913043
entropy 0.599401
archive 15
3
11 32  100 1101000000111101001000000100000011101001100001010010010100100100001001000000011001010000001000001000
8 33  100 1101000000111101001000000100000000100111111101101010010110100011101000010000011001010100001000111001
3 34  100 1101101010110001101000010110000010100111111101101010010110100101001011000000011001010100001000111001
runNumber 16
genCount 5314
elapsedTime 600.006
unaryHyperVol 180
binaryHyperVol 14.9286
additiveEps 1
entropy 0
archive 16
1
3 25  100 0011101001000001001000000010101011010111001101110110010111100100101001000000011000010111001010101000
runNumber 17
genCount 5263
elapsedTime 599.953
unaryHyperVol 110
binaryHyperVol 13.6476
additiveEps 0.952381
entropy 0.509891
archive 17
2
8 30  100 0010101011110101101000001101010010100001000011110010010011101010101000001010101010010100011000001001
3 32  100 0001101011010111001000111101010111100000001001100110010111101010101000001010101110010001001001001001
runNumber 18
genCount 5336
elapsedTime 599.87
unaryHyperVol 114
binaryHyperVol 12.3636
additiveEps 0.818182
entropy 0.417715
archive 18
5
11 29  100 0001101001010001101000101110101000010111001000101010110111100100000000101110000101000001011001001001
9 30  100 0001101011010000011000111110101100010111001000101010010111100100000000101110000100000001011001001001
6 31  100 0001101011000100111011011110010111010111100001001010010111101000011011101110000100000001111001001001
4 32  100 0101101011010101101000110000000101101111010101001110101011101000011000111110101100000001011001001001
3 33  100 0011101011010101101000111110001101010100000000101010101011101000011000011110101100000001001011001001
runNumber 19
genCount 5309
elapsedTime 600.047
unaryHyperVol 104
binaryHyperVol 12.5417
additiveEps 0.833333
entropy 0.509891
archive 19
2
4 31  100 0101101001110101001011001110000001101011100001001110110100010100000101010100011110010111101010101001
3 35  100 1111101001110111001011001010000001100111100011001110110110010111000101010000010010010111001010101001
runNumber 20
genCount 5304
elapsedTime 599.873
unaryHyperVol 39
binaryHyperVol 23.1921
additiveEps 0.862069
entropy 0.5994
archive 20
3
10 34  100 0000010111110101010111000010001010101010011111110010110101010100011000100110100010010110011011101011
7 37  100 0001010111110101010111010010001010101010110110010010000110100000011000001010100110010001001011001001
5 40  100 0100010101110101010111000110001010101000110110010010100111100001011010110010100111010001001001001001
runNumber 21
genCount 5306
elapsedTime 600.017
unaryHyperVol 8
binaryHyperVol 34
additiveEps 0.965517
entropy 0.509891
archive 21
2
7 39  100 0110101001110111001000000110100100100011100011111101110101001101001011101101000010110001111000011001
5 40  100 0111101001110111111000000110111101100011100011111010110010101111001011100110100000010001111000011001
runNumber 22
genCount 5360
elapsedTime 599.957
unaryHyperVol 91
binaryHyperVol 12.1731
additiveEps 0.807692
entropy 0.509891
archive 22
2
4 32  100 0111100000010100101011011010011011100101010001011110010110101111001010101110101000010111011010001010
3 37  100 1100101001010100101011011010110010100110100001000010110110100101100101001010101001010110011010001010
runNumber 23
genCount 5177
elapsedTime 600.021
unaryHyperVol 195
binaryHyperVol 7.78788
additiveEps 0.681818
entropy 0.5994
archive 23
3
6 22  100 0010101000000001001010000010101011101010000101101110010100101011000101001100011001000000011010101001
4 27  100 1001101000000001001000010110101011101011000101111010000111101010000001010000011001000001001010001001
3 33  100 0101101000101001101000010110101011100010000111111010010101100011011011000000011001000001001010001001
runNumber 24
genCount 5178
elapsedTime 599.896
unaryHyperVol 99
binaryHyperVol 12.14
additiveEps 0.92
entropy 0.5994
archive 24
3
5 31  100 0101101000010101001010110110001011100100011111111001110100101111111000000010101000010101010110101000
4 35  100 1101101001010111001001000010000011101010001101010010111010010111111000010010101000000000101010001010
3 36  100 0101101000010101101011010110101100100000101101110110110110010110101000000010101000010101010110101000
runNumber 25
genCount 5018
elapsedTime 600.037
unaryHyperVol 172
binaryHyperVol 10.65
additiveEps 0.75
entropy 0.5994
archive 25
3
5 25  100 0001101011001000001000001010001010010111000100111110010010101110111000000100010101010111001010101011
4 27  100 1101100011001000001000011010001010010110001101111110110110101000001000010000011111010111001010101011
3 31  100 1101101011001000001000011010001010101110010101101110000110101000101000010000011111010111001010101011
runNumber 26
genCount 5341
elapsedTime 599.933
unaryHyperVol 139
binaryHyperVol 25.7193
additiveEps 0.842105
entropy 0.599401
archive 26
3
6 27  100 0000101011000001011000000010000010010101000000000100100111100001000101101110000001110111011001001001
5 28  100 1101101011000001011000000010000010010100001101000010000110100001000101111110000001110111011001001001
4 30  100 0010101000000001011000100110000010010101000000010110100111100001010101111110000001010111011001001000
runNumber 27
genCount 5305
elapsedTime 599.732
unaryHyperVol 146
binaryHyperVol 12.1333
additiveEps 0.9
entropy 0.468496
archive 27
3
6 27  100 0011101001010110001000000100100100100000000001010110000111100111001000011110100101010111011010100000
4 30  100 0000101000000000011010000101011010010100001001010110100101100111001000011110100101010110001010101001
3 31  100 0011101001010110011000000101011010010101101111000010000111100111001000011110100101010111001010100000
runNumber 28
genCount 5105
elapsedTime 599.923
unaryHyperVol 170
binaryHyperVol 11.2632
additiveEps 0.947368
entropy 0.509891
archive 28
2
5 25  100 0011101001000000111000110110011011010100000001001110010100101011001000110110100101010111011010011001
3 30  100 0010101011110100111000110110011011010100000001001110010100101011011000110000010101010111001000010000
runNumber 29
genCount 5247
elapsedTime 600.013
unaryHyperVol 150
binaryHyperVol 12.7368
additiveEps 0.947368
entropy 0.509891
archive 29
2
5 27  100 0011101011000000001011111110000111010111001011101010010111101000000101111110100000010100011000011010
3 30  100 0001101011010111011001000110100011010110001011100010000101100000000101011110100101010111011011101011
