OptimalFront
unaryHyperVol 315
3
6 9  100 0111100101010101001010101001000010001101000001101110110111110101011001001110100010010000101011111010
4 10  100 0111100101010101000000101001000001011101000001101110110111110101011001001110100010010100101011111010
3 11  100 0100100101010100001001001001000010001101000001101110110111110101011001001110100010010100101011111010
-------------------------
runNumber 0
genCount 5361
elapsedTime 600
unaryHyperVol 167
binaryHyperVol 11.738
additiveEps 0.647059
entropy 0.444471
archive 0
4
14 19  100 0111000001010111010000000001000001111100110101010010000111110101011001001110100010010100101011111010
12 20  100 0111000000010011010000000001100001111101001101010010000111110101011001000110100010010100101011111010
5 21  100 0101000001010011000000000001000101011101110101111010110110110100011001001110100010010100101011111010
4 26  100 0101000001010111000000000011010001010100110001111010110010110100011001101010100110010100101011111010
runNumber 1
genCount 5450
elapsedTime 600.021
unaryHyperVol 103
binaryHyperVol 23.4058
additiveEps 0.782609
entropy 0.481574
archive 1
3
6 27  100 0000000010100100000000001001001001011101010011011110010101010010010101001110000000010110101011111010
5 29  100 0011000010100100000000010101001001110111010011010110110011010001000101001110000000010111101011111010
4 32  100 0000000010100100000000001001001001011101010100110110101011010001000101100110000010010101101001001010
runNumber 2
genCount 5301
elapsedTime 599.92
unaryHyperVol 92
binaryHyperVol 13.9394
additiveEps 0.75
entropy 0.447913
archive 2
4
14 27  100 0100001101010100110000001001000011010000000111101110010010110101011100101110100011010100101010001010
6 28  100 0100100001010001110001011000000111010000000111101110110011100101011100101110100010010100101001011010
5 31  100 0100000001010100110001011010000011010000000111101110111010101001010110101010100101010100101010001010
4 33  100 0100000001010000111001011010000011010000000111101110111010101001010110101010100101010100101010001010
runNumber 3
genCount 5281
elapsedTime 599.922
unaryHyperVol 181
binaryHyperVol 11.2444
additiveEps 0.8
entropy 0.49717
archive 3
2
5 21  100 0100000001010001010000101001000010110010000000000000110110110101011101001010100010010100101011111010
3 24  100 0100000001010100010000101011010010111001000000010010110010110101011101001110100110010100101000001010
runNumber 4
genCount 5358
elapsedTime 600.039
unaryHyperVol 120
binaryHyperVol 26.2549
additiveEps 1
entropy 0
archive 4
1
4 26  100 0011000001100111000000111101010001011101000001000010111011010001010100001110000011010100101000001010
runNumber 5
genCount 5369
elapsedTime 599.659
unaryHyperVol 71
binaryHyperVol 24.5942
additiveEps 0.869565
entropy 0.481574
archive 5
3
9 29  100 0101100101010001101010100101000010000101011111000110100010010001010101001010101010010101101011010101
7 31  100 0101101100010101101010000001000001110001011111010110110110010001000101001010100010010101101001010101
5 32  100 0100101100010101101010000101000010011101001111010110010000011011000101101110101010010101101000010101
runNumber 6
genCount 5380
elapsedTime 599.974
unaryHyperVol 112
binaryHyperVol 12.0794
additiveEps 0.904762
entropy 0.49717
archive 6
2
6 27  100 0100000001010000010000100101110010001101011101110001110000101001101000000110100110010101101010111010
3 30  100 0100000001010100010000000111110010000010001111111010000011101001101000001110101000010101101011111010
runNumber 7
genCount 5458
elapsedTime 599.853
unaryHyperVol 78
binaryHyperVol 28.1429
additiveEps 0.952381
entropy 0.49717
archive 7
2
8 29  100 1101100100010000001001000001111110001001000101101110110110110111010110000000011001010100000011110000
5 30  100 0110100100010000001001000101110000001001000111101110111110110111010110000100011000010100000011110000
runNumber 8
genCount 5309
elapsedTime 600.048
unaryHyperVol 126
binaryHyperVol 9.064
additiveEps 0.64
entropy 0.447913
archive 8
4
8 25  100 0100100101010101110001010011110000001101010110110010110111010001011001000010100011010100101011001010
6 26  100 0100100101010001110000100000110000101001010100111010110111000001011001000010100011010100101011111010
4 28  100 0100100101010100011001010011110000000000000101100010110101010101010001000010100011010101101001011010
3 34  100 0100100101010100011001000011110000110001000101100110010100011111111110000110101100010101101000011010
runNumber 9
genCount 5380
elapsedTime 599.936
unaryHyperVol 137
binaryHyperVol 17.9674
additiveEps 0.652174
entropy 0.449615
archive 9
3
7 23  100 0100100101010100001001110001110000001111000100100110111110110100011011001110100001010100101011111010
5 25  100 0100100101010100001001110101010100001111001100101110101110110100011011001110101101010100101011111010
4 32  100 0100101100010000011001110101001100001001110110100110100101010111001001000110101100010100101000101010
runNumber 10
genCount 5338
elapsedTime 599.941
unaryHyperVol 64
binaryHyperVol 28.6494
additiveEps 0.909091
entropy 0.49717
archive 10
2
10 29  100 0100000001010011001010011101000110001100010001111110110110100001011101000000010110010111000000001010
6 31  100 0101000001010111001010011101000110001100010101111110110100010111011100100000010110010111000000001010
runNumber 11
genCount 5444
elapsedTime 599.928
unaryHyperVol 99
binaryHyperVol 20.8012
additiveEps 0.894737
entropy 0.481574
archive 11
3
12 26  100 0100100101010101110000000111110011000001010110001001110011011101011011011110100001010100101011111010
7 27  100 0100100101010101110000100100110010010000010101101001110011001101011101011010101001010101101011111010
5 28  100 0100100101010101110000000000110010000000010100101110000110000011010101011010100000010100101011111010
runNumber 12
genCount 5406
elapsedTime 599.858
unaryHyperVol 92
binaryHyperVol 20.1238
additiveEps 0.904762
entropy 0.49717
archive 12
2
8 28  100 1100000011010001010000111001000110110101010001100100111100010001011001000100000010010000101001011010
4 30  100 0101000001010000010000010100000101111100000101100110110000010001011001110100000010010100101010111010
runNumber 13
genCount 5500
elapsedTime 600.067
unaryHyperVol 51
binaryHyperVol 24.7467
additiveEps 0.92
entropy 0.49717
archive 13
2
9 31  100 0111100110101011011010100001100100011100011101111010100110110101100100010100011100010000101011111010
5 34  100 0101100110101011111010100011100110010001000101001010000110000011000100010100001100010000101011111010
runNumber 14
genCount 5492
elapsedTime 599.897
unaryHyperVol 85
binaryHyperVol 21.2024
additiveEps 0.791667
entropy 0.449615
archive 14
3
10 27  100 0111000001010011001001111001000010010110100001000110110100111100010100111010100010010100010101011010
6 29  100 0111000000010111001001111001000010010110101000011110000001010100010100111010100000010100010101111010
5 33  100 0111000000010011001001111001111010101011010100011110000101000001010100111010100011010101010101011010
runNumber 15
genCount 5230
elapsedTime 599.982
unaryHyperVol 84
binaryHyperVol 18.6121
additiveEps 0.75
entropy 0.529986
archive 15
4
7 28  100 0100100101010001110000011101000010001111001101011110110100101001110110001100010000000000101001010101
6 29  100 0100001100010001110000010101000010001100001101000110110100000001110101001100011100001000101011010101
5 33  100 0100100101010001110000010100000010001100001001000110110100000010000011011100010100000000101001010101
4 38  100 0100101101010001110000000100101010111100001111010110110000101101110100011100010100000000101010010101
runNumber 16
genCount 5363
elapsedTime 599.994
unaryHyperVol 111
binaryHyperVol 11.0435
additiveEps 0.782609
entropy 0.49717
archive 16
2
5 27  100 0100000001010100010000100011001010001101001000010000110110010010011101000110101110010101101011011010
3 32  100 0100000001010100010000100011101011001111001011000110010010110001011111000010100000010101101001011010
runNumber 17
genCount 5291
elapsedTime 599.951
unaryHyperVol 74
binaryHyperVol 19.0522
additiveEps 0.826087
entropy 0.529986
archive 17
4
13 28  100 0111000001010101001001111001000010001110011111010000110101110110010100110100010010010111101010001010
9 29  100 0100010000010001001001111001000010001101011111010010110100010000000100110100010010010111101011111010
7 30  100 0100010000010001001001111001000010001101100001010110010100011110000100110100010110010111101010111010
5 32  100 0110000000010000001001111000000010001110010111010010110101011110011100110100011010010111101011111010
runNumber 18
genCount 5392
elapsedTime 599.924
unaryHyperVol 180
binaryHyperVol 26.2121
additiveEps 1
entropy 0
archive 18
1
4 20  100 0111000001010111000000010110000001011111001011100110110111010101011001001110101110010111101011111010
runNumber 19
genCount 5381
elapsedTime 600.031
unaryHyperVol 104
binaryHyperVol 31.0789
additiveEps 0.894737
entropy 0.49717
archive 19
2
7 26  100 0111000001010011000000100011001100111101110000010000110111110101000100001100010010010001101001010101
5 28  100 0111000001010011010000111011001100110101010000000010110111010101000111001100010010110000101011010101
runNumber 20
genCount 5423
elapsedTime 599.98
unaryHyperVol 61
binaryHyperVol 19.6683
additiveEps 0.807692
entropy 0.492862
archive 20
5
11 28  100 0100000001010011000000000110000101111111100111100110100100110111111000111110100010010110101011111010
9 31  100 0100000001010011000000000110000101111111010110110010100100110111100101110110101010010110101011111010
7 33  100 0110000001010011010000100011000101110100101111110110100000010001001000110110100010010100101011011010
6 34  100 0101000001010011010010111100110101011001000111001110110101010000110011011010101001010100101001111010
5 35  100 0100000001010011000000100011000101110111011111110110100000010011001011110100101001010100101011111010
runNumber 21
genCount 5380
elapsedTime 599.936
unaryHyperVol 64
binaryHyperVol 16.4195
additiveEps 0.758621
entropy 0.449615
archive 21
3
9 30  100 0111010101011011101001000001010001010101011111011110100100110110100110110100000010010100101000111010
5 32  100 0111010101011011101001000001010001011111011111011110100100011100110100010100000010010000101000111010
4 38  100 0101011101010010101001000001010101011000001111000110111000010110001111010100010000010110101011101010
runNumber 22
genCount 5532
elapsedTime 600.016
unaryHyperVol 90
binaryHyperVol 26.2667
additiveEps 1
entropy 0
archive 22
1
4 29  100 1000000001100100010000100010000010001001110001010110111100011101010101110100010000010100101011111010
runNumber 23
genCount 5211
elapsedTime 599.968
unaryHyperVol 119
binaryHyperVol 16.8583
additiveEps 0.666667
entropy 0.449615
archive 23
3
8 25  100 0100000001010000000000110101110000010100000001010010110100110101011001000110100100011011101011111010
5 26  100 0100000000010100010000110101110100010100000001010010110100110101011001000110100000011010101010111010
4 33  100 0100000000010100010001110101110100010100000001010010101000010101001000010110100100011011101011101010
runNumber 24
genCount 5379
elapsedTime 599.937
unaryHyperVol 60
binaryHyperVol 13.4306
additiveEps 0.958333
entropy 0.49717
archive 24
2
9 32  100 0100100100010101110001110000110101001111100101010010111101011111010100101010101010010100101001111010
3 33  100 0100100101010100111001000011110101001111100101010010111101011111010100011010101010010100101001111010
runNumber 25
genCount 5321
elapsedTime 600.022
unaryHyperVol 96
binaryHyperVol 20.71
additiveEps 0.95
entropy 0.49717
archive 25
2
8 28  100 0111100011101011000000101011001101011111001101100110111000010001010111000100010010010001010111110101
4 29  100 0111100001101011000010101101001101011111001101100110111100010001000000010100000010010000010111110101
runNumber 26
genCount 5324
elapsedTime 599.964
unaryHyperVol 108
binaryHyperVol 9.80769
additiveEps 0.692308
entropy 0.481574
archive 26
3
5 27  100 0100000001010100110000000111000011001111011101010010110111111101101001000010101101010100101000011010
4 32  100 0100000001010000010000000111000011111111011101110010010111001011011001000010101001010101101000101010
3 35  100 0100000001010100010000000111000011101111011001010010000101001111001101010010101001010101101000101010
runNumber 27
genCount 5509
elapsedTime 599.933
unaryHyperVol 119
binaryHyperVol 18.0439
additiveEps 0.842105
entropy 0.481574
archive 27
3
9 25  100 0100100101010100001010101001111010001110010110001010000100110111011100001110101001010000101011111010
7 26  100 0100101101010100001010000101011010101110000110001110000100110100010000001010100010010100101011111010
4 28  100 0100101001010100001010000111011010001110010110011010000100110100011000010010100010010000101011111010
runNumber 28
genCount 5487
elapsedTime 599.952
unaryHyperVol 139
binaryHyperVol 25.4167
additiveEps 0.9375
entropy 0.49717
archive 28
2
5 24  100 0100011101010100001010100101000000000101111011111110110100111101011000010010100001010100101011001010
4 25  100 0100100001010100001010100101000000001101111111111110110100011101011000010010100000010000101011001010
runNumber 29
genCount 5441
elapsedTime 600.065
unaryHyperVol 87
binaryHyperVol 36.8333
additiveEps 0.909091
entropy 0.49717
archive 29
2
6 28  100 0011000011000100010001111011000010001101000111111101110001000101011100011100000110010101101001110000
5 31  100 0011000011000100010001111011000010100101001101101010110000100111011100011100000110010101101001110000
