OptimalFront
unaryHyperVol 347
3
6 8  100 0100011101010110101001000110011111010101001001000110010001101011001001111010100001100010110011110010
4 9  100 0100011101100110101001000110011111010101001001000110010001101011001010111010100001100010111011110110
3 11  100 0100010101100110101001000110101111101101001001000110010001101011001010111010100001100010111011110110
-------------------------
runNumber 0
genCount 32061
elapsedTime 600
unaryHyperVol 164
binaryHyperVol 17.2185
additiveEps 0.857143
entropy 0.449615
archive 0
3
10 22  100 0100011101100100101001000100101111100001000101000101110100101001000000001010010011100010111001110110
8 24  100 1000011101101110101001000000101111101101000101100110110000111000011010011010010011100010111001110100
4 25  100 1000011111100110101001010110101011100000010101100110110000101011000000011010110001100010111001110110
runNumber 1
genCount 31760
elapsedTime 599.966
unaryHyperVol 120
binaryHyperVol 11.677
additiveEps 0.857143
entropy 0.481574
archive 1
3
10 27  100 0111000101100100011001000100100110100001001011001010110111101011001010101010101101100110111000110101
5 30  100 0011000101101111010000010100101010100001001011111010110011101011101010100110101101100010111011110101
3 31  100 0011000101100100011001000110100110100001001011111010110011111011101010100110101101100011111011110101
runNumber 2
genCount 31841
elapsedTime 599.968
unaryHyperVol 136
binaryHyperVol 12.0774
additiveEps 0.857143
entropy 0.481574
archive 2
3
11 26  100 0111111100101000000000010110100100100101001001010010100001011011001010111010100001100001111010110110
8 27  100 0100110010100000000000110110100100101101001001010010100001011011001010111010100001100011111000010010
3 29  100 1100001100100110010000010010101010101101001011000110111001011011110000101110101010100011111011110110
runNumber 3
genCount 32654
elapsedTime 599.966
unaryHyperVol 66
binaryHyperVol 13.9359
additiveEps 1
entropy 0
archive 3
1
3 34  100 1000000001100010010000101110101000101110001011010110000010101001010110011110100010100001101000110101
runNumber 4
genCount 32135
elapsedTime 599.995
unaryHyperVol 143
binaryHyperVol 13.9123
additiveEps 1
entropy 0
archive 4
1
3 27  100 0001000111100010111001000110100000010101001001000110001000001011001010011010111101100010111011100110
runNumber 5
genCount 32290
elapsedTime 600.009
unaryHyperVol 95
binaryHyperVol 11.9136
additiveEps 0.851852
entropy 0.49717
archive 5
2
4 31  100 0100000011101001110000000010101100101100000101110010010011000001101010111010100001101110010101000101
3 35  100 1100000100101001001001000010100100100110000101110110000011000001101010111010000001101110010110000101
runNumber 6
genCount 32347
elapsedTime 599.941
unaryHyperVol 90
binaryHyperVol 12.4231
additiveEps 0.884615
entropy 0.481574
archive 6
3
7 31  100 1000000110100110111001000000001101011101010101100110000101011011101110101110110001100000010110000101
4 33  100 1000000110100010111001000000001101010101010101100110000101011011101110101110110001100000010110000101
3 34  100 1001000110100000101001001010101111010111101001011110000111011011001110101110100101100000010101111010
runNumber 7
genCount 31824
elapsedTime 599.986
unaryHyperVol 215
binaryHyperVol 10.5
additiveEps 0.75
entropy 0.481574
archive 7
3
5 20  100 0100010101101010001001000110010011101101110001000110010001101011000000001010100001100011101011110111
4 21  100 1100010101101010001001000110010011101101110101000110010001101011000000001010100001100011101011110111
3 24  100 1100010101101010001001000110100010101001010101000110010001101011000000001010100001100011101011110111
runNumber 8
genCount 31832
elapsedTime 600.011
unaryHyperVol 134
binaryHyperVol 10.2821
additiveEps 0.730769
entropy 0.449615
archive 8
3
6 27  100 0110011101100110001001000000100011100001101000000110101000011000100000111010100001100101111011110011
4 28  100 0110011101100110001001000110100011100001001010111110011001011000000000111010111010100001011011000100
3 34  100 0111110101100110001001000010100001100001101010000110101010011010000000110000100000100101001011000000
runNumber 9
genCount 31730
elapsedTime 599.973
unaryHyperVol 160
binaryHyperVol 15.9206
additiveEps 0.857143
entropy 0.49717
archive 9
2
10 21  100 0100111100100110010000000010101010101101011001000110010001101011000010111010100001100101111011110111
4 26  100 0100110001100110010000000010100100100001011001111110010011101011001010110010100001100101111011010111
runNumber 10
genCount 32533
elapsedTime 599.958
unaryHyperVol 216
binaryHyperVol 8.74074
additiveEps 0.666667
entropy 0.481574
archive 10
3
6 19  100 0111010101101110101001000100100010100000001001000110100101101000001010111010100001100010111011110110
4 23  100 0111011101101101001001010010100010100000001001000110100101101000001010111010100001100010111011110110
3 26  100 0111010101101110101001000110100111100000001000011010110101001000001010000010100000100010111011110110
runNumber 11
genCount 31712
elapsedTime 599.974
unaryHyperVol 180
binaryHyperVol 9.93
additiveEps 0.7
entropy 0.479575
archive 11
6
8 22  100 0100000001101011010000000100101111100001010101000110010101001010001010110010100001100010111011110100
7 23  100 0100000001100110010000000000001111000001010101000110000101110010001010111010100100100010111001110110
6 24  100 0100000001101010010000000000101100100001000101000110110101110010001010110010100001100010111011110000
5 26  100 0100000001100110010000100001010111101001010011000010001111111011001010111010100101100010111011110100
4 27  100 0100000011100110010000000000001011100000010101010110010101000010001010110010100001100000111011110000
3 28  100 0100000001100101010000000110100001100001010101000110010101001010001010110010000001100000010101110100
runNumber 12
genCount 31770
elapsedTime 599.967
unaryHyperVol 157
binaryHyperVol 12.5489
additiveEps 0.894737
entropy 0.481574
archive 12
3
10 25  100 0000011101101000001001000100001101100001001001110110010100101011001010001010101000100110111010010100
4 26  100 0000011101100101001001000010100111101001001001110110010100101011001010001010101000100010101010010101
3 27  100 1000010101100110011001000010100110101001001001110110010100101011001010001010101000100110111010010100
runNumber 13
genCount 32448
elapsedTime 599.962
unaryHyperVol 113
binaryHyperVol 12.8152
additiveEps 0.913043
entropy 0.49717
archive 13
2
7 29  100 0011010111100110111001000110101011101100010111001010111111011011000000001010010000100010110011110010
3 31  100 0100100111100110111001000110101011101100001000011010101110111010000000111010001101101010011000111010
runNumber 14
genCount 32952
elapsedTime 599.971
unaryHyperVol 116
binaryHyperVol 11.3077
additiveEps 0.807692
entropy 0.49717
archive 14
2
4 29  100 0110011111100110000000001110100101010101001001000110010001000001010110101110101100100010010101011111
3 34  100 0110001110100110010000001010101101010101001010010110011100111001010110100010111100101110101001111101
runNumber 15
genCount 32470
elapsedTime 599.966
unaryHyperVol 64
binaryHyperVol 20.3984
additiveEps 0.78125
entropy 0.481574
archive 15
3
7 32  100 1111011101100001110101000110101000101011001011010110010101011011000000000100111001100101001011110111
5 36  100 0111000101100101010101000110101101100111100101100110010000000000001110100000111001100101001000001101
4 40  100 0111000000101001001001111010101000100011000101100110010101011001100010100010111001100101001000100111
runNumber 16
genCount 32507
elapsedTime 599.965
unaryHyperVol 135
binaryHyperVol 11.6087
additiveEps 0.826087
entropy 0.49717
archive 16
2
5 27  100 0000100101100101011001000000101111101101101001110110011101011011010110000110100001100001001010110101
3 31  100 0110100101101010001001000110100000101101100101000010111100011010000010000010100000100010001011010110
runNumber 17
genCount 32194
elapsedTime 599.958
unaryHyperVol 75
binaryHyperVol 12.9259
additiveEps 0.925926
entropy 0.49717
archive 17
2
4 33  100 0100110001101101010000110010100010101100001010000110011010000011000000010110010101100101101011110101
3 35  100 0100001101011100010000110010101100101100011010010110001010000011000010101110001001100101001011111101
runNumber 18
genCount 32568
elapsedTime 599.972
unaryHyperVol 125
binaryHyperVol 11.6944
additiveEps 0.833333
entropy 0.481574
archive 18
3
5 28  100 1101010110101010101001010100001001100000001001000110010111111011101010110010010101101010111011110010
4 31  100 0100100110100010101001010010100000100000001001000010010111111011101010110110010101101110111010100110
3 32  100 1110010100100101001001000010100000100000001011001010010101001011101010011110010011100010001011110010
runNumber 19
genCount 32181
elapsedTime 599.942
unaryHyperVol 150
binaryHyperVol 12.5833
additiveEps 0.9
entropy 0.49717
archive 19
2
5 26  100 0100010101011101011001000001010000010110011000000010101001101011001010111010110010100010010111110100
3 28  100 0100000101100111011001000110100000010101111000001010101001101011000110111110100010100001001011100100
runNumber 20
genCount 32689
elapsedTime 600.008
unaryHyperVol 95
binaryHyperVol 12.8667
additiveEps 0.92
entropy 0.481574
archive 20
3
6 31  100 0000011100100101001001000110100110100101011001010110010100000101001010000110110101101010010100010010
4 32  100 0011011101100101101001000010100010010110111001001110110011101001111110100110100011100011101001111100
3 33  100 0110010101100110001001001110100110100100111011000110000011011001111110000110100011100010010111100011
runNumber 21
genCount 32155
elapsedTime 599.988
unaryHyperVol 66
binaryHyperVol 13.4825
additiveEps 0.961538
entropy 0.49717
archive 21
2
14 33  100 1101000100100110010000000110101111010101101011100010010101101001110110000010000100100100010011111111
3 34  100 0111000100100110010000110110101111010101111011101010100101101001110110100010011001101001010101111010
runNumber 22
genCount 32243
elapsedTime 599.985
unaryHyperVol 99
binaryHyperVol 13.9275
additiveEps 1
entropy 0
archive 22
1
3 31  100 0100000100100110101001000110100000101101111011000110011101111001010110000010101000100100001011010111
runNumber 23
genCount 32402
elapsedTime 600.005
unaryHyperVol 187
binaryHyperVol 13.8889
additiveEps 1
entropy 0
archive 23
1
3 23  100 1110010101101011001001000110101111100000001001110110010001101001001010111010100001100010001010110111
runNumber 24
genCount 32026
elapsedTime 599.96
unaryHyperVol 162
binaryHyperVol 11.8667
additiveEps 0.85
entropy 0.49717
archive 24
2
4 25  100 0100110001100110010000010101010000101101001000001110100001111011001110110010110001100010111001001010
3 28  100 1111000100100110010000010110101100100001001011001010100001001011001110110010110001100010111011111101
runNumber 25
genCount 31543
elapsedTime 599.99
unaryHyperVol 225
binaryHyperVol 8.61905
additiveEps 0.733333
entropy 0.529986
archive 25
4
10 17  100 0100011101101110111001000100000100100001001001000110010101101011001010111010110001100010011011110110
8 20  100 0100011101100010101001010100000100100001001000000010010101101011001010111010100001101011011011110110
4 21  100 0100011101101010101001000110100100100001001000000110010101101011001010110010110001101011011011110110
3 23  100 0100010101101110101001000110100111100000011001100110000001011011001010111010110001100010011010110101
runNumber 26
genCount 31905
elapsedTime 599.996
unaryHyperVol 124
binaryHyperVol 19.3909
additiveEps 0.863636
entropy 0.49717
archive 26
2
8 26  100 1111000101011101010000000101010101011100001000000110010111101011000010011010001101100010111011111110
4 30  100 0111000101011101010000000101010100010100001000001010000001101010001010011010101100100111001011101110
runNumber 27
genCount 32943
elapsedTime 600
unaryHyperVol 129
binaryHyperVol 9.93519
additiveEps 0.740741
entropy 0.449615
archive 27
3
7 27  100 0100011101100100001001000110100011100001100101001010111101101000111100110100110001100010111001011010
4 29  100 0100011101100100001001000010100011101001100101010110010000111001111110111010110101101000111000110010
3 35  100 1000110110101000111001000010100011101011100101011110110010101001101010111010110101101010010110110010
runNumber 28
genCount 32513
elapsedTime 600.007
unaryHyperVol 140
binaryHyperVol 26.9074
additiveEps 1
entropy 0
archive 28
1
4 26  100 0000101101100110101010001010100010100001011000000110101001000011000110111010001001010010111000100110
runNumber 29
genCount 32157
elapsedTime 599.991
unaryHyperVol 208
binaryHyperVol 12.9048
additiveEps 0.928571
entropy 0.49717
archive 29
2
4 21  100 0100010110100110101001000100001011101101010101000110110001101010011010111010000000100010111010111110
3 22  100 0100000101100110101001000110100100101110000101000110110101101011001010111110100101100010111010111110
