OptimalFront
unaryHyperVol 419
2
4 9  100 1000010110100100011000000010110001101100011000010011101000101011100101110000011100111010001000001010
3 10  100 1000011010100100011011000010110001101100011000010011101000101011100101110000011100010110001000001010
-------------------------
runNumber 0
genCount 5342
elapsedTime 599.914
unaryHyperVol 144
binaryHyperVol 14.9565
additiveEps 1
entropy 0
archive 0
1
3 32  100 1000001000100100011000101010110010100101111000010101110100001000100101011100011100010001011011101001
runNumber 1
genCount 5377
elapsedTime 600.071
unaryHyperVol 223
binaryHyperVol 11.619
additiveEps 0.952381
entropy 0.509891
archive 1
2
4 25  100 0100010101010100011001000000110101100001010101000011110000001011100101110100011101010100011000001001
3 30  100 0100010101010100011011010110100100100010110101000011110000001011100101110100011110010101111010011010
runNumber 2
genCount 5253
elapsedTime 599.809
unaryHyperVol 202
binaryHyperVol 14.925
additiveEps 0.8
entropy 0.472411
archive 2
4
15 24  100 1000010111000100011000010010001001100000010101001111111101011001010101010000011100111001111000001010
6 25  100 1000010111101011011000001110000101101100010101110111011000000011000101111000011100011011111000111010
5 28  100 1100010111100100111000001110101000101100110101001111111101101001000101000000001100011010111010001010
4 29  100 0011010111100100111000000010000101100011000101110111001000000011000101111000011100011011111010101010
runNumber 3
genCount 5334
elapsedTime 599.864
unaryHyperVol 166
binaryHyperVol 13.7391
additiveEps 0.956522
entropy 0.509891
archive 3
2
4 30  100 1000011000100100001011010010000101101100101011000011110101101000001000010000010000010000010100101010
3 32  100 0000011000100100001011001010000101101101101011010111110100101000111010010100010100010111010100011010
runNumber 4
genCount 5566
elapsedTime 599.857
unaryHyperVol 144
binaryHyperVol 11.7884
additiveEps 0.857143
entropy 0.599401
archive 4
3
10 30  100 0100010001010100001000010010110001011100000101101100101000011011001000010011100011010000001000110011
4 33  100 0100010101010000001000010010010011101010101001100001111000011011101001000111101010010100001000001011
3 36  100 0100010101010100001001000101010110010101000101100100111000011001111001010000100011010100001000101011
runNumber 5
genCount 5495
elapsedTime 599.865
unaryHyperVol 181
binaryHyperVol 11.1538
additiveEps 0.846154
entropy 0.5994
archive 5
3
5 28  100 0100001001010101011010000001011001101110101000000011110000000000110101100001101100010100001011101010
4 32  100 0100101001010000011011000001011001101100111000000001110001000001010101100011100110010110111010111000
3 35  100 0100001001010100001010010010111000101110111000100111010000000011011000010111100000010100001011011000
runNumber 6
genCount 5346
elapsedTime 599.996
unaryHyperVol 204
binaryHyperVol 14.9444
additiveEps 1
entropy 0
archive 6
1
3 27  100 0100001001010100001011000010000000100000011000000010010111001010101001110001100111110001001000001001
runNumber 7
genCount 5586
elapsedTime 599.943
unaryHyperVol 162
binaryHyperVol 13.2292
additiveEps 0.958333
entropy 0.509891
archive 7
2
5 30  100 0100011001010101011001010010000001001101111010010001110011111011111010110001101100010110010100111001
3 33  100 0100001001010100011001001010000100100100101000100001001000001011111011000000100100010110010110011000
runNumber 8
genCount 5517
elapsedTime 599.928
unaryHyperVol 210
binaryHyperVol 13.5088
additiveEps 0.947368
entropy 0.509891
archive 8
2
6 26  100 0100011001010100001000010000110011100001000101110011000100101010100101110000011100010001001010001001
3 28  100 0111011001010010001011000001010000100000110101010011000100101010100101110000011100010100011010011001
runNumber 9
genCount 5244
elapsedTime 599.88
unaryHyperVol 190
binaryHyperVol 26.1061
additiveEps 0.863636
entropy 0.5994
archive 9
3
6 26  100 1001101001101000011011110010110001101100011000010001100111000000001001110000000000010111101000011010
5 29  100 0011011000101000011011110010110001101100011000010101100111000001011001110100010011010111001010011010
4 31  100 1001001010101010011011010110000001101100011000010101101111000001001011100000000011010110111000001000
runNumber 10
genCount 5780
elapsedTime 599.789
unaryHyperVol 136
binaryHyperVol 12.8642
additiveEps 0.888889
entropy 0.5994
archive 10
3
6 32  100 0100110001010100111000000000010001101000001000011101010001101011101000001000011010010000001001111000
4 34  100 1100001000010000111000000101010000100000101001011111011111001011101010111000011100010100101011011010
3 36  100 0110010101010000111000010001010001101100001011011110110001000011101010111000010000010100101011010000
runNumber 11
genCount 7532
elapsedTime 859.775
unaryHyperVol 214
binaryHyperVol 11.5524
additiveEps 0.8
entropy 0.417715
archive 11
5
8 25  100 1000011010100101011011001010000101100011011000010000001100011000101001110100010100010110001000001001
7 26  100 1000011010100101011011101010000101100011011000110000011000101001101001110100010110010110001000001001
5 27  100 1000011010100101011000101010000000000010111000110011111000101001011010110011011100010110001000001001
4 29  100 1000001001100100011011001010110111100011011001010000011000111000011010110011010000010110001010011001
3 30  100 1000001001100100011011001010110111100011011001010010011000111001101011110100010100010100001010111001
runNumber 12
genCount 5417
elapsedTime 626.252
unaryHyperVol 224
binaryHyperVol 10.8929
additiveEps 0.75
entropy 0.472411
archive 12
4
7 24  100 1100011010100100001011100001110101100001111000010111000010000011010101000000001100010110001000001010
6 25  100 1000011000000100101001010001011101100010011000011011101000000011010101011000001100010110101011101010
5 27  100 1100011010100100101001010001011101100010011000011011100010000001000101000000001100010110001001101010
3 30  100 0000001010100100011000010001010000100011101000010101001011000001100101000000011100010110001001100000
runNumber 13
genCount 5365
elapsedTime 599.867
unaryHyperVol 191
binaryHyperVol 14.4387
additiveEps 0.73913
entropy 0.54796
archive 13
4
14 25  100 0100011001010000011011110000000001101100010101101001111000110100010101000100010101110110001001001010
6 26  100 0100011001010100001011110110010001101100010101100001110110111001100101110000010101110111001000001001
5 28  100 0100011001010100011010010110100001101100010101101000011001001000000101110000010001110111001001001001
4 32  100 0100011001010100001011110110000001101010000101101001111101000011010101110100011001010011001000001001
runNumber 14
genCount 5563
elapsedTime 600.05
unaryHyperVol 180
binaryHyperVol 14.95
additiveEps 1
entropy 0
archive 14
1
3 29  100 0100001001010100111001000010001010101100011000000010011000101001101011110101100101010001001010001001
runNumber 15
genCount 5336
elapsedTime 599.902
unaryHyperVol 173
binaryHyperVol 12.08
additiveEps 0.8
entropy 0.5994
archive 15
3
6 29  100 0100011000000100101001111110111110100000010101011110100010101011101001000000011111000001001010101001
4 30  100 0100011000000100101011100010000010100000010101011110111110001011101011001000001111000001001000101001
3 34  100 1100011011100100101000011110111101100100111010101111100011001010101011010000011110000001001010101001
runNumber 16
genCount 5325
elapsedTime 600.06
unaryHyperVol 169
binaryHyperVol 12.1333
additiveEps 0.88
entropy 0.5994
archive 16
3
6 29  100 0100111001010100011001000010011000100001101000111011101000011000101001111000010101010110010000101010
4 32  100 0100011001010001011001110010100111010110001001011111101000011010001001110001000100010100110100011010
3 34  100 0100011001010001011000110010100111010110001001010011101000111000011000100100010100010110111000011010
runNumber 17
genCount 5362
elapsedTime 599.9
unaryHyperVol 199
binaryHyperVol 14.2526
additiveEps 0.947368
entropy 0.509891
archive 17
2
8 27  100 0100001001010000011010111010110001101100101000010101100000111010010011110001100000010110001001001010
3 28  100 0100001001010000001011111010110011101100011000110011100000011001010101010000010100010100010101001010
runNumber 18
genCount 5401
elapsedTime 599.956
unaryHyperVol 216
binaryHyperVol 14.9412
additiveEps 1
entropy 0
archive 18
1
3 26  100 1000001000100100011011000101010101101100010101110100001000001011001001110000010100010101010100001000
runNumber 19
genCount 5263
elapsedTime 599.898
unaryHyperVol 166
binaryHyperVol 13.7391
additiveEps 0.956522
entropy 0.509891
archive 19
2
4 30  100 1011001000010000010001000101010000101100110101010010110100101011001010110000001111001001101011001001
3 32  100 0111001001010000010001000001010000100100101001011111110001111011011000110000011101001010101000111010
runNumber 20
genCount 5159
elapsedTime 599.86
unaryHyperVol 110
binaryHyperVol 32.0857
additiveEps 0.971429
entropy 0.509891
archive 20
2
5 33  100 0100111001010011110101100001010000100000011010010001101101101010101001010001100100010001011001001001
4 44  100 0110111001010111110101010001011000101010011010000101001101001010101011101000100110010001010111011001
runNumber 21
genCount 5175
elapsedTime 599.82
unaryHyperVol 288
binaryHyperVol 14.9091
additiveEps 1
entropy 0
archive 21
1
3 20  100 1000011010100100011001100010000001100111011000110101101000101000100101110000011100110001001000001001
runNumber 22
genCount 5500
elapsedTime 599.935
unaryHyperVol 117
binaryHyperVol 14.4487
additiveEps 0.961538
entropy 0.509891
archive 22
2
6 34  100 0100010101010001011010010000100000001111101001010101001110000011101010011000011100010101001000111010
3 35  100 0100010101010010001001100010110111101111101001010101001110000011101010011000010100010101001000111010
runNumber 23
genCount 5365
elapsedTime 599.949
unaryHyperVol 174
binaryHyperVol 13.1522
additiveEps 0.956522
entropy 0.509891
archive 23
2
5 29  100 0100011001010001001001100010110101101110011000011010001010000001000101110110001100110001101000001001
3 32  100 0100011001010100011010100010000101100011011000011010001010000001000101111010101000010001101001111001
runNumber 24
genCount 5348
elapsedTime 599.82
unaryHyperVol 240
binaryHyperVol 14.9333
additiveEps 1
entropy 0
archive 24
1
3 24  100 1000011010100100011011000110110001100000011000011000101000101010001001011000010101010101011001001010
runNumber 25
genCount 5375
elapsedTime 599.826
unaryHyperVol 171
binaryHyperVol 12.1067
additiveEps 0.84
entropy 0.5994
archive 25
3
6 29  100 0100000001010000010011000010111001100100101000010000100000101010001010000000000100000001101001001001
4 31  100 0100000001010000010011000010001001101000001010010010110000111011001001010100010111010110001010001000
3 34  100 0100001001010000010011000010001100100001001000111011010000101010101001010100010111010110101010001000
runNumber 26
genCount 5286
elapsedTime 600.07
unaryHyperVol 259
binaryHyperVol 11.5882
additiveEps 0.764706
entropy 0.599401
archive 26
3
5 22  100 1000001000000100101011000010110001000000011000010011101010101010011001111000000000010110010100001000
4 23  100 1000001000000100101011000010110001100000011000010111101011101010011001100000000110010110010100001000
3 26  100 1000101010100100111011001010110001100000011010010111100000101010011001110000010000010111010100100000
runNumber 27
genCount 5236
elapsedTime 599.829
unaryHyperVol 176
binaryHyperVol 57.9474
additiveEps 1
entropy 0
archive 27
1
4 28  100 0111000001010011010011000001011111101101011000011011100100010100000101010000010100000001001000001001
runNumber 28
genCount 5199
elapsedTime 599.89
unaryHyperVol 201
binaryHyperVol 13.55
additiveEps 0.9
entropy 0.5994
archive 28
3
5 27  100 0100111011010000101000000010110000100000110101010111101000101011111001000000010100010101001001001001
4 28  100 1101111001010000101001000010110000100111010101110011101000011011111001011000011100010101001000101010
3 29  100 0101111001010000101001000010110000100111010101110011101000011011111001011000011100010101001000101000
runNumber 29
genCount 5527
elapsedTime 599.973
unaryHyperVol 240
binaryHyperVol 11.1974
additiveEps 0.75
entropy 0.599401
archive 29
3
7 23  100 1000011000000100011011000010001010101000011000010000101000101010101001110000010000010100011011011000
5 24  100 0000011010000100011001110110010010101110011000010001100100111010100101110000000000010100001000011000
3 28  100 1000111010100100011010000110000010101011101011000001100100111010100101110000010000010100001001001011
