OptimalFront
unaryHyperVol 401
3
5 10  100 0000000010000100010011000010110001101100000110010011101000101011100101110010111100101010001000001010
3 11  100 0000101010000100011011000010110001101100010110010011101000101011101010110010111100101010001000001010
2 13  100 0000101010010000011011000010110001101100010110010011101000101011101010110010111100101010001000001010
-------------------------
runNumber 0
genCount 5620
elapsedTime 599.867
unaryHyperVol 188
binaryHyperVol 22.75
additiveEps 0.823529
entropy 0.481574
archive 0
3
6 24  100 0000010110000101011111001110000001111101010110010011101000011011111010010010110011101110001000111110
4 26  100 0000010110000101000110010010000001111101010110010011101000011000101010110010111011101110011000111110
3 27  100 0000010100000100010110010010000010101111010110010010101000011011011010000010110011101110011000110110
runNumber 1
genCount 5733
elapsedTime 599.918
unaryHyperVol 91
binaryHyperVol 13.5641
additiveEps 0.846154
entropy 0.481574
archive 1
3
4 32  100 1010101010010000000110001110010001101101010000000001110111101001010010110000010001101011001001000010
3 35  100 1010101010010000000110101101010001101101100000000001111101101001011010010000110010100000001001000010
2 36  100 1010101010010011110010101001010010101000000000000011110111101000011010010010010011101000001001000010
runNumber 2
genCount 5463
elapsedTime 599.898
unaryHyperVol 240
binaryHyperVol 20.2833
additiveEps 0.666667
entropy 0.449615
archive 2
3
6 20  100 0000010100000100011111000010110100101000010000110011100100111011101010110000110111101010001000001010
4 21  100 0000010100000100010100000100110001111000010110010111100100111011101010110010100000101010001000001010
3 25  100 0000010100000100010100000110001101110100010110010111011001001011101010110010100010101010001000001010
runNumber 3
genCount 5465
elapsedTime 599.999
unaryHyperVol 95
binaryHyperVol 19.3913
additiveEps 0.913043
entropy 0.481574
archive 3
3
10 31  100 0000010101110100001111000010110100001101001010010011000100101001011010110010110100101100101010100110
5 32  100 0000011011110100101011010110111001110110110110001100000100101001011010110010101111100110001000100110
3 33  100 0000010101110100010111010010110100001100000110001101101100101011111010110110100111100100101010100110
runNumber 4
genCount 5534
elapsedTime 599.985
unaryHyperVol 114
binaryHyperVol 24.7262
additiveEps 0.952381
entropy 0.49717
archive 4
2
6 30  100 0000101011011000011011000010110101101000000110010100110100110010111010010000001111101000001000000101
3 31  100 0000101010111011011011100110011001010000011110010111111100111000101010110000001011101010001000000101
runNumber 5
genCount 5532
elapsedTime 599.811
unaryHyperVol 111
binaryHyperVol 24.0795
additiveEps 0.909091
entropy 0.49717
archive 5
2
6 30  100 1100011010010000101111111001010001011000010110111111000011101011101010000110101111101000011000001010
3 32  100 0110011010010010010110111001010001010100010110010111100100101000001010010110101110100101111000001010
runNumber 6
genCount 5493
elapsedTime 599.856
unaryHyperVol 72
binaryHyperVol 12.7701
additiveEps 0.793103
entropy 0.49717
archive 6
2
4 33  100 0010101000010111110100000010110001101110110000010000110001011010011010000010001100100101001001000010
2 39  100 0010101001010001000100001010110001111010011110110000110011011000101010000010011000100101001011000101
runNumber 7
genCount 5369
elapsedTime 599.872
unaryHyperVol 205
binaryHyperVol 13.1765
additiveEps 0.823529
entropy 0.481574
archive 7
3
4 24  100 0010101010000101111011000010000001101100010000010001011000001010101010110010110000101011001010010010
3 26  100 0000101010010100111011000010000101101101010000010101001000001000101010110110010000101010001000000101
2 27  100 0010101010010001100111000010000001101100010000010001011010001010101010110010110000101011001000000101
runNumber 8
genCount 5559
elapsedTime 599.926
unaryHyperVol 160
binaryHyperVol 12.8944
additiveEps 0.85
entropy 0.481574
archive 8
3
11 26  100 0110101010010000011011000001110000011111010110010000000100000011111010111010111110101010011000000110
4 28  100 0110101010010000011011000000110000011111010110010000001100000011111010111010111001101110011000000110
2 30  100 0110101010010001011000000010110101110101010010010000000101111011101010111010111110101010011000000110
runNumber 9
genCount 5586
elapsedTime 599.746
unaryHyperVol 94
binaryHyperVol 11.963
additiveEps 0.740741
entropy 0.493798
archive 9
5
11 30  100 0000101000010100010111000110111000101100010110001000101001011000110101010010000110101001001001111110
7 31  100 0000101000010100010111000110111000101000010110001000101001011000110101000110111011101001001001111110
4 35  100 0000101011010100001000010010101000100011000110000111100000011000101010010000010100011111001001010010
3 36  100 0000101010010100001000010110100000111111100110011000111001001000101010000000101010100101001010111110
2 37  100 0000101000010000011000010110111110110001010010010100100001011000101010011110000100100101001010111010
runNumber 10
genCount 5458
elapsedTime 600.004
unaryHyperVol 258
binaryHyperVol 8.3875
additiveEps 0.8
entropy 0.481574
archive 10
3
7 18  100 0000101010000100011011000010000001101110000010010001101100101010101010110001111100101010111000001010
3 25  100 0000101010000100011011000010000001101101010010010111001111000000101010000010111100101010111001101110
2 26  100 0000101011010000011011000010000001101110100010011001001100101010101010110010111100100000011000001010
runNumber 11
genCount 8548
elapsedTime 748.184
unaryHyperVol 133
binaryHyperVol 12.1111
additiveEps 0.833333
entropy 0.481574
archive 11
3
8 28  100 1010101010000111111111011110110001110000010000010001101110000011110010110010101101101101001000001110
3 31  100 1010101010010000011111011110110000010110010000010000100101011001001010010000110000101101001000011010
2 34  100 1010101010010011011011011110110000011110010000010000110100001011111010011110101101101011111011110101
runNumber 12
genCount 6899
elapsedTime 702.355
unaryHyperVol 93
binaryHyperVol 13.037
additiveEps 0.814815
entropy 0.49717
archive 12
2
3 32  100 0000101011001001101000000110100001110001000110110011101000011000011010100000000011100110001011001010
2 37  100 0000101011010001101110101010100001110011001010100011111000011000011010111110110111101110001011101010
runNumber 13
genCount 5620
elapsedTime 599.981
unaryHyperVol 117
binaryHyperVol 13.9565
additiveEps 0.869565
entropy 0.481574
archive 13
3
6 30  100 1100101010000100010101001010000011011111010110101111100100100100101010001010101110100111111000010110
3 32  100 1010010110010000010101100010100011011111010110111111101101111000001010101010001110101011001000111010
2 33  100 1110101010010000010101100010100011011101010110101111101101111000001010100010110100101011001000110110
runNumber 14
genCount 5398
elapsedTime 600.011
unaryHyperVol 112
binaryHyperVol 11.963
additiveEps 0.740741
entropy 0.49717
archive 14
2
4 30  100 1010101011010011111000000010110001001100010000010100011000110100101010001110110000101001111001111110
2 37  100 1010101011010001111000000010010001011101001010010111110110001010001010011110110000101000111001011110
runNumber 15
genCount 5435
elapsedTime 599.906
unaryHyperVol 193
binaryHyperVol 26.6458
additiveEps 0.875
entropy 0.49717
archive 15
2
4 24  100 0000010100000101001111001010000001100010011010000000110101101011101010110000111100101010001000001010
3 26  100 0000010100000100010111101110000011000010010010000000110101101011101010110000111100101010001000111010
runNumber 16
genCount 5475
elapsedTime 599.981
unaryHyperVol 138
binaryHyperVol 15.15
additiveEps 0.95
entropy 0.49717
archive 16
2
4 29  100 0000101010010100110111111110010001010001010110010010010110011000101010000101001100101010001000011010
2 30  100 0000101010010000111111010101010000000001000110010010100110111000101010010110111100101010001000001010
runNumber 17
genCount 5580
elapsedTime 600.019
unaryHyperVol 129
binaryHyperVol 12.7292
additiveEps 0.791667
entropy 0.481574
archive 17
3
6 29  100 0010011001000111010111000010000101110100000110010011011001011001001010011010011100100010010100001010
3 31  100 0000011011010011010111001110001100000100010010000001101011101001101010110010011100101010010111101110
2 34  100 1010101001010001100100101010000101110100000110010011101101101010001010110010011011101010010101001010
runNumber 18
genCount 5653
elapsedTime 599.873
unaryHyperVol 138
binaryHyperVol 25.2609
additiveEps 0.782609
entropy 0.49717
archive 18
2
4 28  100 0000101010000100111011111110110001000111000000010011101011100100111010010110001101101100101000111010
3 33  100 0000101000110100011010001110110011011001010000001101001011001000011010011010001100101000101000111010
runNumber 19
genCount 5699
elapsedTime 600.104
unaryHyperVol 206
binaryHyperVol 11.6759
additiveEps 0.777778
entropy 0.449615
archive 19
3
8 23  100 1010100001010000010011010001010001000101011100010011101000111011101010110000110100101010000011110010
4 25  100 1010100001010000100011000101010000011100110110011011101000111011101010110000110100101010000011110010
2 28  100 1010101001010000110001010001010010101111010110011100101001111011101010110010111100100010001000110010
runNumber 20
genCount 5556
elapsedTime 599.937
unaryHyperVol 182
binaryHyperVol 15.8958
additiveEps 1
entropy 0
archive 20
1
2 26  100 0000101010010001011011001010110001101111010000010000010111011011101010110010000011101010001000000101
runNumber 21
genCount 5666
elapsedTime 599.872
unaryHyperVol 222
binaryHyperVol 13.8
additiveEps 0.866667
entropy 0.49717
archive 21
2
3 23  100 0000010101010001010111000001010010111100110110010011111000101011101010110010011111101010001011001010
2 25  100 0000101001010001011111010110010001010100010110010011011000101011011010110010111100101000001000101010
runNumber 22
genCount 5328
elapsedTime 599.927
unaryHyperVol 190
binaryHyperVol 13.3519
additiveEps 0.833333
entropy 0.49717
archive 22
2
4 25  100 0000101010000100011011110000000000011101010110011111111010101000111010111010111111101010011000000110
2 28  100 0000101010010001011011100010110101111100010110000100111111101011101010111010111111101110001000000101
runNumber 23
genCount 5588
elapsedTime 599.958
unaryHyperVol 126
binaryHyperVol 14.0037
additiveEps 0.666667
entropy 0.447913
archive 23
4
12 27  100 0000010100000100101011010110010001010001010101010011110010001010101010010001110100101110010100011010
6 28  100 0000010100000100101011010110010010001010110000110011100000001010101010010001110100101110010100011010
4 34  100 0000010100000100101011010110010001011010111110100110101100001001001010010010010100100100010100011010
3 37  100 0000010110100100010111010110010010011010111110000110100000000001001010000110100100101011010101010010
runNumber 24
genCount 5285
elapsedTime 599.889
unaryHyperVol 150
binaryHyperVol 13.7083
additiveEps 0.85
entropy 0.49717
archive 24
2
8 27  100 0000011011010100000111100010000001101100100101000011110001000000101010010010011100101010001011000010
2 30  100 0000101010010001010111010010001001001111101110011001011010101000101010010010111100101010001011000010
runNumber 25
genCount 5472
elapsedTime 599.979
unaryHyperVol 217
binaryHyperVol 9.8
additiveEps 0.75
entropy 0.447913
archive 25
4
6 22  100 0000101010010100011010010000111101111100010110010111101000011000000010110000111100100010001001001010
4 26  100 0000101010010000011010000010110001101100011110000001000001000001010000110000011100100010001001001010
3 27  100 0000101010010100010111000010000010111100010110000111111110011010001010110000011100101011001001001010
2 30  100 0000101010010011110110000010110001111101010110000111000000001000001010111010010100100010001000001010
runNumber 26
genCount 5537
elapsedTime 599.938
unaryHyperVol 108
binaryHyperVol 14.9433
additiveEps 0.62069
entropy 0.450311
archive 26
6
16 27  100 0110000001010000001111010001110000010101011100010111001000000011001010110000111100101011001000101010
11 28  100 0110000001110000011111000001110000010111010110010001011100000011001010010000111100100111001000000010
7 29  100 0110000010101000011111000101110001010101010110010001001101000011010000110000001010101011001000000110
6 31  100 0110000001010000001111010101110001110100010110010001011101000011001010010000110100100111001000000010
5 34  100 0110000001010000001111010101010100010100010110010001001101000011010000110000001010101000001000000010
4 39  100 0110011000010000100010111010100001010101011010111101001101000011001010100000010000100000001001000010
runNumber 27
genCount 5527
elapsedTime 599.979
unaryHyperVol 226
binaryHyperVol 8.09722
additiveEps 0.5
entropy 0.49717
archive 27
2
3 22  100 0000101010000100010011010110000001101101010110010001100000101001101010111010000100101010001000001010
2 34  100 0110101000010001000011010010000001001101010110010001101000101010111010010110000110101011101001111010
runNumber 28
genCount 5447
elapsedTime 599.982
unaryHyperVol 120
binaryHyperVol 41.2456
additiveEps 1
entropy 0
archive 28
1
4 29  100 0110101001110000011011000010010001000100010010000111110000111000100101010010111100100110011010000101
runNumber 29
genCount 5529
elapsedTime 599.991
unaryHyperVol 185
binaryHyperVol 9.30769
additiveEps 0.576923
entropy 0.49717
archive 29
2
3 25  100 0000101010000100011001000010100010100000010000000000110001011000011010110010111101101010001000011010
2 36  100 0010101010010001010110101010001010001000010000010100101000011000011010000010001101101001001001010010
