OptimalFront
unaryHyperVol 478
2
4 10  100 1010110100100101001001100110000000100111001110101110111101101010110100010110100000101011101111011010
2 11  100 1010110100010001001001100110001100100111001110101110111101101010110100010110100000101011101111011010
-------------------------
runNumber 0
genCount 5259
elapsedTime 599.941
unaryHyperVol 216
binaryHyperVol 14.5667
additiveEps 0.95
entropy 0.509891
archive 0
2
5 27  100 0000010100010010000100101010001010100111000001001110111000101001000100010110100100101111101111111010
2 30  100 0000111100010010000100101010001010100111000000001110111000101001000110010110100100100110100111011010
runNumber 1
genCount 5257
elapsedTime 599.921
unaryHyperVol 253
binaryHyperVol 22.75
additiveEps 0.888889
entropy 0.468496
archive 1
3
6 23  100 0000001100100100000101001110000000100110001001001100111101101001110100011010100000100011101111101010
4 27  100 0000111100110100000101001010000110100100011001001110110101101001110110011010100000100111101111101010
3 28  100 0000001100100100011100101110000000100110010010000010111111101001110100011010100000100011101111101010
runNumber 2
genCount 5257
elapsedTime 599.981
unaryHyperVol 180
binaryHyperVol 16.95
additiveEps 1
entropy 0
archive 2
1
2 30  100 0110110100010011001100100001011110100001000110001110011111101001111111010010100100101000100011011010
runNumber 3
genCount 5234
elapsedTime 600.031
unaryHyperVol 175
binaryHyperVol 16.219
additiveEps 0.952381
entropy 0.509891
archive 3
2
7 30  100 1110110000101011101001001010000101001101000110100110111001001010100100010110010010001111000001101010
2 31  100 1110001100010010001001000010011100100011000110000110111000101011110100010110010010101110000011101010
runNumber 4
genCount 5123
elapsedTime 599.928
unaryHyperVol 279
binaryHyperVol 13.7583
additiveEps 0.866667
entropy 0.472411
archive 4
4
10 22  100 1010110100110101000100100110000000000100001010101010001101101001000100010110101100101011101011011010
9 23  100 1010110001010101000101101110000000100111001010100000001101101001000100010110101100101011000001011010
8 24  100 1010111001010000011101101010000000100111001001001110001101101001000100010110101100101011101011011010
2 25  100 1010111001010000011101101010000000100011001110101010001101101001000100010010100000101011100011011010
runNumber 5
genCount 5271
elapsedTime 599.987
unaryHyperVol 158
binaryHyperVol 13.7949
additiveEps 0.807692
entropy 0.599401
archive 5
3
5 31  100 0000000100110100000000010101010001100000000000010010110010101010000101011110100000011111100111001010
3 32  100 0000000100000100000010010101010001100011000000010010100010101001000100001110100000101011100001001010
2 36  100 0000000011010011111000010101010001100011000000010010110011101001000000001110100000101111100001001010
runNumber 6
genCount 5266
elapsedTime 599.923
unaryHyperVol 269
binaryHyperVol 15.8333
additiveEps 0.933333
entropy 0.509891
archive 6
2
3 24  100 0000110101010100111001101101011000010111001110111110111111101010110100010110000000100100100011101010
2 25  100 1010110101010000001001101101011001100110000110111110111001101010110100010110000000100100101011101010
runNumber 7
genCount 5272
elapsedTime 600.074
unaryHyperVol 163
binaryHyperVol 15.5217
additiveEps 0.913043
entropy 0.509891
archive 7
2
3 31  100 0000000101010100001101111101011111100111101110101010110001101010000101010010000001100001000001001010
2 33  100 0000010100010001001001101001010101010100111110101010110011101011000101010010000101100101000011001010
runNumber 8
genCount 5222
elapsedTime 599.886
unaryHyperVol 197
binaryHyperVol 12.46
additiveEps 0.92
entropy 0.5994
archive 8
3
4 28  100 0110010101110010001101011010001100100100011110111110111101101001110100000110110010100101000011011010
3 34  100 0110010111011011001101011010001100100110011110101110101101101000101000110000000111100100000011111010
2 35  100 0110001101010011011110011110001100100110111110110110111101101001111100000010110011100101000001011010
runNumber 9
genCount 5133
elapsedTime 599.957
unaryHyperVol 230
binaryHyperVol 13.7
additiveEps 0.85
entropy 0.5994
archive 9
3
6 26  100 0000011100010101010110100110000000011100001110101110011110101011110111010110100000101001101100011010
3 28  100 0000010111100100110110101110000000010100001110100110011110101000110111010110100000100100101100011010
2 30  100 0000111101010001010010101110000000010100001110100110011110101000110111010110110000100100101100011010
runNumber 10
genCount 5146
elapsedTime 599.965
unaryHyperVol 179
binaryHyperVol 16.1667
additiveEps 0.952381
entropy 0.509891
archive 10
2
3 30  100 0000110101110100100101100110011101101011110010100110111101101001001001100110000100101011101000011010
2 31  100 0110110100010000000100100110011101101011110010100110111001101011010101100110111010101011100100011010
runNumber 11
genCount 5329
elapsedTime 600.022
unaryHyperVol 150
binaryHyperVol 35.3913
additiveEps 0.956522
entropy 0.509891
archive 11
2
6 30  100 0000111100100101000111000110000000100010110010001110011110101011111000000110010001100100010100010101
4 33  100 0000011100000100000111000110000000100010110010001110111110101011000100000110010111101010100111110101
runNumber 12
genCount 5266
elapsedTime 600.007
unaryHyperVol 177
binaryHyperVol 13.9513
additiveEps 0.692308
entropy 0.380988
archive 12
5
17 27  100 0000111101100101001111010010000100000101000000010010111101101010000100010110100111101001101111101010
7 28  100 0000110101110101001111000010000001000101000000010010111101101010000100010110100111101001101111101010
5 31  100 0000111101000101011111010010000000000101000000110010111101101010000100000110100010101000100100111010
4 33  100 0000110100110101001111010010000001100101000000011110011001101010001110000010010111100000101111101010
3 36  100 0000111101000100001111000010000100100101001010010110011101101010001110001010010110101000100001111010
runNumber 13
genCount 5134
elapsedTime 599.958
unaryHyperVol 240
binaryHyperVol 16.9375
additiveEps 1
entropy 0
archive 13
1
2 26  100 0000110111010001001101100110000101100101001110010010110001101001011100100110100000101111101110011010
runNumber 14
genCount 5125
elapsedTime 599.969
unaryHyperVol 169
binaryHyperVol 13.08
additiveEps 0.84
entropy 0.54796
archive 14
4
8 29  100 0000111000010100011001100110000000100011001001000010000000001000000101001010010100101011000011011010
6 32  100 0000110001010011011101100110000110100011101101001110000101001010001101001010110111101011100011011010
4 33  100 0000111100010000101101100110000100101011001110001010001100001000000111001010010001010001000010011010
2 35  100 0000110011010011011001100110011000101010011010010010000100101000010100010110010001100001000001011010
runNumber 15
genCount 5158
elapsedTime 600.042
unaryHyperVol 255
binaryHyperVol 11.5397
additiveEps 0.809524
entropy 0.599401
archive 15
3
5 24  100 0000011100000100001101101010001101100110000110101101110101101010110100000010100000101001000001011010
3 28  100 0000110100000100001101101010111111100110000110010010110001101001101100010010100000101001000000011010
2 31  100 0000010101010000001111101110001101100110000110101010110001101001101100010010100000101001000000111010
runNumber 16
genCount 5221
elapsedTime 599.909
unaryHyperVol 285
binaryHyperVol 16.9231
additiveEps 1
entropy 0
archive 16
1
2 23  100 0000110000010010000101101010001100100111101110101110101101101010110100010110010111101000101101011010
runNumber 17
genCount 5217
elapsedTime 599.953
unaryHyperVol 98
binaryHyperVol 29.4103
additiveEps 0.923077
entropy 0.5994
archive 17
3
8 34  100 0000001100000100001100000110110110010111100000010010110111010101010100011010100100011010000001010000
6 35  100 0000001100000100111100001001010010010111100000010110011001000011001100011010100000011010000001010000
4 36  100 0000001100000100001000001010100101010100100000010010011111010100001100011010101100011010000001010000
runNumber 18
genCount 5257
elapsedTime 600.013
unaryHyperVol 182
binaryHyperVol 57.9444
additiveEps 1
entropy 0
archive 18
1
4 28  100 1010111100010001100101100110001100101111010000010110001101100100010100110110100011101111101110001010
runNumber 19
genCount 5087
elapsedTime 599.915
unaryHyperVol 181
binaryHyperVol 14.1304
additiveEps 0.869565
entropy 0.5994
archive 19
3
8 29  100 0000110100010100001001100110101111100110110010000000101100101000000010010010010000101011101101111010
3 31  100 0000110100010100001001100110100101101111100000000110100010101010000010010010010000100011101101111010
2 33  100 0000110111010011000100101110100000101011000010000110001100101000000110010010010000100011101100111010
runNumber 20
genCount 5164
elapsedTime 600.061
unaryHyperVol 76
binaryHyperVol 27.5594
additiveEps 0.961538
entropy 0.509891
archive 20
2
13 35  100 0000101001010101000100000010000000010110010000101110001101010101011000110110011010101010101101001010
5 36  100 0000101001010101000100000010000000010110010000101110001101010101011000110110011010101010100100001010
runNumber 21
genCount 5213
elapsedTime 599.889
unaryHyperVol 290
binaryHyperVol 12.875
additiveEps 0.8125
entropy 0.599401
archive 21
3
6 22  100 0000111000110101000111000101010100010111010010100010110101101010110100010110010000101011101111011010
3 24  100 0000111000110100011001000101010110010101010000100110101101101010110100010110010000101011101111011010
2 26  100 0000011000010001000111000101011100010111010010100010000001101010110100010110010010101011101111111010
runNumber 22
genCount 5153
elapsedTime 600.002
unaryHyperVol 255
binaryHyperVol 16.9333
additiveEps 1
entropy 0
archive 22
1
2 25  100 0110110100010001001000001010000001100010000110001110110101101000110100010110100000101011000001011010
runNumber 23
genCount 5226
elapsedTime 599.919
unaryHyperVol 187
binaryHyperVol 14.1739
additiveEps 0.956522
entropy 0.509891
archive 23
2
4 29  100 0110110100010111110111110101010110100110001110100110110001101000101010011010010000101000101101011010
2 33  100 1010111010010011110111110101010111100010001010100110110001101010101000011010011000100100101100011010
runNumber 24
genCount 5195
elapsedTime 600.011
unaryHyperVol 60
binaryHyperVol 41.8125
additiveEps 0.96875
entropy 0.509891
archive 24
2
5 37  100 1010000111010011101110010110011110100100010110011110111000010111111101000010000101101001101111101010
4 42  100 0010010111011001101100000010110001101000110110010110000000010111110111010100001111101101000011101010
runNumber 25
genCount 5282
elapsedTime 600.037
unaryHyperVol 253
binaryHyperVol 15
additiveEps 0.882353
entropy 0.509891
archive 25
2
3 25  100 0000111001110100001111000110000100100110000000010010101101101010110100010110101100101011100111011010
2 27  100 0000011100010001001011100110000000100101000110010010101101101010110110010110011011101011100011101010
runNumber 26
genCount 5322
elapsedTime 599.874
unaryHyperVol 160
binaryHyperVol 15.5652
additiveEps 0.913043
entropy 0.5994
archive 26
3
5 31  100 1010100101010000001001010010000000100000000000011101110100010100110000001010010000101011000000101010
4 32  100 1010100101010000001001011110000000100000000000011110101001010100000100010110110110101011000000001010
2 33  100 0000110101010000001001010010000000100100010000011110001110101011010100010010111111100111100010101010
runNumber 27
genCount 5148
elapsedTime 600.016
unaryHyperVol 195
binaryHyperVol 16.9474
additiveEps 1
entropy 0
archive 27
1
2 29  100 1010111011010001111010100110000000101111101110010010110101101001011111111110100000101011100101011010
runNumber 28
genCount 5267
elapsedTime 599.945
unaryHyperVol 71
binaryHyperVol 13.901
additiveEps 0.833333
entropy 0.472411
archive 28
4
8 36  100 0010010011010000001011110110111001101000001110000110111101101001010110101110101001011001000010101010
7 37  100 0110010111010010100111100010101001100001101110100001110101101001100101100110000001011101000010101000
4 38  100 0010010011010000001011110010101001101001101110000110110110101001000100001110100001011111100000101010
2 42  100 0110010011010010000110100010101001100000011110000110000110101011011101011110111001101101100011101010
runNumber 29
genCount 8588
elapsedTime 599.928
unaryHyperVol 298
binaryHyperVol 15.6923
additiveEps 0.923077
entropy 0.509891
archive 29
2
4 22  100 0000111100000101001111010100000000100111001110101110110101101010110100010110010000101100101010011010
2 23  100 0000111110010001001010110110000100100111001110101110111001101010110100010110010000100100101011001010
