OptimalFront
unaryHyperVol 350
2
5 13  100 0110100100010011001001000110101011101000011010100111000111101000100000000000010000000001100101011101
3 14  100 0110100100010011001001000110101011101000011010100111000111101000100000000000010000000001100101010101
-------------------------
runNumber 0
genCount 5162
elapsedTime 599.776
unaryHyperVol 144
binaryHyperVol 12.0952
additiveEps 0.857143
entropy 0.468496
archive 0
3
7 31  100 0110001000010000000000010001110100001001011010110111100100010110100000000000010011010101000001110110
6 32  100 0110001000010011010010010001110100011001011010100011100100010110100000000000010010010111000001111110
3 34  100 0110001000010001010000010011110100000001011010101011000011101110100000000000011010010111000000111110
runNumber 1
genCount 5387
elapsedTime 599.901
unaryHyperVol 163
binaryHyperVol 9.89855
additiveEps 0.782609
entropy 0.5994
archive 1
3
6 29  100 0000100100010101011010100100010101111000111010100101000111101000101010000100010000010001000010100101
4 32  100 0010010101010101011010111111000000001000011010100101000111101000101010001100011100010001000010100101
3 36  100 0000101010010000111010111111011101111000111010000111010100101001001110001100011100010001100001000101
runNumber 2
genCount 5162
elapsedTime 599.667
unaryHyperVol 147
binaryHyperVol 24.1719
additiveEps 0.9375
entropy 0.509891
archive 2
2
11 28  100 0110111100010011000000000101001100101000001010100101001101100111100000000000100001010101100111111101
5 29  100 0110110000010111000000000101001100101000001010100101011101100111100000000000100001010101100111111101
runNumber 3
genCount 5296
elapsedTime 600.043
unaryHyperVol 91
binaryHyperVol 27
additiveEps 0.875
entropy 0.599401
archive 3
3
9 34  100 0000100111110000001010011001101001011001011010000011110111100001111010011111000000010111000001100010
7 35  100 0000100111110000101010001101101000001001001010011111010110101011101010110111100100010111000001011010
5 37  100 0000100111110000001010011011111001011001011010000011110110101011101010110111100100010111000000111010
runNumber 4
genCount 5154
elapsedTime 599.628
unaryHyperVol 141
binaryHyperVol 13.3
additiveEps 0.95
entropy 0.509891
archive 4
2
5 32  100 0000100111010001011001000110000011011000011010110111110011100000011010000001101100010101011100010110
3 33  100 0000110101010100001001001011101011111001011010110101111011100100111010000001101100010101100110010010
runNumber 5
genCount 5336
elapsedTime 599.746
unaryHyperVol 130
binaryHyperVol 11.2361
additiveEps 0.916667
entropy 0.468496
archive 5
3
6 32  100 0110011101010011001001000001101011001000101010100111001000100111000010001000010100110101100111001010
4 36  100 0110011101010011001001000001101011000010101010001101101100100110000000000100010000010101100111001010
3 37  100 1110000101010000001001001001101100001010101010110101101100100100100000000000011101010101100111001010
runNumber 6
genCount 5344
elapsedTime 600.01
unaryHyperVol 116
binaryHyperVol 11.3654
additiveEps 0.807692
entropy 0.509891
archive 6
2
4 34  100 0000011101110101011001000101000000001000001010010011010111101011100000001000010011010101101000001110
3 39  100 0000110110110100011001000100110101111001011010010011011000100011101110000100011101010101101011001110
runNumber 7
genCount 5197
elapsedTime 599.966
unaryHyperVol 132
binaryHyperVol 21.48
additiveEps 0.95
entropy 0.509891
archive 7
2
8 31  100 0000100101010001101001000110100001101000010000010100110101010100011101000000011101010101101101011110
4 33  100 0000100101010000101001000110100001101000000000010111110101010100010010000100011011010101101101010110
runNumber 8
genCount 5209
elapsedTime 599.846
unaryHyperVol 143
binaryHyperVol 13.9474
additiveEps 1
entropy 0
archive 8
1
3 32  100 0110000101010011001001000001101111111000011010101000000000101010000110110000010000010111100001001110
runNumber 9
genCount 5077
elapsedTime 599.864
unaryHyperVol 145
binaryHyperVol 12.0667
additiveEps 0.857143
entropy 0.5994
archive 9
3
8 31  100 0110000100010011001001000101001000100100010010101110110101010101001010001000100000010110000001100101
5 32  100 0110000100010011001001000101101000101001000010110111100010010101100110000101100000010110000001100101
3 34  100 0000000101010100011001000101101000101000011010100100110001010101001010001000100000010110100100000101
runNumber 10
genCount 5662
elapsedTime 599.664
unaryHyperVol 106
binaryHyperVol 27.5072
additiveEps 0.956522
entropy 0.509891
archive 10
2
6 34  100 0110100101010001001001011100110011000000001010100010000101101100100110000011101010010101000001010110
4 36  100 0110100101010101111001010111000000000000001010100100000001101100101010000010101010010101100110000110
runNumber 11
genCount 6916
elapsedTime 833.549
unaryHyperVol 146
binaryHyperVol 21.3864
additiveEps 0.818182
entropy 0.472411
archive 11
4
7 29  100 1010110000010111000000110110100000101000011010011101110101101011100000000001100001010101101001010101
6 32  100 1010110001010011001010110110010000101011101010011111100111101001000000001101100000010001100101110101
5 34  100 1110110000010111001010010111100000101000011010011101110101101001000000001101101000010101101011010101
4 35  100 1010110010010011010000011100100000101011111010001011100101100001000000001100000001010001101001110101
runNumber 12
genCount 5254
elapsedTime 643.513
unaryHyperVol 220
binaryHyperVol 9.14706
additiveEps 0.666667
entropy 0.5994
archive 12
3
9 24  100 0110000101110011000001000101111010101001010010011011000111101100100110000000010000000001100100010101
4 25  100 0110001101110011010000100101101010001000111010111011000111101100101110000000010000000001100101100101
3 30  100 0110000101010011010000000100111010101001011010011011011011101100000110101000010000000001100101000101
runNumber 13
genCount 5130
elapsedTime 599.917
unaryHyperVol 199
binaryHyperVol 8.45455
additiveEps 0.590909
entropy 0.468496
archive 13
3
5 26  100 0000110111010100000101001010101000101000011010100111000111101000100000010000101110010101000011100101
4 27  100 0000010100010100000101001011101000101000011010100111000101100011100000010000100010010001000011100101
3 35  100 0000100111010100101001000110111000001010011010000010101001100001100000010011101100010101100101010101
runNumber 14
genCount 5265
elapsedTime 599.983
unaryHyperVol 197
binaryHyperVol 8.05797
additiveEps 0.565217
entropy 0.5994
archive 14
3
6 26  100 0101111100010000000000000110000101011011011010100111000111101010110110000100000011010001100001100101
4 27  100 0010111100010000000000000110001001011011011010100111000111101010000110000100010000010101000001100101
3 36  100 0000111101010000001010100110110100011000111010100001000001100010011010100000010001010001000000000101
runNumber 15
genCount 5499
elapsedTime 599.952
unaryHyperVol 160
binaryHyperVol 35.9375
additiveEps 1
entropy 0
archive 15
1
4 29  100 0110000111010111110101000100101000101000101010100111000110010100000000110001101000010001011111000101
runNumber 16
genCount 5269
elapsedTime 599.994
unaryHyperVol 180
binaryHyperVol 35.9286
additiveEps 1
entropy 0
archive 16
1
4 27  100 0110000001110001010000010101101011101001011010101011110011101111100000010000001111000000100101010101
runNumber 17
genCount 5274
elapsedTime 599.967
unaryHyperVol 76
binaryHyperVol 10.2812
additiveEps 0.84375
entropy 0.5994
archive 17
3
6 36  100 0000010101010100010101001011011001101010101010000100110111100110110010101000010100010000100101111110
5 41  100 0000010100010100101001000001000001100101001010000100110011100000010110100100100001010100000000110110
3 45  100 0000010101010100011001000001000001001001001010000101110001101001010010101000011001010100101000110110
runNumber 18
genCount 5215
elapsedTime 600.024
unaryHyperVol 144
binaryHyperVol 8.42529
additiveEps 0.666667
entropy 0.472411
archive 18
4
6 30  100 0000111000110100001010100101101001111000011010001000011101010110100000000011100000010001101001010101
5 32  100 0000001100110000001010100101101001111000011010011000001101010110100000000011100000010101100110110101
4 37  100 0000111100010000101010101101101001111001101010011000011100010100100000010010100001010101100101010101
3 42  100 0000010110010100101010100000111101101011101010011000011101010110110000010010101001010001101101010101
runNumber 19
genCount 5212
elapsedTime 599.856
unaryHyperVol 152
binaryHyperVol 12.6
additiveEps 0.9
entropy 0.509891
archive 19
2
4 31  100 0000000100010101010000000001000001101000001010010111110111101100100000000000100101010111000001001110
3 33  100 0000000101010100010001000101000101111000001010000111110011101100100000000000100001010100000001101110
runNumber 20
genCount 5201
elapsedTime 599.977
unaryHyperVol 172
binaryHyperVol 10.6083
additiveEps 0.8
entropy 0.5994
archive 20
3
9 28  100 0000101000011000000000000111000101011001111010010111000100101000000110011000010000000001000001100101
4 30  100 0000000110010000000000000110100101011001111010010111000100101000000110011000010000001001000001000101
3 33  100 0000000010010001010000100001100000101000101010010111010110101000010110001000011111000001000011010101
runNumber 21
genCount 5287
elapsedTime 599.919
unaryHyperVol 132
binaryHyperVol 13.95
additiveEps 1
entropy 0
archive 21
1
3 33  100 0110001000010010010000110010101000111000111010001100110001101100010000000000010101010101000011111110
runNumber 22
genCount 5304
elapsedTime 599.982
unaryHyperVol 162
binaryHyperVol 11.925
additiveEps 0.85
entropy 0.509891
archive 22
2
4 30  100 0110100101010000011001000111101001001000111010011101000111101000100000010100010100010110101101010000
3 33  100 0110000101010000010000000111100110000001111010110101000011101000100000010100010100010100100101010010
runNumber 23
genCount 5253
elapsedTime 599.932
unaryHyperVol 177
binaryHyperVol 11.1228
additiveEps 0.789474
entropy 0.54796
archive 23
4
9 28  100 0110001010010101010000000111100111011001001010010101000111101000100000000000010100110101101001000010
5 29  100 0110001011010101010000011011100111011001011010100111000110101000100000000000010100010111100111110010
4 30  100 0110000000010001010001110101101001011010011010100111000111100000100000000000010100010111101011000010
3 32  100 0110000011010001010000011111000010101000011010100010100110101000100000000000010100010111101101010110
runNumber 24
genCount 5279
elapsedTime 600.006
unaryHyperVol 135
binaryHyperVol 10.6181
additiveEps 0.791667
entropy 0.380988
archive 24
5
9 31  100 0000001100010011110000001010000111001011101010100001001000101000010010000100000000010101100101110010
6 33  100 0000001000010011110000100111101001011011101010010100010001100111011010110000000100010101000001110010
5 34  100 0000001000010011010000110001100101011000101010100001001001101011011010111000000101010101000001110010
4 35  100 0000001100010001110000001010000111001011101010100001001000101000010010000100010000010100101101110010
3 37  100 0000001100010001010000000011001111001011101010110100001100100100000000111000010101010101000001111010
runNumber 25
genCount 5301
elapsedTime 599.916
unaryHyperVol 138
binaryHyperVol 9.8
additiveEps 0.692308
entropy 0.472411
archive 25
4
8 31  100 0000000000110000010000010001100110101000001010110110101011100100100000000000100000010110100100111110
6 32  100 0000001000110000010000000111011011001000001010110111010111100100000010000110100000010111101110101010
4 34  100 0000000000010000010000010001110111101000001010110111101011100100100000000100100010010111100110101010
3 39  100 0000000010010100010000010001110100101000001010110111111001101111000000100011101101010111000001101110
runNumber 26
genCount 5272
elapsedTime 599.735
unaryHyperVol 148
binaryHyperVol 10.9886
additiveEps 0.909091
entropy 0.468496
archive 26
3
7 30  100 1110010101010011001001010010111011111001111010010100100111100001101010000000010000010101000001010010
4 34  100 0000000101010111001001000000111001111001111010010100100111100001111010000000010010010100000001010110
3 35  100 1010010101010011001001000010110010111000001010010100001000100101001010000100010001010100000001010110
runNumber 27
genCount 5218
elapsedTime 600.054
unaryHyperVol 212
binaryHyperVol 11.965
additiveEps 0.846154
entropy 0.5994
archive 27
3
14 24  100 0010101000010011110000000101101010011000011010000100000011101010101010001100010000000001100100000101
11 25  100 1110001001111011010000000101101010011000011010000100000011101010101010001100010000000001100100000101
3 26  100 0010001000010001010000010101101011011000011010000100000011101010101010001100010010000001100101000101
runNumber 28
genCount 5191
elapsedTime 599.924
unaryHyperVol 131
binaryHyperVol 9.59259
additiveEps 0.888889
entropy 0.468496
archive 28
3
6 31  100 0000101001010101110000100111011000101010001010101011000111100000010110100000011100010101000010010110
4 38  100 0000110101010001110000010111110111011011111010101001100100100001010110000000010100010110000000010010
3 40  100 0000000100010001111001000111100101011000011010101001011101100001000110101100011100010100100000110010
runNumber 29
genCount 5487
elapsedTime 599.764
unaryHyperVol 178
binaryHyperVol 27.7556
additiveEps 0.933333
entropy 0.509891
archive 29
2
6 27  100 0110001000010011000000000110100001011011110101000101000001010111110000000000010000010101100110010010
4 28  100 1010001000010001000000000010100001011000010101010111110101100000011010000000010001010101100100001010
