OptimalFront
unaryHyperVol 387
2
4 10  100 0000101011100001110000001100001011101011001001111110010111101011000000001110111001000111011010100111
3 13  100 0000101011100001001010001100001011101011001001111110010111101011001010001110111001010011011010100111
-------------------------
runNumber 0
genCount 5622
elapsedTime 600.029
unaryHyperVol 62
binaryHyperVol 15.3846
additiveEps 0.961538
entropy 0.509891
archive 0
2
6 35  100 0110101001011000010101110101001110101010110101000010110011101010000101001010110111110101001011010111
3 36  100 0110101001100001011010101101010000100111110101000110101111101011011010100100111111010000011011010111
runNumber 1
genCount 5529
elapsedTime 599.663
unaryHyperVol 190
binaryHyperVol 33.5312
additiveEps 0.875
entropy 0.509891
archive 1
2
5 24  100 0000010111100001000101001101000000100111000101111110000100101000011010001110111000000101011001101001
4 26  100 0000010111100001000101001101000100100101000101111110010100101000011010001110111001010001101011101101
runNumber 2
genCount 5467
elapsedTime 599.92
unaryHyperVol 183
binaryHyperVol 11.1136
additiveEps 0.772727
entropy 0.5994
archive 2
3
5 25  100 1110101011100011011010001100001110100010001000110110010111101000001010101101110001000111011010101011
4 30  100 1110101000100011000101011111011111100000101000110110010111101000001010111110110110010011011010101011
3 32  100 1110101011100010011010101100010111101101011000110110110111100000001010111111110000010011011010101011
runNumber 3
genCount 5536
elapsedTime 600.003
unaryHyperVol 78
binaryHyperVol 15.875
additiveEps 1
entropy 0
archive 3
1
3 34  100 0010101010100010001010001101000011100001101001000010110011010100001010111101110110010000010110100001
runNumber 4
genCount 5643
elapsedTime 599.867
unaryHyperVol 75
binaryHyperVol 23.4722
additiveEps 0.851852
entropy 0.468496
archive 4
3
7 33  100 0101101010101010001001010010000001100000101000001110101010101001000101000100110111000011010101100111
6 34  100 0101101010101010001001010010000000100001111010001110101010101011000101000110110101000000111001011011
4 37  100 0101101010100010001001010010000000100000101000000010101011101010111010111011010110000011010100101011
runNumber 5
genCount 5470
elapsedTime 600.017
unaryHyperVol 132
binaryHyperVol 19.448
additiveEps 0.76
entropy 0.472411
archive 5
4
8 28  100 1110000001101011010000000001101011101101101001111110010111010111011010001010111001000100011011100111
7 29  100 1110000001101101010000001001011011100101001000101110010011101011001010001011111001110101011001000111
5 30  100 1110000001101011010000010101101011101101001001111110011001010111001010001010111011000100011010100101
4 35  100 0110000000101011010000010000011011101101001001110110011001010111001010000000010000000100101001110111
runNumber 6
genCount 5394
elapsedTime 599.954
unaryHyperVol 63
binaryHyperVol 13.8308
additiveEps 0.733333
entropy 0.33854
archive 6
6
16 30  100 0110000001100001010000010011110111100001011001111110010111101011111010001111111101010111011000010010
12 32  100 0110000001010110010000000011111100101000011001111110010111101011111010101111111101010111011000010010
9 33  100 0110000000010011010010010101101011100101011001111110011111101011011010001111111111000111001000010001
6 37  100 0110000001100001010000010011111101100011111000110110111011100101111010011111111111000111111010011100
5 39  100 0110000000010011010000010011111101100011111000110110111011100101111010011111011101000110011001011001
4 40  100 0110000000011011010010010101111110101011001001110110111110101001111010001011010100010011011000011100
runNumber 7
genCount 5561
elapsedTime 600.031
unaryHyperVol 151
binaryHyperVol 12.6087
additiveEps 0.869565
entropy 0.509891
archive 7
2
4 28  100 0110101011100011001010001100011100101010000101110010100100100011110010001101110001010001001010100111
3 33  100 1010101010101110001010000111111000101010001011111110100100101011001010000101011101010001001010011111
runNumber 8
genCount 5624
elapsedTime 599.966
unaryHyperVol 156
binaryHyperVol 54.8235
additiveEps 1
entropy 0
archive 8
1
4 27  100 0000010100101101001001000011000000101001001001111010010100100011001010000110101101000000001010100111
runNumber 9
genCount 5516
elapsedTime 599.986
unaryHyperVol 227
binaryHyperVol 12.125
additiveEps 0.75
entropy 0.5994
archive 9
3
5 22  100 1110101011100101001010001111010011010111000101111010010111100010001010111101111001000111011010100101
4 25  100 1110101001101100000000011111100101010101101001110010010111101011011010001111111001010111011010100111
3 26  100 1110101011100101001010001111010011010111001001110010010111101011011010001111111001010010011001111101
runNumber 10
genCount 5488
elapsedTime 599.947
unaryHyperVol 82
binaryHyperVol 12.7821
additiveEps 0.7
entropy 0.346016
archive 10
6
16 28  100 0110000001010001010000010000000011010101011011101110110100101011001010001111001010000111010110011111
15 30  100 0110000000010001010000010000000011010101011011101110010101101010001010001111001010000111010101010001
11 31  100 0110000001100001010000000000010000100001001011101110010110101010001010001111110101010111010100001100
7 32  100 0110000001010001010000000010111000100001001001101110010110101010001010101101111100100111010100001100
5 38  100 0110000000100001010000000010111000100001001011101010001100101001011010001001000101010001010100000100
4 40  100 0110000000011101010000010101001110100001001011001110010110101110001010100011010100010001010101110001
runNumber 11
genCount 5474
elapsedTime 599.977
unaryHyperVol 193
binaryHyperVol 9.64394
additiveEps 0.727273
entropy 0.472411
archive 11
4
9 23  100 1010101011100001000000101000000000010111001000101010110111101001010000001101110001000111101010100111
5 26  100 0010101011100110101010111100010000010101001000101010110111101001000000001101110001000111011010110111
4 30  100 0010101011100111000000111100000001010111001000101010101011100000101010001111100100000101101010100011
3 32  100 1010101011100011001010111100010000010100001000001010001111101001001010101100110100010000101010100111
runNumber 12
genCount 5581
elapsedTime 599.803
unaryHyperVol 127
binaryHyperVol 10.6322
additiveEps 0.666667
entropy 0.5994
archive 12
3
6 29  100 0010101011100001101010001101001111001000111010110110011001101101001001000011101010100101010110000111
4 32  100 0010101011100001101010001101001111001001111010110110011001101100001010100011011010010101010110000001
3 39  100 0010101001100000101010011101011010101010001010010110111001100011111010110001010010010001010100100010
runNumber 13
genCount 5520
elapsedTime 599.946
unaryHyperVol 144
binaryHyperVol 21.52
additiveEps 0.85
entropy 0.509891
archive 13
2
8 27  100 0000101011101101001001010100100101100001000101110110110100101010001010011110110001110100011010100111
4 30  100 0000101011101000001001010100100100100000110101110010010100101001101010001110110000000011101010000111
runNumber 14
genCount 5506
elapsedTime 599.988
unaryHyperVol 94
binaryHyperVol 24.8046
additiveEps 0.827586
entropy 0.5994
archive 14
3
6 31  100 0010010101100001010101001010100011010110101001111010011000100011110000010001100000000100011010100101
5 37  100 0010010101100010010101001101000010010110001011101110001000001111110000000001011111010000101011110101
4 39  100 0010010101100110010101001100000001010110101000100110101001100011110000010001000000010000001011110101
runNumber 15
genCount 5519
elapsedTime 599.912
unaryHyperVol 94
binaryHyperVol 19.5543
additiveEps 0.913043
entropy 0.509891
archive 15
2
11 31  100 0010000011100000010000101111011000100000011001111101110100101101001010010101111010001011010101101111
4 33  100 0010000011100000010000101111000100100000011000001110110100101001001010010101001010000011010101101111
runNumber 16
genCount 5577
elapsedTime 599.963
unaryHyperVol 113
binaryHyperVol 14.6232
additiveEps 0.913043
entropy 0.5994
archive 16
3
6 31  100 0000101011100001001010111100110101101111101010011100010101101000001010010110010001010011011001111100
4 32  100 0000101010100001110000100000001101101110101010110010010111101000001010010110010101010011101011110110
3 33  100 0000101011100001001010110010000101101111101010110010010011101000001010010110010111010011101011110110
runNumber 17
genCount 5694
elapsedTime 599.91
unaryHyperVol 128
binaryHyperVol 19.4
additiveEps 0.875
entropy 0.509891
archive 17
2
8 27  100 0000010100100000001001000100000111010101011011001110010111101011000000000110011100100000111010100100
4 34  100 0000010110100001001001000000000110010100011011010010100010100001101010100111011001000000011010010011
runNumber 18
genCount 5518
elapsedTime 599.969
unaryHyperVol 148
binaryHyperVol 26.0952
additiveEps 0.857143
entropy 0.509891
archive 18
2
6 27  100 0000010111100001010101001100000100001010001001010010010111101000011010111111110000010011011001110111
4 31  100 0000010111100001000101000100110001001110001001100010010111100000011010111111110001010000101001000111
runNumber 19
genCount 5474
elapsedTime 599.988
unaryHyperVol 77
binaryHyperVol 11.8667
additiveEps 0.8
entropy 0.478871
archive 19
4
9 32  100 0000010111100000000000100100000000101110001010101010010101100000000101011111000110000101101000010101
7 34  100 0000101011101000000000000100000000101100001011100010011101100000000101010111000110010101001000000111
4 37  100 0000101011101000111010000011111010100100001011100010101001101000001010111000010110010101001010100101
3 40  100 0000101011101000111010000011000001101100001011100010001001100000101010011111000010010001001000100101
runNumber 20
genCount 5764
elapsedTime 600.024
unaryHyperVol 100
binaryHyperVol 15.3152
additiveEps 0.956522
entropy 0.509891
archive 20
2
7 32  100 0000101000101100101001011111011010100000110010011010010110101000001010001110011000010101011001110111
3 33  100 0000101000101000001010010001000101100001011000001010010111101011011010001110111110010011011001111111
runNumber 21
genCount 5619
elapsedTime 599.957
unaryHyperVol 58
binaryHyperVol 14.3333
additiveEps 0.892857
entropy 0.5994
archive 21
3
6 35  100 0010101001100001011001010001101000001100010001000010011000100000101010111110110010101001011010101100
4 37  100 1010101000101001001010111110001010101110111010110010100001100000001010111100010010100101011000010101
3 38  100 1110101000101001001010111110001010101110010101000010011111100000101010111010010011010001111000010101
runNumber 22
genCount 5334
elapsedTime 599.926
unaryHyperVol 117
binaryHyperVol 15.8571
additiveEps 1
entropy 0
archive 22
1
3 31  100 0010101010100010001010010101000011101000000101111110000100010100001010100001111001010010010101100101
runNumber 23
genCount 5460
elapsedTime 599.98
unaryHyperVol 180
binaryHyperVol 11.619
additiveEps 0.714286
entropy 0.5994
archive 23
3
6 25  100 1010101011001101001010000011110111010111001001111110000101100100001010011010111001110101001010100111
5 28  100 0110101011100001001010000001010111010111001001010110010101100100001010010100111001110101001011100111
3 31  100 0110101000100001001010000001010111010111001001111110000101100100001010011010011011010011001011110110
runNumber 24
genCount 5616
elapsedTime 599.985
unaryHyperVol 78
binaryHyperVol 15.875
additiveEps 1
entropy 0
archive 24
1
3 34  100 0010101001101111101010010100100100100011011001011010010110101000001010100010001001010011010100101101
runNumber 25
genCount 5515
elapsedTime 599.997
unaryHyperVol 132
binaryHyperVol 54.8421
additiveEps 1
entropy 0
archive 25
1
4 29  100 0010101000100000001001010101000111100000000101101010011011010101001010001110011010000111010110111111
runNumber 26
genCount 5451
elapsedTime 599.864
unaryHyperVol 132
binaryHyperVol 11.8462
additiveEps 0.769231
entropy 0.5994
archive 26
3
5 29  100 0110101000101101000101111100001111010111111000111110010101100001001010001110110101100101101000011101
4 33  100 0110101000101101000101111000001001101100111010001110110111101100001010000010100101010001101010110111
3 36  100 0110101001010101011010001101001001101100111010001110010111101100001010100111100101010001101000111111
runNumber 27
genCount 5488
elapsedTime 599.759
unaryHyperVol 115
binaryHyperVol 32.44
additiveEps 0.88
entropy 0.509891
archive 27
2
5 30  100 0010101011100001011001011101010001100000000001111110110110100110101010010101110101010100010100100111
4 35  100 0010101000100011011001010000100101100000011001011110000110100110001010010001110100100100011000100111
runNumber 28
genCount 5375
elapsedTime 599.984
unaryHyperVol 166
binaryHyperVol 21.95
additiveEps 0.8
entropy 0.5994
archive 28
3
7 25  100 0000000011001101010000001000000001001001111001010010110111100111001010001110111001010101011001110111
6 29  100 0000000001001100010000001111010100101111111001010010110111100111001010001111011001000101011001100101
4 30  100 0000000011001100010000011111000101101001101001010010100111101110001010001010111101010101011001100101
runNumber 29
genCount 5449
elapsedTime 599.848
unaryHyperVol 125
binaryHyperVol 20.1063
additiveEps 0.95
entropy 0.509891
archive 29
2
11 29  100 0110000000100001010000001100001000100010011010111001110101100011110000000011110001000100111010000111
4 30  100 0110000000101001010000011111000111101111011001110110010100100011110000000001110010010100111010100111
