OptimalFront
unaryHyperVol 400
2
4 11  100 1010101100101010010000011011101110101000010010000000101101111101100000001100000100101000100100001001
3 14  100 0000010100100100010101001011101110101000010000000000101101111101100000000000010100101000000011001001
-------------------------
runNumber 0
genCount 5440
elapsedTime 599.958
unaryHyperVol 135
binaryHyperVol 15.72
additiveEps 0.76
entropy 0.380988
archive 0
5
13 29  100 0000100111010000010000011101100101000000000000000111110001011111010000001010100100100100100111001001
7 30  100 0000100111010101010001001101010100101001100000001001111101010011010000000110100100100100101111001001
6 32  100 0000100111010101010000010101100101000000000010100101110001011001110011101010100100100100100111001001
5 34  100 0000100111010101010000010101000001000000001010000111100001011000110011101010100100100100100111101001
4 36  100 0000100111010000010000010101100101101001101110011010100001011001110011101010100100100100101101011010
runNumber 1
genCount 5195
elapsedTime 599.935
unaryHyperVol 124
binaryHyperVol 14.7538
additiveEps 0.769231
entropy 0.380988
archive 1
5
13 28  100 0000101100010101010000110101000101000011100000000000100000111100000001000010100100100000100111001001
8 31  100 0000101100010000010000000001000101000011100101000101100100111101010101000010100100100000100111001001
7 32  100 0000101100010001010000110101000101001001101101000101000000111110000111000110100100100000100111001001
6 35  100 0000101100010101010000110101000101000010111001000101100011111100000111000010101100100000100111011000
4 37  100 0000101000010000010000000101000100000011100001000101000001111100010100000010100010100101100111010000
runNumber 2
genCount 5315
elapsedTime 599.981
unaryHyperVol 160
binaryHyperVol 17.0972
additiveEps 0.791667
entropy 0.380988
archive 2
5
9 26  100 0000011100010000100000010111110110101010010000000001110010100101000010100110100100101010100111001001
8 30  100 0000010100010100100000010111110110101011010000000101110010100001100100100110100100101001101110011001
7 31  100 0000011100010000100000100001010110101001110000010101100110100001010110100110100100101000100111001011
5 33  100 0000011100010000100000100101010010101001110000010101110110101000001101101110100100101000100111001001
4 35  100 0000100100010100100000000101100110101011010000010101110110101000001101100110100100101000100001001011
runNumber 3
genCount 5420
elapsedTime 600.029
unaryHyperVol 197
binaryHyperVol 13.4222
additiveEps 0.833333
entropy 0.468496
archive 3
3
8 26  100 0000100011100101110000001011101010101011010000000011100001110001100010000000010100001100000011001001
4 28  100 0000000001100100011100001011101010101011010110110100100001110001100010100000011100100100000010001001
3 29  100 0000100001100100110000101011101011101011110000000011100001110001000000000000011100100100000010001001
runNumber 4
genCount 5257
elapsedTime 599.893
unaryHyperVol 151
binaryHyperVol 12.75
additiveEps 0.875
entropy 0.509891
archive 4
2
4 30  100 0110100100010011110001110101111101101010010000000000100101011100101101000000011101100100000011001001
3 35  100 0110100101010011110000010111110101101010010000001010100100111101100001010000010101100011000001101011
runNumber 5
genCount 5363
elapsedTime 600.011
unaryHyperVol 192
binaryHyperVol 16.6327
additiveEps 0.714286
entropy 0.5994
archive 5
3
10 25  100 0000100101101001010001001001101111101000010010000100010100111101000101000100010100101010100100001010
5 26  100 0010100111101001010000001010101111101000010010001101101101111111011100110100010100101010100100001010
4 32  100 0000100111101001011001001010101111101000101110111111001100010100111101110100000101101001100100001000
runNumber 6
genCount 5430
elapsedTime 599.983
unaryHyperVol 148
binaryHyperVol 13.875
additiveEps 0.863636
entropy 0.5994
archive 6
3
7 30  100 0110101100010000100000110111011010101000000000100011101101001111111000000100010100100101000001101001
5 31  100 0110101100010000100000110111011010101000000000100011101101001111101000000000011100100110000001101001
3 33  100 0110101101010011110000110101011010101000110010000011101001001101101000000000011100100101000000101011
runNumber 7
genCount 5334
elapsedTime 600.032
unaryHyperVol 207
binaryHyperVol 19.2737
additiveEps 0.736842
entropy 0.5994
archive 7
3
8 24  100 0110100100010000000000000011001110100100010010000000100101010001100000000110000000101100101111101011
5 25  100 0110100100010000100001000101101100100100010000000000011000110001100000000110000000100100101111101011
4 30  100 0110100101010000000000100011001001100100010010010010101000110001100000000110000000100100101100011000
runNumber 8
genCount 5257
elapsedTime 599.933
unaryHyperVol 168
binaryHyperVol 56.8235
additiveEps 1
entropy 0
archive 8
1
4 28  100 0000000000100100011100011101010111010111110010100100101101110001110100100110000011101100100100001001
runNumber 9
genCount 5394
elapsedTime 599.942
unaryHyperVol 192
binaryHyperVol 56.8
additiveEps 1
entropy 0
archive 9
1
4 26  100 1010010100101001010101000110011100101000000010000111000000011110100000100100000110101000100100111001
runNumber 10
genCount 5548
elapsedTime 599.849
unaryHyperVol 167
binaryHyperVol 13.72
additiveEps 0.85
entropy 0.509891
archive 10
2
8 28  100 0000100100000100010000001011100001101000010000000001010011110000001101000000010000101000000011001000
3 31  100 0000000000100100110000010100101000101011101010110000001101111001011111000000010000101000000011001011
runNumber 11
genCount 5330
elapsedTime 599.924
unaryHyperVol 120
binaryHyperVol 56.8571
additiveEps 1
entropy 0
archive 11
1
4 32  100 1010101011101011110000101101001111100111010110010000100000010001010111000100000000101000100011110000
runNumber 12
genCount 5498
elapsedTime 600.001
unaryHyperVol 132
binaryHyperVol 10.5806
additiveEps 0.903226
entropy 0.509891
archive 12
2
4 31  100 0000100001100100010000101111011100101000000000000111110101110001101110100010000101101000100100011011
3 42  100 0000100110100100010000011101010101101000111010010111110010010011001110100000010010100111000011000000
runNumber 13
genCount 5597
elapsedTime 599.996
unaryHyperVol 155
binaryHyperVol 35.6316
additiveEps 0.947368
entropy 0.509891
archive 13
2
5 29  100 0110100101010101010000011001011010101010010000000100100011000001001101110110100100101000100011001001
4 30  100 0110100101010101010000010001000000000011100000000101101111101001100000010110100100101000100011001001
runNumber 14
genCount 5449
elapsedTime 600.011
unaryHyperVol 157
binaryHyperVol 11.4861
additiveEps 0.75
entropy 0.417715
archive 14
5
9 28  100 0000100101100101011101001011000000000000100010010000110001110111000100000100010100101001000000001001
7 29  100 0000100101100100011101011101000001000000110010010000101001001111000100000100010101101001000000001001
5 33  100 0000100101100101011101001111000001000000100010000001111000111111000101100000011100101001000001001001
4 34  100 0000100101100101010000000111000000101011100000010000111001011011101100010000010100100001000001001001
3 35  100 0000100101100100011101001111000100101010101010010101111000111111000101100000011100101000000010001001
runNumber 15
genCount 5503
elapsedTime 599.93
unaryHyperVol 144
binaryHyperVol 13.2338
additiveEps 0.857143
entropy 0.5994
archive 15
3
10 29  100 0110100001010011010000010111101111101000001100110100100100111111000000000100011101101001000011001001
7 32  100 0110100001010011110000110011011111101000011100010110000101110100100000000100011101101001000011001001
3 33  100 0110100001010011010000010111101111101000011110110110000100110111000100000000011101101001000011001001
runNumber 16
genCount 5277
elapsedTime 600.022
unaryHyperVol 115
binaryHyperVol 14.625
additiveEps 0.916667
entropy 0.509891
archive 16
2
4 33  100 0110100111010011010000010001001110101001010110110000100001111101111100100000010010100101000001101001
3 35  100 0110100001010000100000010001001101101001010110110000100011111101111000000000010010100101000000101001
runNumber 17
genCount 5369
elapsedTime 599.942
unaryHyperVol 75
binaryHyperVol 12.375
additiveEps 0.8
entropy 0.33854
archive 17
6
11 34  100 0110100101010010100010011011011010101001001100000001000000011101000100010100010111100100100010101000
9 35  100 0110100101010010101110100001010111101001001100000001000000011101000100010100010110100100100011001000
7 36  100 0110100100010010100000000001100011101001001100000110010100110101100011110100010110100100000010101011
5 39  100 0110100101010011110000010110011110101001001100010101010001010001001110001010000011101111100010001000
4 40  100 0110100101010010110000010011100001101001001110101101001000011101000101010100010001010011100010011001
3 41  100 0110100101010011000000000111010001101001000110000001000000111101100111010000010010100101000010100000
runNumber 18
genCount 5367
elapsedTime 599.957
unaryHyperVol 195
binaryHyperVol 15.8125
additiveEps 1
entropy 0
archive 18
1
3 27  100 0000000010100100010000111011010000101000010010000000001000111101010111000000010100101000000011001000
runNumber 19
genCount 5406
elapsedTime 599.999
unaryHyperVol 129
binaryHyperVol 12.91
additiveEps 0.8
entropy 0.478871
archive 19
4
7 31  100 0000101000100101010000010011001010101010010110100010011101110000110100010000011000101000001100111001
6 32  100 0000101100100100000000010111110010101010010110100111100001010001011011001100011000101000001100111001
4 35  100 0000100100100100010000000110111010101011100010101011110001100000100110001100011100101000000001111001
3 36  100 0000101100100100010000010111111110101000110110101011111011100000001111010000011111101001000000111001
runNumber 20
genCount 5447
elapsedTime 599.935
unaryHyperVol 181
binaryHyperVol 22.4125
additiveEps 0.75
entropy 0.468496
archive 20
3
7 26  100 0000101100010100010000011011001101101000100110000100100101011101001000000100010011101001000000001001
6 27  100 0000100000010000010000011011111101101010100000011001101001011101110000000010100100100001101011001001
4 31  100 0000101100010100010000010101000001101000100110000100000101111101110010000000010011101001000000001011
runNumber 21
genCount 5350
elapsedTime 599.964
unaryHyperVol 174
binaryHyperVol 14.8974
additiveEps 0.833333
entropy 0.599401
archive 21
3
16 24  100 0000101100101010010000010011001110101000000110000100010001111100000000000000000101101101000001001001
10 26  100 0000101100101010010000011111100011101000111100000001000001110100001100000000000101101011000001001001
4 29  100 0010101100101010010000111111100011101000101110000001101001100001001000100000000001101111000011001001
runNumber 22
genCount 5283
elapsedTime 599.968
unaryHyperVol 178
binaryHyperVol 18.6015
additiveEps 0.857143
entropy 0.599401
archive 22
3
10 26  100 0110100001010111010001111000001100101010010110000000010100111101100100000100010011101000100111001001
5 28  100 0110000001010011010000011011111100101010010110100000001100110101100000000100010001101011100011001000
4 30  100 0110101001010010010000011111111010101010010110010100000101110101100010011100010000101000101101001001
runNumber 23
genCount 5247
elapsedTime 599.959
unaryHyperVol 102
binaryHyperVol 18.7826
additiveEps 0.913043
entropy 0.509891
archive 23
2
13 32  100 0000100100010101010001000101000100001010010000000011111101011101001100010110001111000011000001001001
4 34  100 0000100100010000010001000101000000001010010000000101101101011101011011010110001111000011000001001000
runNumber 24
genCount 5358
elapsedTime 599.983
unaryHyperVol 192
binaryHyperVol 56.8
additiveEps 1
entropy 0
archive 24
1
4 26  100 1010100000101010100000011111110110101000010010100000101100010001000001000000000001101011000001001001
runNumber 25
genCount 5481
elapsedTime 599.89
unaryHyperVol 180
binaryHyperVol 56.8125
additiveEps 1
entropy 0
archive 25
1
4 27  100 1010100100101010000000010011100010101011111010000001100001001101011011011100000100100100100100101001
runNumber 26
genCount 5367
elapsedTime 600.007
unaryHyperVol 122
binaryHyperVol 17.6364
additiveEps 0.909091
entropy 0.5994
archive 26
3
14 30  100 1010000001101011010000111001101110101010110110000000000001010000111111000000000101100000000001001001
10 31  100 1010000001101010010000011001001101101001011110110011000001010000111101000100000101100010000001001001
4 33  100 0010000000101010010000011000101101101001011110000110000010000001111111000000000001100010000001001011
runNumber 27
genCount 5374
elapsedTime 599.954
unaryHyperVol 152
binaryHyperVol 12.6435
additiveEps 0.8
entropy 0.468496
archive 27
3
8 29  100 0110000001010010100000010100101001101000010001010001001101011110100000000000010100100011000011011001
4 32  100 0110000001010010100000010110100101001001010000010000000001111100000101100000010100101000000011011001
3 34  100 0110000001010010100000010110110000101000010110010001111100011101111111000000010100100000000011011000
runNumber 28
genCount 5164
elapsedTime 599.973
unaryHyperVol 142
binaryHyperVol 35
additiveEps 0.904762
entropy 0.509891
archive 28
2
5 30  100 0000100111010000010000011001000000000010010000110011110100111001000011000110100100101001100110001001
4 32  100 0000100111010000000000010001011100101011110110000000111101010000110011000110100101101010100100001011
runNumber 29
genCount 7351
elapsedTime 599.953
unaryHyperVol 194
binaryHyperVol 33.6094
additiveEps 0.8125
entropy 0.599401
archive 29
3
7 24  100 1110100100101010010000011000100010101000000010000001100001111101100111000000011100100100000000001001
6 25  100 1100100100101010010000011000100010101000010000001001100001111101000101000000011100100100000000101001
5 27  100 1100100100101010010000011000100010101000110010010001100001111101000111000000001100001101000001011001
