OptimalFront
unaryHyperVol 397
3
6 8  100 1010101010100001000000111111110001010101000101001010011010100011011010111011100100011001110100110111
4 9  100 1010101010100001000000111111110001010101000101001010011010100011011010111011100100011001010100110111
3 12  100 1010101010100001001010111111110001010101000101001010011010100011011010111011100100010001010100110111
-------------------------
runNumber 0
genCount 5367
elapsedTime 599.99
unaryHyperVol 196
binaryHyperVol 10.0433
additiveEps 0.727273
entropy 0.481574
archive 0
3
14 21  100 0000101010001101110000011111110001100101001000001010001110010111011010011110100100010101010100110111
4 24  100 0000101011101101110000011111110001100101001000000110001010100011011010110101001000000101010100100111
3 29  100 1010101001101100111010011101100100100101011001001010001010100011011010110111010000010001111010110100
runNumber 1
genCount 5070
elapsedTime 600.033
unaryHyperVol 125
binaryHyperVol 11.5143
additiveEps 0.75
entropy 0.529986
archive 1
4
8 28  100 1010101010100011001010110111111110100101011011001010101001101010111010000101010000100101110100110111
5 30  100 1010101010100011001010110111111111100110011011011010111001101000111010000001110000100101110100110111
4 32  100 0010101011100000001010110011111110100101011000001010111001101000111010000001110000000101110111111101
3 36  100 0010101011100100011010100011111010100101101000001110101001100000111010000001010011010000010110100111
runNumber 2
genCount 5151
elapsedTime 599.941
unaryHyperVol 115
binaryHyperVol 15.2464
additiveEps 0.956522
entropy 0.49717
archive 2
2
5 30  100 0110101000100011111010001100110001100101000101101010010011101100011010111000110101010001100000010000
3 31  100 0110101000100011111010001100110001100101000101101010010011101100011010111000110101010001101001001000
runNumber 3
genCount 5265
elapsedTime 599.949
unaryHyperVol 139
binaryHyperVol 23.3409
additiveEps 0.863636
entropy 0.449615
archive 3
3
7 27  100 0110101000100000101001111111110001100110110101001010111011100011011010111101110000000100000000110111
5 28  100 0110101000100100101001111111110001100101010101001010100010100010011010111111110011001100000000110111
4 30  100 0110101000101011101001111111111001100110110101001010111111100011011010101111110100001000001010110101
runNumber 4
genCount 5038
elapsedTime 599.987
unaryHyperVol 111
binaryHyperVol 13.48
additiveEps 0.84
entropy 0.449615
archive 4
3
16 29  100 1010101000101100101010110011101010100101001010001110101001100000011010000111110000000101110100110111
5 30  100 1110101011100000101010110111101010100101001010011110011001100000011010000011110000010101010100000111
3 33  100 0010101011100000101010110011101010100101001010001110100011100000011010100011111001010001010100100011
runNumber 5
genCount 5245
elapsedTime 600.029
unaryHyperVol 126
binaryHyperVol 13.4133
additiveEps 0.84
entropy 0.49717
archive 5
2
4 29  100 1110101001100001000000011011110101010100110101111010100110100000101010111000000110011000011010011111
3 33  100 0110101010100011101010111111111100010101001011110110101111100100101010111000000110010011111011011111
runNumber 6
genCount 5113
elapsedTime 600.023
unaryHyperVol 144
binaryHyperVol 28.5614
additiveEps 1
entropy 0
archive 6
1
4 27  100 0000100001100001110000100011111110100000000101000010110101000011011010000011100000100101111000110111
runNumber 7
genCount 5043
elapsedTime 599.968
unaryHyperVol 207
binaryHyperVol 14.8958
additiveEps 0.9375
entropy 0.49717
archive 7
2
4 23  100 0110101011100000000000010111110001010111001000001110011000100011011010111011010101110011111000110011
3 24  100 0110101001100000001010001111101101010101001001011010011010100011011010111001100111010001111001100111
runNumber 8
genCount 5084
elapsedTime 599.888
unaryHyperVol 70
binaryHyperVol 53.9167
additiveEps 1
entropy 0
archive 8
1
6 32  100 0110000001010111010000000011110010010101111011100010101001100011001010001000010100000101101000110101
runNumber 9
genCount 5197
elapsedTime 599.935
unaryHyperVol 88
binaryHyperVol 18.5661
additiveEps 0.857143
entropy 0.481574
archive 9
3
10 30  100 1101101001011101011001110111110001010101111001010010011010100010001010110001101100111011111010110101
5 33  100 1101101001011101011001110101100001010101111000000110011011100010101010001100100100111011011010010101
4 35  100 0101101000011100000001110101110001010100001000000110011011100010101010010000000010111011001010100010
runNumber 10
genCount 5243
elapsedTime 600.03
unaryHyperVol 152
binaryHyperVol 13.7879
additiveEps 0.863636
entropy 0.481574
archive 10
3
5 27  100 1010101010101101111010110011010011100111000101011010011001100011011010000101110110010000110100110001
4 28  100 0110101010100001101010010011110011100111000101011010011001100011011010000001111110010000110100110001
3 30  100 1010101010101101111010110001010000101111000101011010011001100011011010000001111110010001010100111101
runNumber 11
genCount 5139
elapsedTime 599.899
unaryHyperVol 86
binaryHyperVol 22.2759
additiveEps 0.793103
entropy 0.449615
archive 11
3
7 31  100 0110010100010001010101000011000011100101001000000000000100100010010101011000010011010010111000000101
5 33  100 0110010111010001010101000011000001100000001010110000101010100000010101010000010100010010011001000101
4 37  100 0110010111010001010101010011000011100000001010000000101000100100010101010010010011010010011011000101
runNumber 12
genCount 5144
elapsedTime 600.02
unaryHyperVol 152
binaryHyperVol 14.4444
additiveEps 0.904762
entropy 0.49717
archive 12
2
5 27  100 1010101010100001011010111011110000010101001000001010100011101010011010001001101011110101010111000111
3 29  100 1010101010100001011010111011110000010101001000001010100001101010011010001001101011010011010111010010
runNumber 13
genCount 5187
elapsedTime 600.047
unaryHyperVol 128
binaryHyperVol 33.5
additiveEps 0.904762
entropy 0.49717
archive 13
2
7 27  100 1110000010101101010000000011110010101101000101000010001001100011111010111010101000000101001000000111
5 29  100 1100000001001101010000001110000000101101000101000010000001100011011010111011000101010011111001110111
runNumber 14
genCount 5079
elapsedTime 599.764
unaryHyperVol 78
binaryHyperVol 15.92
additiveEps 1
entropy 0
archive 14
1
3 33  100 1010101000101010011010101110100001101010110101010110001110010110011010110011010000010010111000110101
runNumber 15
genCount 5102
elapsedTime 599.887
unaryHyperVol 236
binaryHyperVol 10.7593
additiveEps 0.666667
entropy 0.481574
archive 15
3
5 20  100 0010101010101000011010111111110000010101011000000010011010100011011010110011100100010101111000110111
4 25  100 0110101010101000000000101111110101010101011001000110110000100110101010011011100100010001111000110111
3 26  100 0110101010101000011010101111110001010101011001010110011010100110011010010011100100010001111000010111
runNumber 16
genCount 5067
elapsedTime 600.069
unaryHyperVol 224
binaryHyperVol 19
additiveEps 0.736842
entropy 0.481574
archive 16
3
7 19  100 1010010110101000000000011100110001010101001000001010011010100000010000111000100100110010111010010111
5 23  100 0010010110101000000000011111000001010101001000101010011010100011011010011000100100011110011010111010
4 27  100 0000010110101001000001001010000001010101011000001010111010100011001010111000100100010110001010101011
runNumber 17
genCount 5083
elapsedTime 600.024
unaryHyperVol 182
binaryHyperVol 18.483
additiveEps 0.9375
entropy 0.49717
archive 17
2
14 23  100 0110101001011101001001110011110001100000001000001010010110100001101010111111100100011001111000110000
4 24  100 0110101001011101001001010111110001100000001000001010010110100001101010111111100100011101111000110100
runNumber 18
genCount 5186
elapsedTime 599.99
unaryHyperVol 173
binaryHyperVol 13.65
additiveEps 0.85
entropy 0.49717
archive 18
2
6 25  100 1010101010100001010101011111010001100001011000001010011010100011001010011011111100010001111001000001
3 28  100 1010101010100101111010010001110001100001011000001010011010100010011010101110011100010000111010110101
runNumber 19
genCount 5164
elapsedTime 599.84
unaryHyperVol 172
binaryHyperVol 16.2976
additiveEps 0.761905
entropy 0.447913
archive 19
4
11 23  100 0010000001100001010000010011001101100001001000100010111010100011011010111011101000010101111000110111
6 25  100 1010000001100001010000000011001101101001001000100010111010100111011010111011101000010101111000110001
5 27  100 0110000001100100010000000011001001100001001000100010111011100011011010111011100100010000111001110111
4 29  100 0110000000100101010000010011001111100001001001100010011010101111011010111011101000010101111000010000
runNumber 20
genCount 5204
elapsedTime 599.977
unaryHyperVol 80
binaryHyperVol 27.4359
additiveEps 0.923077
entropy 0.49717
archive 20
2
6 32  100 0110101001010011011001110111011001100111001000000010011001100110011010100011100100111100011011000100
4 34  100 0110101000010010001001110101111110100110101010000010011101100001011010100011100100111110011011000100
runNumber 21
genCount 5161
elapsedTime 600.021
unaryHyperVol 158
binaryHyperVol 12.5528
additiveEps 0.782609
entropy 0.449615
archive 21
3
10 26  100 1010101010100101001010000011000001100011000101001010011001001100110101110111110000010000010100010011
4 27  100 1010101010101001001010000111010001100011000101001010001001000100011010111010010000010011010101110011
3 31  100 1010101010101111001010111110010110100011000101001110001010101100011010110011111010010011010100010011
runNumber 22
genCount 5185
elapsedTime 599.97
unaryHyperVol 183
binaryHyperVol 10.32
additiveEps 0.64
entropy 0.481574
archive 22
3
5 24  100 1010101010100000001010001111110000100001111000110110010010100001011010111011100111110101010110110111
4 27  100 0010101010100011101010111110000001100001111000110110011010100000001010111011100101110101010100000101
3 33  100 0110101010100011101010111110000000101000111000011110101010100001101010101010101011010010010100111100
runNumber 23
genCount 5097
elapsedTime 599.992
unaryHyperVol 153
binaryHyperVol 13.7727
additiveEps 0.863636
entropy 0.49717
archive 23
2
4 27  100 0010101001100000011010111101010001101001001000001010010010101111101010100001110101010001110100110101
3 30  100 0110101001100000011010111101000001101001001000001010010010101110011010100001001001010000010100100111
runNumber 24
genCount 5121
elapsedTime 599.909
unaryHyperVol 64
binaryHyperVol 21.9214
additiveEps 0.892857
entropy 0.481574
archive 24
3
8 33  100 0110000000011101010000010001101001100000001011001010000110100001011010110000110101010110111011110101
6 34  100 0110000001011111010000010001001001100011001001011010000110100001011010110100110101010110010100010111
4 36  100 0110000000011101010000010101011100100100001010101010000110100001011010011111010111011111010111001110
runNumber 25
genCount 5157
elapsedTime 600.068
unaryHyperVol 45
binaryHyperVol 27.0667
additiveEps 0.9
entropy 0.49717
archive 25
2
5 35  100 0110000000101100010000101101000001100001001000111010111011100111111010011100110011100100010110111111
4 38  100 0110000000101000010000010001000001100010101011001110011000010110101010101001101010110101001000101010
runNumber 26
genCount 5167
elapsedTime 599.944
unaryHyperVol 116
binaryHyperVol 26.1333
additiveEps 0.84
entropy 0.49717
archive 26
2
5 29  100 0110010101011111000101000011110110010100001000001010010010100001011010111101111101010001010100100111
4 33  100 0110010101011101010101000111110100010111001001010010101111100111101010111000100000010001010111100111
runNumber 27
genCount 5123
elapsedTime 599.906
unaryHyperVol 241
binaryHyperVol 11.2941
additiveEps 0.705882
entropy 0.481574
archive 27
3
5 20  100 0010101010100001011010111111110001010100000101001010011001000011101010101000010100010101010100000111
4 21  100 0010101010100001011010111111110001010100000101001010011001000011101010101000010100010001010101111111
3 25  100 0010101010100001011010111111000000010100000101001010010010100000101010001000110100010001010111111111
runNumber 28
genCount 5181
elapsedTime 600.028
unaryHyperVol 96
binaryHyperVol 11.8925
additiveEps 0.741935
entropy 0.49717
archive 28
2
4 31  100 0110000000100110010000011111010111010110000101001010001111100010101010001011010100111001101000000011
3 39  100 0110101001011101101010011000101010010110011010011110101100100100011010011011101001010010011000111101
runNumber 29
genCount 5374
elapsedTime 599.956
unaryHyperVol 155
binaryHyperVol 27.7544
additiveEps 0.947368
entropy 0.49717
archive 29
2
5 26  100 0110000000011000000000010111010001010101000011001010011010101100001010011011100000111001001000000111
4 27  100 0110101000101000000000010111110001010101001000001010110101100011001010011111100100110010101010000111
