OptimalFront
unaryHyperVol 290
4
6 9  100 0000101000000100010110000010001100110101000110011001010100000011010000110010100010101000101011110110
4 10  100 0000101000000100010110000010001100110101000110011001010100000011110000110010100010101000101011110110
3 11  100 0000101000000100010110000010001100110101000110011001010100000011011010110010100010101000101011110110
2 12  100 1010101000010001010110000010001100110101000110011001010100000011011010110010100010101000101011110101
-------------------------
runNumber 0
genCount 5416
elapsedTime 599.764
unaryHyperVol 89
binaryHyperVol 10.2065
additiveEps 0.782609
entropy 0.475082
archive 0
2
4 27  100 1010101000010001001110001101010100000101000110010001110100101011010010000000100100100011001011110110
2 32  100 1010101000010001011100101110011000110101100110110011110100101000101010010010101010100001001011111110
runNumber 1
genCount 5191
elapsedTime 599.976
unaryHyperVol 76
binaryHyperVol 14.84
additiveEps 0.72
entropy 0.446543
archive 1
4
8 26  100 0000010101010100000101000010000000001101010110000001010100011011011001110110100010101010111011111010
6 29  100 0000010100100101000111010010000100001111010110010101100100011001011010111110101011101000111011001110
4 31  100 0000010100100101001011000010000000001100010110011001111101000001111010110110101011101000111011001110
3 34  100 0000010101010100010111000010000100001101010110011001001111111001111010001010101000101111111000000110
runNumber 2
genCount 5346
elapsedTime 599.894
unaryHyperVol 176
binaryHyperVol 17.7692
additiveEps 0.692308
entropy 0.475082
archive 2
2
4 18  100 0000011000000100010110101010000100110101000101001001100100011011011010110010101110101010101010110110
3 22  100 0000011000100100010100111010000100110101010000011001100100011011011010110010101110101010101011110010
runNumber 3
genCount 5368
elapsedTime 600.042
unaryHyperVol 118
binaryHyperVol 10.3368
additiveEps 0.789474
entropy 0.478842
archive 3
3
7 24  100 0000101000100100010110000010000011011010110101010101100100000000010010000010100110101011101011010010
5 25  100 0000101010000100010100000010000001110001001101010101001100000000000010110010100110101000011001010010
2 28  100 0000101000010001011001011010000000110001000110010111011100000000011010111010100110101001011011010010
runNumber 4
genCount 5249
elapsedTime 599.851
unaryHyperVol 75
binaryHyperVol 19.0652
additiveEps 0.869565
entropy 0.475082
archive 4
2
6 27  100 0000101011000100110101000001111111110101101110101100010100011011001010010000100011101001001011110110
3 32  100 0000101011000100111001000101010111110101100010101100010100011011001010010000100011101101001001110110
runNumber 5
genCount 5319
elapsedTime 599.826
unaryHyperVol 161
binaryHyperVol 9
additiveEps 0.6875
entropy 0.431037
archive 5
4
10 20  100 0000101000000100010110100010000000101110001110010110010100011011010000110010100010101001101011001010
4 21  100 0000101000000101010110110110000000001110000110010010010100011011011010010010000010100000101011110110
3 24  100 0000101000000100010110100010000000101111001010010010010100011011011010010010000010100000101011010010
2 25  100 0000101000010001000111010010000000101101001010010100010100011001011010010010000010100000101011110110
runNumber 6
genCount 5331
elapsedTime 599.876
unaryHyperVol 84
binaryHyperVol 12.3125
additiveEps 0.95
entropy 0.475082
archive 6
2
6 28  100 1110101011010111010100100010111001110101110110011101010100110010101010000001001010101000001000000101
2 29  100 0000101011010001010100000010111001111100110110111101010101011010101010110010100110101000001000000101
runNumber 7
genCount 5188
elapsedTime 599.888
unaryHyperVol 101
binaryHyperVol 8.51923
additiveEps 0.653846
entropy 0.475082
archive 7
2
3 26  100 0000101000010100010110100010110100110101110000101011010110111001001010111110000010100100101011110101
2 35  100 0000101000010010010110010001010001010011110110101011011011001001001010111110000110100100111001110101
runNumber 8
genCount 5169
elapsedTime 599.957
unaryHyperVol 76
binaryHyperVol 17.7364
additiveEps 0.818182
entropy 0.427067
archive 8
3
7 27  100 1010010100110001010111100010001101110101111010011101011110000011011010110110011010101011111011100101
6 29  100 0110010100110001010111100010000001110011001010011101011110000011011010110010101010101011111011001110
3 31  100 1010010101010001010101010110001100100101000110010101011110001000101010010010111010101111010111100101
runNumber 9
genCount 5246
elapsedTime 600.048
unaryHyperVol 31
binaryHyperVol 18.0041
additiveEps 0.777778
entropy 0.431037
archive 9
4
11 30  100 0110010111010000010110011010000011110110100101010101010100000000001010110010010111010100101011010010
7 32  100 0110010110010000010100110010000000011010010101010001010000000000001010010110010111011100101011110110
6 33  100 0110010110010001010110010010000000010010111001010001010010000001001010110010010000011100001010010010
4 36  100 0110010110010000010100110010000000000010100110100111000110000000001010110010110100011100101011010010
runNumber 10
genCount 5597
elapsedTime 599.772
unaryHyperVol 85
binaryHyperVol 8.90545
additiveEps 0.68
entropy 0.427067
archive 10
3
13 26  100 0010101000010111010010000010110000110101110110010101010100000011101010001110011100101110101011110101
4 27  100 0110101011010011010010000010110000110101110110010101010101000011110000110110011001101010111011100101
2 34  100 0010101011010011010011010010110000010011010110010001010100000011101010101110011100101110101001110101
runNumber 11
genCount 7416
elapsedTime 865.923
unaryHyperVol 143
binaryHyperVol 12.875
additiveEps 1
entropy 0
archive 11
1
2 23  100 0110101000010001010110000010001100010101000000000001110100011000001010110010010010101000101000100110
runNumber 12
genCount 5277
elapsedTime 622.989
unaryHyperVol 128
binaryHyperVol 20.0781
additiveEps 0.875
entropy 0.475082
archive 12
2
4 23  100 0000011001000101010110000010000000111100000000010001110111001001111010110000100010100100001011110110
3 25  100 0000011000000100010100101010000000110101000010010101010101011001011010110000100011100101001011101010
runNumber 13
genCount 5226
elapsedTime 599.934
unaryHyperVol 121
binaryHyperVol 16.0842
additiveEps 0.8
entropy 0.478842
archive 13
3
7 22  100 0000010100000101010110000100000100111100010110010101010100011001011010110010100010101100010111100110
6 23  100 0000010101000101010111010010000101111100000110010101010100011001011010110010100010001111010111010110
3 28  100 0000010101010100010111010010000101111100000010010001010110101001011010110010100010101101010111110110
runNumber 14
genCount 5468
elapsedTime 599.961
unaryHyperVol 93
binaryHyperVol 11.131
additiveEps 0.857143
entropy 0.475082
archive 14
2
4 27  100 1010101011010001010110000010110011110011011010010001000110011001010000001110100010100010101001110110
2 30  100 1010101011010001010110000010110011110011011010010001000110011001001010001010100011101010101001110110
runNumber 15
genCount 5230
elapsedTime 599.912
unaryHyperVol 100
binaryHyperVol 9.90625
additiveEps 0.75
entropy 0.478842
archive 15
3
10 24  100 0000101001010001010101000000000000111101000110100101010100000001011010010010100010100011001011110110
8 25  100 0000101001010001010101000000000000111101000110010011000000000001011010010010100010100011101011110110
2 29  100 0000101001010000010001000010000001111101000010010011010000000001011010010010110100101000001011110110
runNumber 16
genCount 5293
elapsedTime 599.954
unaryHyperVol 66
binaryHyperVol 16.552
additiveEps 0.8
entropy 0.431037
archive 16
4
7 27  100 1010010100010000010111001110000001110101110000001001111100000011010010110010111000101000111011110010
6 32  100 0110010100010000100011101110100000110101110000001001111100000011010010110010111001101000111001110010
4 33  100 0010010110010000010111110010100001110101110000001001111100000011110010110010111000101000111001010010
3 34  100 1010010100010000010111101110100001111101110000101011011010000001011010101010111100101000101011110010
runNumber 17
genCount 5198
elapsedTime 600.05
unaryHyperVol 85
binaryHyperVol 12.3
additiveEps 0.95
entropy 0.475082
archive 17
2
5 28  100 0000101000010001011000000110000000110101100110000001100101110111001010110010100100101000001011101110
2 29  100 0000101000010001010111010010000100110001100000011101110110111011001010110010000100101000101001011110
runNumber 18
genCount 5449
elapsedTime 599.969
unaryHyperVol 78
binaryHyperVol 10.3229
additiveEps 0.791667
entropy 0.475082
archive 18
2
4 28  100 0000101000000100010111001101011010110101010000011101100110000100011010110010010010101110101011100110
2 33  100 0000101001010001010001010101010111111111000010011101000010000000011010110010010010101111101011100110
runNumber 19
genCount 5095
elapsedTime 599.928
unaryHyperVol 78
binaryHyperVol 10.7578
additiveEps 0.826087
entropy 0.427067
archive 19
3
9 28  100 0000101000010101010100001010001010001101001010010011010100000010011010010000110110101111001011111110
3 29  100 0000101000010001010101001110001010001101001010010011010100000000011010010000110110101111001011111110
2 32  100 0010101000010001010111001110001010010111001010010011110000000001011010100010110000101111001011111010
runNumber 20
genCount 5180
elapsedTime 600.031
unaryHyperVol 102
binaryHyperVol 11.6447
additiveEps 0.894737
entropy 0.475082
archive 20
2
6 26  100 1010101010010010110110100110001100110101110110011110110100011011101010110010000001001111011011110101
2 28  100 1010101010010001100101011110001100110111110110011110110100011011101010110010010001101011001010110101
runNumber 21
genCount 5369
elapsedTime 599.678
unaryHyperVol 90
binaryHyperVol 30.3971
additiveEps 1
entropy 0
archive 21
1
4 26  100 0000010100000100010101000110001011111011100110010001011100000011110010111010110010100000011000110110
runNumber 22
genCount 5185
elapsedTime 599.997
unaryHyperVol 89
binaryHyperVol 11.1786
additiveEps 0.857143
entropy 0.478842
archive 22
3
6 27  100 0101000000010001011111000010111001110101001010010111010111011011001010110110000010100100101001110110
5 28  100 1110101000010001000110011110001000110100000110011111011000000011011010101010101001011100001000110110
2 30  100 1110101000010001000110001010001001111101011010010111010111011011111010111110010010100101001001110110
runNumber 23
genCount 5340
elapsedTime 599.847
unaryHyperVol 110
binaryHyperVol 12.8971
additiveEps 1
entropy 0
archive 23
1
2 26  100 0010101001010000010010000010001100010101000110011101010101011001111010111010100011101001111011010101
runNumber 24
genCount 5416
elapsedTime 600.037
unaryHyperVol 62
binaryHyperVol 11.837
additiveEps 0.913043
entropy 0.475082
archive 24
2
4 30  100 1110101000000101000100110010000000110101100000100111011101011000001010111110000010101001011001111110
2 32  100 1110101011010001100110000010000000110101100000100111011101011001001010001110000010100101001011000101
runNumber 25
genCount 5338
elapsedTime 599.805
unaryHyperVol 134
binaryHyperVol 11.3929
additiveEps 0.875
entropy 0.427067
archive 25
3
9 23  100 0000101011010001010011000010000100110001000010010001100111000011010000100001000010101000001011101110
4 24  100 0000101011010100010111000110111101000001001110010001000111000011010000000001000010101000001011100110
2 25  100 0000101011010001010011000010000100110001000010010001110111000011011010100010110010101000001011100110
runNumber 26
genCount 5292
elapsedTime 599.937
unaryHyperVol 105
binaryHyperVol 8.41
additiveEps 0.64
entropy 0.509891
archive 26
4
5 25  100 0010101010010001111010110010111100011100000001110001000100000000010000110110100110101000101011110101
4 26  100 1010010101010000010101010110000100101101010110110001000100000000010000110110100110101000101011110101
3 31  100 0000010101010000010111000110110100111100001110000001010100011001001010110110100110101001101011011010
2 34  100 0110101010010001011101001010110100101101010110000001011001101000011010010010000000101010101011101010
runNumber 27
genCount 5224
elapsedTime 599.983
unaryHyperVol 104
binaryHyperVol 11.0375
additiveEps 0.85
entropy 0.475082
archive 27
2
4 26  100 1010101010010011010100000110111111111101110110111001010100000011110000111010100001100011111011100110
2 29  100 0000101011010000010010001010111011111101000110001001010100000011111010110010101101100110011011100010
runNumber 28
genCount 5146
elapsedTime 599.934
unaryHyperVol 130
binaryHyperVol 11.3971
additiveEps 0.882353
entropy 0.475082
archive 28
2
3 24  100 0000101010110100010110000010000000100101000000000101010000000011011010010110100010101000011010110010
2 26  100 0000101010010001011010000010000000100101000000000101010000000001011010010110100010101000011010110010
runNumber 29
genCount 5365
elapsedTime 599.977
unaryHyperVol 155
binaryHyperVol 17.6333
additiveEps 0.8
entropy 0.475082
archive 29
2
6 19  100 0000011000110101010100000010000011110111110101000001010100000011011010110010100010100100101011111010
3 24  100 0000010111010001010100100010000000110110111110011101010101011011011010110010100010100100101011111010
