OptimalFront
unaryHyperVol 265
3
6 11  100 1000001000100100010110000010001100110101001010011001010100000011010000010000010010010100101111110101
5 12  100 1000001000100100010110000010001100110101001010010001010100000011010000010000010010010000101111110101
3 13  100 0100001001010100010110000010001100110101001010011001010100101011011000110001100010010001101111110101
-------------------------
runNumber 0
genCount 11309
elapsedTime 599.262
unaryHyperVol 245
binaryHyperVol 6.125
additiveEps 0.5
entropy 0.481574
archive 0
3
7 13  100 0100001000010001010110000010001100110101001010011001010100101011010000110000010010010101101111110101
6 14  100 0100001001010001010110000010001100110101001010011001010100101011010000110000010010010001101111110101
3 15  100 0100001001010001010110000010001100110101001010011001010100101011011000110000010010010001101111110101
runNumber 1
genCount 11292
elapsedTime 599.922
unaryHyperVol 229
binaryHyperVol 17.3333
additiveEps 0.333333
entropy 0.44918
archive 1
3
6 12  100 1000001000101001010110000010001100110101001010011001010100000001010000010000010010010000101111110101
5 13  100 1000001000101001010110000010001100110101001010010001010100000001010000010000010010010000101111110101
4 14  100 1000001000101001010110000010001100110101001010011001010111000001011000110000000010010001101111110101
runNumber 2
genCount 11375
elapsedTime 599.947
unaryHyperVol 244
binaryHyperVol 4.95
additiveEps 0.4
entropy 0.501373
archive 2
4
7 13  100 0100001000010001010110000010001100110101001010011001010100101011010000010000010010010000101111110110
6 14  100 0100001001010001010110000010001100110101001010011001010100101011010000010000010010010000101111110110
4 15  100 0100001001010001010110000010001100110101001010011001010100101011011000010000010010010000101111110110
3 16  100 0100001001010001010000000010001100110101001010011001010100101011011000110000010010010100101111110110
runNumber 3
genCount 11146
elapsedTime 599.916
unaryHyperVol 263
binaryHyperVol 0.25
additiveEps 0.25
entropy 0.461422
archive 3
3
7 11  100 0100001000010100010110000010001100110101001010011001010100101011010000110001100010010001101111110101
6 12  100 0100001001010100010110000010001100110101001010011001010100101011010000110001100010010001101111110101
3 13  100 0100001001010100010110000010001100110101001010011001010100101011011000110001100010010001101111110101
runNumber 4
genCount 11252
elapsedTime 599.782
unaryHyperVol 256
binaryHyperVol 4
additiveEps 0.333333
entropy 0.466242
archive 4
3
6 12  100 1000001000100100010000000010001100110101001010011001010100000011010000110000010010010100101111110101
5 13  100 1000001000100100010000000010001100110101001010011001010100000011110000110000010010010100101111110101
3 14  100 1000001000100100010000000010001100110101001010011001010100101011011000110000010010010100101111110101
runNumber 5
genCount 11947
elapsedTime 600.603
unaryHyperVol 258
binaryHyperVol 5.66667
additiveEps 0.5
entropy 0.509891
archive 5
2
6 12  100 1000001000100100010110000010001100110101001010011001010100101011010000110000010010010001101111110101
3 13  100 1000001000100100010110000010001100110101001010011001010100101011011000110000010010010001101111110101
runNumber 6
genCount 11585
elapsedTime 599.897
unaryHyperVol 245
binaryHyperVol 6.125
additiveEps 0.5
entropy 0.481574
archive 6
3
7 13  100 0100001000010001010110000010001100110101001010011001010100101011010000110000010010010001101111110101
6 14  100 0100001001010001010110000010001100110101001010011001010100101011010000110000010010010001101111110101
3 15  100 0100001001010001010110000010001100110101001010011001010100101011011000110000010010010001101111110101
runNumber 7
genCount 11838
elapsedTime 599.875
unaryHyperVol 257
binaryHyperVol 3.88889
additiveEps 0.333333
entropy 0.506669
archive 7
3
6 12  100 1000001000100100010110000010001100110101001010011001010100101011010000010000010010010100101111110110
4 13  100 1000001000100100010110000010001100110101001010011001010100101011011000010000010010010000101111110110
3 14  100 1000001000100100010000000010001100110101001010011001010100101011011000110000010010010100101111110110
runNumber 8
genCount 11576
elapsedTime 600.009
unaryHyperVol 265
binaryHyperVol 0
additiveEps 0
entropy 0.270001
archive 8
3
6 11  100 1000001000100100010110000010001100110101001010011001010100000011010000010000010010010100101111110101
5 12  100 1000001000100100010110000010001100110101001010010001010100000011010000010000010010010000101111110101
3 13  100 1000001000100100010110000010001100110101001010011001010100101011011000110000010010010001101111110101
runNumber 9
genCount 11609
elapsedTime 600.226
unaryHyperVol 257
binaryHyperVol 3.88889
additiveEps 0.333333
entropy 0.506669
archive 9
3
6 12  100 1000001000100100010110000010001100110101001010011001010100101011010000010000010010010000101111110110
4 13  100 1000001000100100010110000010001100110101001010011001010100101011011000010000010010010000101111110110
3 14  100 1000001000100100010000000010001100110101001010011001010100101011011000110000010010010100101111110110
runNumber 10
genCount 11020
elapsedTime 599.786
unaryHyperVol 261
binaryHyperVol 0.333333
additiveEps 0.333333
entropy 0.541309
archive 10
4
7 11  100 0100010100010100010001000010001100110101000010011001010100000011010000110001100010001000101111110101
6 12  100 0100010101010100010001000010001100110101001010011001010100000011010000110001100010001000101111110101
5 13  100 0100010101010100010001000010001100010101001010011001010100000011010000110001100010001000101111110101
3 14  100 0100010101010100010001000010001100110101001010011001010100101011011000110001100010001000101111110101
runNumber 11
genCount 11795
elapsedTime 600.886
unaryHyperVol 249
binaryHyperVol 7.77778
additiveEps 0.666667
entropy 0.49717
archive 11
2
6 13  100 1000001000100100010000000010001100110101001010011001010100101011010000110000010010010100101111110110
3 14  100 1000001000100100010000000010001100110101001010011001010100101011011000110000010010010100101111110110
runNumber 12
genCount 11374
elapsedTime 599.941
unaryHyperVol 220
binaryHyperVol 18.2667
additiveEps 0.6
entropy 0.466242
archive 12
3
6 13  100 1000001000101001011100000010001100110101001010011001010100000001010000110000000010010100101111110101
5 14  100 1000001000101001011100000010001100010101001010011001010100000001010000110000010010010100101111110101
4 16  100 1000001000101001011100000010001100110101001010010001010100000001010000111000000010010100001111110101
runNumber 13
genCount 10872
elapsedTime 603.871
unaryHyperVol 261
binaryHyperVol 0.333333
additiveEps 0.333333
entropy 0.541309
archive 13
4
7 11  100 0100001000010100010000000010001100110101001010011001010100000011010000110001100010010100101111110101
6 12  100 0100001001010100010000000010001100110101001010011001010100000011010000110001100010010100101111110101
5 13  100 0100001001010100010000000010001100110101001010011001010100000011011000110001100010010100101111110101
3 14  100 0100001001010100010000000010001100110101001010011001010100101011011000110001100010010100101111110101
runNumber 14
genCount 12224
elapsedTime 599.764
unaryHyperVol 249
binaryHyperVol 7.77778
additiveEps 0.666667
entropy 0.49717
archive 14
2
6 13  100 1000001000100100010000000010001100110101001010011001010100101011010000110000010010010100101111110110
3 14  100 1000001000100100010000000010001100110101001010011001010100101011011000110000010010010100101111110110
runNumber 15
genCount 11794
elapsedTime 599.849
unaryHyperVol 257
binaryHyperVol 3.88889
additiveEps 0.333333
entropy 0.506669
archive 15
3
6 12  100 1000001000100100010110000010001100110101001010011001010100101011010000010000010010010100101111110110
4 13  100 1000001000100100010110000010001100110101001010011001010100101011011000010000010010010000101111110110
3 14  100 1000001000100100010000000010001100110101001010011001010100101011011000110000010010010100101111110110
runNumber 16
genCount 12078
elapsedTime 599.816
unaryHyperVol 249
binaryHyperVol 7.77778
additiveEps 0.666667
entropy 0.49717
archive 16
2
6 13  100 1000001000100100010000000010001100110101001010011001010100101011010000110000010010010100101111110110
3 14  100 1000001000100100010000000010001100110101001010011001010100101011011000110000010010010100101111110110
runNumber 17
genCount 11477
elapsedTime 599.819
unaryHyperVol 265
binaryHyperVol 0
additiveEps 0
entropy 0.270001
archive 17
3
6 11  100 1000001000100100010110000010001100110101001010011001010100000011010000010000010010010000101111110101
5 12  100 1000001000100100010110000010001100010101001010011001010100000011010000010000010010010100101111110101
3 13  100 1000001000100100010110000010001100110101001010011001010100101011011000110000010010010001101111110101
runNumber 18
genCount 12016
elapsedTime 599.531
unaryHyperVol 240
binaryHyperVol 8.83333
additiveEps 0.75
entropy 0.49717
archive 18
2
6 14  100 1000010100100100010101000010001100110101001010011001010100101011010000110000010010010100101111110110
3 15  100 1000010100100100010101000010001100110101001010011001010100101011011000110000010010010100101111110110
runNumber 19
genCount 11934
elapsedTime 599.914
unaryHyperVol 258
binaryHyperVol 5.66667
additiveEps 0.5
entropy 0.509891
archive 19
2
6 12  100 1000001000100100010110000010001100110101001010011001010100101011010000110000010010010001101111110101
3 13  100 1000001000100100010110000010001100110101001010011001010100101011011000110000010010010001101111110101
runNumber 20
genCount 11207
elapsedTime 599.768
unaryHyperVol 205
binaryHyperVol 21.3333
additiveEps 0.666667
entropy 0.449615
archive 20
3
6 15  100 1000001000101001010000000010001100110101001010011001010100000011010000110000000110010100100100110101
5 16  100 1000001000101001010000000010001100010101001010011001010100000011010000110000000110010100100100110101
4 17  100 1000001000101001010000000010001100110101001010010001010100101011010000110000000110010100100100110101
runNumber 21
genCount 11243
elapsedTime 599.356
unaryHyperVol 263
binaryHyperVol 0.25
additiveEps 0.25
entropy 0.461422
archive 21
3
7 11  100 0100001000010100010110000010001100110101001010011001010100101011010000110001100010010001101111110101
6 12  100 0100001001010100010110000010001100110101001010011001010100101011010000110001100010010001101111110101
3 13  100 0100001001010100010110000010001100110101001010011001010100101011011000110001100010010001101111110101
runNumber 22
genCount 12385
elapsedTime 599.974
unaryHyperVol 249
binaryHyperVol 7.77778
additiveEps 0.666667
entropy 0.49717
archive 22
2
6 13  100 1000001000100100010000000010001100110101001010011001010100101011010000110000010010010100101111110110
3 14  100 1000001000100100010000000010001100110101001010011001010100101011011000110000010010010100101111110110
runNumber 23
genCount 11299
elapsedTime 599.478
unaryHyperVol 252
binaryHyperVol 3.25
additiveEps 0.5
entropy 0.456647
archive 23
4
7 12  100 0100001000010001010110000010001100110101001010011001010100000011010000010000010010010100101111110101
6 13  100 0100001001010001010110000010001100110101001010011001010100000011010000010000010010010100101111110101
5 14  100 0100001001010001010110000010001100110101001010011001010100000011110000010000010010010100101111110101
3 15  100 0100001001010001010110000010001100110101001010011001010100101011011000110000010010010001101111110101
runNumber 24
genCount 11723
elapsedTime 600.342
unaryHyperVol 256
binaryHyperVol 4
additiveEps 0.333333
entropy 0.466242
archive 24
3
6 12  100 1000010100100100010001000010001100110101001010011001010100000011010000110000010010001000101111110101
5 13  100 1000010100100100010001000010001100110101001010011001010100000011011000110000010010001000101111110101
3 14  100 1000010100100100010001000010001100110101001010011001010100101011011000110000010010001000101111110101
runNumber 25
genCount 11028
elapsedTime 599.494
unaryHyperVol 252
binaryHyperVol 3.25
additiveEps 0.5
entropy 0.456647
archive 25
4
7 12  100 0100001000010001010110000010001100110101001010011001010100000011010000010000010010010100101111110101
6 13  100 0100001001010001010110000010001100110101001010011001010100000011010000010000010010010100101111110101
5 14  100 0100001001010001010110000010001100110101001010011001010100000011110000010000010010010100101111110101
3 15  100 0100001001010001010110000010001100110101001010011001010100101011011000110000010010010001101111110101
runNumber 26
genCount 11979
elapsedTime 599.954
unaryHyperVol 258
binaryHyperVol 5.66667
additiveEps 0.5
entropy 0.509891
archive 26
2
6 12  100 1000001000100100010110000010001100110101001010011001010100101011010000110000010010010001101111110101
3 13  100 1000001000100100010110000010001100110101001010011001010100101011011000110000010010010001101111110101
runNumber 27
genCount 12351
elapsedTime 599.807
unaryHyperVol 249
binaryHyperVol 7.77778
additiveEps 0.666667
entropy 0.49717
archive 27
2
6 13  100 1000001000100100010000000010001100110101001010011001010100101011010000110000010010010100101111110110
3 14  100 1000001000100100010000000010001100110101001010011001010100101011011000110000010010010100101111110110
runNumber 28
genCount 11247
elapsedTime 599.777
unaryHyperVol 252
binaryHyperVol 3.25
additiveEps 0.5
entropy 0.456647
archive 28
4
7 12  100 0100001000010001010110000010001100110101001010011001010100000011010000010000010010010000101111110101
6 13  100 0100001001010001010110000010001100110101001010011001010100000011010000010000010010010000101111110101
5 14  100 0100001001010001010110000010001100110101001010011001010100000011011000010000010010010000101111110101
3 15  100 0100001001010001010110000010001100110101001010011001010100101011011000110000010010010001101111110101
runNumber 29
genCount 11390
elapsedTime 599.784
unaryHyperVol 221
binaryHyperVol 19.3333
additiveEps 0.5
entropy 0.449615
archive 29
3
6 13  100 1000010100101001010000000010001100110101001010011001010100000001010000110000000010001000101111110101
5 14  100 1000010100101001010000000010001100110101001010010001010100000001010000110000000010001000101111110101
4 15  100 1000010100101001010001000010001100110101001010010001010111000001010000110000000010001000101111110101
