OptimalFront
unaryHyperVol 390
4
6 9  100 1000001000010100010000000010001100010101000110011010010100000011010000110001100010001000101011110111
5 10  100 1000001000010100010000000010001100010101000110011010010111000011010000110001100010001000101011110111
4 11  100 1000001000010100010000000010001100010101000110011010010111000011110000110001100010001000101011110111
3 12  100 1000001000010100010000000010001100010101000110011010010100101011011010110001100010001000101011110111
-------------------------
runNumber 0
genCount 11791
elapsedTime 599.635
unaryHyperVol 378
binaryHyperVol 3.75
additiveEps 0.25
entropy 0.489829
archive 0
4
6 10  100 1000001000000100010000000010001100010101000110011010010100000011010000110000010010001000101011110111
5 11  100 1000001000000100010000000010001100010101000110011010010101000011010000110000010010001000101011110111
4 12  100 1000001000000100010000000010001100010101000110011010010111000011110000110000010010001000101011110111
3 13  100 1000001000000100010000000010001100010101000110011010010100101011011010110000010010001000101011110111
runNumber 1
genCount 11480
elapsedTime 599.836
unaryHyperVol 390
binaryHyperVol 0
additiveEps 0
entropy 0.168124
archive 1
4
6 9  100 1000001000010100010000000010001100010101000110011010010100000011010000110001100010001000101011110111
5 10  100 1000001000010100010000000010001100010101000110011010010111000011010000110001100010001000101011110111
4 11  100 1000001000010100010000000010001100010101000110011010010111000011110000110001100010001000101011110111
3 12  100 1000001000010100010000000010001100010101000110011010010100101011011010110001100010001000101011110111
runNumber 2
genCount 11743
elapsedTime 599.958
unaryHyperVol 378
binaryHyperVol 3.75
additiveEps 0.25
entropy 0.489829
archive 2
4
6 10  100 1000001000000100010000000010001100010101000110011010010100000011010000110000010010001000101011110111
5 11  100 1000001000000100010000000010001100010101000110011010010100000011010000110000010010001000101011110101
4 12  100 1000001000000100010000000010001100010101000110011010010101000011110000110000010010001000101011110111
3 13  100 1000001000000100010000000010001100010101000110011010010100101011011010110000010010001000101011110111
runNumber 3
genCount 11601
elapsedTime 599.923
unaryHyperVol 390
binaryHyperVol 0
additiveEps 0
entropy 0.168124
archive 3
4
6 9  100 1000001000010100010000000010001100010101000110011010010100000011010000110001100010001000101011110111
5 10  100 1000001000010100010000000010001100010101000110011010010100101011010000110001100010001000101011110111
4 11  100 1000001000010100010000000010001100010101000110011010010101000011110000110001100010001000101011110111
3 12  100 1000001000010100010000000010001100010101000110011010010100101011011010110001100010001000101011110111
runNumber 4
genCount 11399
elapsedTime 599.507
unaryHyperVol 378
binaryHyperVol 3.75
additiveEps 0.25
entropy 0.489829
archive 4
4
6 10  100 1000001000000100010000000010001100010101000110011010010100000011010000110000010010001000101011110111
5 11  100 1000001000000100010000000010001100010101000110011010010100101011010000110000010010001000101011110111
4 12  100 1000001000000100010000000010001100010101000110011010010101000011110000110000010010001000101011110111
3 13  100 1000001000000100010000000010001100010101000110011010010100101011011010110000010010001000101011110111
runNumber 5
genCount 11392
elapsedTime 599.461
unaryHyperVol 378
binaryHyperVol 3.75
additiveEps 0.25
entropy 0.489829
archive 5
4
6 10  100 1000001000000100010000000010001100010101000110011010010100000011010000110000010010001000101011110111
5 11  100 1000001000000100010000000010001100010101000110011010010101000011010000110000010010001000101011110111
4 12  100 1000001000000100010000000010001100010101000110011010010101000011110000110000010010001000101011110111
3 13  100 1000001000000100010000000010001100010101000110011010010100101011011010110000010010001000101011110111
runNumber 6
genCount 11750
elapsedTime 599.942
unaryHyperVol 378
binaryHyperVol 3.75
additiveEps 0.25
entropy 0.489829
archive 6
4
6 10  100 1000001000000100010000000010001100010101000110011010010100000011010000110000010010001000101011110111
5 11  100 1000001000000100010000000010001100010101000110011010010101000011010000110000010010001000101011110111
4 12  100 1000001000000100010000000010001100010101000110011010010101000011110000110000010010001000101011110111
3 13  100 1000001000000100010000000010001100010101000110011010010100101011011010110000010010001000101011110111
runNumber 7
genCount 11576
elapsedTime 599.905
unaryHyperVol 327
binaryHyperVol 22.6
additiveEps 0.6
entropy 0.427067
archive 7
3
6 12  100 1000001000001001010000000010001100010101000110011010010100000011010000110000001111001000101011110111
5 13  100 1000001000001001010000000010001100010101000110011010010101000011010000110000001111001000101011110111
4 14  100 1000001000001001010000000010001100010101000110011010010111000011110000110000001111001000101011110111
runNumber 8
genCount 11558
elapsedTime 599.82
unaryHyperVol 378
binaryHyperVol 3.75
additiveEps 0.25
entropy 0.489829
archive 8
4
6 10  100 1000001000000100010000000010001100010101000110011010010100000011010000110000010010001000101011110111
5 11  100 1000001000000100010000000010001100010101000110011010010111000011010000110000010010001000101011110111
4 12  100 1000001000000100010000000010001100010101000110011010010111000011110000110000010010001000101011110111
3 13  100 1000001000000100010000000010001100010101000110011010010100101011011010110000010010001000101011110111
runNumber 9
genCount 11535
elapsedTime 599.678
unaryHyperVol 366
binaryHyperVol 6
additiveEps 0.4
entropy 0.453679
archive 9
4
6 11  100 1000001000000100010010000010001100010101000110011010010100000011010000110000010010010000101011110111
5 12  100 1000001000000100011010000010001100010101000110011010010100000011010000110000010010010000101011110101
4 13  100 1000001000000100011010000010001100010101000110011010010101000011110000110000010010010000101011110111
3 14  100 1000001000000100011010000010001100010101000110011010010100101011011010110000010010010000101011110111
runNumber 10
genCount 11101
elapsedTime 599.705
unaryHyperVol 378
binaryHyperVol 3.75
additiveEps 0.25
entropy 0.489829
archive 10
4
6 10  100 1000001000000100010000000010001100010101000110011010010100000011010000110000010010001000101011110111
5 11  100 1000001000000100010000000010001100010101000110011010010100101011010000110000010010001000101011110111
4 12  100 1000001000000100010000000010001100010101000110011010010101000011110000110000010010001000101011110111
3 13  100 1000001000000100010000000010001100010101000110011010010100101011011010110000010010001000101011110111
runNumber 11
genCount 11388
elapsedTime 600.019
unaryHyperVol 378
binaryHyperVol 3.75
additiveEps 0.25
entropy 0.489829
archive 11
4
6 10  100 1000001000000100010000000010001100010101000110011010010100000011010000110000010010001000101011110111
5 11  100 1000001000000100010000000010001100010101000110011010010100101011010000110000010010001000101011110111
4 12  100 1000001000000100010000000010001100010101000110011010010101000011110000110000010010001000101011110111
3 13  100 1000001000000100010000000010001100010101000110011010010100101011011010110000010010001000101011110111
runNumber 12
genCount 11189
elapsedTime 599.773
unaryHyperVol 378
binaryHyperVol 3.75
additiveEps 0.25
entropy 0.489829
archive 12
4
6 10  100 1000001000000100010000000010001100010101000110011010010100000011010000110000010010001000101011110111
5 11  100 1000001000000100010000000010001100010101000110011010010100101011010000110000010010001000101011110111
4 12  100 1000001000000100010000000010001100010101000110011010010101000011110000110000010010001000101011110111
3 13  100 1000001000000100010000000010001100010101000110011010010100101011011010110000010010001000101011110111
runNumber 13
genCount 10856
elapsedTime 600.69
unaryHyperVol 390
binaryHyperVol 0
additiveEps 0
entropy 0.168124
archive 13
4
6 9  100 1000001000010100010000000010001100010101000110011010010100000011010000110001100010001000101011110111
5 10  100 1000001000010100010000000010001100010101000110011010010101000011010000110001100010001000101011110111
4 11  100 1000001000010100010000000010001100010101000110011010010101000011110000110001100010001000101011110111
3 12  100 1000001000010100010000000010001100010101000110011010010100101011011010110001100010001000101011110111
runNumber 14
genCount 12094
elapsedTime 599.85
unaryHyperVol 390
binaryHyperVol 0
additiveEps 0
entropy 0.168124
archive 14
4
6 9  100 1000001000010100010000000010001100010101000110011010010100000011010000110001100010001000101011110111
5 10  100 1000001000010100010000000010001100010101000110011010010111000011010000110001100010001000101011110111
4 11  100 1000001000010100010000000010001100010101000110011010010111000011110000110001100010001000101011110111
3 12  100 1000001000010100010000000010001100010101000110011010010100101011011010110001100010001000101011110111
runNumber 15
genCount 11903
elapsedTime 599.705
unaryHyperVol 378
binaryHyperVol 3.75
additiveEps 0.25
entropy 0.489829
archive 15
4
6 10  100 1000001000000100010000000010001100010101000110011010010100000011010000110000010010001000101011110111
5 11  100 1000001000000100010000000010001100010101000110011010010101000011010000110000010010001000101011110111
4 12  100 1000001000000100010000000010001100010101000110011010010101000011110000110000010010001000101011110111
3 13  100 1000001000000100010000000010001100010101000110011010010100101011011010110000010010001000101011110111
runNumber 16
genCount 11526
elapsedTime 599.623
unaryHyperVol 378
binaryHyperVol 3.75
additiveEps 0.25
entropy 0.489829
archive 16
4
6 10  100 1000001000000100010000000010001100010101000110011010010100000011010000110000010010001000101011110111
5 11  100 1000001000000100010000000010001100010101000110011010010100101011010000110000010010001000101011110111
4 12  100 1000001000000100010000000010001100010101000110011010010111000011110000110000010010001000101011110111
3 13  100 1000001000000100010000000010001100010101000110011010010100101011011010110000010010001000101011110111
runNumber 17
genCount 11347
elapsedTime 599.725
unaryHyperVol 378
binaryHyperVol 3.75
additiveEps 0.25
entropy 0.489829
archive 17
4
6 10  100 1000001000000100010000000010001100010101000110011010010100000011010000110000010010001000101011110111
5 11  100 1000001000000100010000000010001100010101000110011010010111000011010000110000010010001000101011110111
4 12  100 1000001000000100010000000010001100010101000110011010010111000011110000110000010010001000101011110111
3 13  100 1000001000000100010000000010001100010101000110011010010100101011011010110000010010001000101011110111
runNumber 18
genCount 11639
elapsedTime 599.749
unaryHyperVol 378
binaryHyperVol 3.75
additiveEps 0.25
entropy 0.489829
archive 18
4
6 10  100 1000001000000100010000000010001100010101000110011010010100000011010000110000010010001000101011110111
5 11  100 1000001000000100010000000010001100010101000110011010010100101011010000110000010010001000101011110111
4 12  100 1000001000000100010000000010001100010101000110011010010101000011110000110000010010001000101011110111
3 13  100 1000001000000100010000000010001100010101000110011010010100101011011010110000010010001000101011110111
runNumber 19
genCount 11661
elapsedTime 599.646
unaryHyperVol 390
binaryHyperVol 0
additiveEps 0
entropy 0.168124
archive 19
4
6 9  100 1000001000010100010000000010001100010101000110011010010100000011010000110001100010001000101011110111
5 10  100 1000001000010100010000000010001100010101000110011010010101000011010000110001100010001000101011110111
4 11  100 1000001000010100010000000010001100010101000110011010010101000011110000110001100010001000101011110111
3 12  100 1000001000010100010000000010001100010101000110011010010100101011011010110001100010001000101011110111
runNumber 20
genCount 11442
elapsedTime 599.681
unaryHyperVol 390
binaryHyperVol 0
additiveEps 0
entropy 0.168124
archive 20
4
6 9  100 1000001000010100010000000010001100010101000110011010010100000011010000110001100010001000101011110111
5 10  100 1000001000010100010000000010001100010101000110011010010100101011010000110001100010001000101011110111
4 11  100 1000001000010100010000000010001100010101000110011010010111000011110000110001100010001000101011110111
3 12  100 1000001000010100010000000010001100010101000110011010010100101011011010110001100010001000101011110111
runNumber 21
genCount 11585
elapsedTime 599.926
unaryHyperVol 378
binaryHyperVol 3.75
additiveEps 0.25
entropy 0.489829
archive 21
4
6 10  100 1000001000000100010000000010001100010101000110011010010100000011010000110000010010001000101011110111
5 11  100 1000001000000100010000000010001100010101000110011010010111000011010000110000010010001000101011110111
4 12  100 1000001000000100010000000010001100010101000110011010010111000011110000110000010010001000101011110111
3 13  100 1000001000000100010000000010001100010101000110011010010100101011011010110000010010001000101011110111
runNumber 22
genCount 11724
elapsedTime 599.956
unaryHyperVol 378
binaryHyperVol 3.75
additiveEps 0.25
entropy 0.489829
archive 22
4
6 10  100 1000001000000100010000000010001100010101000110011010010100000011010000110000010010001000101011110111
5 11  100 1000001000000100010000000010001100010101000110011010010100101011010000110000010010001000101011110111
4 12  100 1000001000000100010000000010001100010101000110011010010101000011110000110000010010001000101011110111
3 13  100 1000001000000100010000000010001100010101000110011010010100101011011010110000010010001000101011110111
runNumber 23
genCount 10898
elapsedTime 600.075
unaryHyperVol 378
binaryHyperVol 3.75
additiveEps 0.25
entropy 0.489829
archive 23
4
6 10  100 1000001000000100010000000010001100010101000110011010010100000011010000110000010010001000101011110111
5 11  100 1000001000000100010000000010001100010101000110011010010100101011010000110000010010001000101011110111
4 12  100 1000001000000100010000000010001100010101000110011010010111000011110000110000010010001000101011110111
3 13  100 1000001000000100010000000010001100010101000110011010010100101011011010110000010010001000101011110111
runNumber 24
genCount 11508
elapsedTime 599.892
unaryHyperVol 378
binaryHyperVol 3.75
additiveEps 0.25
entropy 0.489829
archive 24
4
6 10  100 1000001000000100010000000010001100010101000110011010010100000011010000110000010010001000101011110111
5 11  100 1000001000000100010000000010001100010101000110011010010101000011010000110000010010001000101011110111
4 12  100 1000001000000100010000000010001100010101000110011010010111000011110000110000010010001000101011110111
3 13  100 1000001000000100010000000010001100010101000110011010010100101011011010110000010010001000101011110111
runNumber 25
genCount 11769
elapsedTime 600.031
unaryHyperVol 378
binaryHyperVol 3.75
additiveEps 0.25
entropy 0.489829
archive 25
4
6 10  100 1000001000000100010000000010001100010101000110011010010100000011010000110000010010001000101011110111
5 11  100 1000001000000100010000000010001100010101000110011010010101000011010000110000010010001000101011110111
4 12  100 1000001000000100010000000010001100010101000110011010010101000011110000110000010010001000101011110111
3 13  100 1000001000000100010000000010001100010101000110011010010100101011011010110000010010001000101011110111
runNumber 26
genCount 11451
elapsedTime 599.882
unaryHyperVol 390
binaryHyperVol 0
additiveEps 0
entropy 0.168124
archive 26
4
6 9  100 1000001000010100010000000010001100010101000110011010010100000011010000110001100010001000101011110111
5 10  100 1000001000010100010000000010001100010101000110011010010100101011010000110001100010001000101011110111
4 11  100 1000001000010100010000000010001100010101000110011010010111000011110000110001100010001000101011110111
3 12  100 1000001000010100010000000010001100010101000110011010010100101011011010110001100010001000101011110111
runNumber 27
genCount 11557
elapsedTime 600.015
unaryHyperVol 378
binaryHyperVol 3.75
additiveEps 0.25
entropy 0.489829
archive 27
4
6 10  100 1000001000000100010000000010001100010101000110011010010100000011010000110000010010001000101011110111
5 11  100 1000001000000100010000000010001100010101000110011010010111000011010000110000010010001000101011110111
4 12  100 1000001000000100010000000010001100010101000110011010010111000011110000110000010010001000101011110111
3 13  100 1000001000000100010000000010001100010101000110011010010100101011011010110000010010001000101011110111
runNumber 28
genCount 11612
elapsedTime 599.91
unaryHyperVol 366
binaryHyperVol 6
additiveEps 0.4
entropy 0.453679
archive 28
4
6 11  100 1000001000000100011010000010001100010101000110011010010100000011010000110000010010010000101011110111
5 12  100 1000001000000100011010000010001100010101000110011010010101000011010000110000010010010000101011110111
4 13  100 1000001000000100010010000010001100010101000110011010010111000011110000110000010010010000101011110111
3 14  100 1000001000000100011010000010001100010101000110011010010100101011011010110000010010010000101011110111
runNumber 29
genCount 11443
elapsedTime 599.947
unaryHyperVol 390
binaryHyperVol 0
additiveEps 0
entropy 0.168124
archive 29
4
6 9  100 1000001000010100010000000010001100010101000110011010010100000011010000110001100010001000101011110111
5 10  100 1000001000010100010000000010001100010101000110011010010101000011010000110001100010001000101011110111
4 11  100 1000001000010100010000000010001100010101000110011010010101000011110000110001100010001000101011110111
3 12  100 1000001000010100010000000010001100010101000110011010010100101011011010110001100010001000101011110111
