OptimalFront
unaryHyperVol 397
3
6 8  100 1010101010100001000000111111110001010101000101001010011010100011011010111011100100011001110100110111
4 9  100 1010101010100001000000111111110001010101000101001010011010100011011010111011100100011001010100110111
3 12  100 1010101010100001001010111111110001010101000101001010011010100011011010111011100100010001010100110111
-------------------------
runNumber 0
genCount 11488
elapsedTime 600.007
unaryHyperVol 397
binaryHyperVol 0
additiveEps 0
entropy 0.461903
archive 0
3
6 8  100 1010101010100001000000111111110001010101000101001010011010100011011010111011100100011001110100110111
4 9  100 1010101010100001000000111111110001010101000101001010011010100011011010111011100100011001010100110111
3 12  100 1010101010100001001010111111110001010101000101001010011010100011011010111011100100010001010100110111
runNumber 1
genCount 12048
elapsedTime 599.964
unaryHyperVol 369
binaryHyperVol 9.5625
additiveEps 0.25
entropy 0.509891
archive 1
2
7 8  100 1010101010100001000000111111110001010101001000001010011010100011010000111011100100011001111000110111
4 9  100 1010101010100001000000111111110001010101001000001010011010100011110000111011100100011001111000110111
runNumber 2
genCount 11651
elapsedTime 599.994
unaryHyperVol 396
binaryHyperVol 0.0625
additiveEps 0.25
entropy 0.46166
archive 2
3
7 8  100 1010101010100001000000111111110001010101001000001010011010100011010000111011100100011001111000110111
4 9  100 1010101010100001000000111111110001010101001000001010011010100011110000111011100100011001111000110111
3 12  100 1010101010100001001010111111110001010101001000001010011010100011011010111011100100010001111000110111
runNumber 3
genCount 11606
elapsedTime 599.978
unaryHyperVol 396
binaryHyperVol 0.0625
additiveEps 0.25
entropy 0.46166
archive 3
3
7 8  100 1010101010100001000000111111110001010101001000001010011010100011010000111011100100011001111000110111
4 9  100 1010101010100001000000111111110001010101001000001010011010100011011010111011100100011001111000110111
3 12  100 1010101010100001001010111111110001010101001000001010011010100011011010111011100100010001111000110111
runNumber 4
genCount 11876
elapsedTime 599.958
unaryHyperVol 348
binaryHyperVol 20.3333
additiveEps 0.5
entropy 0
archive 4
1
4 10  100 1010101010100001000000111111110001010101001000001010011011010111010101111011100100011001111000110111
runNumber 5
genCount 11670
elapsedTime 599.95
unaryHyperVol 396
binaryHyperVol 0.0625
additiveEps 0.25
entropy 0.46166
archive 5
3
7 8  100 1010101010100001000000111111110001010101001000001010011010100011010000111011100100011001010100110111
4 9  100 1010101010100001000000111111110001010101001000001010011010100011011010111011100100011001010100110111
3 12  100 1010101010100001001010111111110001010101001000001010011010100011011010111011100100010001010100110111
runNumber 6
genCount 11575
elapsedTime 599.991
unaryHyperVol 396
binaryHyperVol 0.0625
additiveEps 0.25
entropy 0.46166
archive 6
3
7 8  100 1010101010100001000000111111110001010101001000001010011010100011010000111011100100011001111000110111
4 9  100 1010101010100001000000111111110001010101001000001010011010100011011010111011100100011001111000110111
3 12  100 1010101010100001001010111111110001010101001000001010011010100011011010111011100100010001111000110111
runNumber 7
genCount 11669
elapsedTime 599.951
unaryHyperVol 396
binaryHyperVol 0.0625
additiveEps 0.25
entropy 0.46166
archive 7
3
7 8  100 1010101010100001000000111111110001010101001000001010011010100011010000111011100100011001111000110111
4 9  100 1010101010100001000000111111110001010101001000001010011010100011011010111011100100011001111000110111
3 12  100 1010101010100001001010111111110001010101001000001010011010100011011010111011100100010001111000110111
runNumber 8
genCount 12202
elapsedTime 599.991
unaryHyperVol 369
binaryHyperVol 9.5625
additiveEps 0.25
entropy 0.509891
archive 8
2
7 8  100 1010101010100001000000111111110001010101001000001010011010100011010000111011100100011001111000110111
4 9  100 1010101010100001000000111111110001010101001000001010011010100011110000111011100100011001111000110111
runNumber 9
genCount 11676
elapsedTime 600.008
unaryHyperVol 396
binaryHyperVol 0.0625
additiveEps 0.25
entropy 0.46166
archive 9
3
7 8  100 1010101010100001000000111111110001010101001000001010011010100011010000111011100100011001111000110111
4 9  100 1010101010100001000000111111110001010101001000001010011010100011011010111011100100011001111000110111
3 12  100 1010101010100001001010111111110001010101001000001010011010100011011010111011100100010001111000110111
runNumber 10
genCount 11624
elapsedTime 599.971
unaryHyperVol 396
binaryHyperVol 0.0625
additiveEps 0.25
entropy 0.46166
archive 10
3
7 8  100 1010101010100001000000111111110001010101001000001010011010100011010000111011100100011001111000110111
4 9  100 1010101010100001000000111111110001010101001000001010011010100011011010111011100100011001111000110111
3 12  100 1010101010100001001010111111110001010101001000001010011010100011011010111011100100010001111000110111
runNumber 11
genCount 11740
elapsedTime 599.941
unaryHyperVol 396
binaryHyperVol 0.0625
additiveEps 0.25
entropy 0.46166
archive 11
3
7 8  100 1010101010100001000000111111110001010101001000001010011010100011010000111011100100011001010100110111
4 9  100 1010101010100001000000111111110001010101001000001010011010100011011010111011100100011001010100110111
3 12  100 1010101010100001001010111111110001010101001000001010011010100011011010111011100100010001010100110111
runNumber 12
genCount 11690
elapsedTime 600.005
unaryHyperVol 396
binaryHyperVol 0.0625
additiveEps 0.25
entropy 0.46166
archive 12
3
7 8  100 1010101010100001000000111111110001010101001000001010011010100011010000111011100100011001111000110111
4 9  100 1010101010100001000000111111110001010101001000001010011010100011011010111011100100011001111000110111
3 12  100 1010101010100001001010111111110001010101001000001010011010100011011010111011100100010001111000110111
runNumber 13
genCount 11703
elapsedTime 599.967
unaryHyperVol 396
binaryHyperVol 0.0625
additiveEps 0.25
entropy 0.46166
archive 13
3
7 8  100 1010101010100001000000111111110001010101001000001010011010100011010000111011100100011001111000110111
4 9  100 1010101010100001000000111111110001010101001000001010011010100011011010111011100100011001111000110111
3 12  100 1010101010100001001010111111110001010101001000001010011010100011011010111011100100010001111000110111
runNumber 14
genCount 11457
elapsedTime 599.979
unaryHyperVol 396
binaryHyperVol 0.0625
additiveEps 0.25
entropy 0.46166
archive 14
3
7 8  100 1010101010100001000000111111110001010101001000001010011010100011010000111011100100011001111000110111
4 9  100 1010101010100001000000111111110001010101001000001010011010100011011010111011100100011001111000110111
3 12  100 1010101010100001001010111111110001010101001000001010011010100011011010111011100100010001111000110111
runNumber 15
genCount 11879
elapsedTime 599.9
unaryHyperVol 396
binaryHyperVol 0.0625
additiveEps 0.25
entropy 0.46166
archive 15
3
7 8  100 1010101010100001000000111111110001010101001000001010011010100011010000111011100100011001111000110111
4 9  100 1010101010100001000000111111110001010101001000001010011010100011011010111011100100011001111000110111
3 12  100 1010101010100001001010111111110001010101001000001010011010100011011010111011100100010001111000110111
runNumber 16
genCount 11696
elapsedTime 599.97
unaryHyperVol 396
binaryHyperVol 0.0625
additiveEps 0.25
entropy 0.46166
archive 16
3
7 8  100 1010101010100001000000111111110001010101001000001010011010100011010000111011100100011001010100110111
4 9  100 1010101010100001000000111111110001010101001000001010011010100011011010111011100100011001010100110111
3 12  100 1010101010100001001010111111110001010101001000001010011010100011011010111011100100010001010100110111
runNumber 17
genCount 11565
elapsedTime 599.94
unaryHyperVol 396
binaryHyperVol 0.0625
additiveEps 0.25
entropy 0.46166
archive 17
3
7 8  100 1010101010100001000000111111110001010101001000001010011010100011010000111011100100011001111000110111
4 9  100 1010101010100001000000111111110001010101001000001010011010100011011010111011100100011001111000110111
3 12  100 1010101010100001001010111111110001010101001000001010011010100011011010111011100100010001111000110111
runNumber 18
genCount 11537
elapsedTime 599.989
unaryHyperVol 396
binaryHyperVol 0.0625
additiveEps 0.25
entropy 0.46166
archive 18
3
7 8  100 1010101010100001000000111111110001010101001000001010011010100011010000111011100100011001111000110111
4 9  100 1010101010100001000000111111110001010101001000001010011010100011011010111011100100011001111000110111
3 12  100 1010101010100001001010111111110001010101001000001010011010100011011010111011100100010001111000110111
runNumber 19
genCount 11774
elapsedTime 599.94
unaryHyperVol 396
binaryHyperVol 0.0625
additiveEps 0.25
entropy 0.46166
archive 19
3
7 8  100 1010101010100001000000111111110001010101001000001010011010100011010000111011100100011001111000110111
4 9  100 1010101010100001000000111111110001010101001000001010011010100011011010111011100100011001111000110111
3 12  100 1010101010100001001010111111110001010101001000001010011010100011011010111011100100010001111000110111
runNumber 20
genCount 11704
elapsedTime 599.808
unaryHyperVol 396
binaryHyperVol 0.0625
additiveEps 0.25
entropy 0.46166
archive 20
3
7 8  100 1010101010100001000000111111110001010101001000001010011010100011010000111011100100011001111000110111
4 9  100 1010101010100001000000111111110001010101001000001010011010100011011010111011100100011001111000110111
3 12  100 1010101010100001001010111111110001010101001000001010011010100011011010111011100100010001111000110111
runNumber 21
genCount 11684
elapsedTime 599.873
unaryHyperVol 396
binaryHyperVol 0.0625
additiveEps 0.25
entropy 0.46166
archive 21
3
7 8  100 1010101010100001000000111111110001010101001000001010011010100011010000111011100100011001111000110111
4 9  100 1010101010100001000000111111110001010101001000001010011010100011110000111011100100011001111000110111
3 12  100 1010101010100001001010111111110001010101001000001010011010100011011010111011100100010001111000110111
runNumber 22
genCount 11578
elapsedTime 600.02
unaryHyperVol 369
binaryHyperVol 9.5625
additiveEps 0.25
entropy 0.509891
archive 22
2
7 8  100 1010101010100001000000111111110001010101001000001010011011000011010000111011100100011001111000110111
4 9  100 1010101010100001000000111111110001010101001000001010011011000011110000111011100100011001111000110111
runNumber 23
genCount 11632
elapsedTime 599.964
unaryHyperVol 396
binaryHyperVol 0.0625
additiveEps 0.25
entropy 0.46166
archive 23
3
7 8  100 1010101010100001000000111111110001010101001000001010011010100011010000111011100100011001111000110111
4 9  100 1010101010100001000000111111110001010101001000001010011010100011011010111011100100011001111000110111
3 12  100 1010101010100001001010111111110001010101001000001010011010100011011010111011100100010001111000110111
runNumber 24
genCount 11695
elapsedTime 600.009
unaryHyperVol 396
binaryHyperVol 0.0625
additiveEps 0.25
entropy 0.46166
archive 24
3
7 8  100 1010101010100001000000111111110001010101001000001010011010100011010000111011100100011001111000110111
4 9  100 1010101010100001000000111111110001010101001000001010011010100011011010111011100100011001111000110111
3 12  100 1010101010100001001010111111110001010101001000001010011010100011011010111011100100010001111000110111
runNumber 25
genCount 11737
elapsedTime 599.921
unaryHyperVol 396
binaryHyperVol 0.0625
additiveEps 0.25
entropy 0.46166
archive 25
3
7 8  100 1010101010100001000000111111110001010101001000001010011010100011010000111011100100011001111000110111
4 9  100 1010101010100001000000111111110001010101001000001010011010100011011010111011100100011001111000110111
3 12  100 1010101010100001001010111111110001010101001000001010011010100011011010111011100100010001111000110111
runNumber 26
genCount 11427
elapsedTime 600.044
unaryHyperVol 396
binaryHyperVol 0.0625
additiveEps 0.25
entropy 0.46166
archive 26
3
7 8  100 1010101010100001000000111111110001010101001000001010011010100011010000111011100100011001111000110111
4 9  100 1010101010100001000000111111110001010101001000001010011010100011011010111011100100011001111000110111
3 12  100 1010101010100001001010111111110001010101001000001010011010100011011010111011100100010001111000110111
runNumber 27
genCount 11854
elapsedTime 599.929
unaryHyperVol 333
binaryHyperVol 21.375
additiveEps 0.75
entropy 0.49717
archive 27
2
7 11  100 0000101010100001110000111111110001100101001000001010011010100011010000111011100100011001111000110111
4 12  100 0000101010100001110000111111110001100101001000001010011010100011110000111011100100011001111000110111
runNumber 28
genCount 12006
elapsedTime 599.975
unaryHyperVol 369
binaryHyperVol 9.5625
additiveEps 0.25
entropy 0.509891
archive 28
2
7 8  100 1010101010100001000000111111110001010101001000001010011010100011010000111011100100011001111000110111
4 9  100 1010101010100001000000111111110001010101001000001010011010100011110000111011100100011001111000110111
runNumber 29
genCount 11661
elapsedTime 599.975
unaryHyperVol 396
binaryHyperVol 0.0625
additiveEps 0.25
entropy 0.46166
archive 29
3
7 8  100 1010101010100001000000111111110001010101001000001010011010100011010000111011100100011001111000110111
4 9  100 1010101010100001000000111111110001010101001000001010011010100011011010111011100100011001111000110111
3 12  100 1010101010100001001010111111110001010101001000001010011010100011011010111011100100010001111000110111
