OptimalFront
unaryHyperVol 258
3
5 8  100 0110000011010111110111001110101000100000101000100110101000101001101011110001011001100101101000010010
4 9  100 0110000001010111110111001110101000100000101000100110101000101001101011110001011001100101101000010010
3 10  100 0110000001010011110111001110101000100000101000100110101000101001101011110001011001100101101000010010
-------------------------
runNumber 0
genCount 12455
elapsedTime 599.25
unaryHyperVol 258
binaryHyperVol 0
additiveEps 0
entropy 0.461903
archive 0
3
5 8  100 0110000011010111110111001110101000100000101000100110101000101001101011110001011001100101101000010010
4 9  100 0110000001010111110111001110101000100000101000100110101000101001101011110001011001100101101000010010
3 10  100 0110000001010011110111001110101000100000101000100110101000101001101011110001011001100101101000010010
runNumber 1
genCount 12688
elapsedTime 599.853
unaryHyperVol 258
binaryHyperVol 0
additiveEps 0
entropy 0.461903
archive 1
3
5 8  100 0000000011010111110111001110101000100000101000100110101000101001101011110001011001100101101000010010
4 9  100 0000000011100111110111001110101000100000101000100110101000101001101011110001011001100101101000010010
3 10  100 0000000011100100110111001110101000100000101000100110101000101001101011110001011001100101101000010010
runNumber 2
genCount 12257
elapsedTime 599.987
unaryHyperVol 258
binaryHyperVol 0
additiveEps 0
entropy 0.461903
archive 2
3
5 8  100 0000000011010111110111001110101000100000101000100110101000101001101011110001011001100101101000010010
4 9  100 0000000011100111110111001110101000100000101000100110101000101001101011110001011001100101101000010010
3 10  100 0000000011100100110111001110101000100000101000100110101000101001101011110001011001100101101000010010
runNumber 3
genCount 12197
elapsedTime 599.977
unaryHyperVol 258
binaryHyperVol 0
additiveEps 0
entropy 0.461903
archive 3
3
5 8  100 0000000011010111110111001110101000100000101000100110101000101001101011110001011001100101101000010010
4 9  100 0000000011100111110111001110101000100000101000100110101000101001101011110001011001100101101000010010
3 10  100 0000000011100100110111001110101000100000101000100110101000101001101011110001011001100101101000010010
runNumber 4
genCount 12138
elapsedTime 599.966
unaryHyperVol 258
binaryHyperVol 0
additiveEps 0
entropy 0.461903
archive 4
3
5 8  100 0000000011010111110111001110101000100000101000100110101000101001101011110001011001100101101000010010
4 9  100 0000000011100111110111001110101000100000101000100110101000101001101011110001011001100101101000010010
3 10  100 0000000011100100110111001110101000100000101000100110101000101001101011110001011001100101101000010010
runNumber 5
genCount 12636
elapsedTime 599.993
unaryHyperVol 258
binaryHyperVol 0
additiveEps 0
entropy 0.461903
archive 5
3
5 8  100 0110000011010111110111001110101000100000101000100110101000101001100101110001011001100101101000010010
4 9  100 0110000001010111110111001110101000100000101000100110101000101001100101110001011001100101101000010010
3 10  100 0110000001010011110111001110101000100000101000100110101000101001100101110001011001100101101000010010
runNumber 6
genCount 12355
elapsedTime 600.013
unaryHyperVol 258
binaryHyperVol 0
additiveEps 0
entropy 0.461903
archive 6
3
5 8  100 0110000011010111110111001110101000100000101000100110101000101001101011110001011001100101101000010010
4 9  100 0110000001010111110111001110101000100000101000100110101000101001101011110001011001100101101000010010
3 10  100 0110000001010011110111001110101000100000101000100110101000101001101011110001011001100101101000010010
runNumber 7
genCount 12563
elapsedTime 599.951
unaryHyperVol 215
binaryHyperVol 25.8333
additiveEps 0.666667
entropy 0.49717
archive 7
2
5 10  100 0110000011010111110111001110101000100000101000100110101000010111110101110001011001100101101000010010
4 11  100 0110000001010111110111001110101000100000101000100110101000010111110101110001011001100101101000010010
runNumber 8
genCount 12213
elapsedTime 599.968
unaryHyperVol 258
binaryHyperVol 0
additiveEps 0
entropy 0.461903
archive 8
3
5 8  100 0000000011010111110111001110101000100000101000100110101000101001101011110001011001100101101000010010
4 9  100 0000000011100111110111001110101000100000101000100110101000101001101011110001011001100101101000010010
3 10  100 0000000011100100110111001110101000100000101000100110101000101001101011110001011001100101101000010010
runNumber 9
genCount 12302
elapsedTime 599.95
unaryHyperVol 258
binaryHyperVol 0
additiveEps 0
entropy 0.461903
archive 9
3
5 8  100 0110000011010111110111001110101000100000101000100110101000101001101011110001011001100101101000010010
4 9  100 0110000001010111110111001110101000100000101000100110101000101001101011110001011001100101101000010010
3 10  100 0110000001010011110111001110101000100000101000100110101000101001101011110001011001100101101000010010
runNumber 10
genCount 12199
elapsedTime 600.005
unaryHyperVol 258
binaryHyperVol 0
additiveEps 0
entropy 0.461903
archive 10
3
5 8  100 0000000011010111110111001110101000100000101000100110101000101001101011110001011001100101101000010010
4 9  100 0000000011100111110111001110101000100000101000100110101000101001101011110001011001100101101000010010
3 10  100 0000000011100100110111001110101000100000101000100110101000101001101011110001011001100101101000010010
runNumber 11
genCount 12114
elapsedTime 599.844
unaryHyperVol 258
binaryHyperVol 0
additiveEps 0
entropy 0.461903
archive 11
3
5 8  100 0110000011010111110111001110101000100000101000100110101000101001101011110001011001100101101000010010
4 9  100 0110000001010111110111001110101000100000101000100110101000101001101011110001011001100101101000010010
3 10  100 0110000001010011110111001110101000100000101000100110101000101001101011110001011001100101101000010010
runNumber 12
genCount 12050
elapsedTime 599.961
unaryHyperVol 258
binaryHyperVol 0
additiveEps 0
entropy 0.461903
archive 12
3
5 8  100 0000000011010111110111001110101000100000101000100110101000101001100101110001011001100101101000010010
4 9  100 0000000011100111110111001110101000100000101000100110101000101001100101110001011001100101101000010010
3 10  100 0000000011100100110111001110101000100000101000100110101000101001100101110001011001100101101000010010
runNumber 13
genCount 12316
elapsedTime 599.97
unaryHyperVol 258
binaryHyperVol 0
additiveEps 0
entropy 0.461903
archive 13
3
5 8  100 0110000011010111110111001110101000100000101000100110101000101001101011110001011001100101101000010010
4 9  100 0110000001010111110111001110101000100000101000100110101000101001101011110001011001100101101000010010
3 10  100 0110000001010011110111001110101000100000101000100110101000101001101011110001011001100101101000010010
runNumber 14
genCount 12429
elapsedTime 599.961
unaryHyperVol 258
binaryHyperVol 0
additiveEps 0
entropy 0.461903
archive 14
3
5 8  100 0110000011010111110111001110101000100000101000100110101000101001101011110001011001100101101000010010
4 9  100 0110000001010111110111001110101000100000101000100110101000101001101011110001011001100101101000010010
3 10  100 0110000001010011110111001110101000100000101000100110101000101001101011110001011001100101101000010010
runNumber 15
genCount 12265
elapsedTime 599.95
unaryHyperVol 258
binaryHyperVol 0
additiveEps 0
entropy 0.461903
archive 15
3
5 8  100 0000000011010111110111001110101000100000101000100110101000101001101011110001011001100101101000010010
4 9  100 0000000011100111110111001110101000100000101000100110101000101001101011110001011001100101101000010010
3 10  100 0000000011100100110111001110101000100000101000100110101000101001101011110001011001100101101000010010
runNumber 16
genCount 11930
elapsedTime 599.999
unaryHyperVol 258
binaryHyperVol 0
additiveEps 0
entropy 0.461903
archive 16
3
5 8  100 0000000011010111110111001110101000100000101000100110101000101001100101110001011001100101101000010010
4 9  100 0000000011100111110111001110101000100000101000100110101000101001100101110001011001100101101000010010
3 10  100 0000000011100100110111001110101000100000101000100110101000101001100101110001011001100101101000010010
runNumber 17
genCount 12350
elapsedTime 600.006
unaryHyperVol 249
binaryHyperVol 4
additiveEps 0.333333
entropy 0.456965
archive 17
3
5 9  100 0000000011010111110111001110101000100000101000100110101000101001101011110001011001100101010100010010
4 10  100 0000000011100111110111001110101000100000101000100110101000101001101011110001011001100101110100010010
3 11  100 0000000011100100110111001110101000100000101000100110101000101001101011110001011001100101010100010010
runNumber 18
genCount 12360
elapsedTime 599.936
unaryHyperVol 258
binaryHyperVol 0
additiveEps 0
entropy 0.461903
archive 18
3
5 8  100 0110000011010111110111001110101000100000101000100110101000101001101011110001011001100101101000010010
4 9  100 0110000001010111110111001110101000100000101000100110101000101001101011110001011001100101101000010010
3 10  100 0110000001010011110111001110101000100000101000100110101000101001101011110001011001100101101000010010
runNumber 19
genCount 12295
elapsedTime 600.038
unaryHyperVol 258
binaryHyperVol 0
additiveEps 0
entropy 0.461903
archive 19
3
5 8  100 0110000011010111110111001110101000100000101000100110101000101001100101110001011001100101101000010010
4 9  100 0110000001010111110111001110101000100000101000100110101000101001100101110001011001100101101000010010
3 10  100 0110000001010011110111001110101000100000101000100110101000101001100101110001011001100101101000010010
runNumber 20
genCount 12183
elapsedTime 599.943
unaryHyperVol 258
binaryHyperVol 0
additiveEps 0
entropy 0.461903
archive 20
3
5 8  100 0110000011010111110111001110101000100000101000100110101000101001101011110001011001100101101000010010
4 9  100 0110000001010111110111001110101000100000101000100110101000101001101011110001011001100101101000010010
3 10  100 0110000001010011110111001110101000100000101000100110101000101001101011110001011001100101101000010010
runNumber 21
genCount 12348
elapsedTime 599.945
unaryHyperVol 258
binaryHyperVol 0
additiveEps 0
entropy 0.461903
archive 21
3
5 8  100 0110000011010111110111001110101000100000101000100110101000101001101011110001011001100101101000010010
4 9  100 0110000001010111110111001110101000100000101000100110101000101001101011110001011001100101101000010010
3 10  100 0110000001010011110111001110101000100000101000100110101000101001101011110001011001100101101000010010
runNumber 22
genCount 12244
elapsedTime 599.999
unaryHyperVol 258
binaryHyperVol 0
additiveEps 0
entropy 0.461903
archive 22
3
5 8  100 0110000011010111110111001110101000100000101000100110101000101001101011110001011001100101101000010010
4 9  100 0110000001010111110111001110101000100000101000100110101000101001101011110001011001100101101000010010
3 10  100 0110000001010011110111001110101000100000101000100110101000101001101011110001011001100101101000010010
runNumber 23
genCount 12127
elapsedTime 599.895
unaryHyperVol 258
binaryHyperVol 0
additiveEps 0
entropy 0.461903
archive 23
3
5 8  100 0110000011010111110111001110101000100000101000100110101000101001101011110001011001100101101000010010
4 9  100 0110000001010111110111001110101000100000101000100110101000101001101011110001011001100101101000010010
3 10  100 0110000001010011110111001110101000100000101000100110101000101001101011110001011001100101101000010010
runNumber 24
genCount 12033
elapsedTime 599.846
unaryHyperVol 258
binaryHyperVol 0
additiveEps 0
entropy 0.461903
archive 24
3
5 8  100 0110000011010111110111001110101000100000101000100110101000101001101011110001011001100101101000010010
4 9  100 0110000001010111110111001110101000100000101000100110101000101001101011110001011001100101101000010010
3 10  100 0110000001010011110111001110101000100000101000100110101000101001101011110001011001100101101000010010
runNumber 25
genCount 12275
elapsedTime 599.956
unaryHyperVol 258
binaryHyperVol 0
additiveEps 0
entropy 0.461903
archive 25
3
5 8  100 0110000011010111110111001110101000100000101000100110101000101001101011110001011001100101101000010010
4 9  100 0110000001010111110111001110101000100000101000100110101000101001101011110001011001100101101000010010
3 10  100 0110000001010011110111001110101000100000101000100110101000101001101011110001011001100101101000010010
runNumber 26
genCount 12532
elapsedTime 599.998
unaryHyperVol 258
binaryHyperVol 0
additiveEps 0
entropy 0.461903
archive 26
3
5 8  100 0000000011010111110111001110101000100000101000100110101000101001101011110001011001100101101000010010
4 9  100 0000000011100111110111001110101000100000101000100110101000101001101011110001011001100101101000010010
3 10  100 0000000011100100110111001110101000100000101000100110101000101001101011110001011001100101101000010010
runNumber 27
genCount 12280
elapsedTime 599.94
unaryHyperVol 258
binaryHyperVol 0
additiveEps 0
entropy 0.461903
archive 27
3
5 8  100 0110000011010111110111001110101000100000101000100110101000101001101011110001011001100101101000010010
4 9  100 0110000001010111110111001110101000100000101000100110101000101001101011110001011001100101101000010010
3 10  100 0110000001010011110111001110101000100000101000100110101000101001101011110001011001100101101000010010
runNumber 28
genCount 12158
elapsedTime 599.96
unaryHyperVol 258
binaryHyperVol 0
additiveEps 0
entropy 0.461903
archive 28
3
5 8  100 0000000011010111110111001110101000100000101000100110101000101001100101110001011001100101101000010010
4 9  100 0000000011100111110111001110101000100000101000100110101000101001100101110001011001100101101000010010
3 10  100 0000000011100100110111001110101000100000101000100110101000101001100101110001011001100101101000010010
runNumber 29
genCount 12201
elapsedTime 599.981
unaryHyperVol 258
binaryHyperVol 0
additiveEps 0
entropy 0.461903
archive 29
3
5 8  100 0000000011010111110111001110101000100000101000100110101000101001101011110001011001100101101000010010
4 9  100 0000000011100111110111001110101000100000101000100110101000101001101011110001011001100101101000010010
3 10  100 0000000011100100110111001110101000100000101000100110101000101001101011110001011001100101101000010010
