OptimalFront
unaryHyperVol 372
Optimal front is obtained by exact method
-------------------------
2
2 11
8 8
runNumber 0
genCount 8400
elapsedTime 613.505
unaryHyperVol 369
binaryHyperVol 4.44444
additiveEps 0.333333
entropy 0.418262
archive 0
3
8 9  100 0110000000101110001111010100010001000000010110001010000010001100111010110100010111100110100001101010
4 10  100 0110000000101110000111010100010001000000010110001010000010001100111010110100010111100110000001101010
2 11  100 0110101010101110001111010100010001101000010110001010000010001100111010110100010111100110000001101010
runNumber 1
genCount 11886
elapsedTime 599.843
unaryHyperVol 369
binaryHyperVol 4.44444
additiveEps 0.333333
entropy 0.418262
archive 1
3
8 9  100 0110000000101110001111010100010001000000010110001010000010001100111010110100010111100110000001101010
4 10  100 0110000000101110001111010100010001101000010110001010000010001100111010110100010111100110000001101010
2 11  100 0110101010101110001111010100010001101000010110001010000010001100111010110100010111100110000001101010
runNumber 2
genCount 12026
elapsedTime 600.006
unaryHyperVol 369
binaryHyperVol 4.44444
additiveEps 0.333333
entropy 0.418262
archive 2
3
8 9  100 0110000000101110001111010100010001000000010110001010000010001100111010110100010111100110100001101010
4 10  100 0110000000101110001111010100010001101000010110001010000010001100111010110100010111100110100001101010
2 11  100 0110101010101110001111010100010001101000010110001010000010001100111010110100010111100110100001101010
runNumber 3
genCount 11611
elapsedTime 599.891
unaryHyperVol 369
binaryHyperVol 4.44444
additiveEps 0.333333
entropy 0.418262
archive 3
3
8 9  100 0110000000101110001111010100010001000000010110001010000010001100111010110100010111100110000001101010
4 10  100 0110000000101110001111010100010001101000010110001010000010001100111010110100010111100110000001101010
2 11  100 0110101010101110001111010100010001101000010110001010000010001100111010110100010111100110000001101010
runNumber 4
genCount 12067
elapsedTime 599.962
unaryHyperVol 369
binaryHyperVol 4.44444
additiveEps 0.333333
entropy 0.418262
archive 4
3
8 9  100 0110000000101110001111010100010001000000010110001010000010001100111010110100010111100110100001101010
4 10  100 0110000000101110001111010100010001101000010110001010000010001100111010110100010111100110000001101010
2 11  100 0110101010101110001111010100010001101000010110001010000010001100111010110100010111100110000001101010
runNumber 5
genCount 11743
elapsedTime 599.851
unaryHyperVol 369
binaryHyperVol 4.44444
additiveEps 0.333333
entropy 0.418262
archive 5
3
8 9  100 0110000000101110001111010100010001000000010110001010000010001100111010110100010111100110100001101010
4 10  100 0110000000101110001111010100010001101000010110001010000010001100111010110100010111100110100001101010
2 11  100 0110101010101110001111010100010001101000010110001010000010001100111010110100010111100110100001101010
runNumber 6
genCount 11873
elapsedTime 599.931
unaryHyperVol 369
binaryHyperVol 4.44444
additiveEps 0.333333
entropy 0.418262
archive 6
3
8 9  100 0110000000101110001111010100010001000000010110001010000010001100111010110100010111100110000001101010
4 10  100 0110000000101110001111010100010001101000010110001010000010001100111010110100010111100110000001101010
2 11  100 0110101010101110001111010100010001101000010110001010000010001100111010110100010111100110000001101010
runNumber 7
genCount 12067
elapsedTime 599.991
unaryHyperVol 369
binaryHyperVol 4.44444
additiveEps 0.333333
entropy 0.418262
archive 7
3
8 9  100 0110000000101110001111010100010001000000010110001010000010001100111010110100010111100110100001101010
4 10  100 0110000000101110001111010100010001101000010110001010000010001100111010110100010111100110000001101010
2 11  100 0110101010101110001111010100010001101000010110001010000010001100111010110100010111100110000001101010
runNumber 8
genCount 11984
elapsedTime 599.791
unaryHyperVol 369
binaryHyperVol 4.44444
additiveEps 0.333333
entropy 0.418262
archive 8
3
8 9  100 0110000000101110001111010100010001000000010110001010000010001100111010110100010111100110100001101010
4 10  100 0110000000101110001111010100010001101000010110001010000010001100111010110100010111100110100001101010
2 11  100 0110101010101110001111010100010001101000010110001010000010001100111010110100010111100110000001101010
runNumber 9
genCount 11614
elapsedTime 599.868
unaryHyperVol 369
binaryHyperVol 4.44444
additiveEps 0.333333
entropy 0.418262
archive 9
3
8 9  100 0110000000101110001111010100010001000000010110001010000010001100111010110100010111100110000001101010
4 10  100 0110000000101110001111010100010001101000010110001010000010001100111010110100010111100110000001101010
2 11  100 0110101010101110001111010100010001101000010110001010000010001100111010110100010111100110100001101010
runNumber 10
genCount 11863
elapsedTime 599.975
unaryHyperVol 369
binaryHyperVol 4.44444
additiveEps 0.333333
entropy 0.418262
archive 10
3
8 9  100 0110000000101110001111010100010001000000010110001010000010001100111010110100010111100110000001101010
4 10  100 0110000000101110001111010100010001101000010110001010000010001100111010110100010111100110000001101010
2 11  100 0110101010101110001111010100010001101000010110001010000010001100111010110100010111100110000001101010
runNumber 11
genCount 12119
elapsedTime 599.974
unaryHyperVol 358
binaryHyperVol 9.33333
additiveEps 0.666667
entropy 0.488066
archive 11
2
8 10  100 0110101010101110001111010100010001000000010110001010000010001100111010110100010111100110100001101010
2 11  100 0110101010101110001111010100010001101000010110001010000010001100111010110100010111100110100001101010
runNumber 12
genCount 12064
elapsedTime 599.617
unaryHyperVol 358
binaryHyperVol 9.33333
additiveEps 0.666667
entropy 0.488066
archive 12
2
8 10  100 0110101010101110001111010100010001000000010110001010000010001100111010110100010111100110100001101010
2 11  100 0110101010101110001111010100010001101000010110001010000010001100111010110100010111100110100001101010
runNumber 13
genCount 11819
elapsedTime 599.744
unaryHyperVol 369
binaryHyperVol 4.44444
additiveEps 0.333333
entropy 0.418262
archive 13
3
8 9  100 0110000000101110001111010100010001000000010110001010000010001100111010110100010111100110000001101010
4 10  100 0110000000101110001111010100010001101000010110001010000010001100111010110100010111100110000001101010
2 11  100 0110101010101110001111010100010001101000010110001010000010001100111010110100010111100110000001101010
runNumber 14
genCount 12008
elapsedTime 599.866
unaryHyperVol 358
binaryHyperVol 9.33333
additiveEps 0.666667
entropy 0.488066
archive 14
2
8 10  100 0110101010101110001111010100010001000000010110001010000010001100111010110100010111100110000001101010
2 11  100 0110101010101110001111010100010001101000010110001010000010001100111010110100010111100110100001101010
runNumber 15
genCount 11835
elapsedTime 599.779
unaryHyperVol 369
binaryHyperVol 4.44444
additiveEps 0.333333
entropy 0.418262
archive 15
3
8 9  100 0110000000101110001111010100010001000000010110001010000010001100111010110100010111100110000001101010
4 10  100 0110000000101110001111010100010001101000010110001010000010001100111010110100010111100110000001101010
2 11  100 0110101010101110001111010100010001101000010110001010000010001100111010110100010111100110100001101010
runNumber 16
genCount 12157
elapsedTime 599.922
unaryHyperVol 358
binaryHyperVol 9.33333
additiveEps 0.666667
entropy 0.488066
archive 16
2
8 10  100 0110101010101110001111010100010001000000010110001010000010001100111010110100010111100110100001101010
2 11  100 0110101010101110001111010100010001101000010110001010000010001100111010110100010111100110100001101010
runNumber 17
genCount 12449
elapsedTime 600.001
unaryHyperVol 358
binaryHyperVol 9.33333
additiveEps 0.666667
entropy 0.488066
archive 17
2
8 10  100 0110101010101110001111010100010001000000010110001010000010001100111010110100010111100110100001101010
2 11  100 0110101010101110001111010100010001101000010110001010000010001100111010110100010111100110100001101010
runNumber 18
genCount 11725
elapsedTime 599.913
unaryHyperVol 369
binaryHyperVol 4.44444
additiveEps 0.333333
entropy 0.418262
archive 18
3
8 9  100 0110000000101110001111010100010001000000010110001010000010001100111010110100010111100110100001101010
4 10  100 0110000000101110001111010100010001101000010110001010000010001100111010110100010111100110000001101010
2 11  100 0110101010101110001111010100010001101000010110001010000010001100111010110100010111100110000001101010
runNumber 19
genCount 11887
elapsedTime 599.92
unaryHyperVol 369
binaryHyperVol 4.44444
additiveEps 0.333333
entropy 0.418262
archive 19
3
8 9  100 0110000000101110001111010100010001000000010110001010000010001100111010110100010111100110100001101010
4 10  100 0110000000101110101111010100010001000000010110001010000010001100111010110100010111100110100001101010
2 11  100 0110101010101110001111010100010001101000010110001010000010001100111010110100010111100110100001101010
runNumber 20
genCount 11775
elapsedTime 600
unaryHyperVol 369
binaryHyperVol 4.44444
additiveEps 0.333333
entropy 0.418262
archive 20
3
8 9  100 0110000000101110001111010100010001000000010110001010000010001100111010110100010111100110100001101010
4 10  100 0110000000101110000111010100010001000000010110001010000010001100111010110100010111100110100001101010
2 11  100 0110101010101110001111010100010001101000010110001010000010001100111010110100010111100110000001101010
runNumber 21
genCount 11906
elapsedTime 599.775
unaryHyperVol 369
binaryHyperVol 4.44444
additiveEps 0.333333
entropy 0.418262
archive 21
3
8 9  100 0110000000101110001111010100010001000000010110001010000010001100111010110100010111100110000001101010
4 10  100 0110000000101110001111010100010001101000010110001010000010001100111010110100010111100110100001101010
2 11  100 0110101010101110001111010100010001101000010110001010000010001100111010110100010111100110100001101010
runNumber 22
genCount 11548
elapsedTime 599.87
unaryHyperVol 369
binaryHyperVol 4.44444
additiveEps 0.333333
entropy 0.418262
archive 22
3
8 9  100 0110000000101110001111010100010001000000010110001010000010001100111010110100010111100110100001101010
4 10  100 0110000000101110001111010100010001101000010110001010000010001100111010110100010111100110100001101010
2 11  100 0110101010101110001111010100010001101000010110001010000010001100111010110100010111100110000001101010
runNumber 23
genCount 11702
elapsedTime 599.827
unaryHyperVol 369
binaryHyperVol 4.44444
additiveEps 0.333333
entropy 0.418262
archive 23
3
8 9  100 0110000000101110001111010100010001000000010110001010000010001100111010110100010111100110000001101010
4 10  100 0110000000101110001111010100010001101000010110001010000010001100111010110100010111100110100001101010
2 11  100 0110101010101110001111010100010001101000010110001010000010001100111010110100010111100110100001101010
runNumber 24
genCount 11825
elapsedTime 599.476
unaryHyperVol 369
binaryHyperVol 4.44444
additiveEps 0.333333
entropy 0.418262
archive 24
3
8 9  100 0110000000101110001111010100010001000000010110001010000010001100111010110100010111100110000001101010
4 10  100 0110000000101110001111010100010001101000010110001010000010001100111010110100010111100110000001101010
2 11  100 0110101010101110001111010100010001101000010110001010000010001100111010110100010111100110000001101010
runNumber 25
genCount 11865
elapsedTime 599.959
unaryHyperVol 369
binaryHyperVol 4.44444
additiveEps 0.333333
entropy 0.418262
archive 25
3
8 9  100 0110000000101110001111010100010001000000010110001010000010001100111010110100010111100110000001101010
4 10  100 0110000000101110001111010100010001101000010110001010000010001100111010110100010111100110000001101010
2 11  100 0110101010101110001111010100010001101000010110001010000010001100111010110100010111100110100001101010
runNumber 26
genCount 11727
elapsedTime 599.96
unaryHyperVol 369
binaryHyperVol 4.44444
additiveEps 0.333333
entropy 0.418262
archive 26
3
8 9  100 0110000000101110001111010100010001000000010110001010000010001100111010110100010111100110100001101010
4 10  100 0110000000101110001111010100010001101000010110001010000010001100111010110100010111100110000001101010
2 11  100 0110101010101110001111010100010001101000010110001010000010001100111010110100010111100110000001101010
runNumber 27
genCount 11832
elapsedTime 599.7
unaryHyperVol 369
binaryHyperVol 4.44444
additiveEps 0.333333
entropy 0.418262
archive 27
3
8 9  100 0110000000101110001111010100010001000000010110001010000010001100111010110100010111100110000001101010
4 10  100 0110000000101110001111010100010001101000010110001010000010001100111010110100010111100110100001101010
2 11  100 0110101010101110001111010100010001101000010110001010000010001100111010110100010111100110100001101010
runNumber 28
genCount 11932
elapsedTime 599.933
unaryHyperVol 369
binaryHyperVol 4.44444
additiveEps 0.333333
entropy 0.418262
archive 28
3
8 9  100 0110000000101110001111010100010001000000010110001010000010001100111010110100010111100110100001101010
4 10  100 0110000000101110001111010100010001101000010110001010000010001100111010110100010111100110100001101010
2 11  100 0110101010101110001111010100010001101000010110001010000010001100111010110100010111100110100001101010
runNumber 29
genCount 12128
elapsedTime 599.874
unaryHyperVol 358
binaryHyperVol 9.33333
additiveEps 0.666667
entropy 0.488066
archive 29
2
8 10  100 0110101010101110001111010100010001000000010110001010000010001100111010110100010111100110100001101010
2 11  100 0110101010101110001111010100010001101000010110001010000010001100111010110100010111100110000001101010
