OptimalFront
unaryHyperVol 401
3
6 11  100 0100011101010100000000111100000000100100100000000110101010001001001111110110101010010101101011001010
5 12  100 0100101101010100110000111100000000100100100000000110101010001001001111110110101010010101101011001010
3 13  100 0100000001010100010000111100000000100100100000000110101010001001001111110110101010010101101011001010
-------------------------
runNumber 0
genCount 23699
elapsedTime 599.847
unaryHyperVol 320
binaryHyperVol 22.8571
additiveEps 0.666667
entropy 0.481574
archive 0
3
6 15  100 0100011100100100000001111100000000100100100000000110101010001001001111110110001111001001101011001010
5 17  100 0100011100100100000000111100000001010100100000000110101010001001001111110110001111001001101011001010
4 18  100 0100011100100101000001111100000001010100100000000110101010001001001111110110001111001001101011001010
runNumber 1
genCount 11278
elapsedTime 600.002
unaryHyperVol 387
binaryHyperVol 5.66667
additiveEps 0.333333
entropy 0.466242
archive 1
3
6 12  100 0100011101010100000000001100000000100100100000000110101010001001001111110110101010010101101011001010
5 13  100 0100011101010100001001001100000000100100100000000110101010001001001111110110101010010101101011001010
3 14  100 0100100101010100101001001100000000100100100000000110101010001001001111110110101010010101101011001010
runNumber 2
genCount 11775
elapsedTime 599.907
unaryHyperVol 400
binaryHyperVol 0.166667
additiveEps 0.333333
entropy 0.488066
archive 2
2
6 11  100 0100011101010100000000111100000000100100100000000110101010001001001111110110101010010101101011001010
3 13  100 0100000001010100010000111100000000100100100000000110101010001001001111110110101010010101101011001010
runNumber 3
genCount 11628
elapsedTime 599.968
unaryHyperVol 360
binaryHyperVol 18.7778
additiveEps 0.333333
entropy 0.474505
archive 3
2
6 12  100 1000011101100100000000111100000000100100100000000110101000011001001111110100011010010101101011001010
4 14  100 1000000001100100010000111100000000100100100000000110101000011001001111110100011010010101101011001010
runNumber 4
genCount 11367
elapsedTime 600.002
unaryHyperVol 359
binaryHyperVol 17.5
additiveEps 0.5
entropy 0.481574
archive 4
3
6 12  100 1000011111010100000000011100000000100100100000000110101010001001001111110110101010010101101011001010
5 14  100 1000011111010100001001011100000000100000100000000110101010001001001111110110101010010101101011001010
4 15  100 1000100111010100101001011100000000100000100000000110101010001001001111110110101010010101101011001010
runNumber 5
genCount 11588
elapsedTime 599.957
unaryHyperVol 333
binaryHyperVol 21.6667
additiveEps 0.666667
entropy 0.481574
archive 5
3
6 14  100 1000011101100100000001001100000000100100100000000110101010001001001111110110001111001001101011001010
5 16  100 1000011101100100000001001100000001010100100000000110101010001001001111110110001111001001101011001010
4 17  100 1000011101100101000001001100000001010100100000000110101010001001001111110110001111001001101011001010
runNumber 6
genCount 11946
elapsedTime 599.935
unaryHyperVol 360
binaryHyperVol 18.7778
additiveEps 0.333333
entropy 0.474505
archive 6
2
6 12  100 1000011101100100000000111100000000100100100000000110101010000001001111110110000010010101101011001010
4 14  100 1000000001100100010000111100000000100100100000000110101010000001001111110110000010010101101011001010
runNumber 7
genCount 12018
elapsedTime 600.003
unaryHyperVol 400
binaryHyperVol 0.166667
additiveEps 0.333333
entropy 0.488066
archive 7
2
6 11  100 0100011101010100000000111100000000100100100000000110101010001001001111110110101010010101101011001010
3 13  100 0100000001010100010000111100000000100100100000000110101010001001001111110110101010010101101011001010
runNumber 8
genCount 11452
elapsedTime 599.955
unaryHyperVol 322
binaryHyperVol 24.3333
additiveEps 0.666667
entropy 0.449615
archive 8
3
6 15  100 1000011101100100101010111100000000100100100000000110101000011001001100010100011010010100101011001010
5 16  100 1000101101100100101010111100000000100100100000000110101000011001001100010100011010010100101011001010
4 17  100 1000101101100100101010111100000000100100100000000110101000011001001100010100011010010000101011001010
runNumber 9
genCount 11568
elapsedTime 599.991
unaryHyperVol 322
binaryHyperVol 34.5833
additiveEps 0.666667
entropy 0.49717
archive 9
2
6 13  100 1000011101100100000000111100000000100100100000000110101010001001000111110110001100010101101011001010
5 15  100 1000011101100100001001001100000000100100100000000110101010001001000111110110001100010101101011001010
runNumber 10
genCount 11237
elapsedTime 599.978
unaryHyperVol 322
binaryHyperVol 24.3333
additiveEps 0.666667
entropy 0.449615
archive 10
3
6 15  100 1000011101100100101010111100000000100100100000000110101000011001001100010100011010010100101011001010
5 16  100 1000101101100100101010111100000000100100100000000110101000011001001100010100011010010100101011001010
4 17  100 1000101101100100101010111100000000100100100000000110101000011001001100010100011010010000101011001010
runNumber 11
genCount 11240
elapsedTime 599.961
unaryHyperVol 387
binaryHyperVol 5.66667
additiveEps 0.333333
entropy 0.466242
archive 11
3
6 12  100 0100011101010100101001001100000000100100100000000110101010001001001111110110101010010101101011001010
5 13  100 0100011101010100001001001100000000100100100000000110101010001001001111110110101010010101101011001010
3 14  100 0100100101010100101001001100000000100100100000000110101010001001001111110110101010010101101011001010
runNumber 12
genCount 11460
elapsedTime 599.94
unaryHyperVol 400
binaryHyperVol 0.166667
additiveEps 0.333333
entropy 0.488066
archive 12
2
6 11  100 0100011101010100000000111100000000100100100000000110101010001001001111110110101010010101101011001010
3 13  100 0100000001010100010000111100000000100100100000000110101010001001001111110110101010010101101011001010
runNumber 13
genCount 11516
elapsedTime 599.974
unaryHyperVol 332
binaryHyperVol 29.8667
additiveEps 0.666667
entropy 0.49717
archive 13
2
6 12  100 1000011101100100000000111100000000100100100000000110101000011001000111110100011010010101100011001010
5 16  100 1000011101100100001010111100000000100100100000000110101000010001001111110100011010010111000000001010
runNumber 14
genCount 11475
elapsedTime 600.001
unaryHyperVol 398
binaryHyperVol 0.333333
additiveEps 0.333333
entropy 0.466686
archive 14
3
6 11  100 0100011101010100000000111100000000100100100000000110101010001001001111110110101010010101101011001010
5 13  100 0100011101010100001001001100000000100100100000000110101010001001001111110110101010010101101011001010
3 14  100 0100100101010100101001001100000000100100100000000110101010001001001111110110101010010101101011001010
runNumber 15
genCount 11040
elapsedTime 599.922
unaryHyperVol 387
binaryHyperVol 5.66667
additiveEps 0.333333
entropy 0.466242
archive 15
3
6 12  100 0100011101010100101001001100000000100100100000000110101010001001001111110110101010010101101011001010
5 13  100 0100011101010100001001001100000000100100100000000110101010001001001111110110101010010101101011001010
3 14  100 0100100101010100101001001100000000100100100000000110101010001001001111110110101010010101101011001010
runNumber 16
genCount 11919
elapsedTime 599.967
unaryHyperVol 360
binaryHyperVol 18.7778
additiveEps 0.333333
entropy 0.474505
archive 16
2
6 12  100 1000011101100100000000111100000000100100100000000110101000011001001111110100011010010101101011001010
4 14  100 1000000001100100010000111100000000100100100000000110101000011001001111110100011010010101101011001010
runNumber 17
genCount 11701
elapsedTime 599.958
unaryHyperVol 324
binaryHyperVol 26.4
additiveEps 0.8
entropy 0.49717
archive 17
2
5 15  100 1000100101100100110001001100000000100100100000000110101000011001001111110100011010111001101011001010
4 16  100 1000100101100101110000001100000000100100100000000110101000011001001111110100011010111001101011001010
runNumber 18
genCount 11744
elapsedTime 599.965
unaryHyperVol 360
binaryHyperVol 18.7778
additiveEps 0.333333
entropy 0.474505
archive 18
2
6 12  100 1000011101100100000000111100000000100100100000000110101000011001001111110100011010010101101011001010
4 14  100 1000000001100100010000111100000000100100100000000110101000011001001111110100011010010101101011001010
runNumber 19
genCount 11306
elapsedTime 599.966
unaryHyperVol 359
binaryHyperVol 17.5
additiveEps 0.5
entropy 0.481574
archive 19
3
6 12  100 1000011111010100000000011100000000100100100000000110101010001001001111110110101010010101101011001010
5 14  100 1000011111010100001001011100000000100000100000000110101010001001001111110110101010010101101011001010
4 15  100 1000100111010100101001011100000000100000100000000110101010001001001111110110101010010101101011001010
runNumber 20
genCount 11304
elapsedTime 599.999
unaryHyperVol 335
binaryHyperVol 23.2
additiveEps 0.6
entropy 0.449615
archive 20
3
6 14  100 0100011101010100101010111100000000100100100000000110101010001001001100010110101010010100101011001010
5 15  100 0100101101010100101010111100000000100100100000000110101010001001001100010110101010010100101011001010
4 16  100 0100101101010100101010111100000000100100100000000110101010001001001100010110101010010000101011001010
runNumber 21
genCount 11315
elapsedTime 599.942
unaryHyperVol 398
binaryHyperVol 0.333333
additiveEps 0.333333
entropy 0.466686
archive 21
3
6 11  100 0100011101010100000000111100000000100100100000000110101010001001001111110110101010010101101011001010
5 13  100 0100011101010100001001001100000000100100100000000110101010001001001111110110101010010101101011001010
3 14  100 0100100101010100101001001100000000100100100000000110101010001001001111110110101010010101101011001010
runNumber 22
genCount 11601
elapsedTime 599.9
unaryHyperVol 311
binaryHyperVol 27
additiveEps 0.833333
entropy 0.49717
archive 22
2
5 16  100 1000100101000100110001001100000000100100100000000110101000010001001111110100000010111001101011001010
4 17  100 1000100101000101110001001100000000100100100000000110101000010001001111110100000010111001101011001010
runNumber 23
genCount 11329
elapsedTime 599.995
unaryHyperVol 359
binaryHyperVol 17.5
additiveEps 0.5
entropy 0.481574
archive 23
3
6 12  100 1000011101100100000000111100000000100100100000000110101010000001001111110110000010010101101011001010
5 14  100 1000011101100100001001001100000000100100100000000110101010000001001111110110000010010101101011001010
4 15  100 1000011101100101001001001100000000100100100000000110101010000001001111110110000010010101101011001010
runNumber 24
genCount 11464
elapsedTime 599.945
unaryHyperVol 387
binaryHyperVol 5.66667
additiveEps 0.333333
entropy 0.466242
archive 24
3
6 12  100 0100011101010100000001001100000000100100100000000110101010001001001111110110101010010101101011001010
5 13  100 0100011101010100001001001100000000100100100000000110101010001001001111110110101010010101101011001010
3 14  100 0100100101010100101001001100000000100100100000000110101010001001001111110110101010010101101011001010
runNumber 25
genCount 11644
elapsedTime 599.993
unaryHyperVol 400
binaryHyperVol 0.166667
additiveEps 0.333333
entropy 0.488066
archive 25
2
6 11  100 0100011101010100000000111100000000100100100000000110101010001001001111110110101010010101101011001010
3 13  100 0100000001010100010000111100000000100100100000000110101010001001001111110110101010010101101011001010
runNumber 26
genCount 11392
elapsedTime 600
unaryHyperVol 359
binaryHyperVol 17.5
additiveEps 0.5
entropy 0.481574
archive 26
3
6 12  100 1000011101100100000000111100000000100100100000000110101000011001001111110100011010010101101011001010
5 14  100 1000011101100100001001001100000000100100100000000110101000011001001111110100011010010101101011001010
4 15  100 1000011101100101001001001100000000100100100000000110101000011001001111110100011010010101101011001010
runNumber 27
genCount 11453
elapsedTime 599.915
unaryHyperVol 400
binaryHyperVol 0.111111
additiveEps 0.333333
entropy 0.380344
archive 27
4
6 11  100 0100011101010100000000111100000000100100100000000110101010001001001111110110101010010101101011001010
5 12  100 0100101101010100110000111100000000100100100000000110101010001001001111110110101010010101101011001010
4 13  100 0100101101010101110000111100000000100100100000000110101010001001001111110110101010010101101011001010
3 14  100 0100100101010100101001001100000000100100100000000110101010001001001111110110101010010101101011001010
runNumber 28
genCount 11263
elapsedTime 599.976
unaryHyperVol 359
binaryHyperVol 17.5
additiveEps 0.5
entropy 0.481574
archive 28
3
6 12  100 1000011101100100000000111100000000100100100000000110101000011001001111110100011010010101101011001010
5 14  100 1000011101100100001001001100000000100100100000000110101000011001001111110100011010010101101011001010
4 15  100 1000011101100101001001001100000000100100100000000110101000011001001111110100011010010101101011001010
runNumber 29
genCount 11360
elapsedTime 599.989
unaryHyperVol 359
binaryHyperVol 17.5
additiveEps 0.5
entropy 0.481574
archive 29
3
6 12  100 1000011101100100000000111100000000100100100000000110101010000001001111110110000010010101101011001010
5 14  100 1000011101100100000000111100000001010100100000000110101010000001001111110110000010010101101011001010
4 15  100 1000011101100101000000111100000001010100100000000110101010000001001111110110000010010101101011001010
