OptimalFront
unaryHyperVol 378
3
7 8  100 1010000111010001110000011110101001101110110101000010110111010101101000011101100011101000101001111000
4 9  100 1010000111010001110000011110101001101110110101000010110111010101101000011101100011100000101001111000
3 11  100 0110000101010001110001001110101001101110110101000010110111100001101000011101100011101000101001111000
-------------------------
runNumber 0
genCount 11654
elapsedTime 599.261
unaryHyperVol 356
binaryHyperVol 5.9
additiveEps 0.4
entropy 0.45071
archive 0
3
5 10  100 1010000111101001110000111110101001101110110101000010110111100001101000011101010011100000101001111000
4 11  100 1010000111101001110000111110101001101110110101000010110111100001101000011100000011100000101001111000
3 13  100 1010000111101001110000111110101001101110110101000010110111100001101000011100000011100001101001111001
runNumber 1
genCount 11886
elapsedTime 599.854
unaryHyperVol 349
binaryHyperVol 9.75
additiveEps 0.25
entropy 0.488066
archive 1
2
7 8  100 1010000111010001110000011110101001101110110101000010110111010101101000011101100011101000101001111000
4 9  100 1010000111010001110000011110101001101110110101000010110111010101101000011101100011100000101001111000
runNumber 2
genCount 11466
elapsedTime 599.899
unaryHyperVol 378
binaryHyperVol 0
additiveEps 0
entropy 0.461903
archive 2
3
7 8  100 1010000111010001110000011110101001101110110101000010110111100001101000011101100011101000101001111000
4 9  100 1010000111010001110000011110101001101110110101000010110111100001101000011101100011100000101001111000
3 11  100 0110000101010001110001001110101001101110110101000010110111100001101000011101100011101000101001111000
runNumber 3
genCount 11413
elapsedTime 599.977
unaryHyperVol 378
binaryHyperVol 0
additiveEps 0
entropy 0.461903
archive 3
3
7 8  100 0000000111010001110000011110101001101110110101000010110111100001101000011101100011101000101001111000
4 9  100 0000000111010001110000011110101001101110110101000010110111100001101000011101100011100000101001111000
3 11  100 0110000101010001110001001110101001101110110101000010110111100001101000011101100011101000101001111000
runNumber 4
genCount 11705
elapsedTime 599.779
unaryHyperVol 378
binaryHyperVol 0
additiveEps 0
entropy 0.461903
archive 4
3
7 8  100 0000000111010001110000011110101001101110110101000010110111100001101000011101100011101000101001111000
4 9  100 0000000111010001110000011110101001101110110101000010110111100001101000011101100011100000101001111000
3 11  100 0000000111100100110001001110101001101110110101000010110111100001101000011101100011101000101001111000
runNumber 5
genCount 11971
elapsedTime 600.344
unaryHyperVol 358
binaryHyperVol 7.25
additiveEps 0.5
entropy 0.49717
archive 5
2
4 10  100 0110000101010001110000111110101001101110110101000010110111100001101000011101100011100000101001111000
3 12  100 0110000101010001110000111110101001101110110101000010110111100001101000011101100011100001101001111001
runNumber 6
genCount 11830
elapsedTime 599.539
unaryHyperVol 349
binaryHyperVol 9.75
additiveEps 0.25
entropy 0.488066
archive 6
2
7 8  100 1010000111010001110000011110101001101110110101000010110111100001101000011101100011101000101001111000
4 9  100 1010000111010001110000011110101001101110110101000010110111100001101000011101100011100000101001111000
runNumber 7
genCount 11314
elapsedTime 599.94
unaryHyperVol 377
binaryHyperVol 0.0625
additiveEps 0.25
entropy 0.46166
archive 7
3
7 8  100 1010000111010001110000011110101001101110110101000010110111100001101000011101100011101000101001111000
4 9  100 1010000111010001110000011110101001101110110101000010110111100001101000011101100011100000101001111000
3 12  100 0110000101010001110000111110101001101110110101000010110111100001101000011101100011100001101001111001
runNumber 8
genCount 11243
elapsedTime 599.697
unaryHyperVol 377
binaryHyperVol 0.0625
additiveEps 0.25
entropy 0.46166
archive 8
3
7 8  100 1010000111010001110000001110101001101110110101000010110111010101101000011101100011101000101001111000
4 9  100 1010000111010001110000011110101001101110110101000010110111010101101000011101100011100000101001111000
3 12  100 1010000111101001110001001110101001101110110101000010110111010101101000011100000011101000101001111000
runNumber 9
genCount 11376
elapsedTime 599.992
unaryHyperVol 378
binaryHyperVol 0
additiveEps 0
entropy 0.461903
archive 9
3
7 8  100 1010000111010001110000011110101001101110110101000010110111100001101000011101100011101000101001111000
4 9  100 1010000111010001110000011110101001101110110101000010110111100001101000011101100011100000101001111000
3 11  100 0110000101010001110001001110101001101110110101000010110111100001101000011101100011101000101001111000
runNumber 10
genCount 11149
elapsedTime 599.579
unaryHyperVol 377
binaryHyperVol 0.0625
additiveEps 0.25
entropy 0.46166
archive 10
3
7 8  100 0000000111010001110000011110101001101110110101000010110111100001101000011101100011101000101001111000
4 9  100 0000000111010001110000011110101001101110110101000010110111100001101000011101100011100000101001111000
3 12  100 0000000111101001110001001110101001101110110101000010110111100001101000011100000011101000101001111000
runNumber 11
genCount 11327
elapsedTime 599.346
unaryHyperVol 377
binaryHyperVol 0.0625
additiveEps 0.25
entropy 0.46166
archive 11
3
7 8  100 1010000111010001110000011110101001101110110101000010110111010101101000011101100011101000101001111000
4 9  100 1010000111010001110000011110101001101110110101000010110111010101101000011101100011100000101001111000
3 12  100 0110000101010001110000111110101001101110110101000010110111010101101000011101100011100001101001111001
runNumber 12
genCount 11861
elapsedTime 599.882
unaryHyperVol 358
binaryHyperVol 7.25
additiveEps 0.5
entropy 0.49717
archive 12
2
4 10  100 0110000101010001110000111110101001101110110101000010110111100001101000010001100011100000011001111000
3 12  100 0110000101010001110000111110101001101110110101000010110111100001101000010001100011100001011001111001
runNumber 13
genCount 11512
elapsedTime 600.792
unaryHyperVol 358
binaryHyperVol 7.25
additiveEps 0.5
entropy 0.49717
archive 13
2
4 10  100 0000000111100100110000111110101001101110110101000010110111100001101000011101100011100000101001111000
3 12  100 0000000111100100110000111110101001101110110101000010110111100001101000011101100011100001101001111001
runNumber 14
genCount 11360
elapsedTime 599.974
unaryHyperVol 378
binaryHyperVol 0
additiveEps 0
entropy 0.461903
archive 14
3
7 8  100 0000000111010001110000011110101001101110110101000010110111100001101000011101100011101000101001111000
4 9  100 0000000111010001110000011110101001101110110101000010110111100001101000011101100011100000101001111000
3 11  100 0110000101010001110001001110101001101110110101000010110111100001101000011101100011101000101001111000
runNumber 15
genCount 11918
elapsedTime 599.884
unaryHyperVol 319
binaryHyperVol 24.25
additiveEps 1
entropy 0
archive 15
1
4 11  100 1010000111100111000000111110101001101110110101000010110111100001101000011101100011100000101001111000
runNumber 16
genCount 12447
elapsedTime 599.939
unaryHyperVol 358
binaryHyperVol 7.25
additiveEps 0.5
entropy 0.49717
archive 16
2
4 10  100 0000000111100100110000111110101001101110110101000010110111010101101000011101100011100000101001111000
3 12  100 0000000111100100110000111110101001101110110101000010110111010101101000011101100011100001101001111001
runNumber 17
genCount 11712
elapsedTime 599.839
unaryHyperVol 283
binaryHyperVol 20.9688
additiveEps 0.75
entropy 0.449615
archive 17
3
6 14  100 0000000111101001110000111110101001101110110101000010110111100001100101011101010011010100101001110000
5 15  100 0000000111101001110000111110101001101110110101000010110111100001000101011101010001010100101001111000
4 16  100 0000000111101001110000111110101001101110110101000010110111100001000101011100000001010100101001111000
runNumber 18
genCount 11398
elapsedTime 599.822
unaryHyperVol 378
binaryHyperVol 0
additiveEps 0
entropy 0.461903
archive 18
3
7 8  100 0000000111010001110000011110101001101110110101000010110111100001101000011101100011101000101001111000
4 9  100 0000000111010001110000011110101001101110110101000010110111100001101000011101100011100000101001111000
3 11  100 0110000101010001110001001110101001101110110101000010110111100001101000011101100011101000101001111000
runNumber 19
genCount 11722
elapsedTime 599.984
unaryHyperVol 356
binaryHyperVol 5.9
additiveEps 0.4
entropy 0.45071
archive 19
3
5 10  100 1010000111101001110000111110101001101110110101000010110111100001101000011101010011100000101001111000
4 11  100 1010000111101001110000111110101001101110110101000010110111100001101000011100000011100000101001111000
3 13  100 1010000111101001110000111110101001101110110101000010110111100001101000011100000011100001101001111001
runNumber 20
genCount 12475
elapsedTime 599.723
unaryHyperVol 358
binaryHyperVol 7.25
additiveEps 0.5
entropy 0.49717
archive 20
2
4 10  100 0000000111100100110000111110101001101110110101000010110111100001101000011101100011100000101001111000
3 12  100 0000000111100100110000111110101001101110110101000010110111100001101000011101100011100001101001111001
runNumber 21
genCount 11368
elapsedTime 599.94
unaryHyperVol 378
binaryHyperVol 0
additiveEps 0
entropy 0.461903
archive 21
3
7 8  100 0000000111010001110000011110101001101110110101000010110111100001101000011101100011101000101001111000
4 9  100 0000000111010001110000011110101001101110110101000010110111100001101000011101100011100000101001111000
3 11  100 0000000111100100110001001110101001101110110101000010110111100001101000011101100011101000101001111000
runNumber 22
genCount 11429
elapsedTime 599.956
unaryHyperVol 378
binaryHyperVol 0
additiveEps 0
entropy 0.461903
archive 22
3
7 8  100 1010000111010001110000011110101001101110110101000010110111010101101000011101100011101000101001111000
4 9  100 1010000111010001110000011110101001101110110101000010110111010101101000011101100011100000101001111000
3 11  100 0110000101010001110001001110101001101110110101000010110111010101101000011101100011101000101001111000
runNumber 23
genCount 11544
elapsedTime 600.96
unaryHyperVol 365
binaryHyperVol 3.05
additiveEps 0.25
entropy 0.452217
archive 23
3
7 9  100 1010000111010001110000011101011001101110110101000010110111100001101000011101100011101000101001111000
4 10  100 1010000111010001110000011101011001101110110101000010110111100001101000011101100011100000101001111000
3 13  100 1010000111101001110001001101011001101110110101000010110111100001101000011100000011101000101001111000
runNumber 24
genCount 11099
elapsedTime 600.554
unaryHyperVol 378
binaryHyperVol 0
additiveEps 0
entropy 0.461903
archive 24
3
7 8  100 1010000111010001110000011110101001101110110101000010110111100001101000011101100011101000101001111000
4 9  100 1010000111010001110000011110101001101110110101000010110111100001101000011101100011100000101001111000
3 11  100 0110000101010001110001001110101001101110110101000010110111100001101000011101100011101000101001111000
runNumber 25
genCount 11660
elapsedTime 599.721
unaryHyperVol 349
binaryHyperVol 9.75
additiveEps 0.25
entropy 0.488066
archive 25
2
7 8  100 1010000111010001110000011110101001101110110101000010110111100001101000011101100011101000101001111000
4 9  100 1010000111010001110000011110101001101110110101000010110111100001101000011101100011100000101001111000
runNumber 26
genCount 11469
elapsedTime 599.852
unaryHyperVol 356
binaryHyperVol 5.9
additiveEps 0.4
entropy 0.45071
archive 26
3
5 10  100 1010000111101001110000111110101001101110110101000010110111100001101000011101010011100000101001111000
4 11  100 1010000111101001110000111110101001101110110101000010110111100001101000011100000011100000101001111000
3 13  100 1010000111101001110000111110101001101110110101000010110111100001101000011100000011100001101001111001
runNumber 27
genCount 11666
elapsedTime 599.824
unaryHyperVol 377
binaryHyperVol 0.0625
additiveEps 0.25
entropy 0.46166
archive 27
3
7 8  100 1010000111010001110000001110101001101110110101000010110111100001101000011101100011101000101001111000
4 9  100 1010000111010001110000011110101001101110110101000010110111100001101000011101100011100000101001111000
3 12  100 1010000111101001110001001110101001101110110101000010110111100001101000011100000011101000101001111000
runNumber 28
genCount 11341
elapsedTime 599.228
unaryHyperVol 377
binaryHyperVol 0.0625
additiveEps 0.25
entropy 0.46166
archive 28
3
7 8  100 1010000111010001110000011110101001101110110101000010110111010101101000011101100011101000101001111000
4 9  100 1010000111010001110000011110101001101110110101000010110111010101101000011101100011100000101001111000
3 12  100 1010000111101001110001001110101001101110110101000010110111010101101000011100000011101000101001111000
runNumber 29
genCount 11347
elapsedTime 599.536
unaryHyperVol 377
binaryHyperVol 0.0625
additiveEps 0.25
entropy 0.46166
archive 29
3
7 8  100 1010000111010001110000011110101001101110110101000010110111100001101000011101100011101000101001111000
4 9  100 1010000111010001110000011110101001101110110101000010110111100001101000011101100011100000101001111000
3 12  100 1010000111101001110001001110101001101110110101000010110111100001101000011100000011101000101001111000
