OptimalFront
unaryHyperVol 344
3
6 10  100 0100010110010100000000101010000010101001010001100101110111110101011001001110100010100000111011110110
5 11  100 0100010110010100000000101010000010101001010001100101110111010101011001001110100010100000111011110110
4 13  100 0100010110010101001001001010000010101001001001101101110111110101011001001110100000010100111011010010
-------------------------
runNumber 0
genCount 10732
elapsedTime 599.409
unaryHyperVol 321
binaryHyperVol 7.875
additiveEps 0.5
entropy 0.455195
archive 0
3
6 12  100 0100101010010101110000101010000010101001001001101101110111110101011001001110100010100000111011110110
5 13  100 0100101010010100110000101010000010101001001001101101110111010101011001001110100010100000111011110110
4 14  100 0100101010010101110000101010000010101001001001101101110111110101011000011110100010100000111011110110
runNumber 1
genCount 12189
elapsedTime 599.945
unaryHyperVol 275
binaryHyperVol 34.5
additiveEps 1
entropy 0
archive 1
1
5 14  100 0111101010010011001010101010000010101001001001101101110111010001011001001110100111010000111011110110
runNumber 2
genCount 11540
elapsedTime 599.982
unaryHyperVol 309
binaryHyperVol 9.5
additiveEps 0.6
entropy 0.449615
archive 2
3
6 13  100 0111101010010011001010101010000010101001001001101101110111110101011001001110100000010000111011010010
5 14  100 0111101010010011001010101010000010101001001001101101110111010101011001001110100000010000111011010010
4 15  100 0111101010010011001010101010000010101001001001101101110111110101011000011110100000010000111011010010
runNumber 3
genCount 11941
elapsedTime 599.932
unaryHyperVol 297
binaryHyperVol 10.5833
additiveEps 0.666667
entropy 0.449615
archive 3
3
6 14  100 0100101010010100001010101001010010101001001001101101110111110101011001001110100000010000111011010010
5 15  100 0100101010010100001010101001010010101001001001101101110111010101011001001110100000010000111011010010
4 16  100 0100101010010100001010101001010010101001001001101101110111110101011001001110100000010001111011010001
runNumber 4
genCount 12264
elapsedTime 600.028
unaryHyperVol 309
binaryHyperVol 9.5
additiveEps 0.6
entropy 0.449615
archive 4
3
6 13  100 0111101010010011001010101001010010101001000101101101110111110101000101001110100001010000111011110110
5 14  100 0111101010010011001010101001010010101001000101101101110111010101000101001110100001010000111011110110
4 15  100 0111101000010011001001111001010010101001000101101101110111110101000101001110100001010100111011110110
runNumber 5
genCount 12044
elapsedTime 599.984
unaryHyperVol 284
binaryHyperVol 28.6
additiveEps 0.6
entropy 0.49717
archive 5
2
6 13  100 0111101010010101001010101010000010101001001001101101110111110101011001001110011111010000111011110110
5 15  100 0111101010010101001010101010000010101001001001101101110111010101011001001100111111010000111011110110
runNumber 6
genCount 12865
elapsedTime 599.946
unaryHyperVol 264
binaryHyperVol 34.6
additiveEps 1
entropy 0
archive 6
1
5 15  100 0111101010010011001010101010000010101001001001101101110111110001011001001110100111010001111011110101
runNumber 7
genCount 11868
elapsedTime 599.976
unaryHyperVol 331
binaryHyperVol 3.3
additiveEps 0.4
entropy 0.492564
archive 7
3
6 11  100 0111101010010011000000101010000010101001000101100101110111110101011001001110100010100000111011110110
5 12  100 0111101010010011000000101010000010101001000101100101110111010101011001001110100010100000111011110110
4 15  100 0111101000010011001001111010000010101001000101101101110111110101011001001110100010100001111011110111
runNumber 8
genCount 11976
elapsedTime 599.955
unaryHyperVol 309
binaryHyperVol 9.5
additiveEps 0.6
entropy 0.449615
archive 8
3
6 13  100 0111101010010101001010101010000010101001001001101101110111110101011001001110100000010000111011010010
5 14  100 0111101010010101001010101010000010101001001001101101110111010101011001001110100000010000111011010010
4 15  100 0111101010010101001010101010000010101001001001101101110111110101011001001110100000010101111011010001
runNumber 9
genCount 12574
elapsedTime 599.951
unaryHyperVol 300
binaryHyperVol 15.5
additiveEps 1
entropy 0
archive 9
1
4 14  100 0100101010010101110000101010000010101001001001101101110111110101011001001110100000010100111011010010
runNumber 10
genCount 11690
elapsedTime 599.998
unaryHyperVol 309
binaryHyperVol 9.5
additiveEps 0.6
entropy 0.449615
archive 10
3
6 13  100 0111101010010011001010101010000010101001001001101101110111110101000101001110100001010000111011110110
5 14  100 0111101010010011001010101010000010101001001001101101110111010101000101001110100001010000111011110110
4 15  100 0111101010010011001010101010000010101001001001101101110111110101000101001110100001010001111011110111
runNumber 11
genCount 11921
elapsedTime 599.896
unaryHyperVol 309
binaryHyperVol 9.5
additiveEps 0.6
entropy 0.449615
archive 11
3
6 13  100 0111101000010011001001111001010010101001000101101101110111110101011001001110100010100000111011110110
5 14  100 0111101000010011001001111001010010101001000101101101110111010101011001001110100010100000111011110110
4 15  100 0111101000010011001001111001010010101001000101101101110111110101011000011110100010100000111011110110
runNumber 12
genCount 11763
elapsedTime 600.001
unaryHyperVol 309
binaryHyperVol 9.5
additiveEps 0.6
entropy 0.449615
archive 12
3
6 13  100 0100010110010001001010101001010010101001001001101101110111110101011001001110100000010000111011010010
5 14  100 0100010110010001001010101001010010101001001001101101110111010101011001001110100000010000111011010010
4 15  100 0100010110010001001010101001010010101001001001101101110111110101011000011110100000010000111011010010
runNumber 13
genCount 11986
elapsedTime 599.954
unaryHyperVol 310
binaryHyperVol 11.75
additiveEps 0.75
entropy 0.49717
archive 13
2
6 13  100 0100010110010001001010101001010010101001000101101101110111110101011001001110100000010000111011010010
4 14  100 0100010110010001001001001001010010101001000101101101110111110101011001001110100000010100111011010010
runNumber 14
genCount 12046
elapsedTime 599.962
unaryHyperVol 309
binaryHyperVol 9.5
additiveEps 0.6
entropy 0.449615
archive 14
3
6 13  100 0111101010010011001010101010000010101001001001101101110111110101011001001110100000010000111011010010
5 14  100 0111101010010011001010101010000010101001001001101101110111010101011001001110100000010000111011010010
4 15  100 0111101010010011001010101010000010101001001001101101110111110101011000011110100000010000111011010010
runNumber 15
genCount 12048
elapsedTime 599.985
unaryHyperVol 307
binaryHyperVol 24.1667
additiveEps 0.5
entropy 0.49717
archive 15
2
6 11  100 0111101010010011000000101001010010101001000101100101110111110101011001001110100010100000111011110110
5 12  100 0111101010010011000000101001010010101001000101100101110111010101011001001110100010100000111011110110
runNumber 16
genCount 11413
elapsedTime 600.016
unaryHyperVol 321
binaryHyperVol 7.875
additiveEps 0.5
entropy 0.455195
archive 16
3
6 12  100 0100010110010101001010101010000010101001001001101101110111110101011001001110100000010000111011010010
5 13  100 0100010110010101001010101010000010101001001001101101110111010101011001001110100000010000111011010010
4 14  100 0100010110010101001010101010000010101001001001101101110111110101011000011110100000010000111011010010
runNumber 17
genCount 12010
elapsedTime 599.97
unaryHyperVol 309
binaryHyperVol 9.5
additiveEps 0.6
entropy 0.449615
archive 17
3
6 13  100 0111101000010101001001111010000010101001000101101101110111110101011001001110100010100000111011110110
5 14  100 0111101000010101001001111010000010101001000101101101110111010101011001001110100010100000111011110110
4 15  100 0111101000010101001001111010000010101001000101101101110111110101011000011110100010100000111011110110
runNumber 18
genCount 12176
elapsedTime 599.948
unaryHyperVol 309
binaryHyperVol 9.5
additiveEps 0.6
entropy 0.449615
archive 18
3
6 13  100 0111101000010011001001111010000010101001001001101101110111110101011001001110100010100000111011110110
5 14  100 0111101000010011001001111010000010101001001001101101110111010101011001001110100010100000111011110110
4 15  100 0111101000010011001001111010000010101001001001101101110111110101011000011110100010100000111011110110
runNumber 19
genCount 11610
elapsedTime 600.002
unaryHyperVol 321
binaryHyperVol 7.875
additiveEps 0.5
entropy 0.455195
archive 19
3
6 12  100 0100101010010101110000101010000010101001000101101101110111110101011001001110100010100000111011110110
5 13  100 0100101010010101110000101010000010101001000101101101110111010101011001001110100010100000111011110110
4 14  100 0100101010010101110000101010000010101001000101101101110111110101011000011110100010100000111011110110
runNumber 20
genCount 11824
elapsedTime 599.926
unaryHyperVol 321
binaryHyperVol 7.875
additiveEps 0.5
entropy 0.455195
archive 20
3
6 12  100 0100101010010101110000101010000010101001000101101101110111110101011001001110100010100000111011110110
5 13  100 0100101010010101110000101010000010101001000101101101110111010101011001001110100010100000111011110110
4 14  100 0100101010010101110000101010000010101001000101101101110111110101011000011110100010100000111011110110
runNumber 21
genCount 11783
elapsedTime 599.934
unaryHyperVol 321
binaryHyperVol 7.875
additiveEps 0.5
entropy 0.455195
archive 21
3
6 12  100 0100101010010101110000101010000010101001001001101101110111110101011001001110100010100000111011110110
5 13  100 0100101010010100110000101010000010101001001001101101110111010101011001001110100010100000111011110110
4 14  100 0100101010010101110000101010000010101001001001101101110111110101011000011110100010100000111011110110
runNumber 22
genCount 12018
elapsedTime 599.988
unaryHyperVol 309
binaryHyperVol 9.5
additiveEps 0.6
entropy 0.449615
archive 22
3
6 13  100 0111101000010011001001111010000010101001001001101101110111110101011001001110100010100000111011110110
5 14  100 0111101000010011001001111010000010101001001001101101110111010101011001001110100010100000111011110110
4 15  100 0111101000010011001001111010000010101001001001101101110111110101011001001110100010100001111011110111
runNumber 23
genCount 12117
elapsedTime 599.962
unaryHyperVol 309
binaryHyperVol 9.5
additiveEps 0.6
entropy 0.449615
archive 23
3
6 13  100 0111101000010011001001111010000010101001000101101101110111110101011001001110100010100000111011110110
5 14  100 0111101000010011001001111010000010101001000101101101110111010101011001001110100010100000111011110110
4 15  100 0111101000010011001001111010000010101001000101101101110111110101011000011110100010100000111011110110
runNumber 24
genCount 12063
elapsedTime 599.949
unaryHyperVol 321
binaryHyperVol 7.875
additiveEps 0.5
entropy 0.455195
archive 24
3
6 12  100 0100101010010101110000101010000010101001001001101101110111110101011001001110100010100000111011110110
5 13  100 0100101010010101110000101010000010101001001001101101110111010101011001001110100010100000111011110110
4 14  100 0100101010010101110000101010000010101001001001101101110111110101011000011110100010100000111011110110
runNumber 25
genCount 12245
elapsedTime 599.992
unaryHyperVol 307
binaryHyperVol 24.1667
additiveEps 0.5
entropy 0.49717
archive 25
2
6 11  100 0111101010010011000000101010000010101001001001100101110111110101011001001110100010100000111011110110
5 12  100 0111101010010011000000101010000010101001001001100101110111010101011001001110100010100000111011110110
runNumber 26
genCount 11798
elapsedTime 599.981
unaryHyperVol 321
binaryHyperVol 7.875
additiveEps 0.5
entropy 0.455195
archive 26
3
6 12  100 0100101010010100110000101010000010101001001001101101110111110101011001001110100010100000111011110110
5 13  100 0100101010010101110000101010000010101001001001101101110111010101011001001110100010100000111011110110
4 14  100 0100101010010101110000101010000010101001001001101101110111110101011001001110100010100001111011110101
runNumber 27
genCount 12268
elapsedTime 600.03
unaryHyperVol 321
binaryHyperVol 7.875
additiveEps 0.5
entropy 0.455195
archive 27
3
6 12  100 0100101010010101110000101010000010101001001001101101110111110101011001001110100010100000111011110110
5 13  100 0100101010010101110000101010000010101001001001101101110111010101011001001110100010100000111011110110
4 14  100 0100101010010101110000101010000010101001001001101101110111110101011000011110100010100000111011110110
runNumber 28
genCount 11649
elapsedTime 599.9
unaryHyperVol 297
binaryHyperVol 10.5833
additiveEps 0.666667
entropy 0.449615
archive 28
3
6 14  100 0100101000010100001001111001010010101001001001101101110111110101011001001110100010100000111011110110
5 15  100 0100101000010100001001111001010010101001001001101101110111010101011001001110100010100000111011110110
4 16  100 0100101000010100001001111001010010101001001001101101110111110101011001001110100010100001111011110101
runNumber 29
genCount 12379
elapsedTime 599.955
unaryHyperVol 264
binaryHyperVol 34.6
additiveEps 1
entropy 0
archive 29
1
5 15  100 0111101010010011001010101001010010101001000101101101110111110001011001001101100111010011111011110110
