OptimalFront
unaryHyperVol 335
3
6 9  100 0000011001000100100011111110000000100100100000000101101010001001001010110110111010100101101011001110
3 10  100 0000101001000100100011111110000000100100100000000101101010001001001010110110111010100101101011001110
2 12  100 0000101001010000100011111110000000100100100000000101101010001001001010110110111010100101101011001110
-------------------------
runNumber 0
genCount 22337
elapsedTime 599.815
unaryHyperVol 335
binaryHyperVol 0
additiveEps 0
entropy 0.461903
archive 0
3
6 9  100 0000011001000100100011111110000000100100100000000101101010001001001010110110111010100101101011001110
3 10  100 0000101001000100100011111110000000100100100000000101101010001001001010110110111010100101101011001110
2 12  100 0000101001010000100011111110000000100100100000000101101010001001001010110110111010100101101011001110
runNumber 1
genCount 11475
elapsedTime 599.971
unaryHyperVol 305
binaryHyperVol 9.91667
additiveEps 0.333333
entropy 0.451048
archive 1
3
6 9  100 0000010101000100100011111110000000100100100000000101101010001001001010110110111010100101101011001110
5 10  100 0000010101000100000011111110000000100100100000000101101010001001001010110110111010100101101011001110
3 11  100 0000010101000100010111111110000000100100100000000101101010001001001010110110111010100101101011001110
runNumber 2
genCount 12014
elapsedTime 599.95
unaryHyperVol 335
binaryHyperVol 0
additiveEps 0
entropy 0.461903
archive 2
3
6 9  100 0000011001000100100011111110000000100100100000000101101010001001001010110110111010100101101011001110
3 10  100 0000101001000100100011111110000000100100100000000101101010001001001010110110111010100101101011001110
2 12  100 0000101001010000100011111110000000100100100000000101101010001001001010110110111010100101101011001110
runNumber 3
genCount 12042
elapsedTime 599.978
unaryHyperVol 335
binaryHyperVol 0
additiveEps 0
entropy 0.461903
archive 3
3
6 9  100 0000011001000100100011111110000000100100100000000101101010001001001010110110111010100101101011001110
3 10  100 0000101001000100100011111110000000100100100000000101101010001001001010110110111010100101101011001110
2 12  100 0000101001010000100011111110000000100100100000000101101010001001001010110110111010100101101011001110
runNumber 4
genCount 11689
elapsedTime 599.951
unaryHyperVol 335
binaryHyperVol 0
additiveEps 0
entropy 0.461903
archive 4
3
6 9  100 0000010101000100100011111110000000100100100000000101101010001001001010110110111010100101101011001110
3 10  100 0000101001000100100011111110000000100100100000000101101010001001001010110110111010100101101011001110
2 12  100 0000101001010000100011111110000000100100100000000101101010001001001010110110111010100101101011001110
runNumber 5
genCount 11688
elapsedTime 600.005
unaryHyperVol 335
binaryHyperVol 0
additiveEps 0
entropy 0.461903
archive 5
3
6 9  100 0000011001000100100011111110000000100100100000000101101010001001001010110110111010100101101011001110
3 10  100 0000101001000100100011111110000000100100100000000101101010001001001010110110111010100101101011001110
2 12  100 0000101001010000100011111110000000100100100000000101101010001001001010110110111010100101101011001110
runNumber 6
genCount 12034
elapsedTime 599.977
unaryHyperVol 335
binaryHyperVol 0
additiveEps 0
entropy 0.461903
archive 6
3
6 9  100 0000011001000100100011111110000000100100100000000101101010001001001010110110111010100101101011001110
3 10  100 0000101001000100100011111110000000100100100000000101101010001001001010110110111010100101101011001110
2 12  100 0000101001010000100011111110000000100100100000000101101010001001001010110110111010100101101011001110
runNumber 7
genCount 11819
elapsedTime 599.945
unaryHyperVol 335
binaryHyperVol 0
additiveEps 0
entropy 0.461903
archive 7
3
6 9  100 0000011001000100100011111110000000100100100000000101101010001001001010110110111010100101101011001110
3 10  100 0000101001000100100011111110000000100100100000000101101010001001001010110110111010100101101011001110
2 12  100 0000101001010000100011111110000000100100100000000101101010001001001010110110111010100101101011001110
runNumber 8
genCount 11894
elapsedTime 599.973
unaryHyperVol 335
binaryHyperVol 0
additiveEps 0
entropy 0.461903
archive 8
3
6 9  100 0000011001000100100011111110000000100100100000000101101010001001001010110110111010100101101011001110
3 10  100 0000101001000100100011111110000000100100100000000101101010001001001010110110111010100101101011001110
2 12  100 0000101001010000100011111110000000100100100000000101101010001001001010110110111010100101101011001110
runNumber 9
genCount 11901
elapsedTime 599.954
unaryHyperVol 335
binaryHyperVol 0
additiveEps 0
entropy 0.461903
archive 9
3
6 9  100 0000011001000100100011111110000000100100100000000101101010001001001010110110111010100101101011001110
3 10  100 0000101001000100100011111110000000100100100000000101101010001001001010110110111010100101101011001110
2 12  100 0000101001010000100011111110000000100100100000000101101010001001001010110110111010100101101011001110
runNumber 10
genCount 11868
elapsedTime 600.021
unaryHyperVol 335
binaryHyperVol 0
additiveEps 0
entropy 0.461903
archive 10
3
6 9  100 0000011001000100100011111110000000100100100000000101101010001001001010110110111010100101101011001110
3 10  100 0000101001000100100011111110000000100100100000000101101010001001001010110110111010100101101011001110
2 12  100 0000101001010000100011111110000000100100100000000101101010001001001010110110111010100101101011001110
runNumber 11
genCount 11891
elapsedTime 599.969
unaryHyperVol 335
binaryHyperVol 0
additiveEps 0
entropy 0.461903
archive 11
3
6 9  100 0000011001000100100011111110000000100100100000000101101010001001001010110110111010100101101011001110
3 10  100 0000101001000100100011111110000000100100100000000101101010001001001010110110111010100101101011001110
2 12  100 0000101001010000100011111110000000100100100000000101101010001001001010110110111010100101101011001110
runNumber 12
genCount 11756
elapsedTime 599.984
unaryHyperVol 335
binaryHyperVol 0
additiveEps 0
entropy 0.461903
archive 12
3
6 9  100 0000011001000100100011111110000000100100100000000101101010001001001010110110111010100101101011001110
3 10  100 0000101001000100100011111110000000100100100000000101101010001001001010110110111010100101101011001110
2 12  100 0000101001010000100011111110000000100100100000000101101010001001001010110110111010100101101011001110
runNumber 13
genCount 11954
elapsedTime 599.909
unaryHyperVol 335
binaryHyperVol 0
additiveEps 0
entropy 0.461903
archive 13
3
6 9  100 0000011001000100100011111110000000100100100000000101101010001001001010110110111010100101101011001110
3 10  100 0000101001000100100011111110000000100100100000000101101010001001001010110110111010100101101011001110
2 12  100 0000101001010000100011111110000000100100100000000101101010001001001010110110111010100101101011001110
runNumber 14
genCount 12374
elapsedTime 599.989
unaryHyperVol 335
binaryHyperVol 0
additiveEps 0
entropy 0.461903
archive 14
3
6 9  100 0000011001000100100011111110000000100100100000000101101010001001001010110110111010100101101011001110
3 10  100 0000101001000100100011111110000000100100100000000101101010001001001010110110111010100101101011001110
2 12  100 0000101001010000100011111110000000100100100000000101101010001001001010110110111010100101101011001110
runNumber 15
genCount 11840
elapsedTime 600.019
unaryHyperVol 335
binaryHyperVol 0
additiveEps 0
entropy 0.461903
archive 15
3
6 9  100 0000011001000100100011111110000000100100100000000101101010001001001010110110111010100101101011001110
3 10  100 0000101001000100100011111110000000100100100000000101101010001001001010110110111010100101101011001110
2 12  100 0000101001010000100011111110000000100100100000000101101010001001001010110110111010100101101011001110
runNumber 16
genCount 11826
elapsedTime 599.989
unaryHyperVol 335
binaryHyperVol 0
additiveEps 0
entropy 0.461903
archive 16
3
6 9  100 0000011001000100100011111110000000100100100000000101101010001001001010110110111010100101101011001110
3 10  100 0000101001000100100011111110000000100100100000000101101010001001001010110110111010100101101011001110
2 12  100 0000101001010000100011111110000000100100100000000101101010001001001010110110111010100101101011001110
runNumber 17
genCount 11921
elapsedTime 599.931
unaryHyperVol 335
binaryHyperVol 0
additiveEps 0
entropy 0.461903
archive 17
3
6 9  100 0000011001000100100011111110000000100100100000000101101010001001001010110110111010100101101011001110
3 10  100 0000101001000100100011111110000000100100100000000101101010001001001010110110111010100101101011001110
2 12  100 0000101001010000100011111110000000100100100000000101101010001001001010110110111010100101101011001110
runNumber 18
genCount 11900
elapsedTime 600.002
unaryHyperVol 335
binaryHyperVol 0
additiveEps 0
entropy 0.461903
archive 18
3
6 9  100 0000011001000100100011111110000000100100100000000101101010001001001010110110111010100101101011001110
3 10  100 0000101001000100100011111110000000100100100000000101101010001001001010110110111010100101101011001110
2 12  100 0000101001010000100011111110000000100100100000000101101010001001001010110110111010100101101011001110
runNumber 19
genCount 11943
elapsedTime 599.926
unaryHyperVol 335
binaryHyperVol 0
additiveEps 0
entropy 0.461903
archive 19
3
6 9  100 0000011001000100100011111110000000100100100000000101101010001001001010110110111010100101101011001110
3 10  100 0000101001000100100011111110000000100100100000000101101010001001001010110110111010100101101011001110
2 12  100 0000101001010000100011111110000000100100100000000101101010001001001010110110111010100101101011001110
runNumber 20
genCount 12060
elapsedTime 599.97
unaryHyperVol 335
binaryHyperVol 0
additiveEps 0
entropy 0.461903
archive 20
3
6 9  100 0000011001000100100011111110000000100100100000000101101010001001001010110110111010100101101011001110
3 10  100 0000101001000100100011111110000000100100100000000101101010001001001010110110111010100101101011001110
2 12  100 0000101001010000100011111110000000100100100000000101101010001001001010110110111010100101101011001110
runNumber 21
genCount 11864
elapsedTime 599.959
unaryHyperVol 335
binaryHyperVol 0
additiveEps 0
entropy 0.461903
archive 21
3
6 9  100 0000011001000100100011111110000000100100100000000101101010001001001010110110111010100101101011001110
3 10  100 0000101001000100100011111110000000100100100000000101101010001001001010110110111010100101101011001110
2 12  100 0000101001010000100011111110000000100100100000000101101010001001001010110110111010100101101011001110
runNumber 22
genCount 12225
elapsedTime 599.998
unaryHyperVol 335
binaryHyperVol 0
additiveEps 0
entropy 0.461903
archive 22
3
6 9  100 0000011001000100100011111110000000100100100000000101101010001001001010110110111010100101101011001110
3 10  100 0000101001000100100011111110000000100100100000000101101010001001001010110110111010100101101011001110
2 12  100 0000101001010000100011111110000000100100100000000101101010001001001010110110111010100101101011001110
runNumber 23
genCount 11774
elapsedTime 599.962
unaryHyperVol 335
binaryHyperVol 0
additiveEps 0
entropy 0.461903
archive 23
3
6 9  100 0000011001000100100011111110000000100100100000000101101010001001001010110110111010100101101011001110
3 10  100 0000101001000100100011111110000000100100100000000101101010001001001010110110111010100101101011001110
2 12  100 0000101001010000100011111110000000100100100000000101101010001001001010110110111010100101101011001110
runNumber 24
genCount 11929
elapsedTime 599.971
unaryHyperVol 335
binaryHyperVol 0
additiveEps 0
entropy 0.461903
archive 24
3
6 9  100 0000011001000100100011111110000000100100100000000101101010001001001010110110111010100101101011001110
3 10  100 0000101001000100100011111110000000100100100000000101101010001001001010110110111010100101101011001110
2 12  100 0000101001010000100011111110000000100100100000000101101010001001001010110110111010100101101011001110
runNumber 25
genCount 12232
elapsedTime 599.965
unaryHyperVol 335
binaryHyperVol 0
additiveEps 0
entropy 0.461903
archive 25
3
6 9  100 0000011001000100100011111110000000100100100000000101101010001001001010110110111010100101101011001110
3 10  100 0000101001000100100011111110000000100100100000000101101010001001001010110110111010100101101011001110
2 12  100 0000101001010000100011111110000000100100100000000101101010001001001010110110111010100101101011001110
runNumber 26
genCount 12100
elapsedTime 599.939
unaryHyperVol 335
binaryHyperVol 0
additiveEps 0
entropy 0.461903
archive 26
3
6 9  100 0000011001000100100011111110000000100100100000000101101010001001001010110110111010100101101011001110
3 10  100 0000101001000100100011111110000000100100100000000101101010001001001010110110111010100101101011001110
2 12  100 0000101001010000100011111110000000100100100000000101101010001001001010110110111010100101101011001110
runNumber 27
genCount 12153
elapsedTime 599.954
unaryHyperVol 335
binaryHyperVol 0
additiveEps 0
entropy 0.461903
archive 27
3
6 9  100 0000011001000100100011111110000000100100100000000101101010001001001010110110111010100101101011001110
3 10  100 0000101001000100100011111110000000100100100000000101101010001001001010110110111010100101101011001110
2 12  100 0000101001010000100011111110000000100100100000000101101010001001001010110110111010100101101011001110
runNumber 28
genCount 11612
elapsedTime 599.97
unaryHyperVol 335
binaryHyperVol 0
additiveEps 0
entropy 0.461903
archive 28
3
6 9  100 0000011001000100100011111110000000100100100000000101101010001001001010110110111010100101101011001110
3 10  100 0000101001000100100011111110000000100100100000000101101010001001001010110110111010100101101011001110
2 12  100 0000101001010000100011111110000000100100100000000101101010001001001010110110111010100101101011001110
runNumber 29
genCount 12077
elapsedTime 599.983
unaryHyperVol 335
binaryHyperVol 0
additiveEps 0
entropy 0.461903
archive 29
3
6 9  100 0000011001000100100011111110000000100100100000000101101010001001001010110110111010100101101011001110
3 10  100 0000101001000100100011111110000000100100100000000101101010001001001010110110111010100101101011001110
2 12  100 0000101001010000100011111110000000100100100000000101101010001001001010110110111010100101101011001110
