OptimalFront
unaryHyperVol 296
3
6 8  100 1011110111010011011000111110101011101011101110010110110011011010101010001010100001010010011010011001
4 9  100 1011110111010011011000011110101011101011101110010110110011011010101010001010100001010010011010011001
3 10  100 0111000101010011010000111110101011101011101110010110110011011010101010001010100001010010011010011001
-------------------------
runNumber 0
genCount 11632
elapsedTime 599.242
unaryHyperVol 295
binaryHyperVol 0.111111
additiveEps 0.333333
entropy 0.46166
archive 0
3
6 8  100 1011110111010011011000111110101011101011101110010110110011011010101010001010100001010010011010011001
4 9  100 1011110111010011011000011110101011101011101110010110110011011010101010001010100001010010011010011001
3 11  100 1011110111101011011000111110101011101011101110010110110011011010101010001000000001010010011010011001
runNumber 1
genCount 12010
elapsedTime 599.99
unaryHyperVol 295
binaryHyperVol 0.111111
additiveEps 0.333333
entropy 0.46166
archive 1
3
6 8  100 1011110111010011011000111110101011101011101110010110110011011010101010001010100001010010011010011001
4 9  100 1011110111010011011000011110101011101011101110010110110011011010101010001010100001010010011010011001
3 11  100 1011110111101011011000111110101011101011101110010110110011011010101010001000000001010010011010011001
runNumber 2
genCount 11789
elapsedTime 599.975
unaryHyperVol 295
binaryHyperVol 0.111111
additiveEps 0.333333
entropy 0.46166
archive 2
3
6 8  100 1011110111010011011000111110101011101011101110010110110011011010101010001010100001010010011010011001
4 9  100 1011110111010011011000011110101011101011101110010110110011011010101010001010100001010010011010011001
3 11  100 1011110111101011011000111110101011101011101110010110110011011010101010001000000001010010011010011001
runNumber 3
genCount 11722
elapsedTime 599.935
unaryHyperVol 296
binaryHyperVol 0
additiveEps 0
entropy 0.270001
archive 3
3
6 8  100 1011110111010011011000111110101011101011101110010110110011011010101010001010100001010010011010011001
4 9  100 1011110111010011011000011110101011101011101110010110110011011010101010001010100001010010011010011001
3 10  100 0111000101010011010000111110101011101011101110010110110011011010101010001010100001010010011010011001
runNumber 4
genCount 11760
elapsedTime 599.969
unaryHyperVol 295
binaryHyperVol 0.111111
additiveEps 0.333333
entropy 0.46166
archive 4
3
6 8  100 1011110111010011011000111110101011101011101110010110110011011010101010001010100001010010011010011001
4 9  100 1011110111010011011000011110101011101011101110010110110011011010101010001010100001010010011010011001
3 11  100 1011110111101011011000111110101011101011101110010110110011011010101010001000000001010010011010011001
runNumber 5
genCount 11926
elapsedTime 600.027
unaryHyperVol 296
binaryHyperVol 0
additiveEps 0
entropy 0.270001
archive 5
3
6 8  100 1011000111010011010000111110101011101011101110010110110011011010101010001010100001010010011010011001
4 9  100 1011000111010011010000011110101011101011101110010110110011011010101010001010100001010010011010011001
3 10  100 0111000101010011010000111110101011101011101110010110110011011010101010001010100001010010011010011001
runNumber 6
genCount 11935
elapsedTime 600.002
unaryHyperVol 296
binaryHyperVol 0
additiveEps 0
entropy 0.270001
archive 6
3
6 8  100 1011110111010011011000111110101011101011101110010110110011011010101010001010100001010010011010011001
4 9  100 1011110111010011011000011110101011101011101110010110110011011010101010001010100001010010011010011001
3 10  100 0111110101010011011000111110101011101011101110010110110011011010101010001010100001010010011010011001
runNumber 7
genCount 11820
elapsedTime 599.954
unaryHyperVol 295
binaryHyperVol 0.111111
additiveEps 0.333333
entropy 0.46166
archive 7
3
6 8  100 1011110111010011011000111110101011101011101110010110110011011010101010001010100001010010011010011001
4 9  100 1011110111010011011000011110101011101011101110010110110011011010101010001010100001010010011010011001
3 11  100 1011110111101011011000111110101011101011101110010110110011011010101010001000000001010010011010011001
runNumber 8
genCount 11776
elapsedTime 599.973
unaryHyperVol 296
binaryHyperVol 0
additiveEps 0
entropy 0.270001
archive 8
3
6 8  100 1011110111010011011000111110101011101011101110010110110011011010101010001010100001010010011010011001
4 9  100 1011110111010011011000011110101011101011101110010110110011011010101010001010100001010010011010011001
3 10  100 0111110101010011011000111110101011101011101110010110110011011010101010001010100001010010011010011001
runNumber 9
genCount 11611
elapsedTime 599.949
unaryHyperVol 296
binaryHyperVol 0
additiveEps 0
entropy 0.270001
archive 9
3
6 8  100 1011110111010011011000111110101011101011101110010110110011011010101010001010100001010010011010011001
4 9  100 1011110111010011011000011110101011101011101110010110110011011010101010001010100001010010011010011001
3 10  100 0111110101010011011000111110101011101011101110010110110011011010101010001010100001010010011010011001
runNumber 10
genCount 11645
elapsedTime 600.033
unaryHyperVol 296
binaryHyperVol 0
additiveEps 0
entropy 0.270001
archive 10
3
6 8  100 1011110111010011011000111110101011101011101110010110110011011010101010001010100001010010011010011001
4 9  100 1011110111010011011000011110101011101011101110010110110011011010101010001010100001010010011010011001
3 10  100 0111110101010011011000111110101011101011101110010110110011011010101010001010100001010010011010011001
runNumber 11
genCount 12237
elapsedTime 599.951
unaryHyperVol 296
binaryHyperVol 0
additiveEps 0
entropy 0.270001
archive 11
3
6 8  100 1011110111010011011000111110101011101011101110010110110011011010101010001010100001010010011010011001
4 9  100 1011110111010011011000011110101011101011101110010110110011011010101010001010100001010010011010011001
3 10  100 0111110101010011011000111110101011101011101110010110110011011010101010001010100001010010011010011001
runNumber 12
genCount 12045
elapsedTime 599.977
unaryHyperVol 295
binaryHyperVol 0.111111
additiveEps 0.333333
entropy 0.46166
archive 12
3
6 8  100 1011110111010011011000111110101011101011101110010110110011011010101010001010100001010010011010011001
4 9  100 1011110111010011011000011110101011101011101110010110110011011010101010001010100001010010011010011001
3 11  100 1000110111100100011000111110101011101011101110010110110011011010101010001010100001010010011010011001
runNumber 13
genCount 11762
elapsedTime 599.958
unaryHyperVol 296
binaryHyperVol 0
additiveEps 0
entropy 0.270001
archive 13
3
6 8  100 1011110111010011011000111110101011101011101110010110110011011010101010001010100001010010011010011001
4 9  100 1011110111010011011000011110101011101011101110010110110011011010101010001010100001010010011010011001
3 10  100 0111110101010011011000111110101011101011101110010110110011011010101010001010100001010010011010011001
runNumber 14
genCount 11874
elapsedTime 599.954
unaryHyperVol 295
binaryHyperVol 0.111111
additiveEps 0.333333
entropy 0.46166
archive 14
3
6 8  100 1011110111010011011000111110101011101011101110010110110011011010101010001010100001010010011010011001
4 9  100 1011110111010011011000011110101011101011101110010110110011011010101010001010100001010010011010011001
3 11  100 1000110111100100011000111110101011101011101110010110110011011010101010001010100001010010011010011001
runNumber 15
genCount 11576
elapsedTime 599.996
unaryHyperVol 296
binaryHyperVol 0
additiveEps 0
entropy 0.270001
archive 15
3
6 8  100 1011110111010011011000111110101011101011101110010110110011011010101010001010100001010010011010011001
4 9  100 1011110111010011011000011110101011101011101110010110110011011010101010001010100001010010011010011001
3 10  100 0111110101010011011000111110101011101011101110010110110011011010101010001010100001010010011010011001
runNumber 16
genCount 11735
elapsedTime 599.962
unaryHyperVol 295
binaryHyperVol 0.111111
additiveEps 0.333333
entropy 0.46166
archive 16
3
6 8  100 1011110111010011011000111110101011101011101110010110110011011010101010001010100001010010011010011001
4 9  100 1011110111010011011000011110101011101011101110010110110011011010101010001010100001010010011010011001
3 11  100 1011110111101011011000111110101011101011101110010110110011011010101010001000000001010010011010011001
runNumber 17
genCount 11854
elapsedTime 600.022
unaryHyperVol 296
binaryHyperVol 0
additiveEps 0
entropy 0.270001
archive 17
3
6 8  100 1011110111010011011000111110101011101011101110010110110011011010101010001010100001010010011010011001
4 9  100 1011110111010011011000011110101011101011101110010110110011011010101010001010100001010010011010011001
3 10  100 0111110101010011011000111110101011101011101110010110110011011010101010001010100001010010011010011001
runNumber 18
genCount 12094
elapsedTime 599.933
unaryHyperVol 296
binaryHyperVol 0
additiveEps 0
entropy 0.270001
archive 18
3
6 8  100 1011110111010011011000111110101011101011101110010110110011011010101010001010100001010010011010011001
4 9  100 1011110111010011011000011110101011101011101110010110110011011010101010001010100001010010011010011001
3 10  100 0111110101010011011000111110101011101011101110010110110011011010101010001010100001010010011010011001
runNumber 19
genCount 11402
elapsedTime 599.969
unaryHyperVol 296
binaryHyperVol 0
additiveEps 0
entropy 0.270001
archive 19
3
6 8  100 1011000111010011010000111110101011101011101110010110110011011010101010001010100001010010011010011001
4 9  100 1011000111010011010000011110101011101011101110010110110011011010101010001010100001010010011010011001
3 10  100 0111000101010011010000111110101011101011101110010110110011011010101010001010100001010010011010011001
runNumber 20
genCount 11819
elapsedTime 599.957
unaryHyperVol 295
binaryHyperVol 0.111111
additiveEps 0.333333
entropy 0.46166
archive 20
3
6 8  100 1011110111010011011000111110101011101011101110010110110011011010101010001010100001010010011010011001
4 9  100 1011110111010011011000011110101011101011101110010110110011011010101010001010100001010010011010011001
3 11  100 1011110111101011011000111110101011101011101110010110110011011010101010001000000001010010011010011001
runNumber 21
genCount 11801
elapsedTime 599.982
unaryHyperVol 295
binaryHyperVol 0.111111
additiveEps 0.333333
entropy 0.46166
archive 21
3
6 8  100 1011110111010011011000111110101011101011101110010110110011011010101010001010100001010010011010011001
4 9  100 1011110111010011011000011110101011101011101110010110110011011010101010001010100001010010011010011001
3 11  100 1011110111101011011000111110101011101011101110010110110011011010101010001000000001010010011010011001
runNumber 22
genCount 11663
elapsedTime 599.938
unaryHyperVol 295
binaryHyperVol 0.111111
additiveEps 0.333333
entropy 0.46166
archive 22
3
6 8  100 1011110111010011011000111110101011101011101110010110110011011010101010001010100001010010011010011001
4 9  100 1011110111010011011000011110101011101011101110010110110011011010101010001010100001010010011010011001
3 11  100 1000110111100100011000111110101011101011101110010110110011011010101010001010100001010010011010011001
runNumber 23
genCount 11888
elapsedTime 599.993
unaryHyperVol 295
binaryHyperVol 0.111111
additiveEps 0.333333
entropy 0.46166
archive 23
3
6 8  100 1011000111010011010000111110101011101011101110010110110011011010101010001010100001010010011010011001
4 9  100 1011000111010011010000011110101011101011101110010110110011011010101010001010100001010010011010011001
3 11  100 1011000111101011010000111110101011101011101110010110110011011010101010001000000001010010011010011001
runNumber 24
genCount 11734
elapsedTime 600.021
unaryHyperVol 296
binaryHyperVol 0
additiveEps 0
entropy 0.270001
archive 24
3
6 8  100 1011000111010011010000111110101011101011101110010110110011011010101010001010100001010010011010011001
4 9  100 1011000111010011010000011110101011101011101110010110110011011010101010001010100001010010011010011001
3 10  100 0111000101010011010000111110101011101011101110010110110011011010101010001010100001010010011010011001
runNumber 25
genCount 12014
elapsedTime 599.955
unaryHyperVol 296
binaryHyperVol 0
additiveEps 0
entropy 0.270001
archive 25
3
6 8  100 1011110111010011011000111110101011101011101110010110110011011010101010001010100001010010011010011001
4 9  100 1011110111010011011000011110101011101011101110010110110011011010101010001010100001010010011010011001
3 10  100 0111110101010011011000111110101011101011101110010110110011011010101010001010100001010010011010011001
runNumber 26
genCount 11668
elapsedTime 599.988
unaryHyperVol 295
binaryHyperVol 0.111111
additiveEps 0.333333
entropy 0.46166
archive 26
3
6 8  100 1011000111010011010000111110101011101011101110010110110011011010101010001010100001010010011010011001
4 9  100 1011000111010011010000011110101011101011101110010110110011011010101010001010100001010010011010011001
3 11  100 1000000111100100010000111110101011101011101110010110110011011010101010001010100001010010011010011001
runNumber 27
genCount 11772
elapsedTime 599.971
unaryHyperVol 296
binaryHyperVol 0
additiveEps 0
entropy 0.270001
archive 27
3
6 8  100 1011110111010011011000111110101011101011101110010110110011011010101010001010100001010010011010011001
4 9  100 1011110111010011011000011110101011101011101110010110110011011010101010001010100001010010011010011001
3 10  100 0111110101010011011000111110101011101011101110010110110011011010101010001010100001010010011010011001
runNumber 28
genCount 11684
elapsedTime 599.957
unaryHyperVol 296
binaryHyperVol 0
additiveEps 0
entropy 0.270001
archive 28
3
6 8  100 1011110111010011011000111110101011101011101110010110110011011010101010001010100001010010011010011001
4 9  100 1011110111010011011000011110101011101011101110010110110011011010101010001010100001010010011010011001
3 10  100 0111110101010011011000111110101011101011101110010110110011011010101010001010100001010010011010011001
runNumber 29
genCount 12152
elapsedTime 600.034
unaryHyperVol 295
binaryHyperVol 0.111111
additiveEps 0.333333
entropy 0.46166
archive 29
3
6 8  100 1011110111010011011000111110101011101011101110010110110011011010101010001010100001010010011010011001
4 9  100 1011110111010011011000011110101011101011101110010110110011011010101010001010100001010010011010011001
3 11  100 1000110111100100011000111110101011101011101110010110110011011010101010001010100001010010011010011001
