OptimalFront
unaryHyperVol 265
3
6 11  100 1000001000100100010110000010001100110101001010011001010100000011010000010000010010010100101111110101
5 12  100 1000001000100100010110000010001100110101001010010001010100000011010000010000010010010000101111110101
3 13  100 0100001001010100010110000010001100110101001010011001010100101011011000110001100010010001101111110101
-------------------------
runNumber 0
genCount 8132
elapsedTime 599.223
unaryHyperVol 206
binaryHyperVol 22.8
additiveEps 0.8
entropy 0.49717
archive 0
2
6 15  100 1000001000101001010110000010001100110101001010011001010100101011010000010000000110010000100100110110
4 16  100 1000001000101001010110000010001100110101001010011001010100101011011000010000000110010000100100110110
runNumber 1
genCount 7918
elapsedTime 599.847
unaryHyperVol 240
binaryHyperVol 8.83333
additiveEps 0.75
entropy 0.49717
archive 1
2
6 14  100 1000010100100100010101000010001100110101001010011001010100101011010000110000010010010100101111110110
3 15  100 1000010100100100010101000010001100110101001010011001010100101011011000110000010010010100101111110110
runNumber 2
genCount 8252
elapsedTime 599.725
unaryHyperVol 258
binaryHyperVol 5.66667
additiveEps 0.5
entropy 0.509891
archive 2
2
6 12  100 1000001000100100010110000010001100110101001010011001010100101011010000110000010010010001101111110101
3 13  100 1000001000100100010110000010001100110101001010011001010100101011011000110000010010010001101111110101
runNumber 3
genCount 7857
elapsedTime 599.717
unaryHyperVol 213
binaryHyperVol 20.5333
additiveEps 0.6
entropy 0.449615
archive 3
3
6 14  100 0100001000101001010001110010001100110101001010011001010100000011010000110000011111001000101111110101
5 15  100 0100001000101001010001110010001100010101001010011001010100000011010000110000001111001000101111110101
4 16  100 0100001000101001010001110010001100110101001010010001010100101011010000110000001111001000101111110101
runNumber 4
genCount 7801
elapsedTime 600.062
unaryHyperVol 235
binaryHyperVol 10.25
additiveEps 0.25
entropy 0.492564
archive 4
3
7 11  100 1000001000100101010110000010000000110101000101001001010100101011010000010000010010010000101111110110
6 12  100 1000001000100100010110000010000100110101000101001001010100101011010000010000010010010000101111110110
4 13  100 1000001000100100010110000010000100110101000101001001010100101011011000010000010010010000101111110110
runNumber 5
genCount 8210
elapsedTime 599.794
unaryHyperVol 257
binaryHyperVol 3.88889
additiveEps 0.333333
entropy 0.506669
archive 5
3
6 12  100 1000001000100100010110000010001100110101001010011001010100101011010000010000010010010100101111110110
4 13  100 1000001000100100010110000010001100110101001010011001010100101011011000010000010010010000101111110110
3 14  100 1000001000100100010000000010001100110101001010011001010100101011011000110000010010010100101111110110
runNumber 6
genCount 8296
elapsedTime 599.907
unaryHyperVol 215
binaryHyperVol 22.0833
additiveEps 0.75
entropy 0.49717
archive 6
2
5 14  100 1000110100100100010101000010001100110101000101111101010100000011011000110000010010010100101111110101
4 15  100 1000110100100100010101000010001100110101000101111101010101000011011000110000010010010100101111110101
runNumber 7
genCount 7992
elapsedTime 599.895
unaryHyperVol 265
binaryHyperVol 0
additiveEps 0
entropy 0.270001
archive 7
3
6 11  100 1000001000100100010110000010001100110101001010011001010100000011010000010000010010010100101111110101
5 12  100 1000001000100100010110000010001100110101001010011001010100000011110000010000010010010100101111110101
3 13  100 1000001000100100010110000010001100110101001010011001010100101011011000110000010010010001101111110101
runNumber 8
genCount 8180
elapsedTime 599.894
unaryHyperVol 249
binaryHyperVol 7.77778
additiveEps 0.666667
entropy 0.49717
archive 8
2
6 13  100 1000001000100100010000000010001100110101001010011001010100101011010000110000010010010100101111110110
3 14  100 1000001000100100010000000010001100110101001010011001010100101011011000110000010010010100101111110110
runNumber 9
genCount 8191
elapsedTime 599.988
unaryHyperVol 247
binaryHyperVol 6
additiveEps 0.5
entropy 0.466242
archive 9
3
6 13  100 1000110100100100010101000010001100110101001010011001010100000011010000110000010010010100101111110101
5 14  100 1000110100100100010101000010001100010101001010011001010100000011010000110000010010010100101111110101
3 15  100 1000010100100100010101000010001100110101001010011001010100101011011000110000010010010100101111110101
runNumber 10
genCount 8016
elapsedTime 599.874
unaryHyperVol 214
binaryHyperVol 22.1667
additiveEps 0.75
entropy 0.49717
archive 10
2
6 14  100 1000001011000100010001110010001100110101001010011001010100101011010000110000001111001000101111110110
4 15  100 1000001011000100010001110010001100110101001010010001010100101011010000110000001111001000101111110110
runNumber 11
genCount 8291
elapsedTime 599.92
unaryHyperVol 167
binaryHyperVol 36.8571
additiveEps 0.857143
entropy 0.49717
archive 11
2
6 17  100 1000001000101001011100000010001100110101000000011001010100101011010000110011000110010100001101110010
5 18  100 1000001000101001011100000010001100110101000010010001010100101011010000110011000110010100001101110010
runNumber 12
genCount 8229
elapsedTime 599.998
unaryHyperVol 247
binaryHyperVol 6
additiveEps 0.5
entropy 0.466242
archive 12
3
6 13  100 1000010100100100010101000010001100110101001010011001010100000011010000110000010010010100101111110101
5 14  100 1000010100100100010101000010001100110101001010011001010100000011011000110000010010010100101111110101
3 15  100 1000010100100100010101000010001100110101001010011001010100101011011000110000010010010100101111110101
runNumber 13
genCount 8209
elapsedTime 599.956
unaryHyperVol 258
binaryHyperVol 5.66667
additiveEps 0.5
entropy 0.509891
archive 13
2
6 12  100 1000001000100100010110000010001100110101001010011001010100101011010000110000010010010001101111110101
3 13  100 1000001000100100010110000010001100110101001010011001010100101011011000110000010010010001101111110101
runNumber 14
genCount 7873
elapsedTime 600.025
unaryHyperVol 262
binaryHyperVol 0.25
additiveEps 0.25
entropy 0.541309
archive 14
4
7 11  100 0100001000010100010110000010001100110101001010011001010100101011010000010001100010010100101111110110
6 12  100 0100001001010100010110000010001100110101001010011001010100101011010000010001100010010100101111110110
4 13  100 0100001001010100010110000010001100110101001010011001010100101011011000010001100010010000101111110110
3 14  100 0100001001010100010000000010001100110101001010011001010100101011011000110001100010010100101111110110
runNumber 15
genCount 8005
elapsedTime 599.747
unaryHyperVol 221
binaryHyperVol 19.3333
additiveEps 0.5
entropy 0.449615
archive 15
3
6 13  100 1000010111010101010110010010000000110101000101110001010100000011010000000001100010010000101111110101
5 14  100 1000010111010101010110010010000000110101000101111101010100000011011000010001100010010000101111110101
4 15  100 1000010111010101010110010010000000110101000101111101010101000011011000010001100010010000101111110101
runNumber 16
genCount 7959
elapsedTime 599.907
unaryHyperVol 203
binaryHyperVol 32.1667
additiveEps 0.666667
entropy 0
archive 16
1
5 12  100 1000010100010100010001000010001100110011000101011001010100000000011000110001100010001000101111110101
runNumber 17
genCount 8102
elapsedTime 599.977
unaryHyperVol 180
binaryHyperVol 40.1667
additiveEps 1
entropy 0
archive 17
1
6 11  100 1000001000000111010001010010001100110101000000011001010100000010010000110000000010001000101111110101
runNumber 18
genCount 8064
elapsedTime 599.916
unaryHyperVol 265
binaryHyperVol 0
additiveEps 0
entropy 0.270001
archive 18
3
6 11  100 1000001000100100010110000010001100110101001010011001010100000011010000010000010010010000101111110101
5 12  100 1000001000100100010110000010001100010101001010011001010100000011010000010000010010010000101111110101
3 13  100 1000001000100100010110000010001100110101001010011001010100101011011000110000010010010001101111110101
runNumber 19
genCount 8308
elapsedTime 599.93
unaryHyperVol 182
binaryHyperVol 38.25
additiveEps 1
entropy 0
archive 19
1
5 15  100 1000001011010100010110000010001100110000001010010001010100101011010000111101100010010111101111110110
runNumber 20
genCount 7907
elapsedTime 600.005
unaryHyperVol 189
binaryHyperVol 38.1111
additiveEps 1
entropy 0
archive 20
1
5 14  100 1000010100010101010001000010000000010011000000011001010100010100010000110001100010001000101111110101
runNumber 21
genCount 7731
elapsedTime 599.87
unaryHyperVol 200
binaryHyperVol 24.1667
additiveEps 0.5
entropy 0.449615
archive 21
3
7 12  100 1000110100010101010101001010000100110101010101001001010100000011010000110001100010010100101111110101
6 13  100 1000010100010100010101001010000100110101010101001001010100000011010000110001100010010100101111110101
5 14  100 1000010100010100010101001010000100110101010101001001010100000011011000110001100010010100101111110101
runNumber 22
genCount 7842
elapsedTime 599.84
unaryHyperVol 252
binaryHyperVol 3.25
additiveEps 0.5
entropy 0.456647
archive 22
4
7 12  100 0100010100010100010101000010001100110101001010011001010100000011010000110001100010010100101111110101
6 13  100 0100010101010100010101000010001100110101000010011001010100000011010000110001100010010100101111110101
5 14  100 0100010101010100010101000010001100110101000010011001010100000011011000110001100010010100101111110101
3 15  100 0100010101010100010101000010001100110101001010011001010100101011011000110001100010010100101111110101
runNumber 23
genCount 8254
elapsedTime 599.937
unaryHyperVol 256
binaryHyperVol 4
additiveEps 0.333333
entropy 0.466242
archive 23
3
6 12  100 1000001000100100010000000010001100110101001010011001010100000011010000110000010010010100101111110101
5 13  100 1000001000100100010000000010001100010101001010011001010100000011010000110000010010010100101111110101
3 14  100 1000001000100100010000000010001100110101001010011001010100101011011000110000010010010100101111110101
runNumber 24
genCount 8364
elapsedTime 600.06
unaryHyperVol 247
binaryHyperVol 6
additiveEps 0.5
entropy 0.466242
archive 24
3
6 13  100 1000010100100100010101000010001100110101001010011001010100000011010000110000010010010100101111110101
5 14  100 1000010100100100010101000010001100110101001010011001010100000011011000110000010010010100101111110101
3 15  100 1000010100100100010101000010001100110101001010011001010100101011011000110000010010010100101111110101
runNumber 25
genCount 8039
elapsedTime 599.917
unaryHyperVol 265
binaryHyperVol 0
additiveEps 0
entropy 0.270001
archive 25
3
6 11  100 1000001000100100010110000010001100110101001010011001010100000011010000010000010010010000101111110101
5 12  100 1000001000100100010110000010001100110101001010011001010100000011110000010000010010010000101111110101
3 13  100 1000001000100100010110000010001100110101001010011001010100101011011000110000010010010001101111110101
runNumber 26
genCount 8136
elapsedTime 599.9
unaryHyperVol 174
binaryHyperVol 36.5556
additiveEps 0.833333
entropy 0.49717
archive 26
2
6 16  100 1000001000101001010110000010001100110101001010011001010100101011010000010000001101010100101111010010
5 17  100 1000001000101001010110000010001100110101001010010001010100101011010000010000001101010100101111010010
runNumber 27
genCount 7867
elapsedTime 599.901
unaryHyperVol 215
binaryHyperVol 22.0833
additiveEps 0.75
entropy 0.49717
archive 27
2
5 14  100 0100001000010100010001110101011100110101000101111101010100000011110000110001100010001000101111110101
4 15  100 0100001000010100010001110101011100110101000101111101010111000011110000110001100010001000101111110101
runNumber 28
genCount 7865
elapsedTime 599.929
unaryHyperVol 188
binaryHyperVol 35.5
additiveEps 0.75
entropy 0.49717
archive 28
2
6 14  100 1000110111010100010110010010001100110101000101110001010100101011010000010001100010010000101111110110
5 15  100 1000110111010100010110010010001100010101000101110001010100101011010000010001100010010000101111110110
runNumber 29
genCount 8687
elapsedTime 599.945
unaryHyperVol 200
binaryHyperVol 25
additiveEps 1
entropy 0
archive 29
1
4 16  100 1000001000100100010000000010001100110101001010011001010100010111110101110011010010010100001111110110
