OptimalFront
unaryHyperVol 412
4
7 11  100 0101111001010000001001111001011111010111101110000111101101011000110101101110000001101111101001001010
5 12  100 0101111001010000001001110101011111010111101110000111101101011000110101101110000001101111101001001010
4 13  100 0100110001010000010000111001011111010111101110000111101101011000000101101110100001101111101001001010
3 15  100 0100001001010100010000111001101111100111101110000111101101011000000101101110100001101111101001001010
-------------------------
runNumber 0
genCount 8044
elapsedTime 599.943
unaryHyperVol 347
binaryHyperVol 20.6
additiveEps 0.75
entropy 0.475082
archive 0
2
8 14  100 1101001001010000010000111001010111100111100000000111101101010000001001101110000001101111101001001010
4 15  100 1101001001010000010000111001010111100111100000000111101101010001001001101110000001101111101001001010
runNumber 1
genCount 7828
elapsedTime 600.014
unaryHyperVol 356
binaryHyperVol 14.92
additiveEps 0.4
entropy 0.469946
archive 1
4
8 13  100 1001111001101000001001111001011111010111101110000111101101010000001001101100000001101100101001001001
7 14  100 1001111001101000001001111001011111010111101110000111101101010001001001101100000001101100101001001001
5 15  100 1001111001101000001001110101011111010111101110000111101101010001001001101100000001101100101001001001
4 16  100 1001110101101000001001001001011111010111101110000111101101010001001001101100000001101100101001001001
runNumber 2
genCount 8308
elapsedTime 599.91
unaryHyperVol 300
binaryHyperVol 36.6
additiveEps 1
entropy 0
archive 2
1
5 16  100 1000001001100100010000111001101111100111101110000111101101011000000101101110001101101111101001010000
runNumber 3
genCount 8019
elapsedTime 600.017
unaryHyperVol 356
binaryHyperVol 14.92
additiveEps 0.4
entropy 0.469946
archive 3
4
8 13  100 1001111001101000001001111001011111010111101110000111101101010000000101101100000001101100101001001001
7 14  100 1001111001101000001001111001011111010111101110000111101101010001000101101100000001101100101001001001
5 15  100 1001111001101000001001110101011111010111101110000111101101010001000101101100000001101100101001001001
4 16  100 1001110101101000001001001001011111010111101110000111101101010001000101101100000001101100101001001001
runNumber 4
genCount 8034
elapsedTime 599.944
unaryHyperVol 346
binaryHyperVol 18.5
additiveEps 0.5
entropy 0.427067
archive 4
3
7 14  100 0101001001010011001001111001101111010111101110000111101101011000001001101110100001101111101001001010
5 15  100 0101001001010011001001110101101111010111101110000111101101011000001001101110100001101111101001001010
4 17  100 0101001000010111001001110101101111010111101110000111101101011000001001101110100001101111101001001010
runNumber 5
genCount 8274
elapsedTime 599.971
unaryHyperVol 325
binaryHyperVol 26.6
additiveEps 1
entropy 0
archive 5
1
4 16  100 1000111001100100001010111001011111010111101110000111101100011000000101100100010001010011101001001010
runNumber 6
genCount 7923
elapsedTime 599.957
unaryHyperVol 345
binaryHyperVol 17.3571
additiveEps 0.428571
entropy 0.427067
archive 6
3
7 14  100 1000111001100100001001111001011111010111101110000111101101011000000101101110000101101111100100001010
5 15  100 1000111001100100001001110101011111010111101110000111101101011000000101101110000101101111100100001010
4 18  100 1000111001100100001001011001101111100000101110000111101101011000000101101110000101101111100100001010
runNumber 7
genCount 8190
elapsedTime 599.951
unaryHyperVol 338
binaryHyperVol 26.5
additiveEps 1
entropy 0
archive 7
1
4 15  100 1101111001010000001010111001011111010111101110000111101101011000000101100000010001010011000001001010
runNumber 8
genCount 8253
elapsedTime 599.953
unaryHyperVol 312
binaryHyperVol 26.6667
additiveEps 1
entropy 0
archive 8
1
4 17  100 1000110001100100010000111000001111000111101110000111101100011000000101101010000101101111010100001010
runNumber 9
genCount 8460
elapsedTime 599.99
unaryHyperVol 312
binaryHyperVol 26.6667
additiveEps 1
entropy 0
archive 9
1
4 17  100 1101111001010000001001011001101111100000101110000111101100011000000101100100010001101111101001001010
runNumber 10
genCount 7495
elapsedTime 599.944
unaryHyperVol 327
binaryHyperVol 16.675
additiveEps 0.5
entropy 0.446543
archive 10
4
8 15  100 0101111001010011110101111001011111010111101110000111101101010000000101100001000001010011011001001010
7 16  100 0101111001010011110101111001011111010111101110000111101101010001000101100001000001010011011001001010
6 17  100 0101111000010011110101111001011111010111101110000111101101010001000101100001000001010011011001001010
4 19  100 0101110101010111110101001001011111010111101110000111101101010001000101100001000001010011011001001010
runNumber 11
genCount 8024
elapsedTime 599.972
unaryHyperVol 373
binaryHyperVol 12.2
additiveEps 0.25
entropy 0.49717
archive 11
2
8 12  100 0101001001010000010000111001011111010111101110000111101101010000000101101110000001101111101001001010
4 13  100 0101001001010000010000111001011111010111101110000111101101010001000101101110000001101111101001001010
runNumber 12
genCount 8195
elapsedTime 600.011
unaryHyperVol 360
binaryHyperVol 18.375
additiveEps 0.5
entropy 0.427067
archive 12
3
7 13  100 0101111001010000001001111001011111010111101110000111101101011000000101101110000101101111100100001010
5 14  100 0101111001010000001001110101011111010111101110000111101101011000000101101110000101101111100100001010
4 15  100 0101111000010000001001110101011111010111101110000111101101011000000101101110000101101111100100001010
runNumber 13
genCount 7814
elapsedTime 599.934
unaryHyperVol 385
binaryHyperVol 6.75
additiveEps 0.4
entropy 0.436759
archive 13
4
7 13  100 0100111001010000001001111001101111100111101110000111101101011000001001101110100001101111101001001010
5 14  100 0100111001010000001001110101101111100111101110000111101101011000001001101110100001101111101001001010
4 15  100 0100110101010000001001001001101111100111101110000111101101011000001001101110100001101111101001001010
3 16  100 0100110101010100001001001001101111100111101110000111101101011000001001101110100001101111101001001010
runNumber 14
genCount 8477
elapsedTime 600.025
unaryHyperVol 252
binaryHyperVol 36.7778
additiveEps 1
entropy 0
archive 14
1
5 20  100 1001111001100111011010111001101101010111101101010111101100010000000101100100010001100111000001001010
runNumber 15
genCount 8062
elapsedTime 599.962
unaryHyperVol 347
binaryHyperVol 20.6
additiveEps 0.75
entropy 0.475082
archive 15
2
8 14  100 1001001001100111000000111001101101010111101110000111101101010000001001101110000001101111101001001010
4 15  100 1001001001100111000000111001101101010111101110000111101101010001001001101110000001101111101001001010
runNumber 16
genCount 8174
elapsedTime 599.955
unaryHyperVol 321
binaryHyperVol 22.0667
additiveEps 0.833333
entropy 0.475082
archive 16
2
8 16  100 1001110101101000001001001001101111100111101110000111101100010000000101100100000001101111101001001010
4 17  100 1001110101101000001001001001101111100111101110000111101100010001000101100100000001101111101001001010
runNumber 17
genCount 7983
elapsedTime 599.95
unaryHyperVol 358
binaryHyperVol 11.25
additiveEps 0.666667
entropy 0.427067
archive 17
3
7 15  100 1000111001100100001001111001101111100111101110000111101101011000001001100000010001101111000001001010
5 16  100 1000111001100100001001110101101111100111101110000111101101011000001001100000010001101111000001001010
3 17  100 1000110101100100001001001001101111100111101110000111101101011000001001100000010001101111000001001010
runNumber 18
genCount 8138
elapsedTime 600.009
unaryHyperVol 346
binaryHyperVol 18.5
additiveEps 0.5
entropy 0.427067
archive 18
3
7 14  100 1000111001100100001001111001011111010111101110000111101101011000001001101110000101101111100100001010
5 15  100 1000111001100100001001110101011111010111101110000111101101011000001001101110000101101111100100001010
4 17  100 1000111001100100001010111001011111010111101110000111101101011000001001101110000101100101100100001001
runNumber 19
genCount 7990
elapsedTime 600.021
unaryHyperVol 309
binaryHyperVol 29.48
additiveEps 0.8
entropy 0.475082
archive 19
2
8 15  100 1001111001101000001010111001011111010111101110000111101100010000001001100100000001100111000001001010
5 16  100 1001111001101000001010111001011111010111101110000111101100010001001001100100000001100111000001001010
runNumber 20
genCount 7835
elapsedTime 599.914
unaryHyperVol 385
binaryHyperVol 6.75
additiveEps 0.4
entropy 0.436759
archive 20
4
7 13  100 0100111001010000001001111001101111100111101110000111101101011000000101101110100001101111101001001010
5 14  100 0100111001010000001001110101101111100111101110000111101101011000000101101110100001101111101001001010
4 15  100 0100111000010000001001110101101111100111101110000111101101011000000101101110100001101111101001001010
3 16  100 0100110101010100001001001001101111100111101110000111101101011000000101101110100001101111101001001010
runNumber 21
genCount 8097
elapsedTime 600.01
unaryHyperVol 360
binaryHyperVol 16.4
additiveEps 0.5
entropy 0.475082
archive 21
2
8 13  100 1000110001100100010000111001011111010111101110000111101101010000001001101110000001101111101001001010
4 14  100 1000110001100100010000111001011111010111101110000111101101010001001001101110000001101111101001001010
runNumber 22
genCount 8189
elapsedTime 599.965
unaryHyperVol 285
binaryHyperVol 30.4857
additiveEps 0.857143
entropy 0.475082
archive 22
2
8 17  100 1001111001101000001001110101011111010111101110000111101100010000000101100100000001101111100111110110
5 18  100 1001111001101000001001110101011111010111101110000111101100010001000101100100000001101111100111110110
runNumber 23
genCount 7991
elapsedTime 599.967
unaryHyperVol 334
binaryHyperVol 21.25
additiveEps 0.666667
entropy 0.427067
archive 23
3
7 15  100 1001001001100111001001111001011111010111101110000111101101011000001001100000010001101111000001001010
5 16  100 1001001001100111001001110101011111010111101110000111101101011000001001100000010001101111000001001010
4 17  100 1001000101100111001001001001011111010111101110000111101101011000001001100000010001101111000001001010
runNumber 24
genCount 8117
elapsedTime 599.983
unaryHyperVol 323
binaryHyperVol 23.9583
additiveEps 0.833333
entropy 0.475082
archive 24
2
6 16  100 1000111000010001110000111001101111100111101110000111101101011000001001100000010001101111000001001010
4 17  100 1000111000010001110000110101101111100111101110000111101101011000001001100000010001101111000001001010
runNumber 25
genCount 8093
elapsedTime 599.926
unaryHyperVol 288
binaryHyperVol 36.6667
additiveEps 1
entropy 0
archive 25
1
5 17  100 1001001001100101010000111000000011010111101101000111101101011000001001101110000101101111101001110000
runNumber 26
genCount 8099
elapsedTime 599.941
unaryHyperVol 323
binaryHyperVol 22
additiveEps 0.714286
entropy 0.475082
archive 26
2
5 16  100 1000111001100100110000111000000011010111101101000111101101011000001001101110000101101111100100001010
4 18  100 1000111001100101110000111000000011010111101110000111101101011000001001101110000101101111100100001010
runNumber 27
genCount 8223
elapsedTime 599.975
unaryHyperVol 338
binaryHyperVol 26.5
additiveEps 1
entropy 0
archive 27
1
4 15  100 0100111001010000001010111001101111100111101110000111101101011000000101101110100001010011101001001010
runNumber 28
genCount 7996
elapsedTime 600.001
unaryHyperVol 321
binaryHyperVol 22.0667
additiveEps 0.833333
entropy 0.475082
archive 28
2
8 16  100 1001001001100111001010111001101111100111101110000111101101010000000101101110000001010011101001001010
4 17  100 1001001001100111001010111001101111100111101110000111101101010001000101101110000001010011101001001010
runNumber 29
genCount 7841
elapsedTime 599.979
unaryHyperVol 354
binaryHyperVol 13.0571
additiveEps 0.4
entropy 0.427344
archive 29
4
8 13  100 1000111001100100001001111001100011010111101101000111101101010000000101101110000001101111101001001010
7 14  100 1000111001100100001001111001100011010111101101000111101101010001000101101110000001101111101001001010
5 15  100 1000111001100100001001110101100011010111101101000111101101010001000101101110000001101111101001001010
4 18  100 1000111001100100001010111000000111010111101101000111101101010001000101101110000001100101101001001001
