OptimalFront
unaryHyperVol 296
3
6 8  100 1011110111010011011000111110101011101011101110010110110011011010101010001010100001010010011010011001
4 9  100 1011110111010011011000011110101011101011101110010110110011011010101010001010100001010010011010011001
3 10  100 0111000101010011010000111110101011101011101110010110110011011010101010001010100001010010011010011001
-------------------------
runNumber 0
genCount 8231
elapsedTime 599.966
unaryHyperVol 259
binaryHyperVol 18.6667
additiveEps 0.5
entropy 0.49717
archive 0
2
6 9  100 1011110111010011011000111100001111000011101110010110110011011010101010001010100001010010011010011001
4 10  100 1011110111010011011000011100001111000011101110010110110011011010101010001010100001010010011010011001
runNumber 1
genCount 8269
elapsedTime 599.951
unaryHyperVol 268
binaryHyperVol 12.3333
additiveEps 0.333333
entropy 0.488066
archive 1
2
6 8  100 1011110111010011011000111110101011101011101110010110110011011010101010001010100001010010011010011001
4 9  100 1011110111010011011000011110101011101011101110010110110011011010101010001010100001010010011010011001
runNumber 2
genCount 8306
elapsedTime 599.96
unaryHyperVol 296
binaryHyperVol 0
additiveEps 0
entropy 0.270001
archive 2
3
6 8  100 1011000111010011010000111110101011101011101110010110110011011010101010001010100001010010011010011001
4 9  100 1011000111010011010000011110101011101011101110010110110011011010101010001010100001010010011010011001
3 10  100 0111000101010011010000111110101011101011101110010110110011011010101010001010100001010010011010011001
runNumber 3
genCount 8116
elapsedTime 600.014
unaryHyperVol 295
binaryHyperVol 0.111111
additiveEps 0.333333
entropy 0.46166
archive 3
3
6 8  100 1011110111010011011000111110101011101011101110010110110011011010101010001010100001010010011010011001
4 9  100 1011110111010011011000011110101011101011101110010110110011011010101010001010100001010010011010011001
3 11  100 1011110111101011011000111110101011101011101110010110110011011010101010001000000001010010011010011001
runNumber 4
genCount 8114
elapsedTime 599.962
unaryHyperVol 296
binaryHyperVol 0
additiveEps 0
entropy 0.270001
archive 4
3
6 8  100 1011000111010011010000111110101011101011101110010110110011011010101010001010100001010010011010011001
4 9  100 1011000111010011010000011110101011101011101110010110110011011010101010001010100001010010011010011001
3 10  100 0111000101010011010000111110101011101011101110010110110011011010101010001010100001010010011010011001
runNumber 5
genCount 7585
elapsedTime 599.925
unaryHyperVol 296
binaryHyperVol 0
additiveEps 0
entropy 0.270001
archive 5
3
6 8  100 1011110111010011011000111110101011101011101110010110110011011010101010001010100001010010011010011001
4 9  100 1011110111010011011000011110101011101011101110010110110011011010101010001010100001010010011010011001
3 10  100 0111110101010011011000111110101011101011101110010110110011011010101010001010100001010010011010011001
runNumber 6
genCount 8275
elapsedTime 599.961
unaryHyperVol 268
binaryHyperVol 12.3333
additiveEps 0.333333
entropy 0.488066
archive 6
2
6 8  100 1011110111010011011000111110101011101011101110010110110011011010101010001010100001010010011010011001
4 9  100 1011110111010011011000011110101011101011101110010110110011011010101010001010100001010010011010011001
runNumber 7
genCount 8310
elapsedTime 599.998
unaryHyperVol 296
binaryHyperVol 0
additiveEps 0
entropy 0.270001
archive 7
3
6 8  100 1011000111010011010000111110101011101011101110010110110011011010101010001010100001010010011010011001
4 9  100 1011000111010011010000011110101011101011101110010110110011011010101010001010100001010010011010011001
3 10  100 0111000101010011010000111110101011101011101110010110110011011010101010001010100001010010011010011001
runNumber 8
genCount 8212
elapsedTime 599.915
unaryHyperVol 296
binaryHyperVol 0
additiveEps 0
entropy 0.270001
archive 8
3
6 8  100 1011110111010011011000111110101011101011101110010110110011011010101010001010100001010010011010011001
4 9  100 1011110111010011011000011110101011101011101110010110110011011010101010001010100001010010011010011001
3 10  100 0111110101010011011000111110101011101011101110010110110011011010101010001010100001010010011010011001
runNumber 9
genCount 8162
elapsedTime 599.982
unaryHyperVol 295
binaryHyperVol 0.111111
additiveEps 0.333333
entropy 0.46166
archive 9
3
6 8  100 1011110111010011011000111110101011101011101110010110110011011010101010001010100001010010011010011001
4 9  100 1011110111010011011000011110101011101011101110010110110011011010101010001010100001010010011010011001
3 11  100 1000110111100100011000111110101011101011101110010110110011011010101010001010100001010010011010011001
runNumber 10
genCount 8343
elapsedTime 599.952
unaryHyperVol 234
binaryHyperVol 25
additiveEps 1
entropy 0
archive 10
1
4 12  100 0011110111100100011000101110101011010100101110010110110011011010101010001010100001010010011010011001
runNumber 11
genCount 8275
elapsedTime 600.036
unaryHyperVol 295
binaryHyperVol 0.111111
additiveEps 0.333333
entropy 0.46166
archive 11
3
6 8  100 1011110111010011011000111110101011101011101110010110110011011010101010001010100001010010011010011001
4 9  100 1011110111010011011000011110101011101011101110010110110011011010101010001010100001010010011010011001
3 11  100 1011110111101011011000111110101011101011101110010110110011011010101010001000000001010010011010011001
runNumber 12
genCount 8196
elapsedTime 599.973
unaryHyperVol 295
binaryHyperVol 0.111111
additiveEps 0.333333
entropy 0.46166
archive 12
3
6 8  100 1011110111010011011000111110101011101011101110010110110011011010101010001010100001010010011010011001
4 9  100 1011110111010011011000011110101011101011101110010110110011011010101010001010100001010010011010011001
3 11  100 1011110111101011011000111110101011101011101110010110110011011010101010001000000001010010011010011001
runNumber 13
genCount 8207
elapsedTime 599.92
unaryHyperVol 239
binaryHyperVol 24.8333
additiveEps 0.666667
entropy 0.509891
archive 13
2
6 8  100 1011110011010011010000111110101011101011101110010110110011011010101010001010100001010010011010011001
5 9  100 1011110011010011010011111110101011101011101110010110110011011010101010001010100001010010011010011001
runNumber 14
genCount 8369
elapsedTime 600.037
unaryHyperVol 295
binaryHyperVol 0.111111
additiveEps 0.333333
entropy 0.46166
archive 14
3
6 8  100 1011000111010011010000111110101011101011101110010110110011011010101010001010100001010010011010011001
4 9  100 1011000111010011010000011110101011101011101110010110110011011010101010001010100001010010011010011001
3 11  100 1000000111100100010000111110101011101011101110010110110011011010101010001010100001010010011010011001
runNumber 15
genCount 8224
elapsedTime 599.923
unaryHyperVol 295
binaryHyperVol 0.111111
additiveEps 0.333333
entropy 0.46166
archive 15
3
6 8  100 1011000111010011010000111110101011101011101110010110110011011010101010001010100001010010011010011001
4 9  100 1011000111010011010000011110101011101011101110010110110011011010101010001010100001010010011010011001
3 11  100 1011000111101011010000111110101011101011101110010110110011011010101010001000000001010010011010011001
runNumber 16
genCount 8225
elapsedTime 600.018
unaryHyperVol 259
binaryHyperVol 18.6667
additiveEps 0.5
entropy 0.49717
archive 16
2
6 9  100 1011110111010011011000111110101011101011101110010110110011011010101001111010100001010010011010011001
4 10  100 1011110111010011011000011110101011101011101110010110110011011010101001111010100001010010011010011001
runNumber 17
genCount 8446
elapsedTime 599.934
unaryHyperVol 296
binaryHyperVol 0
additiveEps 0
entropy 0.270001
archive 17
3
6 8  100 1011110111010011011000111110101011101011101110010110110011011010101010001010100001010010011010011001
4 9  100 1011110111010011011000011110101011101011101110010110110011011010101010001010100001010010011010011001
3 10  100 0111110101010011011000111110101011101011101110010110110011011010101010001010100001010010011010011001
runNumber 18
genCount 8102
elapsedTime 600.017
unaryHyperVol 295
binaryHyperVol 0.111111
additiveEps 0.333333
entropy 0.46166
archive 18
3
6 8  100 1011110111010011011000111110101011101011101110010110110011011010101010001010100001010010011010011001
4 9  100 1011110111010011011000011110101011101011101110010110110011011010101010001010100001010010011010011001
3 11  100 1011110111101011011000111110101011101011101110010110110011011010101010001000000001010010011010011001
runNumber 19
genCount 8034
elapsedTime 599.98
unaryHyperVol 295
binaryHyperVol 0.111111
additiveEps 0.333333
entropy 0.46166
archive 19
3
6 8  100 1011000111010011010000111110101011101011101110010110110011011010101010001010100001010010011010011001
4 9  100 1011000111010011010000011110101011101011101110010110110011011010101010001010100001010010011010011001
3 11  100 1011000111101011010000111110101011101011101110010110110011011010101010001000000001010010011010011001
runNumber 20
genCount 8103
elapsedTime 599.951
unaryHyperVol 295
binaryHyperVol 0.111111
additiveEps 0.333333
entropy 0.46166
archive 20
3
6 8  100 1011000111010011010000111110101011101011101110010110110011011010101010001010100001010010011010011001
4 9  100 1011000111010011010000011110101011101011101110010110110011011010101010001010100001010010011010011001
3 11  100 1011000111101011010000111110101011101011101110010110110011011010101010001000000001010010011010011001
runNumber 21
genCount 8099
elapsedTime 599.977
unaryHyperVol 295
binaryHyperVol 0.111111
additiveEps 0.333333
entropy 0.46166
archive 21
3
6 8  100 1011110111010011011000111110101011101011101110010110110011011010101010001010100001010010011010011001
4 9  100 1011110111010011011000011110101011101011101110010110110011011010101010001010100001010010011010011001
3 11  100 1011110111101011011000111110101011101011101110010110110011011010101010001000000001010010011010011001
runNumber 22
genCount 8093
elapsedTime 599.975
unaryHyperVol 268
binaryHyperVol 12.3333
additiveEps 0.333333
entropy 0.488066
archive 22
2
6 8  100 1011000111010011010000111101101011010111101110010110110011011010101010001010100001010010011010011001
4 9  100 1011000111010011010000011101101011010111101110010110110011011010101010001010100001010010011010011001
runNumber 23
genCount 8495
elapsedTime 599.966
unaryHyperVol 250
binaryHyperVol 20.8889
additiveEps 0.666667
entropy 0.49717
archive 23
2
6 10  100 1011000111010011101000111110101001000011101110010110110011011010101010001010100001010010011010011001
4 11  100 1011000111010011101000011110101001000011101110010110110011011010101010001010100001010010011010011001
runNumber 24
genCount 8438
elapsedTime 599.984
unaryHyperVol 268
binaryHyperVol 12.3333
additiveEps 0.333333
entropy 0.488066
archive 24
2
6 8  100 1011110111010011011000111101101011010111101110010110110011011010101010001010100001010010011010011001
4 9  100 1011110111010011011000011101101011010111101110010110110011011010101010001010100001010010011010011001
runNumber 25
genCount 8427
elapsedTime 599.979
unaryHyperVol 243
binaryHyperVol 24.8889
additiveEps 1
entropy 0
archive 25
1
4 11  100 1011110111100111110101111110101011101011101110010110110011011010101010001010100001010010011010011001
runNumber 26
genCount 8096
elapsedTime 599.966
unaryHyperVol 296
binaryHyperVol 0
additiveEps 0
entropy 0.270001
archive 26
3
6 8  100 1011000111010011010000111110101011101011101110010110110011011010101010001010100001010010011010011001
4 9  100 1011000111010011010000011110101011101011101110010110110011011010101010001010100001010010011010011001
3 10  100 0111000101010011010000111110101011101011101110010110110011011010101010001010100001010010011010011001
runNumber 27
genCount 8349
elapsedTime 599.977
unaryHyperVol 295
binaryHyperVol 0.111111
additiveEps 0.333333
entropy 0.46166
archive 27
3
6 8  100 1011110111010011011000111110101011101011101110010110110011011010101010001010100001010010011010011001
4 9  100 1011110111010011011000011110101011101011101110010110110011011010101010001010100001010010011010011001
3 11  100 1011110111101011011000111110101011101011101110010110110011011010101010001000000001010010011010011001
runNumber 28
genCount 8329
elapsedTime 599.985
unaryHyperVol 234
binaryHyperVol 25
additiveEps 1
entropy 0
archive 28
1
4 12  100 1011110111101011011000101110101011010100101110010110110011011010101010001000000001010010011010011001
runNumber 29
genCount 8130
elapsedTime 600.001
unaryHyperVol 296
binaryHyperVol 0
additiveEps 0
entropy 0.270001
archive 29
3
6 8  100 1011110111010011011000111110101011101011101110010110110011011010101010001010100001010010011010011001
4 9  100 1011110111010011011000011110101011101011101110010110110011011010101010001010100001010010011010011001
3 10  100 0111110101010011011000111110101011101011101110010110110011011010101010001010100001010010011010011001
