OptimalFront
unaryHyperVol 390
4
6 7  100 1000101011011101110001111110101001101110110101000010110111101001101000011101100011101000011101111000
5 8  100 1000101011011110110001111110101001101110110101000010110111101001101000011101100011101000011101111000
4 9  100 1000101011011101110001111110101001101110111010000010110111101001101000011101100011101000011101111000
3 10  100 1000101011011101110001111110101001101110111010000010110111101001101000011101100011101000011101111010
-------------------------
runNumber 0
genCount 8226
elapsedTime 599.294
unaryHyperVol 356
binaryHyperVol 14.1111
additiveEps 0.333333
entropy 0.509891
archive 0
2
6 7  100 1000010111011101000001111110101001101110110101000010110111101001101000011101100011101000011101111000
4 9  100 1000010111011101000001111110101001101110111010000010110111101001101000011101100011101000011101111000
runNumber 1
genCount 7640
elapsedTime 599.371
unaryHyperVol 347
binaryHyperVol 18.5556
additiveEps 0.333333
entropy 0.427067
archive 1
3
6 8  100 1000101011011101110001110000101001101110010101000010110111000001101000111101100011101000011101111000
5 9  100 1000101011011110110001110000101001101110010101000010110111000001101000111101100011101000011101111000
4 10  100 1000101011011101110001110000101001101110010101010010110111000000101000111101100011101000011101111000
runNumber 2
genCount 7753
elapsedTime 599.215
unaryHyperVol 390
binaryHyperVol 0
additiveEps 0
entropy 0.168124
archive 2
4
6 7  100 1000101011011101110001111110101001101110110101000010110111101001101000011101100011101000011101111000
5 8  100 1000101011011110110001111110101001101110110101000010110111101001101000011101100011101000011101111000
4 9  100 1000101011011101110001111110101001101110111010000010110111101001101000011101100011101000011101111000
3 10  100 1000101011011101110001111110101001101110111010000010110111101001101000011101100011101000011101111010
runNumber 3
genCount 7801
elapsedTime 600.257
unaryHyperVol 390
binaryHyperVol 0
additiveEps 0
entropy 0.168124
archive 3
4
6 7  100 1000101011011101110001111110101001101110110101000010110111101001101000011101100011101000011101111000
5 8  100 1000101011011110110001111110101001101110110101000010110111101001101000011101100011101000011101111000
4 9  100 1000101011011101110001111110101001101110111010000010110111101001101000011101100011101000011101111000
3 10  100 1000101011011101110001111110101001101110111010000010110111101001101000011101100011101000011101111010
runNumber 4
genCount 8065
elapsedTime 599.822
unaryHyperVol 300
binaryHyperVol 27.6667
additiveEps 1
entropy 0
archive 4
1
4 13  100 1000010111011101000000000001011001101110010000010010110111010100101000011101100011101000011101111000
runNumber 5
genCount 8125
elapsedTime 599.961
unaryHyperVol 305
binaryHyperVol 37
additiveEps 0.666667
entropy 0.475082
archive 5
2
6 9  100 1000101011011101110001111110101001101110110101001101110111010100101000011101100011101000011101111000
5 10  100 1000101011011110110001111110101001101110110101001101110111010100101000011101100011101000011101111000
runNumber 6
genCount 7802
elapsedTime 599.945
unaryHyperVol 390
binaryHyperVol 0
additiveEps 0
entropy 0.168124
archive 6
4
6 7  100 1000101011011101110001111110101001101110110101000010110111101001101000011101100011101000011101111000
5 8  100 1000101011011110110001111110101001101110110101000010110111101001101000011101100011101000011101111000
4 9  100 1000101011011101110001111110101001101110111010000010110111101001101000011101100011101000011101111000
3 10  100 1000101011011101110001111110101001101110111010000010110111101001101000011101100011101000011101111010
runNumber 7
genCount 7972
elapsedTime 599.983
unaryHyperVol 390
binaryHyperVol 0
additiveEps 0
entropy 0.168124
archive 7
4
6 7  100 1000101011011101110001111110101001101110110101000010110111101001101000011101100011101000011101111000
5 8  100 1000101011011110110001111110101001101110110101000010110111101001101000011101100011101000011101111000
4 9  100 1000101011011101110001111110101001101110111010000010110111101001101000011101100011101000011101111000
3 10  100 1000101011011101110001111110101001101110111010000010110111101001101000011101100011101000011101111010
runNumber 8
genCount 7938
elapsedTime 600.035
unaryHyperVol 317
binaryHyperVol 23.2778
additiveEps 0.666667
entropy 0.427067
archive 8
3
6 11  100 1000101011011101110001111101011001101110110101000010110111010111110101011101100011101000011101111000
5 12  100 1000101011011110110001111101011001101110110101000010110111010111110101011101100011101000011101111000
4 13  100 1000101011011101110001111101011001101110111010000010110111010111110101011101100011101000011101111000
runNumber 9
genCount 8052
elapsedTime 599.878
unaryHyperVol 320
binaryHyperVol 28.5
additiveEps 0.666667
entropy 0.49717
archive 9
2
6 7  100 1000000011011101110000101110101001101110110101000010110111101001101000011101100011100000011101111000
5 11  100 1000000011011110110000001110101001101110110101000001110111101001101000011101100001010000011101111000
runNumber 10
genCount 8053
elapsedTime 599.849
unaryHyperVol 390
binaryHyperVol 0
additiveEps 0
entropy 0.168124
archive 10
4
6 7  100 1000101011011101110001111110101001101110110101000010110111101001101000011101100011101000011101111000
5 8  100 1000101011011110110001111110101001101110110101000010110111101001101000011101100011101000011101111000
4 9  100 1000101011011101110001111110101001101110111010000010110111101001101000011101100011101000011101111000
3 10  100 1000101011011101110001111110101001101110111010000010110111101001101000011101100011101000011101111010
runNumber 11
genCount 8107
elapsedTime 599.93
unaryHyperVol 323
binaryHyperVol 28.1111
additiveEps 0.666667
entropy 0.509891
archive 11
2
6 7  100 1000101011011101110000111110101001101110110101000010110111101001101000011101100011100000011101111000
5 8  100 1000101011011110110000111110101001101110110101000010110111101001101000011101100011100000011101111000
runNumber 12
genCount 7914
elapsedTime 599.959
unaryHyperVol 337
binaryHyperVol 20.9167
additiveEps 0.5
entropy 0.427067
archive 12
3
6 9  100 1000101011011101110001111110101001101110110101000010110100000001101000010101100011101000001101111000
5 10  100 1000101011011110110001111110101001101110110101000010110100000001101000010101100011101000001101111000
4 11  100 1000101011011101110001111110101001101110111010000010110100000001101000010101100011101000001101111000
runNumber 13
genCount 8116
elapsedTime 599.792
unaryHyperVol 390
binaryHyperVol 0
additiveEps 0
entropy 0.168124
archive 13
4
6 7  100 1000101011011101110001111110101001101110110101000010110111101001101000011101100011101000011101111000
5 8  100 1000101011011110110001111110101001101110110101000010110111101001101000011101100011101000011101111000
4 9  100 1000101011011101110001111110101001101110111010000010110111101001101000011101100011101000011101111000
3 10  100 1000101011011101110001111110101001101110111010000010110111101001101000011101100011101000011101111010
runNumber 14
genCount 7857
elapsedTime 600.023
unaryHyperVol 305
binaryHyperVol 37
additiveEps 0.666667
entropy 0.475082
archive 14
2
6 9  100 1000101011011101110000111110101001101110110101000001110111010111001000011101100011100000011101111000
5 10  100 1000101011011110110000111110101001101110110101000001110111010111001000011101100011100000011101111000
runNumber 15
genCount 7930
elapsedTime 599.69
unaryHyperVol 390
binaryHyperVol 0
additiveEps 0
entropy 0.168124
archive 15
4
6 7  100 1000101011011101110001111110101001101110110101000010110111101001101000011101100011101000011101111000
5 8  100 1000101011011110110001111110101001101110110101000010110111101001101000011101100011101000011101111000
4 9  100 1000101011011101110001111110101001101110111010000010110111101001101000011101100011101000011101111000
3 10  100 1000101011011101110001111110101001101110111010000010110111101001101000011101100011101000011101111010
runNumber 16
genCount 7961
elapsedTime 599.939
unaryHyperVol 390
binaryHyperVol 0
additiveEps 0
entropy 0.168124
archive 16
4
6 7  100 1000101011011101110001111110101001101110110101000010110111101001101000011101100011101000011101111000
5 8  100 1000101011011110110001111110101001101110110101000010110111101001101000011101100011101000011101111000
4 9  100 1000101011011101110001111110101001101110111010000010110111101001101000011101100011101000011101111000
3 10  100 1000101011011101110001111110101001101110111010000010110111101001101000011101100011101000011101111010
runNumber 17
genCount 7963
elapsedTime 599.855
unaryHyperVol 390
binaryHyperVol 0
additiveEps 0
entropy 0.168124
archive 17
4
6 7  100 1000101011011101110001111110101001101110110101000010110111101001101000011101100011101000011101111000
5 8  100 1000101011011110110001111110101001101110110101000010110111101001101000011101100011101000011101111000
4 9  100 1000101011011101110001111110101001101110111010000010110111101001101000011101100011101000011101111000
3 10  100 1000101011011101110001111110101001101110111010000010110111101001101000011101100011101000011101111010
runNumber 18
genCount 8022
elapsedTime 599.824
unaryHyperVol 390
binaryHyperVol 0
additiveEps 0
entropy 0.168124
archive 18
4
6 7  100 1000101011011101110001111110101001101110110101000010110111101001101000011101100011101000011101111000
5 8  100 1000101011011110110001111110101001101110110101000010110111101001101000011101100011101000011101111000
4 9  100 1000101011011101110001111110101001101110111010000010110111101001101000011101100011101000011101111000
3 10  100 1000101011011101110001111110101001101110111010000010110111101001101000011101100011101000011101111010
runNumber 19
genCount 7988
elapsedTime 599.85
unaryHyperVol 356
binaryHyperVol 14.1111
additiveEps 0.333333
entropy 0.470519
archive 19
3
6 7  100 1000101011011101110001111110101001101110110101000010110111101001101000011101100011101000011101111000
5 8  100 1000101011011110110001111110101001101110110101000010110111101001101000011101100011101000011101111000
4 10  100 1000101011011101110001111110101001101110110101111101110111101001101000011101100011101000011101111000
runNumber 20
genCount 8103
elapsedTime 599.731
unaryHyperVol 356
binaryHyperVol 14.1111
additiveEps 0.333333
entropy 0.509891
archive 20
2
6 7  100 1000010111011101000000001110101001101110110101000010110111101001101000011101100011101000011101111000
4 9  100 1000010111011101000000001110101001101110111010000010110111101001101000011101100011101000011101111000
runNumber 21
genCount 7848
elapsedTime 599.825
unaryHyperVol 379
binaryHyperVol 3.5
additiveEps 0.25
entropy 0.489829
archive 21
4
6 8  100 1000101011011101110001111101011001101110110101000010110111101001101000011101100011101000011101111000
5 9  100 1000101011011110110001111101011001101110110101000010110111101001101000011101100011101000011101111000
4 10  100 1000101011011101110001111101011001101110111010000010110111101001101000011101100011101000011101111000
3 11  100 1000101011011101110001111101011001101110111010000010110111101001101000011101100011101000011101111010
runNumber 22
genCount 8114
elapsedTime 599.859
unaryHyperVol 357
binaryHyperVol 14
additiveEps 0.333333
entropy 0.482558
archive 22
3
6 7  100 1000101011011101110001111110101001101110110101000010110111101001101000011101100011101000011101111000
5 8  100 1000101011011110110001111110101001101110110101000010110111101001101000011101100011101000011101111000
4 9  100 1000101011011101110001111110000101101110110101000010110111101001101000011101100011101000011101111000
runNumber 23
genCount 7942
elapsedTime 599.815
unaryHyperVol 356
binaryHyperVol 14.1111
additiveEps 0.333333
entropy 0.509891
archive 23
2
6 7  100 1000010111011101000000001110101001101110110101000010110111000001101000111101100011101000011101111000
4 9  100 1000010111011101000000001110101001101110110101010010110111000000101000111101100011101000011101111000
runNumber 24
genCount 8006
elapsedTime 599.764
unaryHyperVol 347
binaryHyperVol 18.5556
additiveEps 0.333333
entropy 0.427067
archive 24
3
6 8  100 1000101011011101110000111110101001010110110101000010110111101001101000011101100011100000011101111000
5 9  100 1000101011011110110000111110101001010110110101000010110111101001101000011101100011100000011101111000
4 10  100 1000101011011101110000111110101001010110111010000010110111101001101000011101100011100000011101111000
runNumber 25
genCount 8009
elapsedTime 599.988
unaryHyperVol 355
binaryHyperVol 14.2222
additiveEps 0.333333
entropy 0.449615
archive 25
3
6 7  100 1000000011011101110000101110101001101110110101000010110111101001101000011101100011100000011101111000
5 9  100 1000000011011110110011001110101001101110110101000010110111101001101000011101100011100000011101111000
4 10  100 1000000011011101110011001110101001101110111010000010110111101001101000011101100011100000011101111000
runNumber 26
genCount 8040
elapsedTime 599.846
unaryHyperVol 356
binaryHyperVol 14.1111
additiveEps 0.333333
entropy 0.509891
archive 26
2
6 7  100 1000010111011101000001111110101001101110110101000010110111101001101000011101100011101000011101111000
4 9  100 1000010111011101000001111110101001101110111010000010110111101001101000011101100011101000011101111000
runNumber 27
genCount 7993
elapsedTime 599.982
unaryHyperVol 390
binaryHyperVol 0
additiveEps 0
entropy 0.168124
archive 27
4
6 7  100 1000101011011101110001111110101001101110110101000010110111101001101000011101100011101000011101111000
5 8  100 1000101011011110110001111110101001101110110101000010110111101001101000011101100011101000011101111000
4 9  100 1000101011011101110001111110101001101110111010000010110111101001101000011101100011101000011101111000
3 10  100 1000101011011101110001111110101001101110111010000010110111101001101000011101100011101000011101111010
runNumber 28
genCount 8027
elapsedTime 599.638
unaryHyperVol 356
binaryHyperVol 14.1111
additiveEps 0.333333
entropy 0.509891
archive 28
2
6 7  100 1000010111011101000000001110101001101110110101000010110111101001101000011101100011101000011101111000
4 9  100 1000010111011101000000001110101001101110111010000010110111101001101000011101100011101000011101111000
runNumber 29
genCount 8023
elapsedTime 599.807
unaryHyperVol 357
binaryHyperVol 14
additiveEps 0.333333
entropy 0.482558
archive 29
3
6 7  100 1000101011011101110000111110101001101110110101000010110111101001101000011101100011100000011101111000
5 8  100 1000101011011110110000111110101001101110110101000010110111101001101000011101100011100000011101111000
4 9  100 1000101011011101110000111110101001101110111010000010110111101001101000011101100011100000011101111000
