OptimalFront
unaryHyperVol 290
4
6 9  100 0000101000000100010110000010001100110101000110011001010100000011010000110010100010101000101011110110
4 10  100 0000101000000100010110000010001100110101000110011001010100000011110000110010100010101000101011110110
3 11  100 0000101000000100010110000010001100110101000110011001010100000011011010110010100010101000101011110110
2 12  100 1010101000010001010110000010001100110101000110011001010100000011011010110010100010101000101011110101
-------------------------
runNumber 0
genCount 8553
elapsedTime 599.9
unaryHyperVol 280
binaryHyperVol 4.25
additiveEps 0.333333
entropy 0.449615
archive 0
3
6 10  100 0000101000010001010110000010001100110101000110011001010100000011010000110010100010101000101011110110
4 11  100 0000101000010001010110000010001100110101000110011001010100000011110000110010100010101000101011110110
2 12  100 0000101000010001010110000010001100110101000110011001010100000011011010110010100010101000101011110110
runNumber 1
genCount 8182
elapsedTime 602.524
unaryHyperVol 280
binaryHyperVol 4.25
additiveEps 0.333333
entropy 0.449615
archive 1
3
6 10  100 0000101000010001010110000010001100110101000110011001010100000011010000110010100010101000101011110110
4 11  100 0000101000010001010110000010001100110101000110011001010100000011110000110010100010101000101011110110
2 12  100 0000101000010001010110000010001100110101000110011001010100000011011010110010100010101000101011110110
runNumber 2
genCount 7979
elapsedTime 600.791
unaryHyperVol 290
binaryHyperVol 0
additiveEps 0
entropy 0.326045
archive 2
4
6 9  100 0000101000000100010110000010001100110101000110011001010100000011010000110010100010101000101011110110
4 10  100 0000101000000100010110000010001100110101000110011001010100000011110000110010100010101000101011110110
3 11  100 0000101000000100010110000010001100110101000110011001010100000011011010110010100010101000101011110110
2 12  100 0000101000010001010110000010001100110101000110011001010100000011011010110010100010101000101011110110
runNumber 3
genCount 8319
elapsedTime 600.134
unaryHyperVol 290
binaryHyperVol 0
additiveEps 0
entropy 0.326045
archive 3
4
6 9  100 0000101000000100010110000010001100110101000110011001010100000011010000110010100010101000101011110101
4 10  100 0000101000000100010110000010001100110101000110011001010100000011110000110010100010101000101011110101
3 11  100 0000101000000100010110000010001100110101000110011001010100000011011010110010100010101000101011110101
2 12  100 0000101000010001010110000010001100110101000110011001010100000011011010110010100010101000101011110101
runNumber 4
genCount 8409
elapsedTime 599.771
unaryHyperVol 246
binaryHyperVol 15.1875
additiveEps 0.5
entropy 0.427067
archive 4
3
6 11  100 0000011000001001010110000010001100110101000110011001010100011011010000110000000010101000001011110101
4 12  100 0000011000001001010110000010001100110101000110010001010100011011010000110000000010101000001011110101
3 13  100 0000011000001001010110000010001100110101000110011001010100011011011010110000000010101000001011110101
runNumber 5
genCount 8504
elapsedTime 599.545
unaryHyperVol 269
binaryHyperVol 6.4375
additiveEps 0.5
entropy 0.427067
archive 5
3
6 11  100 1010101000010001010110000010001100110101000110011001010100011011010000110010100010101000010111110101
4 12  100 1010101000010001010110000010001100110101000110010001010100011011010000110010100010101000010111110101
2 13  100 1010101000010001010110000010001100110101000110011001010100011011011010110010100010101000010111110101
runNumber 6
genCount 8193
elapsedTime 599.879
unaryHyperVol 289
binaryHyperVol 0.0833333
additiveEps 0.25
entropy 0.46166
archive 6
3
6 9  100 1010101000000101010110000010000000110101000110011001010100000011010000110010100010101000101011110101
4 10  100 1010101000000101010110000010000000110101000110010001010100000011010000110010100010101000101011110101
2 12  100 1010101000010001010110000010001100110101000110011001010100000011011010110010100010101000101011110101
runNumber 7
genCount 8072
elapsedTime 600.03
unaryHyperVol 290
binaryHyperVol 0
additiveEps 0
entropy 0.326045
archive 7
4
6 9  100 0000101000000100010110000010001100110101000110011001010100011011010000110010100010101000101011110110
4 10  100 0000101000000100010110000010001100110101000110010001010100011011010000110010100010101000101011110110
3 11  100 0000101000000100010110000010001100110101000110011001010100011011011010110010100010101000101011110110
2 12  100 0000101000010001010110000010001100110101000110011001010100011011011010110010100010101000101011110110
runNumber 8
genCount 8282
elapsedTime 599.873
unaryHyperVol 241
binaryHyperVol 17.5833
additiveEps 0.5
entropy 0.509891
archive 8
2
6 9  100 1010101000000101010110000010000000110101000110011001010100011011010000110010100010101000101011110101
4 10  100 1010101000000101010110000010000000110101000110010001010100011011010000110010100010101000101011110101
runNumber 9
genCount 8453
elapsedTime 599.942
unaryHyperVol 216
binaryHyperVol 29.9167
additiveEps 1
entropy 0
archive 9
1
4 12  100 1010101000010001010110000010001100110101000101111101010100000011110000110010100010101000101011110101
runNumber 10
genCount 8338
elapsedTime 599.962
unaryHyperVol 290
binaryHyperVol 0
additiveEps 0
entropy 0.326045
archive 10
4
6 9  100 0000101000000100010110000010001100110101000110011001010100011011010000110010100010101000101011110101
4 10  100 0000101000000100010110000010001100110101000110010001010100011011010000110010100010101000101011110101
3 11  100 0000101000000100010110000010001100110101000110011001010100011011011010110010100010101000101011110101
2 12  100 0000101000010001010110000010001100110101000110011001010100011011011010110010100010101000101011110101
runNumber 11
genCount 7938
elapsedTime 599.921
unaryHyperVol 290
binaryHyperVol 0
additiveEps 0
entropy 0.326045
archive 11
4
6 9  100 0000101000000100010110000010001100110101000110011001010100011011010000110010100010101000101011110101
4 10  100 0000101000000100010110000010001100110101000110010001010100011011010000110010100010101000101011110101
3 11  100 0000101000000100010110000010001100110101000110011001010100011011011010110010100010101000101011110101
2 12  100 0000101000010001010110000010001100110101000110011001010100011011011010110010100010101000101011110101
runNumber 12
genCount 8061
elapsedTime 599.949
unaryHyperVol 287
binaryHyperVol 0.25
additiveEps 0.333333
entropy 0.466276
archive 12
3
6 9  100 0000101000000111010110000010001100110101000110011001010100000011010000110010100010101000101011110110
4 11  100 0000101000010001010110000010001100110101000110011001010100000011110000110010100010101000101011110110
2 12  100 0000101000010001010110000010001100110101000110011001010100000011011010110010100010101000101011110110
runNumber 13
genCount 7996
elapsedTime 599.992
unaryHyperVol 280
binaryHyperVol 4.25
additiveEps 0.333333
entropy 0.449615
archive 13
3
6 10  100 1010101000010001010110000010001100110101000110011001010100000011010000110010100010101000101011110101
4 11  100 1010101000010001010110000010001100110101000110010001010100000011010000110010100010101000101011110101
2 12  100 1010101000010001010110000010001100110101000110011001010100000011011010110010100010101000101011110101
runNumber 14
genCount 8055
elapsedTime 599.842
unaryHyperVol 214
binaryHyperVol 27.0625
additiveEps 0.75
entropy 0.475082
archive 14
2
6 12  100 0101000000000101110110010010000000110101000110011001010100011011010000110010100010101000101011110101
4 13  100 0101000000000101110110010010000000110101000110010001010100011011010000110010100010101000101011110101
runNumber 15
genCount 8041
elapsedTime 599.941
unaryHyperVol 280
binaryHyperVol 4.25
additiveEps 0.333333
entropy 0.449615
archive 15
3
6 10  100 1010101000010001010110000010001100110101000110011001010100000011010000110010100010101000101011110110
4 11  100 1010101000010001010110000010001100110101000110011001010100000011110000110010100010101000101011110110
2 12  100 1010101000010001010110000010001100110101000110011001010100000011011010110010100010101000101011110110
runNumber 16
genCount 8157
elapsedTime 599.951
unaryHyperVol 280
binaryHyperVol 4.25
additiveEps 0.333333
entropy 0.449615
archive 16
3
6 10  100 0000101000010001010110000010001100110101000110011001010100000011010000110010100010101000101011110110
4 11  100 0000101000010001010110000010001100110101000110010001010100000011010000110010100010101000101011110110
2 12  100 0000101000010001010110000010001100110101000110011001010100000011011010110010100010101000101011110110
runNumber 17
genCount 8120
elapsedTime 599.95
unaryHyperVol 290
binaryHyperVol 0
additiveEps 0
entropy 0.326045
archive 17
4
6 9  100 0000101000000100010110000010001100110101000110011001010100000011010000110010100010101000101011110110
4 10  100 0000101000000100010110000010001100110101000110011001010100000011110000110010100010101000101011110110
3 11  100 0000101000000100010110000010001100110101000110011001010100000011011010110010100010101000101011110110
2 12  100 0000101000010001010110000010001100110101000110011001010100000011011010110010100010101000101011110110
runNumber 18
genCount 8231
elapsedTime 599.888
unaryHyperVol 280
binaryHyperVol 4.25
additiveEps 0.333333
entropy 0.449615
archive 18
3
6 10  100 1010101000010001010110000010001100110101000110011001010100000011010000110010100010101000101011110110
4 11  100 1010101000010001010110000010001100110101000110011001010100000011110000110010100010101000101011110110
2 12  100 1010101000010001010110000010001100110101000110011001010100000011011010110010100010101000101011110110
runNumber 19
genCount 8107
elapsedTime 599.857
unaryHyperVol 280
binaryHyperVol 4.25
additiveEps 0.333333
entropy 0.449615
archive 19
3
6 10  100 1010101000010001010110000010001100110101000110011001010100000011010000110010100010101000101011110101
4 11  100 1010101000010001010110000010001100110101000110011001010100000011110000110010100010101000101011110101
2 12  100 1010101000010001010110000010001100110101000110011001010100000011011010110010100010101000101011110101
runNumber 20
genCount 8049
elapsedTime 599.765
unaryHyperVol 290
binaryHyperVol 0
additiveEps 0
entropy 0.326045
archive 20
4
6 9  100 0000101000000100010110000010001100110101000110011001010100011011010000110010100010101000101011110101
4 10  100 0000101000000100010110000010001100110101000110010001010100011011010000110010100010101000101011110101
3 11  100 0000101000000100010110000010001100110101000110011001010100011011011010110010100010101000101011110101
2 12  100 0000101000010001010110000010001100110101000110011001010100011011011010110010100010101000101011110101
runNumber 21
genCount 8131
elapsedTime 599.972
unaryHyperVol 279
binaryHyperVol 3.25
additiveEps 0.25
entropy 0.437537
archive 21
4
6 10  100 0000101000000100010110000010001100110101000110011001010100011011010000110010100010101000010111110101
4 11  100 0000101000000100010110000010001100110101000110010001010100011011010000110010100010101000010111110101
3 12  100 0000101000000100010110000010001100110101000110011001010100011011011010110010100010101000010111110101
2 13  100 0000101000010001010110000010001100110101000110011001010100011011011010110010100010101000010111110101
runNumber 22
genCount 8078
elapsedTime 599.822
unaryHyperVol 290
binaryHyperVol 0
additiveEps 0
entropy 0.326045
archive 22
4
6 9  100 0000101000000100010110000010001100110101000110011001010100000011010000110010100010101000101011110101
4 10  100 0000101000000100010110000010001100110101000110011001010100000011110000110010100010101000101011110101
3 11  100 0000101000000100010110000010001100110101000110011001010100000011011010110010100010101000101011110101
2 12  100 0000101000010001010110000010001100110101000110011001010100000011011010110010100010101000101011110101
runNumber 23
genCount 8101
elapsedTime 599.894
unaryHyperVol 287
binaryHyperVol 0.25
additiveEps 0.333333
entropy 0.466276
archive 23
3
6 9  100 1010101000000111010110000010001100110101000110011001010100000011010000110010100010101000101011110101
4 11  100 1010101000010001010110000010001100110101000110011001010100000011110000110010100010101000101011110101
2 12  100 1010101000010001010110000010001100110101000110011001010100000011011010110010100010101000101011110101
runNumber 24
genCount 8099
elapsedTime 599.857
unaryHyperVol 256
binaryHyperVol 13
additiveEps 0.333333
entropy 0.427067
archive 24
3
6 10  100 0000011000000100010110000010001100110101000110011001010100011011010000110010100010101000010111110101
4 11  100 0000011000000100010110000010001100110101000110010001010100011011010000110010100010101000010111110101
3 12  100 0000011000000100010110000010001100110101000110011001010100011011011010110010100010101000010111110101
runNumber 25
genCount 8040
elapsedTime 599.899
unaryHyperVol 290
binaryHyperVol 0
additiveEps 0
entropy 0.326045
archive 25
4
6 9  100 0000101000000100010110000010001100110101000110011001010100011011010000110010100010101000101011110101
4 10  100 0000101000000100010110000010001100110101000110010001010100011011010000110010100010101000101011110101
3 11  100 0000101000000100010110000010001100110101000110011001010100011011011010110010100010101000101011110101
2 12  100 0000101000010001010110000010001100110101000110011001010100011011011010110010100010101000101011110101
runNumber 26
genCount 8153
elapsedTime 599.865
unaryHyperVol 280
binaryHyperVol 4.25
additiveEps 0.333333
entropy 0.449615
archive 26
3
6 10  100 1010101000010001010110000010001100110101000110011001010100011011010000110010100010101000101011110100
4 11  100 1010101000010001010110000010001100110101000110010001010100011011010000110010100010101000101011110110
2 12  100 1010101000010001010110000010001100110101000110011001010100011011011010110010100010101000101011110110
runNumber 27
genCount 8178
elapsedTime 599.905
unaryHyperVol 289
binaryHyperVol 0.0833333
additiveEps 0.25
entropy 0.46166
archive 27
3
6 9  100 1010101000000101010110000010000000110101000110011001010100000011010000110010100010101000101011110110
4 10  100 1010101000000101010110000010000000110101000110010001010100000011010000110010100010101000101011110110
2 12  100 1010101000010001010110000010001100110101000110011001010100000011011010110010100010101000101011110110
runNumber 28
genCount 8289
elapsedTime 599.984
unaryHyperVol 290
binaryHyperVol 0
additiveEps 0
entropy 0.326045
archive 28
4
6 9  100 0000101000000100010110000010001100110101000110011001010100011011010000110010100010101000101011110101
4 10  100 0000101000000100010110000010001100110101000110010001010100011011010000110010100010101000101011110101
3 11  100 0000101000000100010110000010001100110101000110011001010100011011011010110010100010101000101011110101
2 12  100 0000101000010001010110000010001100110101000110011001010100011011011010110010100010101000101011110101
runNumber 29
genCount 8408
elapsedTime 599.954
unaryHyperVol 269
binaryHyperVol 6.4375
additiveEps 0.5
entropy 0.427067
archive 29
3
6 11  100 1010101000010001010110000010001100110101000110011001010100000011010000110010100010101000010111110110
4 12  100 1010101000010001010110000010001100110101000110011001010100000011110000110010100010101000010111110110
2 13  100 1010101000010001010110000010001100110101000110011001010100000011011010110010100010101000010111110110
