OptimalFront
unaryHyperVol 344
3
5 8  100 0101000000010111001001110111010111110110000000101010111011000110001110001010100011010110101010101010
4 9  100 0101000000010111001001110101010111110110000000101010111011000110001110001010100011010110101010101010
3 11  100 0100000001010100010000110111010111110110000000101010111011000110001110001010100011010110101010101010
-------------------------
runNumber 0
genCount 8252
elapsedTime 599.953
unaryHyperVol 315
binaryHyperVol 12.3333
additiveEps 0.333333
entropy 0.466242
archive 0
3
6 8  100 0001000000010111010000110111010101110110000000101010111011000110001110001010100011010110101010101010
5 9  100 0001000000010111010000110111010101010110000000101010111011000110001110001010100011010110101010101010
4 11  100 0001000000010111000000110101010101010110000000101010111011000110001110001010100011010110101010101010
runNumber 1
genCount 8215
elapsedTime 599.988
unaryHyperVol 220
binaryHyperVol 50.7143
additiveEps 1
entropy 0
archive 1
1
5 15  100 1101000000010011011001110111010111110110000000101010111000010110001110000100010011000011000000101010
runNumber 2
genCount 7981
elapsedTime 600.035
unaryHyperVol 342
binaryHyperVol 0.222222
additiveEps 0.333333
entropy 0.477931
archive 2
4
6 8  100 0001000000010101010000110111010111110110000000101010111011000110001110001010100011010110101010101010
5 9  100 0011000000010100010000110111010111110110000000101010111011000110001110001010100011010110101010101010
4 10  100 0011000000010100010000110101010111110110000000101010111011000110001110001010100011010110101010101010
3 11  100 0100000001010100010000110111010111110110000000101010111011000110001110001010100011010110101010101010
runNumber 3
genCount 8128
elapsedTime 599.89
unaryHyperVol 330
binaryHyperVol 3.91667
additiveEps 0.333333
entropy 0.454208
archive 3
4
6 9  100 0001100100010101011001000111010111110110000000101010111011000110001110001010100011010110101010101010
5 10  100 0000100100010100011001000111010111110110000000101010111011000110001110001010100011010110101010101010
4 11  100 0000100100010100011001000101010111110110000000101010111011000110001110001010100011010110101010101010
3 12  100 0100100101010100011001000111010111110110000000101010111011000110001110001010100011010110101010101010
runNumber 4
genCount 8528
elapsedTime 599.966
unaryHyperVol 330
binaryHyperVol 3.91667
additiveEps 0.333333
entropy 0.454208
archive 4
4
6 9  100 0001100100010101011001000111010111110110000000101010111011000110001110001010100011010110101010101010
5 10  100 0000100100010100011001000111010111110110000000101010111011000110001110001010100011010110101010101010
4 11  100 0000100100010100011001000101010111110110000000101010111011000110001110001010100011010110101010101010
3 12  100 0100100101010100011001000111010111110110000000101010111011000110001110001010100011010110101010101010
runNumber 5
genCount 8259
elapsedTime 599.906
unaryHyperVol 315
binaryHyperVol 12.3333
additiveEps 0.333333
entropy 0.466242
archive 5
3
6 8  100 0001000000010111010000110111010101110110000000101010111011000110001110001010100011010110101010101010
5 9  100 0001000000010111000000110111010101110110000000101010111011000110001110001010100011010110101010101010
4 11  100 0001000000010111000000110101010101010110000000101010111011000110001110001010100011010110101010101010
runNumber 6
genCount 8190
elapsedTime 600
unaryHyperVol 342
binaryHyperVol 0.222222
additiveEps 0.333333
entropy 0.477931
archive 6
4
6 8  100 0001000000010101010000110111010111110110000000101010111011000110001110001010100011010110101010101010
5 9  100 0000000000010000010000110111010111110110000000101010111011000110001110001010100011010110101010101010
4 10  100 0000000000010000010000110101010111110110000000101010111011000110001110001010100011010110101010101010
3 11  100 0100000001010100010000110111010111110110000000101010111011000110001110001010100011010110101010101010
runNumber 7
genCount 8019
elapsedTime 599.871
unaryHyperVol 305
binaryHyperVol 17.1111
additiveEps 0.333333
entropy 0.449615
archive 7
3
6 9  100 0001000000010101010000110111010111110110000000101010111000010110001110001010100011010110011010101010
5 10  100 0011000000010100010000110111010111110110000000101010111000010110001110001010100011010110011010101010
4 11  100 0011000000010100010000110101010111110110000000101010111000010110001110001010100011010110011010101010
runNumber 8
genCount 8273
elapsedTime 599.997
unaryHyperVol 318
binaryHyperVol 18
additiveEps 0.5
entropy 0.488066
archive 8
2
5 8  100 0101000000010111001001110111010111110110000000101010111011000110001110001010100011010110101010101010
4 9  100 0101000000010111001001110101010111110110000000101010111011000110001110001010100011010110101010101010
runNumber 9
genCount 8221
elapsedTime 600.009
unaryHyperVol 285
binaryHyperVol 29
additiveEps 0.75
entropy 0.49717
archive 9
2
5 11  100 0101000000010111001001110111010111110110000000101010111011000001001110000001000011010110011010101010
4 12  100 0101000000010111001001110101010111110110000000101010111011000001001110000001000011010110011010101010
runNumber 10
genCount 8230
elapsedTime 599.845
unaryHyperVol 230
binaryHyperVol 50.6667
additiveEps 1
entropy 0
archive 10
1
5 14  100 0001000000010111001010110111010111110110000000101010111000110110000110000100100010010101101010010101
runNumber 11
genCount 8121
elapsedTime 599.935
unaryHyperVol 342
binaryHyperVol 0.222222
additiveEps 0.333333
entropy 0.477931
archive 11
4
6 8  100 0001000000010111010000110111010101110110000000101010111011000110001110001010100011010110101010101010
5 9  100 0001000000010111010000110111010101010110000000101010111011000110001110001010100011010110101010101010
4 10  100 0011000000010100010000110101010111110110000000101010111011000110001110001010100011010110101010101010
3 11  100 0100000001010100010000110111010111110110000000101010111011000110001110001010100011010110101010101010
runNumber 12
genCount 8277
elapsedTime 599.919
unaryHyperVol 285
binaryHyperVol 29
additiveEps 0.75
entropy 0.49717
archive 12
2
5 11  100 0101000000010111001001110111010111110110000000101010111011000001001110000001000011010110011010101010
4 12  100 0101000000010111001001110101010111110110000000101010111011000001001110000001000011010110011010101010
runNumber 13
genCount 8330
elapsedTime 599.921
unaryHyperVol 296
binaryHyperVol 27.6667
additiveEps 0.666667
entropy 0.49717
archive 13
2
5 10  100 0001000000010011010000110111010111110110000000101010111000010110001110000100010011010110101010101010
4 11  100 0001000000010011010000110101010111110110000000101010111000010110001110000100010011010110101010101010
runNumber 14
genCount 8178
elapsedTime 599.93
unaryHyperVol 305
binaryHyperVol 17.1111
additiveEps 0.333333
entropy 0.449615
archive 14
3
6 9  100 0001000000010101010000110111010111110110000000101010111000010110001110001010100011010110011010101010
5 10  100 0000000000010000010000110111010111110110000000101010111000010110001110001010100011010110011010101010
4 11  100 0000000000010000010000110101010111110110000000101010111000010110001110001010100011010110011010101010
runNumber 15
genCount 8326
elapsedTime 599.989
unaryHyperVol 252
binaryHyperVol 30.7143
additiveEps 0.857143
entropy 0.49717
archive 15
2
5 14  100 0001000000010011010000110111010111110110000000101010111000010110001110000100010011010100010111110101
4 15  100 0001000000010011010000110101010111110110000000101010111000010110001110000100010011010100010111110101
runNumber 16
genCount 8228
elapsedTime 599.949
unaryHyperVol 330
binaryHyperVol 3.91667
additiveEps 0.333333
entropy 0.454208
archive 16
4
6 9  100 0001100100010101011001000111010111110110000000101010111011000110001110001010100011010110101010101010
5 10  100 0000100100010000011001000111010111110110000000101010111011000110001110001010100011010110101010101010
4 11  100 0000100100010000011001000101010111110110000000101010111011000110001110001010100011010110101010101010
3 12  100 0100100101010100011001000111010111110110000000101010111011000110001110001010100011010110101010101010
runNumber 17
genCount 8607
elapsedTime 599.946
unaryHyperVol 260
binaryHyperVol 50.3333
additiveEps 1
entropy 0
archive 17
1
5 11  100 0001000000010011010000110111010111110110000000101010111011000110001100011100010011010101101010101010
runNumber 18
genCount 8311
elapsedTime 599.793
unaryHyperVol 285
binaryHyperVol 29
additiveEps 0.75
entropy 0.49717
archive 18
2
5 11  100 0001100100010011011001000111010111110110000000101010111000010110001110000100010011010110101010101010
4 12  100 0001100100010011011001000101010111110110000000101010111000010110001110000100010011010110101010101010
runNumber 19
genCount 8271
elapsedTime 600.018
unaryHyperVol 318
binaryHyperVol 18
additiveEps 0.5
entropy 0.488066
archive 19
2
5 8  100 0101000000010111001001110111010111110110000000101010111011000110001110001010100011010110101010101010
4 9  100 0101000000010111001001110101010111110110000000101010111011000110001110001010100011010110101010101010
runNumber 20
genCount 8362
elapsedTime 599.913
unaryHyperVol 318
binaryHyperVol 18
additiveEps 0.5
entropy 0.488066
archive 20
2
5 8  100 0101000000010111001001110111010111110110000000101010111011000110001110001010100011010110101010101010
4 9  100 0101000000010111001001110101010111110110000000101010111011000110001110001010100011010110101010101010
runNumber 21
genCount 8321
elapsedTime 599.972
unaryHyperVol 318
binaryHyperVol 18
additiveEps 0.5
entropy 0.488066
archive 21
2
5 8  100 0101000000010111001001110111010111110110000000101010111011000110001110001010100011010110101010101010
4 9  100 0101000000010111001001110101010111110110000000101010111011000110001110001010100011010110101010101010
runNumber 22
genCount 8508
elapsedTime 599.822
unaryHyperVol 296
binaryHyperVol 27.6667
additiveEps 0.666667
entropy 0.49717
archive 22
2
5 10  100 0001000000010011010000110111010111110110000000101010111000010110001110000100010011010110101010101010
4 11  100 0001000000010011010000110101010111110110000000101010111000010110001110000100010011010110101010101010
runNumber 23
genCount 8424
elapsedTime 600.046
unaryHyperVol 250
binaryHyperVol 50.5
additiveEps 1
entropy 0
archive 23
1
5 12  100 0001000000010011001010110111010111110110000000101010111011000110000110001010100010010101101010010101
runNumber 24
genCount 8347
elapsedTime 599.945
unaryHyperVol 209
binaryHyperVol 37.2963
additiveEps 0.888889
entropy 0.49717
archive 24
2
6 16  100 0001101000010011011010110111010111110110000000011010111011000110000110000000011010010101000000010101
5 17  100 0001101000010011011010110111010111110110000000101010111011000001000110000000011010010101000000010101
runNumber 25
genCount 8161
elapsedTime 599.992
unaryHyperVol 315
binaryHyperVol 12.3333
additiveEps 0.333333
entropy 0.466242
archive 25
3
6 8  100 0001000000010111010000110111010101110110000000101010111011000110001110001010100011010110101010101010
5 9  100 0001000000010111000000110111010101110110000000101010111011000110001110001010100011010110101010101010
4 11  100 0001000000010111000000110101010101010110000000101010111011000110001110001010100011010110101010101010
runNumber 26
genCount 8292
elapsedTime 600.021
unaryHyperVol 342
binaryHyperVol 0.222222
additiveEps 0.333333
entropy 0.477931
archive 26
4
6 8  100 0001000000010101010000110111010111110110000000101010111011000110001110001010100011010110101010101010
5 9  100 0000000000010100010000110111010111110110000000101010111011000110001110001010100011010110101010101010
4 10  100 0000000000010100010000110101010111110110000000101010111011000110001110001010100011010110101010101010
3 11  100 0100000001010100010000110111010111110110000000101010111011000110001110001010100011010110101010101010
runNumber 27
genCount 8075
elapsedTime 599.915
unaryHyperVol 294
binaryHyperVol 19.5833
additiveEps 0.5
entropy 0.449615
archive 27
3
6 10  100 0001000000010101010000110111010111110110000000101010111000010110001110000100100011010110101010101010
5 11  100 0000000000010000010000110111010111110110000000101010111000010110001110000100100011010110101010101010
4 12  100 0000000000010000010000110101010111110110000000101010111000010110001110000100100011010110101010101010
runNumber 28
genCount 8327
elapsedTime 600.051
unaryHyperVol 295
binaryHyperVol 25.5
additiveEps 0.5
entropy 0.49717
archive 28
2
5 10  100 0001000000010111001010110111010111110110000000101010111011000110001100011010100011010100101010101010
4 12  100 0001000000010111001010110101010111110110000000101010111011000110001100011010100011010000101010101010
runNumber 29
genCount 8354
elapsedTime 599.815
unaryHyperVol 285
binaryHyperVol 29
additiveEps 0.75
entropy 0.49717
archive 29
2
5 11  100 0001100100010011011001000111010111110110000000101010111000010110001110000100010011010110101010101010
4 12  100 0001100100010011011001000101010111110110000000101010111000010110001110000100010011010110101010101010
