OptimalFront
unaryHyperVol 367
4
8 10  100 1001001001110000010000111001011111010111101001000110101101011000001110101110000001101011011001001010
6 11  100 1001001001110000010000110101011111010111100101000110101101011000001110101110000001101011011001001010
4 12  100 1001000101110000010000001001011111010111101001000110101101011000001110101110000001101011011001001010
3 14  100 1001001001110000010000111010101111100111101001000110101101011000001110101110000001100001011001001001
-------------------------
runNumber 0
genCount 8425
elapsedTime 600.024
unaryHyperVol 332
binaryHyperVol 11.45
additiveEps 0.25
entropy 0.427067
archive 0
3
7 11  100 1001111001110000001001111001011111010111101001000110101101011000001110101110000001100001011001001001
5 12  100 1001111001110000001001110101011111010111101001000110101101011000001110101110000001100001011001001001
4 13  100 0101111000110000001001111001011111010111101001000110101101011000001110101110000001100001011001001001
runNumber 1
genCount 8555
elapsedTime 599.968
unaryHyperVol 272
binaryHyperVol 25.7667
additiveEps 0.666667
entropy 0.427067
archive 1
3
7 14  100 1001111001110000001001111010101111100111010101000110100001011000001110101110000001100000011001001010
6 15  100 1001111001110000001001111010101111100111010101000110101111011000001110001110000001100000011001001010
5 16  100 1101111000110000001001111010101111100111100101000110101111011000001110001110000001100000011001001010
runNumber 2
genCount 8592
elapsedTime 599.903
unaryHyperVol 312
binaryHyperVol 19.15
additiveEps 0.75
entropy 0
archive 2
1
4 13  100 1001111001110000000000111010101101010111100101000110101101011000000110101110000001010111011001001010
runNumber 3
genCount 8329
elapsedTime 599.975
unaryHyperVol 356
binaryHyperVol 3.12
additiveEps 0.2
entropy 0.44453
archive 3
4
7 11  100 1001111001110000001001111001011111010111101001000110101101011000001110101110000001100001011001001001
5 12  100 1001111001110000001001110101011111010111101001000110101101011000001110101110000001100001011001001001
4 13  100 1001110101110000001001001001011111010111101001000110101101011000001110101110000001100001011001001001
3 15  100 1001110101110000001001001010101111010111101001000110101101011000001110101110000001100001011001001001
runNumber 4
genCount 8487
elapsedTime 600.011
unaryHyperVol 312
binaryHyperVol 19.15
additiveEps 0.75
entropy 0
archive 4
1
4 13  100 1001111001110000001010111001011111010111101001000110101101011000000110101110000001010101011001001001
runNumber 5
genCount 8435
elapsedTime 599.944
unaryHyperVol 324
binaryHyperVol 15.2
additiveEps 0.5
entropy 0
archive 5
1
4 12  100 1001110001010100010000111001011111010111101001000110101101011000001110101101000001100011011001001010
runNumber 6
genCount 8208
elapsedTime 600.02
unaryHyperVol 341
binaryHyperVol 7.65
additiveEps 0.2
entropy 0.440273
archive 6
4
8 10  100 1001110001110000010000111001011111010111100101000110101101011000001110101110000001101011011001001010
6 11  100 1001110001110000010000110101011111010111100101000110101101011000001110101110000001101011011001001010
5 12  100 1001110011000000010000111001011111010111100101000110101101011000001110101110000001101011011001001010
4 13  100 1001110011000000010001111001011111010111100101000110101101011000001110101110000001101011011001001010
runNumber 7
genCount 8844
elapsedTime 599.976
unaryHyperVol 330
binaryHyperVol 9.52
additiveEps 0.6
entropy 0.475082
archive 7
2
7 13  100 1001111001110000001001111010101111100111101001000110101101011000001110101110000001100001011001001001
3 15  100 1001110101110000001001001010101111100111101001000110101101011000001110101110000001100001011001001001
runNumber 8
genCount 8251
elapsedTime 599.914
unaryHyperVol 341
binaryHyperVol 7.65
additiveEps 0.2
entropy 0.440273
archive 8
4
8 10  100 1001001001110000010000111001011111010111101001000110101101011000001110101110000001101011011001001010
6 11  100 1001001001110000010000110101011111010111101001000110101101011000001110101110000001101011011001001010
5 12  100 0101001000110000010000111001011111010111101001000110101101011000001110101110000001101011011001001010
4 13  100 0101001000110000010001111001011111010111101001000110101101011000001110101110000001101011011001001010
runNumber 9
genCount 8223
elapsedTime 599.982
unaryHyperVol 340
binaryHyperVol 7.7
additiveEps 0.2
entropy 0.468439
archive 9
4
8 10  100 1001110001110000010000111001011111010111100101000110101101011000001110101110000001101011011001001010
7 11  100 1001110001110000010001111001011111010111100101000110101101011000001110101110000001101011011001001010
5 12  100 0101110000110000010000111001011111010111100101000110101101011000001110101110000001101011011001001010
4 13  100 0101110000110000010001111001011111010111100101000110101101011000001110101110000001101011011001001010
runNumber 10
genCount 8154
elapsedTime 600.02
unaryHyperVol 341
binaryHyperVol 7.65
additiveEps 0.2
entropy 0.440273
archive 10
4
8 10  100 1001110001110000010000111001011111010111101001000110101101011000001110101110000001101011011001001010
6 11  100 1001110001110000010000110101011111010111101001000110101101011000001110101110000001101011011001001010
5 12  100 1001110001110000010001110101011111010111101001000110101101011000001110101110000001101011011001001010
4 13  100 1001110001110000010000111001011111010111101001000110101101011000000000011110000001100000011001001010
runNumber 11
genCount 8464
elapsedTime 599.984
unaryHyperVol 331
binaryHyperVol 9.48
additiveEps 0.6
entropy 0.427067
archive 11
3
7 13  100 1001111001110000001001111010101111100111100101000110101101011000001110101110000001100001011001001001
6 14  100 1001111001110000001001111010101111100111010101000110101101011000001110101110000001100001011001001001
3 15  100 1001110101110000001001001010101111100111100101000110101101011000001110101110000001100001011001001001
runNumber 12
genCount 8314
elapsedTime 599.914
unaryHyperVol 305
binaryHyperVol 17.16
additiveEps 0.6
entropy 0.427067
archive 12
3
8 13  100 1000111001110001110000111010101111100111101001000110101101011000001110101110000001101011011001001010
7 14  100 1000111001110001110001111010101111100111101001000110101101011000001110101110000001101011011001001010
4 15  100 1000110101110001110000001010101111100111101001000110101101011000001110101110000001101011011001001010
runNumber 13
genCount 8463
elapsedTime 599.991
unaryHyperVol 332
binaryHyperVol 11.45
additiveEps 0.25
entropy 0.427067
archive 13
3
7 11  100 1001111001110000001001111001011111010111101001000110101101011000001110101110000001100001011001001001
5 12  100 1001111001110000001001110101011111010111101001000110101101011000001110101110000001100001011001001001
4 13  100 0101111000110000001001111001011111010111101001000110101101011000001110101110000001100001011001001001
runNumber 14
genCount 8539
elapsedTime 599.997
unaryHyperVol 312
binaryHyperVol 19.15
additiveEps 0.75
entropy 0
archive 14
1
4 13  100 1001111001110000001010111001011111010111100101000110101101011000000110100110000001010011001001001010
runNumber 15
genCount 8531
elapsedTime 599.971
unaryHyperVol 331
binaryHyperVol 9.48
additiveEps 0.6
entropy 0.427067
archive 15
3
7 13  100 1001111001110000001001111010101111100111100101000110101101011000001110101110000001100001011001001001
6 14  100 1001111001110000001001111010101111100111010101000110101101011000001110101110000001100001011001001001
3 15  100 1001110101110000001001001010101111100111100101000110101101011000001110101110000001100001011001001001
runNumber 16
genCount 8703
elapsedTime 599.928
unaryHyperVol 300
binaryHyperVol 23.1
additiveEps 1
entropy 0
archive 16
1
4 14  100 1001110001110000010000111001011111010111101001000110101101011000001110101110000000010111011001010000
runNumber 17
genCount 8052
elapsedTime 600.011
unaryHyperVol 366
binaryHyperVol 0.04
additiveEps 0.2
entropy 0.409718
archive 17
4
8 10  100 1001001001110000010000111001011111010111101001000110101101011000001110101110000001101011011001001010
6 11  100 1001001001110000010000110101011111010111101001000110101101011000001110101110000001101011011001001010
4 12  100 1001000101110000010000001001011111010111101001000110101101011000001110101110000001101011011001001010
3 15  100 1001000101110000010001001010101111010111101001000110101101011000001110101110000001101011011001001010
runNumber 18
genCount 8080
elapsedTime 599.958
unaryHyperVol 366
binaryHyperVol 0.04
additiveEps 0.2
entropy 0.409718
archive 18
4
8 10  100 1001001001110000010000111001011111010111101001000110101101011000001110101110000001101011011001001010
6 11  100 1001001001110000010000110101011111010111101001000110101101011000001110101110000001101011011001001010
4 12  100 1001000101110000010000001001011111010111101001000110101101011000001110101110000001101011011001001010
3 15  100 1001000101110000010001001010101111010111101001000110101101011000001110101110000001101011011001001010
runNumber 19
genCount 8079
elapsedTime 599.963
unaryHyperVol 302
binaryHyperVol 16.75
additiveEps 0.333333
entropy 0.427067
archive 19
3
9 11  100 1001111001110000001001111001011111010111100101000110101101010000001110101101110001100011011001001010
7 12  100 1001111001110000001001111001011111010111100101000110101101010001001110101101110001100011011001001010
5 13  100 1001111001110000001001110101011111010111100101000110101101010001001110101101110001100011011001001010
runNumber 20
genCount 8105
elapsedTime 599.948
unaryHyperVol 341
binaryHyperVol 6.4
additiveEps 0.4
entropy 0.509891
archive 20
4
8 12  100 1001001001110000010000111010101111100111101001000110101101011000001110101110000001101011011001001010
7 13  100 1001001001110000010001111010101111100111101001000110101101011000001110101110000001101011011001001010
4 14  100 1001000101110000010000001010101111100111101001000110101101011000001110101110000001101011011001001010
3 15  100 1001000101110000010001001010101111100111101001000110101101011000001110101110000001101011011001001010
runNumber 21
genCount 8290
elapsedTime 600.028
unaryHyperVol 329
binaryHyperVol 11.6
additiveEps 0.25
entropy 0.427067
archive 21
3
8 11  100 1001111001110000000000111010101101010111100101000110101101011000001110101110000001101011011001001010
7 12  100 1001111001110000000001111010101101010111100101000110101101011000001110101110000001101011011001001010
4 13  100 1001110101110000000000001010101101010111100101000110101101011000001110101110000001101011011001001010
runNumber 22
genCount 8348
elapsedTime 599.913
unaryHyperVol 366
binaryHyperVol 0.04
additiveEps 0.2
entropy 0.409718
archive 22
4
8 10  100 1001001001110000010000111001011111010111101001000110101101011000001110101110000001101011011001001010
6 11  100 1001001001110000010000110101011111010111101001000110101101011000001110101110000001101011011001001010
4 12  100 1001000101110000010000001001011111010111101001000110101101011000001110101110000001101011011001001010
3 15  100 1001000101110000010001001010101111010111101001000110101101011000001110101110000001101011011001001010
runNumber 23
genCount 8245
elapsedTime 600.008
unaryHyperVol 332
binaryHyperVol 11.45
additiveEps 0.25
entropy 0.427067
archive 23
3
7 11  100 1001111001110000001001111001011111010111101001000110101101011000001110101110000001100001011001001001
5 12  100 1001111001110000001001110101011111010111101001000110101101011000001110101110000001100001011001001001
4 13  100 1001110101110000001001001001011111010111101001000110101101011000001110101110000001100001011001001001
runNumber 24
genCount 8625
elapsedTime 599.983
unaryHyperVol 300
binaryHyperVol 23.1
additiveEps 1
entropy 0
archive 24
1
4 14  100 1001001001110000010000111010101111100111101001000110101101011000000110101110000001010111011001001010
runNumber 25
genCount 8011
elapsedTime 599.93
unaryHyperVol 329
binaryHyperVol 11.6
additiveEps 0.25
entropy 0.427067
archive 25
3
8 11  100 1001111001110000000000111010101101010111100101000110101101011000001110101110000001101011011001001010
7 12  100 1001111001110000000001111010101101010111100101000110101101011000001110101110000001101011011001001010
4 13  100 1001111001110000000000111010101101010111100101000110101101011000001110101110000001100001011001001001
runNumber 26
genCount 8376
elapsedTime 600.021
unaryHyperVol 356
binaryHyperVol 3.12
additiveEps 0.2
entropy 0.44453
archive 26
4
7 11  100 1001111001110000001001111001011111010111101001000110101101011000001110101110000001100001011001001001
5 12  100 1001111001110000001001110101011111010111101001000110101101011000001110101110000001100001011001001001
4 13  100 1001110101110000001001001001011111010111101001000110101101011000001110101110000001100001011001001001
3 15  100 1001110101110000001001001010101111010111101001000110101101011000001110101110000001100001011001001001
runNumber 27
genCount 8174
elapsedTime 599.924
unaryHyperVol 329
binaryHyperVol 11.6
additiveEps 0.25
entropy 0.430357
archive 27
4
8 11  100 1000111001110001110000111001011111010111100101000110101101011000001110101110000001101011011001001010
6 12  100 1000111001110001110000110101011111010111100101000110101101011000001110101110000001101011011001001010
5 13  100 0100111000110001110000111001011111010111100101000110101101011000001110101110000001101011011001001010
4 14  100 0100111000110001110001111001011111010111100101000110101101011000001110101110000001101011011001001010
runNumber 28
genCount 8650
elapsedTime 599.975
unaryHyperVol 318
binaryHyperVol 15.5
additiveEps 0.5
entropy 0.475082
archive 28
2
7 12  100 1001111001110000001001111001011111010111101001000110101101011000000000011110000001100000011001001010
4 14  100 1001110101110000001001001001011111010111101001000110101101011000000000011110000001100000011001001010
runNumber 29
genCount 8214
elapsedTime 599.957
unaryHyperVol 305
binaryHyperVol 15.6
additiveEps 0.5
entropy 0.446543
archive 29
4
8 13  100 1001001001110000000000111001010001010111101001000110101101011000001101011110000001101010011001001001
6 14  100 1001001001110000000000110101010001010111101001000110101101011000001101011110000001101010011001001001
5 15  100 1001001001110000000001110101010001010111101001000110101101011000001101011110000001101010011001001001
4 16  100 1000110101110010000000001001010001010111101001000110101101011000001101011110000001101010011001001001
