OptimalFront
unaryHyperVol 394
2
6 10  100 1101101001110000001001110101011111100111100101000111101101011000001001101101000001100011011001001110
4 11  100 0101101001110000001010111001011111101011100101000111101101011000000101101101000001010011011001001110
-------------------------
runNumber 0
genCount 8234
elapsedTime 599.952
unaryHyperVol 360
binaryHyperVol 11
additiveEps 0.5
entropy 0.509891
archive 0
2
8 10  100 1101101001110000000000111001011110101011100101000101101101011000001001101111000001101011011001001110
5 11  100 1101101001110000000000111001011110101011100101000101101101011000001001101101000001100011011001001110
runNumber 1
genCount 8225
elapsedTime 599.962
unaryHyperVol 393
binaryHyperVol 0.25
additiveEps 0.5
entropy 0.349763
archive 1
3
6 10  100 1101101001110000001001110101011111100111100101000111101101011000001001101101000001100011011001001110
5 11  100 1101101001110000001001110101011111100111010101000111101101011000001001101101000001100011011001001110
4 12  100 0101101000010000001001111101011111100111100101000111101101011000001001101101000001100011011001001110
runNumber 2
genCount 8463
elapsedTime 600.025
unaryHyperVol 380
binaryHyperVol 8.25
additiveEps 0.5
entropy 0.509891
archive 2
2
8 11  100 0100101001110001110000111001011111101011101001000111101101011000001001101111000001101011011001001110
4 12  100 0100101001110001110000111001011111101011101001000111101101011000001001101101000001100011011001001110
runNumber 3
genCount 8280
elapsedTime 599.972
unaryHyperVol 356
binaryHyperVol 8.16667
additiveEps 0.5
entropy 0.5994
archive 3
3
6 13  100 1001000001010000010000010101011111100111101001000111101101011000001001101111000001100001011001001101
5 14  100 1001000001010000010000010101011111101011101001000111101101011000001001101111000001100001011001001101
4 16  100 1000000011000100010000011101011111100111101001000111101101011000001001101111000001100001011001001101
runNumber 4
genCount 8095
elapsedTime 599.975
unaryHyperVol 392
binaryHyperVol 0.333333
additiveEps 0.5
entropy 0.349763
archive 4
3
6 10  100 1001101001010000001001110101011111100111100101000111101101011000000101101111000001010111011001001110
5 11  100 1001101001010000001001110101011111101011100101000111101101011000000101101111000001010111011001001110
4 13  100 1000101011000100001001111101011111100111100101000111101101011000000101101111000001010111011001001110
runNumber 5
genCount 8159
elapsedTime 599.977
unaryHyperVol 392
binaryHyperVol 0.333333
additiveEps 0.5
entropy 0.349763
archive 5
3
6 10  100 1001101001010000001001110101011111100111101001000111101101011000000101101101000001100011011001001110
5 11  100 1001101001010000001001110101011111101011101001000111101101011000000101101101000001100011011001001110
4 13  100 1001101001010000001001011001011100000000100101000101101101011000000101101101000001100011011001001110
runNumber 6
genCount 8374
elapsedTime 599.957
unaryHyperVol 381
binaryHyperVol 5.5
additiveEps 0.5
entropy 0.428269
archive 6
3
6 11  100 0101101001110000001001110101011111100111101001000111101101011000000101101111000001100001011001001101
5 12  100 0101101001110000001001110101011111101011101001000111101101011000000101101111000001100001011001001101
4 13  100 0101101000010000001001111001011111101011101001000111101101011000000101101111000001100001011001001101
runNumber 7
genCount 8156
elapsedTime 599.942
unaryHyperVol 368
binaryHyperVol 10.8333
additiveEps 0.666667
entropy 0.509891
archive 7
2
8 12  100 0100101001110001110000111010001111001011100101000111101101011000001001101111000001101011011001001110
4 13  100 0100101001110001110000111010001111001011100101000111101101011000001001101101000001100011011001001110
runNumber 8
genCount 8187
elapsedTime 600.014
unaryHyperVol 369
binaryHyperVol 8.125
additiveEps 0.5
entropy 0.599401
archive 8
3
6 12  100 1101101001110000001001110101011100000111101001000101101101011000000101101111000001100001011001001101
5 13  100 1101101001110000001001110101011100001011101001000101101101011000001001101111000001100001011001001101
4 14  100 0101101000010000001001111101011100000111101001000101101101011000000101101111000001100001011001001101
runNumber 9
genCount 8104
elapsedTime 599.957
unaryHyperVol 393
binaryHyperVol 0.25
additiveEps 0.5
entropy 0.349763
archive 9
3
6 10  100 0101101001110000001001110101011111100111101001000111101101011000001001101101000001100011011001001110
5 11  100 0101101001110000001001110101011111101011101001000111101101011000001001101101000001100011011001001110
4 12  100 0101101000010000001001111101011111100111101001000111101101011000001001101101000001100011011001001110
runNumber 10
genCount 8215
elapsedTime 599.973
unaryHyperVol 380
binaryHyperVol 8.25
additiveEps 0.5
entropy 0.509891
archive 10
2
8 11  100 1000101001010001110000111001011111101011100101000111101101011000001001101111000001101011011001001110
4 12  100 1000101001010001110000111001011111101011100101000111101101011000001001101101000001100011011001001110
runNumber 11
genCount 8485
elapsedTime 599.997
unaryHyperVol 393
binaryHyperVol 0.333333
additiveEps 0.333333
entropy 0.488066
archive 11
2
7 10  100 0101101001110000001001111001011111101011100101000111101101011000000101101111000001010111011001001110
4 11  100 0101101001110000001010111001011111101011100101000111101101011000000101101101000001010011011001001110
runNumber 12
genCount 8386
elapsedTime 599.888
unaryHyperVol 372
binaryHyperVol 15.5
additiveEps 1
entropy 0
archive 12
1
4 12  100 0101101001110000001010111001011111101011101001000111101101011000000101101111000001010001011001001101
runNumber 13
genCount 8099
elapsedTime 599.956
unaryHyperVol 393
binaryHyperVol 0.25
additiveEps 0.5
entropy 0.349763
archive 13
3
6 10  100 0101101001110000001001110101011111100111100101000111101101011000001001101101000001100011011001001110
5 11  100 0101101001110000001001110101011111101011100101000111101101011000001001101101000001100011011001001110
4 12  100 0101101000010000001001111101011111100111100101000111101101011000001001101101000001100011011001001110
runNumber 14
genCount 8558
elapsedTime 599.992
unaryHyperVol 380
binaryHyperVol 8.25
additiveEps 0.5
entropy 0.509891
archive 14
2
8 11  100 1000101001010001110000111001011111101011100101000111101101011000001001101111000001101011011001001110
4 12  100 1000101001010001110000111001011111101011100101000111101101011000001001101101000001100011011001001110
runNumber 15
genCount 8394
elapsedTime 600.002
unaryHyperVol 338
binaryHyperVol 21.3333
additiveEps 0.666667
entropy 0.509891
archive 15
2
8 12  100 0101101001110000110000111010000011000011101000000111101101011000000101101111000001101011011001001110
5 13  100 0101101001110000110000111010000011000011101000000111101101011000000101101101000001100011011001001110
runNumber 16
genCount 8228
elapsedTime 599.988
unaryHyperVol 393
binaryHyperVol 0.25
additiveEps 0.5
entropy 0.349763
archive 16
3
6 10  100 0101101001110000001001110101011111100111100101000111101101011000000101101101000001100011011001001110
5 11  100 0101101001110000001001110101011111101011100101000111101101011000000101101101000001100011011001001110
4 12  100 0101101000010000001001111101011111100111100101000111101101011000000101101101000001100011011001001110
runNumber 17
genCount 8195
elapsedTime 599.941
unaryHyperVol 361
binaryHyperVol 21.5
additiveEps 0.5
entropy 0.488066
archive 17
2
6 10  100 0101101001110000000000110101011110100111100101000101101101011000000101101111000001101011011001001110
5 12  100 0101101001110000000001110101011110101011100101000101101101011000000101101111000001101011011001001110
runNumber 18
genCount 8182
elapsedTime 600.03
unaryHyperVol 393
binaryHyperVol 0.25
additiveEps 0.5
entropy 0.349763
archive 18
3
6 10  100 0101101001110000001001110101011111100111101001000111101101011000000101101101000001100011011001001110
5 11  100 0101101001110000001001110101011111101011101001000111101101011000000101101101000001100011011001001110
4 12  100 0101101000010000001001111001011111101011101001000111101101011000000101101101000001100011011001001110
runNumber 19
genCount 8417
elapsedTime 599.945
unaryHyperVol 355
binaryHyperVol 9.8
additiveEps 0.666667
entropy 0.599401
archive 19
3
7 13  100 0101000001110000010000011010001111000011101001000111101101011000000101101111000001010111011001001110
6 14  100 1101000001110000010000010010001111000011101001000111101101011000000101101111000001010111011001001110
4 15  100 0101000000010000010000011010001111000011101001000111101101011000000101101111000001010111011001001110
runNumber 20
genCount 8369
elapsedTime 599.991
unaryHyperVol 380
binaryHyperVol 8.25
additiveEps 0.5
entropy 0.509891
archive 20
2
8 11  100 1000101001010001110000111001011111101011101001000111101101011000000101101111000001101011011001001110
4 12  100 1000101001010001110000111001011111101011101001000111101101011000000101101101000001100011011001001110
runNumber 21
genCount 8354
elapsedTime 599.977
unaryHyperVol 380
binaryHyperVol 8.25
additiveEps 0.5
entropy 0.509891
archive 21
2
8 11  100 1000101001010001110000111001011111101011101001000111101101011000001001101111000001101011011001001110
4 12  100 1000101001010001110000111001011111101011101001000111101101011000001001101101000001100011011001001110
runNumber 22
genCount 8331
elapsedTime 599.97
unaryHyperVol 380
binaryHyperVol 8.25
additiveEps 0.5
entropy 0.509891
archive 22
2
8 11  100 1000101001010001110000111001011111101011100101000111101101011000001001101111000001101011011001001110
4 12  100 1000101001010001110000111001011111101011100101000111101101011000001001101101000001100011011001001110
runNumber 23
genCount 8326
elapsedTime 599.986
unaryHyperVol 391
binaryHyperVol 0.375
additiveEps 0.5
entropy 0.349763
archive 23
3
6 10  100 1001101001010000001001110101011111100111100101000111101101011000001001101101000001100011011001001110
5 11  100 1001101001010000001001110101011111101011100101000111101101011000001001101101000001100011011001001110
4 14  100 1000010101010001001001001001011111101011100101000111101101011000001001101101000001100011011001001110
runNumber 24
genCount 8127
elapsedTime 599.966
unaryHyperVol 369
binaryHyperVol 8.125
additiveEps 0.5
entropy 0.5994
archive 24
3
6 12  100 1000011001010001001001110101011111100111101001000111101101011000000101101101000001100011011001001110
5 13  100 1000011001010001001001110101011111101011101001000111101101011000000101101101000001100011011001001110
4 14  100 1000010101010001001001001001011111101011101001000111101101011000000101101101000001100011011001001110
runNumber 25
genCount 8284
elapsedTime 599.91
unaryHyperVol 380
binaryHyperVol 8.25
additiveEps 0.5
entropy 0.509891
archive 25
2
8 11  100 1000101001010001110000111001011111101011100101000111101101011000000101101111000001101011011001001110
4 12  100 1000101001010001110000111001011111101011100101000111101101011000000101101101000001100011011001001110
runNumber 26
genCount 8366
elapsedTime 599.994
unaryHyperVol 352
binaryHyperVol 36
additiveEps 1
entropy 0
archive 26
1
5 11  100 0101101001110000000000111001011110101011101001000101101101011000000101101111000001010111011001001110
runNumber 27
genCount 8418
elapsedTime 599.985
unaryHyperVol 380
binaryHyperVol 8.25
additiveEps 0.5
entropy 0.509891
archive 27
2
8 11  100 1000101001010001110000111001011111101011100101000111101101011000000101101111000001101011011001001110
4 12  100 1000101001010001110000111001011111101011100101000111101101011000000101101101000001100011011001001110
runNumber 28
genCount 8175
elapsedTime 599.965
unaryHyperVol 393
binaryHyperVol 0.25
additiveEps 0.5
entropy 0.349763
archive 28
3
6 10  100 0101101001110000001001110101011111100111100101000111101101011000001001101101000001100011011001001110
5 11  100 0101101001110000001001110101011111101011100101000111101101011000001001101101000001100011011001001110
4 12  100 0101101000010000001001111101011111100111100101000111101101011000001001101101000001100011011001001110
runNumber 29
genCount 8132
elapsedTime 600.002
unaryHyperVol 369
binaryHyperVol 8.125
additiveEps 0.5
entropy 0.5994
archive 29
3
6 12  100 1000011001010001001001110101011111100111101001000111101101011000000101101101000001100011011001001110
5 13  100 1000011001010001001001110101011111101011101001000111101101011000000101101101000001100011011001001110
4 14  100 1000010101010001001001001101011111100111101001000111101101011000000101101101000001100011011001001110
