OptimalFront
unaryHyperVol 221
3
5 13  100 0000000000010100011010000010101100010101000101011010010100000011010000110010100010001000101011111010
4 14  100 0000000000010100011010000010101100010101000101011010010100000011110000110010100010001000101011111010
3 15  100 0000000000010100010010000010101100010101000101011010010100000011011010110010100010001000101011111010
-------------------------
runNumber 0
genCount 11447
elapsedTime 599.453
unaryHyperVol 221
binaryHyperVol 0
additiveEps 0
entropy 0.461903
archive 0
3
5 13  100 0000000000010100011010000010101100010101000101011010010100000011010000110010100010001000101011111010
4 14  100 0000000000010100011010000010101100010101000101011010010100000011110000110010100010001000101011111010
3 15  100 0000000000010100010010000010101100010101000101011010010100000011011010110010100010001000101011111010
runNumber 1
genCount 11747
elapsedTime 599.916
unaryHyperVol 221
binaryHyperVol 0
additiveEps 0
entropy 0.461903
archive 1
3
5 13  100 0000101000010100011010000010101100010101000101011010010100000011010000110010100010001000101011111010
4 14  100 0000101000010100011010000010101100010101000101011010010100000011110000110010100010001000101011111010
3 15  100 0000101000010100011010000010101100010101000101011010010100000011011010110010100010001000101011111010
runNumber 2
genCount 11492
elapsedTime 599.889
unaryHyperVol 221
binaryHyperVol 0
additiveEps 0
entropy 0.461903
archive 2
3
5 13  100 0000101000010100011010000010101100010101000101011010010100000011010000110010100010001000101011111010
4 14  100 0000101000010100011010000010101100010101000101011010010100000011110000110010100010001000101011111010
3 15  100 0000101000010100011010000010101100010101000101011010010100000011011010110010100010001000101011111010
runNumber 3
genCount 11709
elapsedTime 599.862
unaryHyperVol 221
binaryHyperVol 0
additiveEps 0
entropy 0.461903
archive 3
3
5 13  100 0000000000010100011010000010101100010101000101011010010100000011010000110010100010001000101011111010
4 14  100 0000000000010100010010000010101100010101000101011010010100000011110000110010100010001000101011111010
3 15  100 0000000000010100010010000010101100010101000101011010010100000011011010110010100010001000101011111010
runNumber 4
genCount 11494
elapsedTime 599.441
unaryHyperVol 221
binaryHyperVol 0
additiveEps 0
entropy 0.461903
archive 4
3
5 13  100 0000101000010100011010000010101100010101000101011010010100000011010000110010100010001000101011111010
4 14  100 0000101000010100011010000010101100010101000101011010010100000011110000110010100010001000101011111010
3 15  100 0000101000010100011010000010101100010101000101011010010100000011011010110010100010001000101011111010
runNumber 5
genCount 10887
elapsedTime 599.736
unaryHyperVol 221
binaryHyperVol 0
additiveEps 0
entropy 0.461903
archive 5
3
5 13  100 0000101000010100011010000010101100010101000101011010010100000011010000110010100010001000101011111010
4 14  100 0000101000010100011010000010101100010101000101011010010100000011110000110010100010001000101011111010
3 15  100 0000101000010100011010000010101100010101000101011010010100000011011010110010100010001000101011111010
runNumber 6
genCount 11594
elapsedTime 599.74
unaryHyperVol 221
binaryHyperVol 0
additiveEps 0
entropy 0.461903
archive 6
3
5 13  100 0000101000010100011010000010101100010101000101011010010100000011010000110010100010001000101011111010
4 14  100 0000101000010100011010000010101100010101000101011010010100000011110000110010100010001000101011111010
3 15  100 0000101000010100011010000010101100010101000101011010010100000011011010110010100010001000101011111010
runNumber 7
genCount 11464
elapsedTime 599.598
unaryHyperVol 221
binaryHyperVol 0
additiveEps 0
entropy 0.461903
archive 7
3
5 13  100 0000101000010100011010000010101100010101000101011010010100000011010000110010100010001000101011111010
4 14  100 0000101000010100011010000010101100010101000101011010010100000011110000110010100010001000101011111010
3 15  100 0000101000010100011010000010101100010101000101011010010100000011011010110010100010001000101011111010
runNumber 8
genCount 11832
elapsedTime 600
unaryHyperVol 193
binaryHyperVol 13.6667
additiveEps 0.333333
entropy 0.456965
archive 8
3
6 13  100 0000101000010100011010000010101100010101000101011010010100000011010000110010100010001000101011010101
5 14  100 0000101000010100011010000010101100010101000101011010010100000011010000110010100000001000101011010101
4 15  100 0000101000010100011010000010101100010101000101011010010100000011110000110010100000001000101011010101
runNumber 9
genCount 11387
elapsedTime 600.539
unaryHyperVol 187
binaryHyperVol 23.8333
additiveEps 0.5
entropy 0.49717
archive 9
2
5 14  100 0000101000000100011010000010101100010101000101011010010100011011010000110100010010001000101011111010
4 16  100 0000101000000100011010000010101100010101000101011010010100011011011010110100010010001000101011111010
runNumber 10
genCount 11572
elapsedTime 602.993
unaryHyperVol 221
binaryHyperVol 0
additiveEps 0
entropy 0.461903
archive 10
3
5 13  100 0000000000010100011010000010101100010101000101011010010100000011010000110010100010001000101011111010
4 14  100 0000000000010100011010000010101100010101000101011010010100000011110000110010100010001000101011111010
3 15  100 0000000000010100011010000010101100010101000101011010010100000011011010110010100010001000101011111010
runNumber 11
genCount 11642
elapsedTime 600.672
unaryHyperVol 221
binaryHyperVol 0
additiveEps 0
entropy 0.461903
archive 11
3
5 13  100 0000000000010100011010000010101100010101000101011010010100000011010000110010100010001000101011111010
4 14  100 0000000000010100010010000010101100010101000101011010010100000011110000110010100010001000101011111010
3 15  100 0000000000010100011010000010101100010101000101011010010100000011011010110010100010001000101011111010
runNumber 12
genCount 12079
elapsedTime 603.251
unaryHyperVol 180
binaryHyperVol 25.625
additiveEps 0.5
entropy 0.49717
archive 12
2
5 15  100 1010101000010001011010000010101100010101000101011010010100011011010000110100010010001000101011111010
4 17  100 1010101000010001011010000010101100010101000101011010010100011011011010110100010010001000101011111010
runNumber 13
genCount 11118
elapsedTime 602.91
unaryHyperVol 221
binaryHyperVol 0
additiveEps 0
entropy 0.461903
archive 13
3
5 13  100 0000000000010100010010000010101100010101000101011010010100000011010000110010100010001000101011111010
4 14  100 0000000000010100011010000010101100010101000101011010010100000011110000110010100010001000101011111010
3 15  100 0000000000010100011010000010101100010101000101011010010100000011011010110010100010001000101011111010
runNumber 14
genCount 11142
elapsedTime 600.689
unaryHyperVol 221
binaryHyperVol 0
additiveEps 0
entropy 0.461903
archive 14
3
5 13  100 0000000000010100011010000010101100010101000101011010010100000011010000110010100010001000101011111010
4 14  100 0000000000010100011010000010101100010101000101011010010100000011110000110010100010001000101011111010
3 15  100 0000000000010100011010000010101100010101000101011010010100000011011010110010100010001000101011111010
runNumber 15
genCount 11564
elapsedTime 599.582
unaryHyperVol 221
binaryHyperVol 0
additiveEps 0
entropy 0.461903
archive 15
3
5 13  100 0000101000010100011010000010101100010101000101011010010100000011010000110010100010001000101011111010
4 14  100 0000101000010100011010000010101100010101000101011010010100000011110000110010100010001000101011111010
3 15  100 0000101000010100011010000010101100010101000101011010010100000011011010110010100010001000101011111010
runNumber 16
genCount 11748
elapsedTime 599.464
unaryHyperVol 188
binaryHyperVol 25.25
additiveEps 0.5
entropy 0.49717
archive 16
2
5 14  100 1010101000010101011010000000000000010101010101011010010100000011010000110010100010001000101011111010
4 15  100 1010101000010101011010000000000000010101010101011010010100000011110000110010100010001000101011111010
runNumber 17
genCount 11393
elapsedTime 604.214
unaryHyperVol 221
binaryHyperVol 0
additiveEps 0
entropy 0.461903
archive 17
3
5 13  100 0000000000010100010010000010101100010101000101011010010100000011010000110010100010001000101011111010
4 14  100 0000000000010100010010000010101100010101000101011010010100000011110000110010100010001000101011111010
3 15  100 0000000000010100010010000010101100010101000101011010010100000011011010110010100010001000101011111010
runNumber 18
genCount 11257
elapsedTime 599.612
unaryHyperVol 221
binaryHyperVol 0
additiveEps 0
entropy 0.461903
archive 18
3
5 13  100 0000101000010100011010000010101100010101000101011010010100000011010000110010100010001000101011111010
4 14  100 0000101000010100011010000010101100010101000101011010010100000011110000110010100010001000101011111010
3 15  100 0000101000010100011010000010101100010101000101011010010100000011011010110010100010001000101011111010
runNumber 19
genCount 11408
elapsedTime 599.931
unaryHyperVol 144
binaryHyperVol 50.625
additiveEps 1
entropy 0
archive 19
1
5 17  100 1010000000010001010010000010101100010101000000011010010100011010010000110010000010001000101011110000
runNumber 20
genCount 10989
elapsedTime 599.844
unaryHyperVol 193
binaryHyperVol 13.6667
additiveEps 0.333333
entropy 0.456965
archive 20
3
6 13  100 0000101000010100011010000010101100010101000101011010010100000011010000110010100010001000101011010101
5 14  100 0000101000010100011010000010101100010101000101011010010100000011010000110010100000001000101011010101
4 15  100 0000101000010100011010000010101100010101000101011010010100000011110000110010100000001000101011010101
runNumber 21
genCount 11889
elapsedTime 599.921
unaryHyperVol 180
binaryHyperVol 25.625
additiveEps 0.5
entropy 0.49717
archive 21
2
5 15  100 1010000000010001010010000010101100010101000101011010010100000001010000110010000010001000101011111010
4 17  100 1010000000010001010010000010101100010101000101011010010100000001011010110010000010001000101011111010
runNumber 22
genCount 11912
elapsedTime 599.999
unaryHyperVol 180
binaryHyperVol 25.625
additiveEps 0.5
entropy 0.49717
archive 22
2
5 15  100 1010101000010001011010000010101100010101000101011010010100000001010000110010000010001000101011111010
4 17  100 1010101000010001011010000010101100010101000101011010010100000001011010110010000010001000101011111010
runNumber 23
genCount 11770
elapsedTime 599.75
unaryHyperVol 180
binaryHyperVol 25.625
additiveEps 0.5
entropy 0.49717
archive 23
2
5 15  100 1010000000010001011010000010101100010101000101011010010100011011010000110100010010001000101011111010
4 17  100 1010000000010001011010000010101100010101000101011010010100011011011010110100010010001000101011111010
runNumber 24
genCount 11840
elapsedTime 599.52
unaryHyperVol 174
binaryHyperVol 28.125
additiveEps 0.75
entropy 0.49717
archive 24
2
5 16  100 1010101000010001011010000010101100010101000101011010010100000011010000110010001111001000101011111010
4 17  100 1010101000010001011010000010101100010101000101011010010100000011110000110010001111001000101011111010
runNumber 25
genCount 11131
elapsedTime 599.67
unaryHyperVol 221
binaryHyperVol 0
additiveEps 0
entropy 0.461903
archive 25
3
5 13  100 0000101000010100011010000010101100010101000101011010010100000011010000110010100010001000101011111010
4 14  100 0000101000010100011010000010101100010101000101011010010100000011110000110010100010001000101011111010
3 15  100 0000101000010100011010000010101100010101000101011010010100000011011010110010100010001000101011111010
runNumber 26
genCount 11504
elapsedTime 599.998
unaryHyperVol 221
binaryHyperVol 0
additiveEps 0
entropy 0.461903
archive 26
3
5 13  100 0000000000010100011010000010101100010101000101011010010100000011010000110010100010001000101011111010
4 14  100 0000000000010100011010000010101100010101000101011010010100000011110000110010100010001000101011111010
3 15  100 0000000000010100011010000010101100010101000101011010010100000011011010110010100010001000101011111010
runNumber 27
genCount 11724
elapsedTime 599.923
unaryHyperVol 180
binaryHyperVol 25.625
additiveEps 0.5
entropy 0.49717
archive 27
2
5 15  100 1010101000010001011010000010101100010101000101011010010100011011010000110100010010001000101011111010
4 17  100 1010101000010001011010000010101100010101000101011010010100011011011010110100010010001000101011111010
runNumber 28
genCount 11501
elapsedTime 599.757
unaryHyperVol 221
binaryHyperVol 0
additiveEps 0
entropy 0.461903
archive 28
3
5 13  100 0000000000010100011010000010101100010101000101011010010100000011010000110010100010001000101011111010
4 14  100 0000000000010100011010000010101100010101000101011010010100000011110000110010100010001000101011111010
3 15  100 0000000000010100011010000010101100010101000101011010010100000011011010110010100010001000101011111010
runNumber 29
genCount 11428
elapsedTime 599.734
unaryHyperVol 221
binaryHyperVol 0
additiveEps 0
entropy 0.461903
archive 29
3
5 13  100 0000101000010100011010000010101100010101000101011010010100000011010000110010100010001000101011111010
4 14  100 0000101000010100011010000010101100010101000101011010010100000011110000110010100010001000101011111010
3 15  100 0000101000010100011010000010101100010101000101011010010100000011011010110010100010001000101011111010
