OptimalFront
unaryHyperVol 176
4
7 13  100 1010100110010001000000111110100001010101001000001010011001000011010000111010000100011001010100111010
5 14  100 1010100110010001000000101100000001010101000101001010011000000011010101111010100100011001101000111010
4 16  100 0000100110010000000000111110100001010101001000001010011010000011011010111010100100011001101000111010
3 18  100 0000100110010100001000111110100001010101001000001010011010000011011010111010100100011001101000111010
-------------------------
runNumber 0
genCount 11335
elapsedTime 599.372
unaryHyperVol 168
binaryHyperVol 3.4
additiveEps 0.4
entropy 0.470519
archive 0
3
7 15  100 0000100110010000000000111110100001010101001000001010011010000011010000111010100100011001101000111010
4 16  100 0000100110010000000000111110100001010101001000001010011010000011011010111010100100011001101000111010
3 18  100 0000100110010100001000111110100001010101001000001010011010000011011010111010100100011001101000111010
runNumber 1
genCount 11215
elapsedTime 600.022
unaryHyperVol 140
binaryHyperVol 14.25
additiveEps 0.4
entropy 0.427067
archive 1
3
7 15  100 1010100110010001000000111110100001010101001000001010011001000011010000110100010100011001101000111010
5 16  100 1010100110010001000000111110100001010101001000001010011001000011110000110100010100011001101000111010
4 18  100 1010100110010001000000111110100001010101001000001010011000011011011010110100010100011001101000111010
runNumber 2
genCount 10962
elapsedTime 599.939
unaryHyperVol 75
binaryHyperVol 28.8889
additiveEps 0.833333
entropy 0.475082
archive 2
2
9 18  100 1010100110010001000000111110101001010101001000001010011011011011010101110000010100011001000000111010
6 19  100 1010100110010101000000111110101001010101001000001010011011011011010101110000010100011001000000111010
runNumber 3
genCount 10865
elapsedTime 599.967
unaryHyperVol 140
binaryHyperVol 14.25
additiveEps 0.4
entropy 0.427067
archive 3
3
7 15  100 1010100110010001000000111110100001010101001000001010011001000011010000110100010100011001101000111010
5 16  100 1010100110010001000000111110100001010101001000001010011001000011110000110100010100011001101000111010
4 18  100 1010100110010001000000111110100001010101001000001010011000011011011010110100010100011001101000111010
runNumber 4
genCount 11312
elapsedTime 599.989
unaryHyperVol 168
binaryHyperVol 3.4
additiveEps 0.4
entropy 0.470519
archive 4
3
7 15  100 0000100110010000000000111110100001010101001000001010011010000011010000111010100100011001101000111010
4 16  100 0000100110010000000000111110100001010101001000001010011010000011011010111010100100011001101000111010
3 18  100 0000100110010100001000111110100001010101001000001010011010000011011010111010100100011001101000111010
runNumber 5
genCount 11101
elapsedTime 599.947
unaryHyperVol 168
binaryHyperVol 3.4
additiveEps 0.4
entropy 0.470519
archive 5
3
7 15  100 0000100110010000000000111110100001010101001000001010011010000011010000111010100100011001101000111010
4 16  100 0000100110010000000000111110100001010101001000001010011010000011011010111010100100011001101000111010
3 18  100 0000100110010100001000111110100001010101001000001010011010000011011010111010100100011001101000111010
runNumber 6
genCount 11419
elapsedTime 600.009
unaryHyperVol 168
binaryHyperVol 3.4
additiveEps 0.4
entropy 0.470519
archive 6
3
7 15  100 0000100110010000000000111110100001010101001000001010011010000011010000111010100100011001101000111010
4 16  100 0000100110010000000000111110100001010101001000001010011010000011011010111010100100011001101000111010
3 18  100 0000100110010100001000111110100001010101001000001010011010000011011010111010100100011001101000111010
runNumber 7
genCount 11296
elapsedTime 599.965
unaryHyperVol 147
binaryHyperVol 12.4
additiveEps 0.25
entropy 0.449615
archive 7
3
6 14  100 1010100110010001000000111110101001010101001000001010011010000011011010111010100100011001101000111010
5 15  100 1010100110010101000000111110101001010101001000001010011010000011011010111010100100011001101000111010
4 16  100 1010100110010001000000111110100001010101001000001010011010000001011010111010000000011001101000111010
runNumber 8
genCount 11437
elapsedTime 599.974
unaryHyperVol 173
binaryHyperVol 1.65
additiveEps 0.2
entropy 0.440273
archive 8
4
6 14  100 1010100110010001000000111110101001010101001000001010011010000011011010111010100100011001101000111010
5 15  100 1010100110010101000000111110101001010101001000001010011010000011011010111010100100011001101000111010
4 16  100 0000100110010000000000111110100001010101001000001010011010000011011010111010100100011001101000111010
3 18  100 0000100110010100001000111110100001010101001000001010011010000011011010111010100100011001101000111010
runNumber 9
genCount 10975
elapsedTime 599.993
unaryHyperVol 140
binaryHyperVol 14.25
additiveEps 0.4
entropy 0.427067
archive 9
3
7 15  100 1010100110010001000000111110100001010101001000001010011001000011010000110100010100011001101000111010
5 16  100 1010100110010001000000111110100001010101001000001010011001000011110000110100010100011001101000111010
4 18  100 1010100110010001000000111110100001010101001000001010011000011011011010110100010100011001101000111010
runNumber 10
genCount 11063
elapsedTime 599.929
unaryHyperVol 146
binaryHyperVol 12.45
additiveEps 0.25
entropy 0.427067
archive 10
3
6 14  100 1010100110010001000000111110101001010101001000001010011010000011011010111010100100011001101000111010
5 15  100 1010100110010101000000111110101001010101001000001010011010000011011010111010100100011001101000111010
4 17  100 1010100110010001000000111110100001010101001000001010011010000011011010111010001111001001101000111010
runNumber 11
genCount 11104
elapsedTime 599.964
unaryHyperVol 168
binaryHyperVol 3.4
additiveEps 0.4
entropy 0.470519
archive 11
3
7 15  100 0000100110010000000000111110100001010101001000001010011010000011010000111010100100011001101000111010
4 16  100 0000100110010000000000111110100001010101001000001010011010000011011010111010100100011001101000111010
3 18  100 0000100110010100001000111110100001010101001000001010011010000011011010111010100100011001101000111010
runNumber 12
genCount 11130
elapsedTime 599.966
unaryHyperVol 173
binaryHyperVol 1.65
additiveEps 0.2
entropy 0.440273
archive 12
4
6 14  100 1010100110010001000000111110101001010101001000001010011010000011011010111010100100011001101000111010
5 15  100 1010100110010101000000111110101001010101001000001010011010000011011010111010100100011001101000111010
4 16  100 0000100110010000000000111110100001010101001000001010011010000011011010111010100100011001101000111010
3 18  100 0000100110010100001000111110100001010101001000001010011010000011011010111010100100011001101000111010
runNumber 13
genCount 11112
elapsedTime 600.009
unaryHyperVol 168
binaryHyperVol 3.4
additiveEps 0.4
entropy 0.470519
archive 13
3
7 15  100 0000100110010000000000111110100001010101001000001010011010000011010000111010100100011001101000111010
4 16  100 0000100110010000000000111110100001010101001000001010011010000011011010111010100100011001101000111010
3 18  100 0000100110010100001000111110100001010101001000001010011010000011011010111010100100011001101000111010
runNumber 14
genCount 11175
elapsedTime 599.945
unaryHyperVol 173
binaryHyperVol 1.65
additiveEps 0.2
entropy 0.440273
archive 14
4
6 14  100 1010100110010001000000111110101001010101001000001010011010000011011010111010100100011001101000111010
5 15  100 1010100110010101000000111110101001010101001000001010011010000011011010111010100100011001101000111010
4 16  100 0000100110010000000000111110100001010101001000001010011010000011011010111010100100011001101000111010
3 18  100 0000100110010100001000111110100001010101001000001010011010000011011010111010100100011001101000111010
runNumber 15
genCount 11045
elapsedTime 600.018
unaryHyperVol 138
binaryHyperVol 13.3929
additiveEps 0.285714
entropy 0.427067
archive 15
3
6 15  100 0110100101110001000000111110100001010101000101001010011010000011011010111010001100011001010111110101
5 17  100 0110100101110001000000111110100001010101000101001010011010000011011010111010001111001001010111110101
4 20  100 0110100101110001000000111110100001010101000101001010011000011011011010111010001111001001010111110101
runNumber 16
genCount 11211
elapsedTime 599.963
unaryHyperVol 140
binaryHyperVol 14.25
additiveEps 0.4
entropy 0.427067
archive 16
3
7 15  100 1010100110010001000000111110100001010101001000001010011001000011010000110100010100011001101000111010
5 16  100 1010100110010001000000111110100001010101001000001010011001000011110000110100010100011001101000111010
4 18  100 1010100110010001000000111110100001010101001000001010011000011011011010110100010100011001101000111010
runNumber 17
genCount 11103
elapsedTime 599.919
unaryHyperVol 173
binaryHyperVol 1.65
additiveEps 0.2
entropy 0.440273
archive 17
4
6 14  100 1010100110010001000000111110101001010101001000001010011010000011011010111010100100011001101000111010
5 15  100 1010100110010101000000111110101001010101001000001010011010000011011010111010100100011001101000111010
4 16  100 0000100110010000000000111110100001010101001000001010011010000011011010111010100100011001101000111010
3 18  100 0000100110010100001000111110100001010101001000001010011010000011011010111010100100011001101000111010
runNumber 18
genCount 11413
elapsedTime 599.877
unaryHyperVol 115
binaryHyperVol 24.95
additiveEps 0.5
entropy 0.475082
archive 18
2
6 15  100 0110100101110001000000111110101001010101001000001010011010000011011010111010100100011001101000111010
5 16  100 0110100101110101000000111110101001010101001000001010011010000011011010111010100100011001101000111010
runNumber 19
genCount 11742
elapsedTime 599.991
unaryHyperVol 139
binaryHyperVol 15.8
additiveEps 0.6
entropy 0.475082
archive 19
2
5 16  100 1010000010010011000000111110100001010101000101001010011010000011011010111010100100011001101000111010
4 17  100 1010000010010111000000111110100001010101000101001010011010000011011010111010100100011001101000111010
runNumber 20
genCount 11021
elapsedTime 599.908
unaryHyperVol 146
binaryHyperVol 12.45
additiveEps 0.25
entropy 0.427067
archive 20
3
6 14  100 1010100110010001000000111110101001010101001000001010011010000011011010111010100100011001101000111010
5 15  100 1010100110010101000000111110101001010101001000001010011010000011011010111010100100011001101000111010
4 17  100 1010100110010001000000111110100001010101001000001010011010000011011010111010001111001001101000111010
runNumber 21
genCount 10963
elapsedTime 599.969
unaryHyperVol 146
binaryHyperVol 12.45
additiveEps 0.25
entropy 0.427067
archive 21
3
6 14  100 1010100110010001000000111110101001010101001000001010011010000011011010111010100100011001101000111010
5 15  100 1010100110010101000000111110101001010101001000001010011010000011011010111010100100011001101000111010
4 17  100 1010100110010001000000111110100001010101001000001010011010000011011010111010001111001001101000111010
runNumber 22
genCount 11018
elapsedTime 600.004
unaryHyperVol 168
binaryHyperVol 3.4
additiveEps 0.4
entropy 0.470519
archive 22
3
7 15  100 0000100110010000000000111110100001010101001000001010011010000011010000111010100100011001101000111010
4 16  100 0000100110010000000000111110100001010101001000001010011010000011011010111010100100011001101000111010
3 18  100 0000100110010100001000111110100001010101001000001010011010000011011010111010100100011001101000111010
runNumber 23
genCount 11277
elapsedTime 600.013
unaryHyperVol 142
binaryHyperVol 14.15
additiveEps 0.4
entropy 0.475082
archive 23
2
5 15  100 1010100110010001000000111110100001010101000101001010011010000011011010110100010100011001101000111010
4 18  100 1010100110010001000000111110100001010101000101001010011000011011011010110100010100011001101000111010
runNumber 24
genCount 11227
elapsedTime 599.925
unaryHyperVol 168
binaryHyperVol 3.4
additiveEps 0.4
entropy 0.470519
archive 24
3
7 15  100 0000100110010000000000111110100001010101001000001010011010000011010000111010100100011001101000111010
4 16  100 0000100110010000000000111110100001010101001000001010011010000011011010111010100100011001101000111010
3 18  100 0000100110010100001000111110100001010101001000001010011010000011011010111010100100011001101000111010
runNumber 25
genCount 10782
elapsedTime 600.028
unaryHyperVol 140
binaryHyperVol 14.25
additiveEps 0.4
entropy 0.427067
archive 25
3
7 15  100 1010100110010001000000111110100001010101001000001010011001000011010000110100010100011001101000111010
5 16  100 1010100110010001000000111110100001010101001000001010011001000011110000110100010100011001101000111010
4 18  100 1010100110010001000000111110100001010101001000001010011000011011011010110100010100011001101000111010
runNumber 26
genCount 11380
elapsedTime 599.949
unaryHyperVol 140
binaryHyperVol 14.25
additiveEps 0.4
entropy 0.427067
archive 26
3
7 15  100 0110100101110001000000111110100001010101001000001010011010000011010000111010001100011001101000111010
6 16  100 0110100101110001000000111110100001010101001000001010011010000011011010111010001100011001101000111010
4 17  100 0110100101110001000000111110100001010101001000001010011010000001011010111010000000011001101000111010
runNumber 27
genCount 11051
elapsedTime 600.01
unaryHyperVol 140
binaryHyperVol 14.25
additiveEps 0.4
entropy 0.427067
archive 27
3
7 15  100 1010100110010001000000111110100001010101001000001010011001000011010000110100010100011001101000111010
5 16  100 1010100110010001000000111110100001010101001000001010011001000011110000110100010100011001101000111010
4 18  100 1010100110010001000000111110100001010101001000001010011000011011011010110100010100011001101000111010
runNumber 28
genCount 11673
elapsedTime 599.929
unaryHyperVol 173
binaryHyperVol 1.65
additiveEps 0.2
entropy 0.440273
archive 28
4
6 14  100 1010100110010001000000111110101001010101001000001010011010000011011010111010100100011001101000111010
5 15  100 1010100110010101000000111110101001010101001000001010011010000011011010111010100100011001101000111010
4 16  100 0000100110010000000000111110100001010101001000001010011010000011011010111010100100011001101000111010
3 18  100 0000100110010100001000111110100001010101001000001010011010000011011010111010100100011001101000111010
runNumber 29
genCount 10794
elapsedTime 599.99
unaryHyperVol 141
binaryHyperVol 14.2
additiveEps 0.4
entropy 0.427067
archive 29
3
7 15  100 1010000010010011000000111110100001010101001000001010011010000011010000111010100100011001101000111010
5 16  100 1010000010010011000000111110100001010101001000001010011010000011110000111010100100011001101000111010
4 17  100 1010000010010111000000111110100001010101001000001010011010000011110000111010100100011001101000111010
