OptimalFront
unaryHyperVol 122
4
7 10  100 0000010111010100110000001110101001111110110101000010110111100001101010011101000011101000101101111000
6 11  100 0000010111010000110001011110101001111110110101000010110111100001101010011101000011101000101101111000
4 13  100 0000010111100100110000001110101001111110110101000010110111100001101010011110000011101000101101111010
3 16  100 0000010111100100110001001110101001111110110101000010110111100001101010010000010011101000000001111010
-------------------------
runNumber 0
genCount 11422
elapsedTime 599.319
unaryHyperVol 63
binaryHyperVol 25.4583
additiveEps 1
entropy 0
archive 0
1
5 16  100 0000010100010100110000110101011001111110110101000010110111100001101010011110100111010100101101111010
runNumber 1
genCount 10475
elapsedTime 599.892
unaryHyperVol 120
binaryHyperVol 1.20833
additiveEps 0.166667
entropy 0.453711
archive 1
4
7 11  100 0000010111010100110000011110101001111110110101000010110111100001101010011110100011101000101101111010
6 12  100 0000010111010000110001011110101001111110110101000010110111100001101010011110100011101000101101111010
4 13  100 0000010111100100110000001110101001111110110101000010110111100001101010011110000011101000101101111010
3 16  100 0000010111100100110001001110101001111110110101000010110111100001101010010000010011101000000001111010
runNumber 2
genCount 10944
elapsedTime 600.003
unaryHyperVol 98
binaryHyperVol 10.25
additiveEps 0.25
entropy 0.483993
archive 2
4
7 11  100 0000010111010000110000011110101001111110110101000010110111010101101010011110100011101000101101111010
6 12  100 0000010111010000110001011110101001111110110101000010110111010101101010011110100011101000101101111010
5 13  100 0000010111010100110000011110101001110000110101000010110111010101101010011110100011101000101101111010
4 14  100 0000010111010000110001011110101001110000110101000010110111010101101010011110100011101000101101111010
runNumber 3
genCount 11129
elapsedTime 599.849
unaryHyperVol 87
binaryHyperVol 15.2083
additiveEps 0.833333
entropy 0.475082
archive 3
2
5 15  100 1010001011000111000000111110101001111110110101000010110111100001101010010000000011101000000001111010
4 16  100 1010001011000111000001111110101001111110110101000010110111100001101010010000000011101000000001111010
runNumber 4
genCount 10359
elapsedTime 599.675
unaryHyperVol 101
binaryHyperVol 9
additiveEps 0.25
entropy 0.418262
archive 4
3
7 10  100 0000010111010100110000001110101001111110110101000010110111100001101010011101000011101000101101111000
6 11  100 0000010111010000110001011110101001111110110101000010110111100001101010011101000011101000101101111000
4 13  100 0000010111100100110000001110101001111110110101000010110111100001101010011110000011101000101101111010
runNumber 5
genCount 10422
elapsedTime 600.548
unaryHyperVol 97
binaryHyperVol 10.2917
additiveEps 0.25
entropy 0.458861
archive 5
3
7 11  100 0000010111010100110000011110101001111110110101000010110111100001101010011110100011101000101101111010
6 12  100 0000010111010000110001011110101001111110110101000010110111100001101010011110100011101000101101111010
4 14  100 0110010101010101110000001110000001111110110101000010110111100001101010011110100011101000101101111010
runNumber 6
genCount 10479
elapsedTime 599.531
unaryHyperVol 85
binaryHyperVol 14.4286
additiveEps 0.714286
entropy 0.427067
archive 6
3
6 15  100 0110001001010101110000011100000001110000110101000010110111100001101010011110100011101000101101111010
5 16  100 0110001001010101110000011110000001110000110101000010110111100001101010011110100011101000101101111010
4 17  100 0110001001010101110001011110000001110000110101000010110111100001101010011110100011101000101101111010
runNumber 7
genCount 10228
elapsedTime 599.515
unaryHyperVol 83
binaryHyperVol 15.4643
additiveEps 0.857143
entropy 0.475082
archive 7
2
5 16  100 0110001000010001110000110101011001111110110101000010110100010101101010010100010011101000000001111000
4 17  100 0110001000010001110001110101011001111110110101000010110100010101101010010100010011101000000001111000
runNumber 8
genCount 10486
elapsedTime 599.988
unaryHyperVol 73
binaryHyperVol 15.2
additiveEps 0.8
entropy 0.427067
archive 8
3
6 18  100 1010001011101001110000011100101001110000110101000010110100010101101010010100000111101000100100111010
5 19  100 1010001011101001110000011110101001110000110101000010110100010101101010010100000111101000100100111010
4 20  100 1010001011101001110001011110101001110000110101000010110100010101101010010100000111101000100100111010
runNumber 9
genCount 10574
elapsedTime 599.699
unaryHyperVol 97
binaryHyperVol 11.4167
additiveEps 0.333333
entropy 0.427067
archive 9
3
6 12  100 0000010111010000110000011100101001110000110101000010110111010101101010011110100011101000101101111010
5 13  100 0000010111010000110000011110101001110000110101000010110111010101101010011110100011101000101101111010
4 14  100 0000010111010000110001011110101001110000110101000010110111010101101010011110100011101000101101111010
runNumber 10
genCount 11104
elapsedTime 599.654
unaryHyperVol 57
binaryHyperVol 25.5938
additiveEps 1
entropy 0
archive 10
1
5 18  100 0110001001010011000000111110101001111110110101000010110111100011011010011110100001010100101101111010
runNumber 11
genCount 11306
elapsedTime 601.289
unaryHyperVol 87
binaryHyperVol 15.2083
additiveEps 0.833333
entropy 0.475082
archive 11
2
5 15  100 0110001000100101110000111110000001111110110101000010110111100001101010011110000011101000101101111010
4 16  100 0110001000100101110001111110000001111110110101000010110111100001101010011110000011101000101101111010
runNumber 12
genCount 11081
elapsedTime 603.234
unaryHyperVol 90
binaryHyperVol 12.8333
additiveEps 0.5
entropy 0.473092
archive 12
4
7 13  100 0000001011100100110000011110101001111110110101000010110111100001101010011110000011101000101101111010
6 14  100 0000001011100100110001011110101001111110110101000010110111100001101010011110000011101000101101111010
5 15  100 0000001011100100110000011110101001110000110101000010110111100001101010011110000011101000101101111010
4 16  100 0000001011100100110001011110101001110000110101000010110111100001101010011110000011101000101101111010
runNumber 13
genCount 10655
elapsedTime 602.508
unaryHyperVol 82
binaryHyperVol 13.875
additiveEps 0.625
entropy 0.554333
archive 13
4
7 15  100 0110001001010001110000011110101001111110110101000010110100010101101010010100010011101000101101111010
6 16  100 0110001001010001110001011110101001111110110101000010110100010101101010010100010011101000101101111010
5 17  100 0110001001010001110000011110101001110000110101000010110100010101101010010100010011101000101101111010
4 18  100 0110001001010001110001011110101001110000110101000010110100010101101010010100010011101000101101111010
runNumber 14
genCount 10054
elapsedTime 599.932
unaryHyperVol 99
binaryHyperVol 10.2083
additiveEps 0.25
entropy 0.449615
archive 14
3
7 11  100 0000010111010100110000001110101001111110110101000010110111100001101010011110100011101000101101111010
6 12  100 0000010111010100110001011110101001111110110101000010110111100001101010011110100011101000101101111010
4 13  100 0000010111100100110000001110101001111110110101000010110111100001101010011110000011101000101101111010
runNumber 15
genCount 11038
elapsedTime 599.947
unaryHyperVol 80
binaryHyperVol 16.5357
additiveEps 1
entropy 0
archive 15
1
4 17  100 0110001001010001110000111110101001111110110101000010110100010101101010010100010011100011000001111010
runNumber 16
genCount 10636
elapsedTime 599.576
unaryHyperVol 85
binaryHyperVol 14.4286
additiveEps 0.714286
entropy 0.427067
archive 16
3
6 15  100 1010001011100101110000011100000001110000110101000010110111100001101010011110000011101000101101111010
5 16  100 1010001011100101110000011110000001110000110101000010110111100001101010011110000011101000101101111010
4 17  100 1010001011100101110001011110000001110000110101000010110111100001101010011110000011101000101101111010
runNumber 17
genCount 10704
elapsedTime 600.735
unaryHyperVol 84
binaryHyperVol 16.4583
additiveEps 1
entropy 0
archive 17
1
4 16  100 0110001001010001110000111110101001111110110101000010110111100001101010010110000011100011000001111010
runNumber 18
genCount 11210
elapsedTime 599.94
unaryHyperVol 80
binaryHyperVol 16.5357
additiveEps 1
entropy 0
archive 18
1
4 17  100 0000001011100100110000111110101001111110110101000010110100010101101010010100010011100011000001111010
runNumber 19
genCount 10735
elapsedTime 599.772
unaryHyperVol 81
binaryHyperVol 14.75
additiveEps 0.75
entropy 0.427067
archive 19
3
6 16  100 0000001011100100110000011100101001110000110101000010110100010101101010010100010011101000101101111010
5 17  100 0000001011100100110000011110101001110000110101000010110100010101101010010100010011101000101101111010
4 18  100 0000001011100100110001011110101001110000110101000010110100010101101010010100010011101000101101111010
runNumber 20
genCount 10279
elapsedTime 599.899
unaryHyperVol 85
binaryHyperVol 14.4286
additiveEps 0.714286
entropy 0.427067
archive 20
3
6 15  100 1010001011101001110000011100101001110000110101000010110111100001101010010000000011101000000001111010
5 16  100 1010001011101001110000011110101001110000110101000010110111100001101010010000000011101000000001111010
4 17  100 1010001011101001110001011110101001110000110101000010110111100001101010010000000011101000000001111010
runNumber 21
genCount 11325
elapsedTime 599.943
unaryHyperVol 63
binaryHyperVol 25.4583
additiveEps 1
entropy 0
archive 21
1
5 16  100 0000001000010000110000110101011001111110110101000010110111100001101010011110100111010100101101111010
runNumber 22
genCount 10347
elapsedTime 600.039
unaryHyperVol 85
binaryHyperVol 14.4286
additiveEps 0.714286
entropy 0.427067
archive 22
3
6 15  100 0110001001010011000000011100101001110000110101000010110111100001101010011110100011101000101101111010
5 16  100 0110001001010011000000011110101001110000110101000010110111100001101010011110100011101000101101111010
4 17  100 0110001001010111000001011110101001110000110101000010110111100001101010011110100011101000101101111010
runNumber 23
genCount 10080
elapsedTime 600.18
unaryHyperVol 54
binaryHyperVol 25.6389
additiveEps 1
entropy 0
archive 23
1
5 19  100 0110001001010001110000111110000001111110110101000010110111100001101010011100100111010100100111110101
runNumber 24
genCount 10666
elapsedTime 599.822
unaryHyperVol 65
binaryHyperVol 24.25
additiveEps 0.833333
entropy 0.475082
archive 24
2
6 15  100 0000001001100100110000110101011001111110110101000010110111100001101010011110000011101000101101111010
5 16  100 0000001001100100110001110101011001111110110101000010110111100001101010011110000011101000101101111010
runNumber 25
genCount 11493
elapsedTime 600.013
unaryHyperVol 84
binaryHyperVol 16.4583
additiveEps 1
entropy 0
archive 25
1
4 16  100 0000001011100100110000111110101001111110110101000010110111100001101010010110000011100011000001111010
runNumber 26
genCount 11356
elapsedTime 599.957
unaryHyperVol 66
binaryHyperVol 24.2083
additiveEps 0.833333
entropy 0
archive 26
1
5 15  100 1010001011000101110000111110101001111110111000000010110111100001101010010000000011101000000001111010
runNumber 27
genCount 10749
elapsedTime 599.943
unaryHyperVol 96
binaryHyperVol 10.3333
additiveEps 0.25
entropy 0.429051
archive 27
4
7 11  100 0000010111010100110000001110101001111110110101000010110111010101101010011110100011101000101101111010
6 12  100 0000010111010000110001011110101001111110110101000010110111010101101010011110100011101000101101111010
5 13  100 0000010111010000110000011110101001111110110101000010110111010101101010001110100011100000101101111010
4 16  100 0000010111100100110000001110101001111110110101000010110111010101101010011110000111101000100100111010
runNumber 28
genCount 11754
elapsedTime 599.897
unaryHyperVol 60
binaryHyperVol 25.5357
additiveEps 1
entropy 0
archive 28
1
5 17  100 1010001000010001110000110101011001111110110101000010110111100001101010011110000011010100100100111010
runNumber 29
genCount 10648
elapsedTime 600.012
unaryHyperVol 112
binaryHyperVol 3.79167
additiveEps 0.5
entropy 0.506429
archive 29
4
7 13  100 0000010111010001110000001110101001111110110101000010110111010101101010010000010011101000000001111010
6 14  100 0000010111010001110001011110101001111110110101000010110111010101101010010000010011101000000001111010
4 15  100 0000010111100100110000001110101001111110110101000010110111010101101010010000010011101000000001111010
3 16  100 0000010111100100110001001110101001111110110101000010110111010101101010010000010011101000000001111010
