OptimalFront
unaryHyperVol 50
4
6 11  100 0110010101110110101001000110011111011001001010000110010001101011001001111010100001100001110011110101
5 12  100 0110010101110110101001000110011111011001001010000110010001101011001010111010100001100001110011110101
4 13  100 0110010101010110101001000110011111011001001010000110010001101011001010111010100001100001110011110101
3 14  100 0110010101010110101001000110101111011001001010000110010001101011001010111010100001100001110011110101
-------------------------
runNumber 0
genCount 26934
elapsedTime 599.905
unaryHyperVol 39
binaryHyperVol 9.22222
additiveEps 0.333333
entropy 0.427067
archive 0
3
6 12  100 0110010101110110101001000101011111011001001010000110010001101011001101111010100001010110110011110110
5 13  100 0110010101110110101001000101011111011001001010000110010001101011000110111010100001010110110011110110
4 14  100 0110010101010110101001000101011111011001001010000110010001101011000110111010100001010110110011110110
runNumber 1
genCount 64500
elapsedTime 599.994
unaryHyperVol 50
binaryHyperVol 0
additiveEps 0
entropy 0.168124
archive 1
4
6 11  100 0110010101110110101001000110011111011001001010000110010001101011001001111010100001100001110011110101
5 12  100 0110010101110110101001000110011111011001001010000110010001101011001010111010100001100001110011110101
4 13  100 0110010101010110101001000110011111011001001010000110010001101011001010111010100001100001110011110101
3 14  100 0110010101010110101001000110101111011001001010000110010001101011001010111010100001100001110011110101
runNumber 2
genCount 67505
elapsedTime 599.999
unaryHyperVol 33
binaryHyperVol 5.73333
additiveEps 0.6
entropy 0.475082
archive 2
2
4 14  100 0000010101110110101001000110011111011001001010000110010001101011001010110000010001100001110011110101
3 16  100 0000010101110110101001000110101111011001001010000110010001101011001010110000010001100001000011110101
runNumber 3
genCount 64178
elapsedTime 600
unaryHyperVol 26
binaryHyperVol 6.77143
additiveEps 0.571429
entropy 0.436759
archive 3
4
10 13  100 0110001001110110010000000101011111011001001010000110010001101011001001001010100001100000110011110110
7 14  100 0110001001110110010000000101011111011001001010000110010001101011001010001010100001100000110011110110
5 15  100 0110001001110110010000000101011111011001001010000110010001101011000000011010100001100000110011110110
4 16  100 0110001001010110010000000101011111011001001010000110010001101011000000011010100001100000110011110110
runNumber 4
genCount 64684
elapsedTime 599.992
unaryHyperVol 50
binaryHyperVol 0
additiveEps 0
entropy 0.168124
archive 4
4
6 11  100 0110010101110110101001000110011111011001001010000110010001101011001001111010100001100001110011110101
5 12  100 0110010101110110101001000110011111011001001010000110010001101011001010111010100001100001110011110101
4 13  100 0110010101010110101001000110011111011001001010000110010001101011001010111010100001100001110011110101
3 14  100 0110010101010110101001000110101111011001001010000110010001101011001010111010100001100001110011110101
runNumber 5
genCount 66194
elapsedTime 599.996
unaryHyperVol 24
binaryHyperVol 15.5
additiveEps 1
entropy 0
archive 5
1
4 15  100 0110011010110110101010000100011111011001001010000110010001101011000110110000010001010001110011110101
runNumber 6
genCount 67434
elapsedTime 599.999
unaryHyperVol 40
binaryHyperVol 9.11111
additiveEps 0.333333
entropy 0.49717
archive 6
2
5 12  100 0110010101110110101001000101011111011001001010000110010001101011001010110110100001100011110011110110
4 14  100 0110010101010110101001000101011111011001001010000110010001101011001010110110100001100011000011110110
runNumber 7
genCount 67396
elapsedTime 599.99
unaryHyperVol 19
binaryHyperVol 6.95238
additiveEps 0.714286
entropy 0.475082
archive 7
2
4 16  100 0000001001110110010000000110011111011001001010000110010001101011001010110000010001100001110011110101
3 18  100 0000001001110110010000000110101111011001001010000110010001101011001010110000010001100001000011110101
runNumber 8
genCount 66001
elapsedTime 600.001
unaryHyperVol 34
binaryHyperVol 12.3333
additiveEps 0.666667
entropy 0.475082
archive 8
2
6 13  100 0000010101010101110000000110011111011001001010000110010001101011001001111010100001101010110011110110
4 14  100 0000010101010101110000000110011111011001001010000110010001101011001010111010100001101010110011110110
runNumber 9
genCount 66381
elapsedTime 600.003
unaryHyperVol 29
binaryHyperVol 13.1667
additiveEps 0.75
entropy 0.475082
archive 9
2
5 14  100 0000010101110110101001000110011111011001001010000110010001101011000000110100010001100011110011110110
4 15  100 0000010101110110101001000110011111011001001010000110010001101011000000010000010001100000110011110110
runNumber 10
genCount 64637
elapsedTime 599.995
unaryHyperVol 36
binaryHyperVol 4
additiveEps 0.4
entropy 0.453679
archive 10
4
6 13  100 0110001001110110010000000110011111011001001010000110010001101011001001111010100001100001110011110101
5 14  100 0110001001110110010000000110011111011001001010000110010001101011001010111010100001100001110011110101
4 15  100 0110001001010110010000000110011111011001001010000110010001101011001010111010100001100001110011110101
3 16  100 0110001001010110010000000110101111011001001010000110010001101011001010111010100001100001110011110101
runNumber 11
genCount 63237
elapsedTime 599.992
unaryHyperVol 39
binaryHyperVol 9.22222
additiveEps 0.333333
entropy 0.427067
archive 11
3
6 12  100 0110010101110110101001000110011111011001001010000110010001100111110101111010100001100001110011110101
5 13  100 0110010101110110101001000110011111011001001010000110010001100111110110111010100001100001110011110101
4 14  100 0110010101010110101001000110011111011001001010000110010001100111110110111010100001100001110011110101
runNumber 12
genCount 66632
elapsedTime 599.997
unaryHyperVol 40
binaryHyperVol 9.11111
additiveEps 0.333333
entropy 0.49717
archive 12
2
5 12  100 0110010101110110101001000110011111011001001010000110010001101011001010110110100001100011110011110110
4 14  100 0110010101010110101001000110011111011001001010000110010001101011001010110110100001100011000011110110
runNumber 13
genCount 65601
elapsedTime 600.004
unaryHyperVol 34
binaryHyperVol 12.3333
additiveEps 0.666667
entropy 0.475082
archive 13
2
6 13  100 0000010101010101110000000110011111011001001010000110010001101011001001111010100001101010110011110110
4 14  100 0000010101010101110001000110011111011001001010000110010001101011001010111010100001101010110011110110
runNumber 14
genCount 64482
elapsedTime 599.997
unaryHyperVol 50
binaryHyperVol 0
additiveEps 0
entropy 0.168124
archive 14
4
6 11  100 0110010101110110101001000110011111011001001010000110010001101011001001111010100001100001110011110101
5 12  100 0110010101110110101001000110011111011001001010000110010001101011001010111010100001100001110011110101
4 13  100 0110010101010110101001000110011111011001001010000110010001101011001010111010100001100001110011110101
3 14  100 0110010101010110101001000110101111011001001010000110010001101011001010111010100001100001110011110101
runNumber 15
genCount 64218
elapsedTime 599.998
unaryHyperVol 50
binaryHyperVol 0
additiveEps 0
entropy 0.168124
archive 15
4
6 11  100 0110010101110110101001000110011111011001001010000110010001101011001001111010100001100001110011110101
5 12  100 0110010101110110101001000110011111011001001010000110010001101011001010111010100001100001110011110101
4 13  100 0110010101010110101001000110011111011001001010000110010001101011001010111010100001100001110011110101
3 14  100 0110010101010110101001000110101111011001001010000110010001101011001010111010100001100001110011110101
runNumber 16
genCount 64655
elapsedTime 599.998
unaryHyperVol 36
binaryHyperVol 4
additiveEps 0.4
entropy 0.453679
archive 16
4
6 13  100 0110001001110110010000000110011111011001001010000110010001101011001001111010100001100001110011110101
5 14  100 0110001001110110010000000110011111011001001010000110010001101011001010111010100001100001110011110101
4 15  100 0110001001010110010000000110011111011001001010000110010001101011001010111010100001100001110011110101
3 16  100 0110001001010110010000000110101111011001001010000110010001101011001010111010100001100001110011110101
runNumber 17
genCount 63164
elapsedTime 600
unaryHyperVol 38
binaryHyperVol 2.90476
additiveEps 0.333333
entropy 0.438886
archive 17
4
10 11  100 0110010101110110101001000101011111011001001010000110010001101011001001001010100001100000110011110110
7 12  100 0110010101110110101001000001011111011001001010000110010001101011001001001010100001100000110011110110
5 13  100 0110010101110110101001000101011111011001001010000110010001101011000000011010100001100000110011110110
4 14  100 0110010101010110101001000101011111011001001010000110010001101011000000011010100001100000110011110110
runNumber 18
genCount 65360
elapsedTime 600
unaryHyperVol 15
binaryHyperVol 13.0952
additiveEps 0.714286
entropy 0.427067
archive 18
3
6 16  100 0110001001110110010001010110101111000000001010000110010001101011001001111010100001101010110011110110
5 17  100 0110001001110110010001010110101111000000001010000110010001101011001010111010100001101010110011110110
4 18  100 0110001001010110010001010110101111000000001010000110010001101011001010111010100001101010110011110110
runNumber 19
genCount 66785
elapsedTime 600
unaryHyperVol 28
binaryHyperVol 11.8667
additiveEps 0.6
entropy 0.475082
archive 19
2
5 14  100 0110001001110110010000000101011111011001001010000110010001101011001010110110100001100011110011110110
4 16  100 0110001001010110010000000101011111011001001010000110010001101011001010110110100001100011000011110110
runNumber 20
genCount 64859
elapsedTime 599.998
unaryHyperVol 50
binaryHyperVol 0
additiveEps 0
entropy 0.168124
archive 20
4
6 11  100 0110010101110110101001000110011111011001001010000110010001101011001001111010100001100001110011110101
5 12  100 0110010101110110101001000110011111011001001010000110010001101011001010111010100001100001110011110101
4 13  100 0110010101010110101001000110011111011001001010000110010001101011001010111010100001100001110011110101
3 14  100 0110010101010110101001000110101111011001001010000110010001101011001010111010100001100001110011110101
runNumber 21
genCount 64734
elapsedTime 599.993
unaryHyperVol 50
binaryHyperVol 0
additiveEps 0
entropy 0.168124
archive 21
4
6 11  100 0110010101110110101001000110011111011001001010000110010001101011001001111010100001100001110011110101
5 12  100 0110010101110110101001000110011111011001001010000110010001101011001010111010100001100001110011110101
4 13  100 0110010101010110101001000110011111011001001010000110010001101011001010111010100001100001110011110101
3 14  100 0110010101010110101001000110101111011001001010000110010001101011001010111010100001100001110011110101
runNumber 22
genCount 63353
elapsedTime 599.998
unaryHyperVol 39
binaryHyperVol 9.22222
additiveEps 0.333333
entropy 0.427067
archive 22
3
6 12  100 0110010101110110101010000101011111011001001010000110010001101011001101111010100001010001110011110101
5 13  100 0110010101110110101010000101011111011001001010000110010001101011000110111010100001010001110011110101
4 14  100 0110010101010110101010000101011111011001001010000110010001101011000110111010100001010001110011110101
runNumber 23
genCount 66817
elapsedTime 599.999
unaryHyperVol 18
binaryHyperVol 15.6
additiveEps 1
entropy 0
archive 23
1
4 16  100 0000010101110110000001000110010001011001001010000110010001101011001010110000010001101010110011110110
runNumber 24
genCount 64277
elapsedTime 599.994
unaryHyperVol 50
binaryHyperVol 0
additiveEps 0
entropy 0.168124
archive 24
4
6 11  100 0110010101110110101001000110011111011001001010000110010001101011001001111010100001100001110011110101
5 12  100 0110010101110110101001000110011111011001001010000110010001101011001010111010100001100001110011110101
4 13  100 0110010101010110101001000110011111011001001010000110010001101011001010111010100001100001110011110101
3 14  100 0110010101010110101001000110101111011001001010000110010001101011001010111010100001100001110011110101
runNumber 25
genCount 64644
elapsedTime 599.994
unaryHyperVol 36
binaryHyperVol 4
additiveEps 0.4
entropy 0.453679
archive 25
4
6 13  100 0110001001110110010000000110011111011001001010000110010001101011001001111010100001100001110011110101
5 14  100 0110001001110110010000000110011111011001001010000110010001101011001010111010100001100001110011110101
4 15  100 0110001001010110010000000110011111011001001010000110010001101011001010111010100001100001110011110101
3 16  100 0110001001010110010000000110101111011001001010000110010001101011001010111010100001100001110011110101
runNumber 26
genCount 65666
elapsedTime 599.998
unaryHyperVol 29
binaryHyperVol 13.1667
additiveEps 0.75
entropy 0.475082
archive 26
2
5 14  100 0110010110110110101001000100011111011001001010000110010001101011000000110100010001100011110011110110
4 15  100 0110010110110110101001000100011111011001001010000110010001101011000000010000010001100000110011110110
runNumber 27
genCount 64289
elapsedTime 599.995
unaryHyperVol 36
binaryHyperVol 4
additiveEps 0.4
entropy 0.453679
archive 27
4
6 13  100 0110001001110110010000000110011111011001001010000110010001101011001001111010100001100001110011110101
5 14  100 0110001001110110010000000110011111011001001010000110010001101011001010111010100001100001110011110101
4 15  100 0110001001010110010000000110011111011001001010000110010001101011001010111010100001100001110011110101
3 16  100 0110001001010110010000000110101111011001001010000110010001101011001010111010100001100001110011110101
runNumber 28
genCount 64336
elapsedTime 599.999
unaryHyperVol 27
binaryHyperVol 11.9333
additiveEps 0.6
entropy 0.427067
archive 28
3
6 14  100 0110001001110110010000000110011111011001001010000110010001101011000101111010100001010110110011110110
5 15  100 0110001001110110010000000110011111011001001010000110010001101011000110111010100001010110110011110110
4 16  100 0110001001010110010000000110011111011001001010000110010001101011000110111010100001010110110011110110
runNumber 29
genCount 64927
elapsedTime 599.988
unaryHyperVol 36
binaryHyperVol 4
additiveEps 0.4
entropy 0.453679
archive 29
4
6 13  100 0110001001110110010000000110011111011001001010000110010001101011001001111010100001100001110011110101
5 14  100 0110001001110110010000000110011111011001001010000110010001101011001010111010100001100001110011110101
4 15  100 0110001001010110010000000110011111011001001010000110010001101011001010111010100001100001110011110101
3 16  100 0110001001010110010000000110101111011001001010000110010001101011001010111010100001100001110011110101
