OptimalFront
unaryHyperVol 118
4
7 11  100 0000100111011101110000001110101001111010110101000010110111101001101010011100010011101000101101111000
6 12  100 0000100111011101110001011110101001111010110101000010110111101001101010011100010011101000101101111000
4 13  100 0000100111101101110000001110101001111010110110000010110111101001101010011100010011101000101101111000
3 16  100 0000000011101101010000111110101001111010110110000010110111101001101010011100010011100001101101111001
-------------------------
runNumber 0
genCount 11944
elapsedTime 599.519
unaryHyperVol 111
binaryHyperVol 5.15
additiveEps 0.8
entropy 0.49717
archive 0
2
4 15  100 0000000011101101110000111110101001111010110110000010110111101001101010011100010011100001101101111001
3 16  100 0000000011101101010000111110101001111010110110000010110111101001101010011100010011100001101101111001
runNumber 1
genCount 11850
elapsedTime 599.953
unaryHyperVol 118
binaryHyperVol 0
additiveEps 0
entropy 0.424747
archive 1
4
7 11  100 0000100111011101110000001110101001111010110101000010110111101001101010011100010011101000101101111000
6 12  100 0000100111011101110001011110101001111010110101000010110111101001101010011100010011101000101101111000
4 13  100 0000100111101101110000001110101001111010110110000010110111101001101010011100010011101000101101111000
3 16  100 0000000011101101010000111110101001111010110110000010110111101001101010011100010011100001101101111001
runNumber 2
genCount 11600
elapsedTime 600
unaryHyperVol 116
binaryHyperVol 0.0714286
additiveEps 0.25
entropy 0.443229
archive 2
4
7 11  100 0000100111011101110000001110101001111010110101000010110111101001101010011100010011101000101101111000
6 12  100 0000100111011101110001011110101001111010110101000010110111101001101010011100010011101000101101111000
4 13  100 0000100111101101110000001110101001111010110110000010110111101001101010011100010011101000101101111000
3 18  100 0000100111101101111001001110101001111010110110000010110111101001101010011100010011100001101101111001
runNumber 3
genCount 11470
elapsedTime 600.183
unaryHyperVol 83
binaryHyperVol 10.875
additiveEps 0.5
entropy 0.468496
archive 3
3
7 11  100 0000100111011101110000011110101001111010110101000010110111101001101010011100010011101000101101111000
6 12  100 0000100111011101110001011110101001111010110101000010110111101001101010011100010011101000101101111000
4 17  100 0000100111011101110000011110101001111010110110000010110111101001101010011100010000010100101101010000
runNumber 4
genCount 11318
elapsedTime 599.762
unaryHyperVol 116
binaryHyperVol 0.0714286
additiveEps 0.25
entropy 0.443229
archive 4
4
7 11  100 0000100111011101110000001110101001111010110101000010110111101001101010011100010011101000101101111000
6 12  100 0000100111011101110001011110101001111010110101000010110111101001101010011100010011101000101101111000
4 13  100 0000100111101101110000001110101001111010110110000010110111101001101010011100010011101000101101111000
3 18  100 0000100111101101111001001110101001111010110110000010110111101001101010011100010011100001101101111001
runNumber 5
genCount 11344
elapsedTime 599.671
unaryHyperVol 118
binaryHyperVol 0
additiveEps 0
entropy 0.424747
archive 5
4
7 11  100 0000100111011101110000001110101001111010110101000010110111101001101010011100010011101000101101111000
6 12  100 0000100111011101110001011110101001111010110101000010110111101001101010011100010011101000101101111000
4 13  100 0000100111101101110000001110101001111010110110000010110111101001101010011100010011101000101101111000
3 16  100 0000000011101101010000111110101001111010110110000010110111101001101010011100010011100001101101111001
runNumber 6
genCount 11243
elapsedTime 599.766
unaryHyperVol 116
binaryHyperVol 0.0714286
additiveEps 0.25
entropy 0.443229
archive 6
4
7 11  100 0000100111011101110000011110101001111010110101000010110111101001101010011100010011101000101101111000
6 12  100 0000100111011101110001011110101001111010110101000010110111101001101010011100010011101000101101111000
4 13  100 0000100111101101110000001110101001111010110110000010110111101001101010011100010011101000101101111000
3 18  100 0000100111101101111001001110101001111010110110000010110111101001101010011100010011100001101101111001
runNumber 7
genCount 12517
elapsedTime 599.71
unaryHyperVol 111
binaryHyperVol 5.15
additiveEps 0.8
entropy 0.49717
archive 7
2
4 15  100 0000000011101101110000111110101001111010110110000010110111101001101010011100010011100001101101111001
3 16  100 0000000011101101010000111110101001111010110110000010110111101001101010011100010011100001101101111001
runNumber 8
genCount 11253
elapsedTime 599.784
unaryHyperVol 116
binaryHyperVol 0.0714286
additiveEps 0.25
entropy 0.443229
archive 8
4
7 11  100 0000100111011101110000011110101001111010110101000010110111101001101010011100010011101000101101111000
6 12  100 0000100111011101110001011110101001111010110101000010110111101001101010011100010011101000101101111000
4 13  100 0000100111101101110000001110101001111010110110000010110111101001101010011100010011101000101101111000
3 18  100 0000100111101101111001001110101001111010110110000010110111101001101010011100010011100001101101111001
runNumber 9
genCount 11281
elapsedTime 599.946
unaryHyperVol 116
binaryHyperVol 0.0714286
additiveEps 0.25
entropy 0.443229
archive 9
4
7 11  100 0000100111011101110000001110101001111010110101000010110111101001101010011100010011101000101101111000
6 12  100 0000100111011101110001011110101001111010110101000010110111101001101010011100010011101000101101111000
4 13  100 0000100111101101110000001110101001111010110110000010110111101001101010011100010011101000101101111000
3 18  100 0000100111101101111001001110101001111010110110000010110111101001101010011100010011100001101101111001
runNumber 10
genCount 10924
elapsedTime 599.706
unaryHyperVol 91
binaryHyperVol 10.5
additiveEps 0.25
entropy 0.482558
archive 10
3
7 11  100 0000100111011101110000001110101001111010110101000010110111101001101010011100010011101000101101111000
6 12  100 0000100111011101110001011110101001111010110101000010110111101001101010011100010011101000101101111000
4 13  100 0000100111101101110000001110101001111010110110000010110111101001101010011100010011101000101101111000
runNumber 11
genCount 12059
elapsedTime 600.46
unaryHyperVol 111
binaryHyperVol 5.15
additiveEps 0.8
entropy 0.49717
archive 11
2
4 15  100 0000000011101101110000111110101001111010110110000010110111101001101010011100010011100001101101111001
3 16  100 0000000011101101010000111110101001111010110110000010110111101001101010011100010011100001101101111001
runNumber 12
genCount 10875
elapsedTime 600.984
unaryHyperVol 80
binaryHyperVol 15
additiveEps 0.666667
entropy 0.475082
archive 12
2
6 15  100 0000000011101101110000111110101001111010110110000010110111101001101010011100010011010100101101110000
4 17  100 0000000011101101110000111110101001111010110110000010110111101001101010011100010000010100101101010000
runNumber 13
genCount 10402
elapsedTime 600.932
unaryHyperVol 116
binaryHyperVol 0.0714286
additiveEps 0.25
entropy 0.443229
archive 13
4
7 11  100 0000100111011101110000011110101001111010110101000010110111101001101010011100010011101000101101111000
6 12  100 0000100111011101110001011110101001111010110101000010110111101001101010011100010011101000101101111000
4 13  100 0000100111101101110000001110101001111010110110000010110111101001101010011100010011101000101101111000
3 18  100 0000100111101101111001001110101001111010110110000010110111101001101010011100010011100001101101111001
runNumber 14
genCount 11638
elapsedTime 599.968
unaryHyperVol 91
binaryHyperVol 10.5
additiveEps 0.25
entropy 0.482558
archive 14
3
7 11  100 0000100111011101110000001110101001111010110101000010110111101001101010011100010011101000101101111000
6 12  100 0000100111011101110001011110101001111010110101000010110111101001101010011100010011101000101101111000
4 13  100 0000100111101101110000001110101001111010110110000010110111101001101010011100010011101000101101111000
runNumber 15
genCount 11637
elapsedTime 599.607
unaryHyperVol 116
binaryHyperVol 0.0714286
additiveEps 0.25
entropy 0.443229
archive 15
4
7 11  100 0000100111011101110000001110101001111010110101000010110111101001101010011100010011101000101101111000
6 12  100 0000100111011101110001011110101001111010110101000010110111101001101010011100010011101000101101111000
4 13  100 0000100111101101110000001110101001111010110110000010110111101001101010011100010011101000101101111000
3 18  100 0000100111101101111001001110101001111010110110000010110111101001101010011100010011100001101101111001
runNumber 16
genCount 11380
elapsedTime 599.892
unaryHyperVol 91
binaryHyperVol 10.5
additiveEps 0.25
entropy 0.482558
archive 16
3
7 11  100 0000100111011101110000011110101001111010110101000010110111101001101010011100010011101000101101111000
6 12  100 0000100111011101110001011110101001111010110101000010110111101001101010011100010011101000101101111000
4 13  100 0000100111101101110000001110101001111010110110000010110111101001101010011100010011101000101101111000
runNumber 17
genCount 12273
elapsedTime 599.706
unaryHyperVol 118
binaryHyperVol 0
additiveEps 0
entropy 0.424747
archive 17
4
7 11  100 0000100111011101110000001110101001111010110101000010110111101001101010011100010011101000101101111000
6 12  100 0000100111011101110001011110101001111010110101000010110111101001101010011100010011101000101101111000
4 13  100 0000100111101101110000001110101001111010110110000010110111101001101010011100010011101000101101111000
3 16  100 0000000011101101010000111110101001111010110110000010110111101001101010011100010011100001101101111001
runNumber 18
genCount 11881
elapsedTime 599.986
unaryHyperVol 80
binaryHyperVol 15
additiveEps 0.666667
entropy 0.475082
archive 18
2
6 15  100 0000000011101101110000111110101001111010110110000010110111101001101010011100010011010100101101110000
4 17  100 0000000011101101110000111110101001111010110110000010110111101001101010011100010000010100101101010000
runNumber 19
genCount 11147
elapsedTime 599.661
unaryHyperVol 116
binaryHyperVol 0.0714286
additiveEps 0.25
entropy 0.443229
archive 19
4
7 11  100 0000100111011101110000001110101001111010110101000010110111101001101010011100010011101000101101111000
6 12  100 0000100111011101110001011110101001111010110101000010110111101001101010011100010011101000101101111000
4 13  100 0000100111101101110000001110101001111010110110000010110111101001101010011100010011101000101101111000
3 18  100 0000100111101101111001001110101001111010110110000010110111101001101010011100010011100001101101111001
runNumber 20
genCount 11212
elapsedTime 600.917
unaryHyperVol 91
binaryHyperVol 10.5
additiveEps 0.25
entropy 0.482558
archive 20
3
7 11  100 0000100111011101110000011110101001111010110101000010110111101001101010011100010011101000101101111000
6 12  100 0000100111011101110001011110101001111010110101000010110111101001101010011100010011101000101101111000
4 13  100 0000100111101101110000001110101001111010110110000010110111101001101010011100010011101000101101111000
runNumber 21
genCount 11444
elapsedTime 599.961
unaryHyperVol 111
binaryHyperVol 5.15
additiveEps 0.8
entropy 0.49717
archive 21
2
4 15  100 0000000011101101110000111110101001111010110110000010110111101001101010011100010011100001101101111001
3 16  100 0000000011101101010000111110101001111010110110000010110111101001101010011100010011100001101101111001
runNumber 22
genCount 11598
elapsedTime 599.105
unaryHyperVol 78
binaryHyperVol 17.0833
additiveEps 1
entropy 0
archive 22
1
4 17  100 0000000011101101110000111110101001111010110110000010110111101001101010011100010000010100101101010000
runNumber 23
genCount 11157
elapsedTime 599.853
unaryHyperVol 118
binaryHyperVol 0
additiveEps 0
entropy 0.424747
archive 23
4
7 11  100 0000100111011101110000011110101001111010110101000010110111101001101010011100010011101000101101111000
6 12  100 0000100111011101110001011110101001111010110101000010110111101001101010011100010011101000101101111000
4 13  100 0000100111101101110000001110101001111010110110000010110111101001101010011100010011101000101101111000
3 16  100 0000000011101101010000111110101001111010110110000010110111101001101010011100010011100001101101111001
runNumber 24
genCount 11624
elapsedTime 599.849
unaryHyperVol 113
binaryHyperVol 2.65
additiveEps 0.4
entropy 0.439156
archive 24
4
7 13  100 0000000011101101110000011110101001111010110110000010110111101001101010011100010011101000101101111000
5 14  100 0000000011001100010000111110101001111010110110000010110111101001101010011100010011101000101101111000
4 15  100 0000000011001100010001111110101001111010110110000010110111101001101010011100010011101000101101111000
3 16  100 0000000011101101010000111110101001111010110110000010110111101001101010011100010011100001101101111001
runNumber 25
genCount 11462
elapsedTime 599.882
unaryHyperVol 69
binaryHyperVol 15.975
additiveEps 0.8
entropy 0.427067
archive 25
3
6 19  100 1010100111101101111010111110101001111010110110000010110111101001101010011100010011010001101101110001
5 20  100 1010100111101101111010111110101001111010110110000010110111101001101010011100010011010101100100111001
4 21  100 1010100111101101111010111110101001111010110110000010110111101001101010011100010000010101101101010001
runNumber 26
genCount 10840
elapsedTime 600.01
unaryHyperVol 116
binaryHyperVol 0.0714286
additiveEps 0.25
entropy 0.443229
archive 26
4
7 11  100 0000100111011101110000011110101001111010110101000010110111101001101010011100010011101000101101111000
6 12  100 0000100111011101110001011110101001111010110101000010110111101001101010011100010011101000101101111000
4 13  100 0000100111101101110000001110101001111010110110000010110111101001101010011100010011101000101101111000
3 18  100 0000100111101101111001001110101001111010110110000010110111101001101010011100010011100001101101111001
runNumber 27
genCount 11197
elapsedTime 599.894
unaryHyperVol 78
binaryHyperVol 17.0833
additiveEps 1
entropy 0
archive 27
1
4 17  100 0000000011101101110000111110101001111010110110000010110111101001101010011100010000010100101101010000
runNumber 28
genCount 12373
elapsedTime 599.981
unaryHyperVol 111
binaryHyperVol 5.15
additiveEps 0.8
entropy 0.49717
archive 28
2
4 15  100 0000000011101101110000111110101001111010110110000010110111101001101010011100010011100001101101111001
3 16  100 0000000011101101010000111110101001111010110110000010110111101001101010011100010011100001101101111001
runNumber 29
genCount 11678
elapsedTime 599.592
unaryHyperVol 111
binaryHyperVol 5.15
additiveEps 0.8
entropy 0.49717
archive 29
2
4 15  100 0000000011101101110000111110101001111010110110000010110111101001101010011100010011100001101101111001
3 16  100 0000000011101101010000111110101001111010110110000010110111101001101010011100010011100001101101111001
