OptimalFront
unaryHyperVol 72
4
6 13  100 1000001000000100011101010010101100010101001010011001010100000011010000110001100010101000101011010101
5 14  100 0100001000000100010001110010101100010101001010011001010100000011010000110001100010101000010111110101
4 16  100 1000001000000100010000000010101100010101001010010001010100101011010000010001100010100000101011111010
3 17  100 1000010100000100010001000010101100010101001010011001010100101011011010110001100010101000101011111010
-------------------------
runNumber 0
genCount 11703
elapsedTime 599.396
unaryHyperVol 53
binaryHyperVol 13.75
additiveEps 0.5
entropy 0.49717
archive 0
2
5 15  100 1000001000000100010000000010101100010101001010011001010100101011010000010001100010100000101011111010
4 16  100 1000001000000100010000000010101100010101001010010001010100101011010000010001100010100000101011111010
runNumber 1
genCount 10909
elapsedTime 599.975
unaryHyperVol 68
binaryHyperVol 2.53333
additiveEps 0.4
entropy 0.449615
archive 1
3
5 15  100 1000010100000100010001000010101100010101001010011001010100101011010000110001100010101000010111110110
4 16  100 1000010100000100010001000010101100010101001010010001010100101011010000110001100010101000010111110110
3 18  100 1000010100000100010001000010101100010101001010011001010100101011011010110001100010101000010111111010
runNumber 2
genCount 11081
elapsedTime 599.976
unaryHyperVol 69
binaryHyperVol 3.08333
additiveEps 0.5
entropy 0.470519
archive 2
3
5 15  100 1000010100000100010001000010101100010101001010011001010100101011010000110001100010101000101011111010
4 16  100 1000010100000100010001000010101100010101001010010001010100101011010000110001100010101000101011111010
3 17  100 1000010100000100010001000010101100010101001010011001010100101011011010110001100010101000101011111010
runNumber 3
genCount 11381
elapsedTime 599.847
unaryHyperVol 29
binaryHyperVol 26.8889
additiveEps 0.833333
entropy 0.475082
archive 3
2
6 18  100 1000001000000100010000000010101100010101001010011001010100101011101010110001100001010100101011111010
5 19  100 1000001000000100010000000010101100010101001010010001010100101011101010110001100001010100101011111010
runNumber 4
genCount 11293
elapsedTime 599.18
unaryHyperVol 69
binaryHyperVol 3.08333
additiveEps 0.5
entropy 0.470519
archive 4
3
5 15  100 1000010100000100010001000010101100010101001010011001010100101011010000110001100010101000101011111010
4 16  100 1000010100000100010001000010101100010101001010010001010100101011010000110001100010101000101011111010
3 17  100 1000010100000100010001000010101100010101001010011001010100101011011010110001100010101000101011111010
runNumber 5
genCount 11210
elapsedTime 601.914
unaryHyperVol 69
binaryHyperVol 3.08333
additiveEps 0.5
entropy 0.470519
archive 5
3
5 15  100 1000010100000100010001000010101100010101001010011001010100101011010000110001100010101000101011111010
4 16  100 1000010100000100010001000010101100010101001010010001010100101011010000110001100010101000101011111010
3 17  100 1000010100000100010001000010101100010101001010011001010100101011011010110001100010101000101011111010
runNumber 6
genCount 11803
elapsedTime 599.896
unaryHyperVol 53
binaryHyperVol 13.75
additiveEps 0.5
entropy 0.49717
archive 6
2
5 15  100 0100001000000100010001110010101100010101000010011001010100101011010000110001100010101000101011111010
4 16  100 0100001000000100010001110010101100010101001010010001010100101011010000110001100010101000101011111010
runNumber 7
genCount 11619
elapsedTime 599.81
unaryHyperVol 53
binaryHyperVol 13.75
additiveEps 0.5
entropy 0.49717
archive 7
2
5 15  100 0100001000000100010001110010101100010101001010011001010100101011010000110001100010101000101011111010
4 16  100 0100001000000100010001110010101100010101001010010001010100101011010000110001100010101000101011111010
runNumber 8
genCount 11146
elapsedTime 599.449
unaryHyperVol 69
binaryHyperVol 3.08333
additiveEps 0.5
entropy 0.470519
archive 8
3
5 15  100 1000010100000100010001000010101100010101001010011001010100101011010000110001100010101000101011111010
4 16  100 1000010100000100010001000010101100010101001010010001010100101011010000110001100010101000101011111010
3 17  100 1000010100000100010001000010101100010101001010011001010100101011011010110001100010101000101011111010
runNumber 9
genCount 11774
elapsedTime 599.641
unaryHyperVol 54
binaryHyperVol 12.25
additiveEps 0.333333
entropy 0.449615
archive 9
3
6 14  100 1000001000000100010001010010101100010101001010011001010100101011010000110001100010101000101011111010
5 15  100 1000001011000100010001110010101100010101001010011001010100101011010000110001100010101000101011111010
4 16  100 1000001011000100010001110010101100010101001010010001010100101011010000110001100010101000101011111010
runNumber 10
genCount 10768
elapsedTime 600.037
unaryHyperVol 55
binaryHyperVol 12.1667
additiveEps 0.333333
entropy 0.509891
archive 10
2
5 14  100 0100001000000100010001110010101100010101001010011001010100000011010000110001100010101000010111110101
4 16  100 0100001000000100010001110010101100010101001010010001010100101011010000110001100010101000010111110101
runNumber 11
genCount 11443
elapsedTime 600.342
unaryHyperVol 69
binaryHyperVol 3.08333
additiveEps 0.5
entropy 0.470519
archive 11
3
5 15  100 1000010100000100010001000010101100010101001010011001010100101011010000110001100010101000101011111010
4 16  100 1000010100000100010001000010101100010101001010010001010100101011010000110001100010101000101011111010
3 17  100 1000010100000100010001000010101100010101001010011001010100101011011010110001100010101000101011111010
runNumber 12
genCount 11125
elapsedTime 599.591
unaryHyperVol 29
binaryHyperVol 26.8889
additiveEps 0.833333
entropy 0.475082
archive 12
2
6 18  100 1000001000000100010000000010101100010101001010011001010100101011101010110001100001010100101011111010
5 19  100 1000001000000100010000000010101100010101001010010001010100101011101010110001100001010100101011111010
runNumber 13
genCount 11245
elapsedTime 602.637
unaryHyperVol 69
binaryHyperVol 3.08333
additiveEps 0.5
entropy 0.470519
archive 13
3
5 15  100 1000010100000100010001000010101100010101001010011001010100101011010000110001100010101000101011111010
4 16  100 1000010100000100010001000010101100010101001010010001010100101011010000110001100010101000101011111010
3 17  100 1000010100000100010001000010101100010101001010011001010100101011011010110001100010101000101011111010
runNumber 14
genCount 10994
elapsedTime 599.721
unaryHyperVol 53
binaryHyperVol 13.75
additiveEps 0.5
entropy 0.49717
archive 14
2
5 15  100 0100001000000100010001110010101100010101000010011001010100101011010000110001100010101000101011111010
4 16  100 0100001000000100010001110010101100010101001010010001010100101011010000110001100010101000101011111010
runNumber 15
genCount 11216
elapsedTime 599.866
unaryHyperVol 50
binaryHyperVol 14
additiveEps 0.5
entropy 0.475082
archive 15
2
6 15  100 1000001000000100010001010010101100100101001010010001010100101011010000110001100010101000101011111010
4 17  100 1000001000000100010001010010101100100000001010010001010100101011010000110001100010101000101011111010
runNumber 16
genCount 11698
elapsedTime 599.678
unaryHyperVol 32
binaryHyperVol 27.6667
additiveEps 1
entropy 0
archive 16
1
5 17  100 1000001000000100010110000010101100010101001010011001010100101011010000010000111111010100101011111010
runNumber 17
genCount 10609
elapsedTime 601.486
unaryHyperVol 69
binaryHyperVol 3.08333
additiveEps 0.5
entropy 0.470519
archive 17
3
5 15  100 1000010100000100010001000010101100010101001010011001010100101011010000110001100010101000101011111010
4 16  100 1000010100000100010001000010101100010101001010010001010100101011010000110001100010101000101011111010
3 17  100 1000010100000100010001000010101100010101001010011001010100101011011010110001100010101000101011111010
runNumber 18
genCount 11517
elapsedTime 599.951
unaryHyperVol 53
binaryHyperVol 13.75
additiveEps 0.5
entropy 0.49717
archive 18
2
5 15  100 1000001011000100010001110010101100010101001010011001010100101011010000110001100010101000101011111010
4 16  100 1000001011000100010001110010101100010101001010010001010100101011010000110001100010101000101011111010
runNumber 19
genCount 11399
elapsedTime 599.769
unaryHyperVol 53
binaryHyperVol 13.75
additiveEps 0.5
entropy 0.49717
archive 19
2
5 15  100 0100001000000100010001110010101100010101001010011001010111000011010000110001100010101000101011111010
4 16  100 0100001000000100010001110010101100010101001010010001010111000011010000110001100010101000101011111010
runNumber 20
genCount 11065
elapsedTime 599.989
unaryHyperVol 53
binaryHyperVol 13.75
additiveEps 0.5
entropy 0.49717
archive 20
2
5 15  100 0100001000000100010001110010101100010101001010011001010100000011010000110101100010101000101011111010
4 16  100 0100001000000100010001110010101100010101001010010001010100000011010000110101100010101000101011111010
runNumber 21
genCount 11139
elapsedTime 599.929
unaryHyperVol 54
binaryHyperVol 12.25
additiveEps 0.333333
entropy 0.449615
archive 21
3
6 14  100 1000001000000100010001010010101100010101001010011001010100101011010000110001100010101000101011111010
5 15  100 0100001000000100010001110010101100010101001010011001010100101011010000110001100010101000101011111010
4 16  100 0100001000000100010001110010101100010101001010010001010100101011010000110001100010101000101011111010
runNumber 22
genCount 11554
elapsedTime 599.98
unaryHyperVol 54
binaryHyperVol 12.25
additiveEps 0.333333
entropy 0.449615
archive 22
3
6 14  100 1000001000000100010001010010101100010101001010011001010100101011010000110001100010101000101011111010
5 15  100 0100001000000100010001110010101100010101001010011001010100101011010000110001100010101000101011111010
4 16  100 0100001000000100010001110010101100010101001010010001010100101011010000110001100010101000101011111010
runNumber 23
genCount 11400
elapsedTime 600.235
unaryHyperVol 69
binaryHyperVol 3.08333
additiveEps 0.5
entropy 0.470519
archive 23
3
5 15  100 1000010100000100010001000010101100010101001010011001010100101011010000110001100010101000101011111010
4 16  100 1000010100000100010001000010101100010101001010010001010100101011010000110001100010101000101011111010
3 17  100 1000010100000100010001000010101100010101001010011001010100101011011010110001100010101000101011111010
runNumber 24
genCount 11479
elapsedTime 599.994
unaryHyperVol 50
binaryHyperVol 15.4167
additiveEps 0.75
entropy 0.475082
archive 24
2
5 16  100 1000001000000100011100000010101100010101001010011001010100101011010000111101100010100011101011111010
4 17  100 1000001000000100011100000010101100010101001010010001010100101011010000111101100010100011101011111010
runNumber 25
genCount 11360
elapsedTime 599.746
unaryHyperVol 53
binaryHyperVol 13.75
additiveEps 0.5
entropy 0.49717
archive 25
2
5 15  100 0100001000000100010001110010101100010101001010011001010100101011010000110001100010101000101011111010
4 16  100 0100001000000100010001110010101100010101001010010001010100101011010000110001100010101000101011111010
runNumber 26
genCount 11352
elapsedTime 599.999
unaryHyperVol 14
binaryHyperVol 29.6667
additiveEps 0.833333
entropy 0.475082
archive 26
2
7 18  100 1000001000000100010000000010101100010101001010011001010100101011101010110001100010100001101011010101
6 19  100 1000001000000100010000000010101100010101001010010001010100101011101010110001100010100001101011010101
runNumber 27
genCount 11144
elapsedTime 599.924
unaryHyperVol 69
binaryHyperVol 3.08333
additiveEps 0.5
entropy 0.470519
archive 27
3
5 15  100 1000010100000100010001000010101100010101001010011001010100101011010000110001100010101000101011111010
4 16  100 1000010100000100010001000010101100010101001010010001010100101011010000110001100010101000101011111010
3 17  100 1000010100000100010001000010101100010101001010011001010100101011011010110001100010101000101011111010
runNumber 28
genCount 10968
elapsedTime 599.897
unaryHyperVol 69
binaryHyperVol 3.08333
additiveEps 0.5
entropy 0.470519
archive 28
3
5 15  100 1000010100000100010001000010101100010101001010011001010100101011010000110001100010101000101011111010
4 16  100 1000010100000100010001000010101100010101001010010001010100101011010000110001100010101000101011111010
3 17  100 1000010100000100010001000010101100010101001010011001010100101011011010110001100010101000101011111010
runNumber 29
genCount 11295
elapsedTime 599.656
unaryHyperVol 29
binaryHyperVol 26.8889
additiveEps 0.833333
entropy 0.475082
archive 29
2
6 18  100 1000001000000100010000000010101100010101001010011001010100101011101010110001100001010100101011111010
5 19  100 1000001000000100010000000010101100010101001010010001010100101011101010110001100001010100101011111010
