OptimalFront
unaryHyperVol 144
3
8 14  100 0110000000010111001111010100100001000000010110001010000010101000111010110110100111010110100001101010
4 15  100 0110000000010111001111010100000001101000010110001010000010101000111010110110100111010110100001101010
3 16  100 0110101010010010001111010100000001101000010110001010000010101000111010110000010111010110000001101010
-------------------------
runNumber 0
genCount 11245
elapsedTime 599.898
unaryHyperVol 143
binaryHyperVol 0.0666667
additiveEps 0.2
entropy 0.46166
archive 0
3
8 14  100 0110000000010111001111010100100001000000010110001010000010101000111010110110100111010110100001101010
4 15  100 0110000000010111001111010100000001101000010110001010000010101000111010110110100111010110100001101010
3 17  100 0100101010010100001111010100000001101000010110001010000010101000111010110110100111010110100001101010
runNumber 1
genCount 11484
elapsedTime 599.972
unaryHyperVol 115
binaryHyperVol 16
additiveEps 1
entropy 0
archive 1
1
4 16  100 0110000000010010000001010100000001101000010110001010000010101000111010110110001111001010000001101010
runNumber 2
genCount 11265
elapsedTime 599.979
unaryHyperVol 121
binaryHyperVol 7.6
additiveEps 0.2
entropy 0.488066
archive 2
2
8 14  100 0110000000110111001111010100000001000000010110001010000010101000111010110110000111010110100100101010
4 15  100 0110000000110111000111010100100001000000010110001010000010101000111010110110000111010110100100101010
runNumber 3
genCount 11520
elapsedTime 599.894
unaryHyperVol 144
binaryHyperVol 0
additiveEps 0
entropy 0.270001
archive 3
3
8 14  100 0110000000010010001111010100100001000000010110001010000010101000111010110000010111010110000001101010
4 15  100 0110000000010010001111010100100001101000010110001010000010101000111010110000010111010110000001101010
3 16  100 0110101010010010001111010100000001101000010110001010000010101000111010110000010111010110000001101010
runNumber 4
genCount 11424
elapsedTime 599.942
unaryHyperVol 143
binaryHyperVol 0.0666667
additiveEps 0.2
entropy 0.46166
archive 4
3
8 14  100 0110000000010111001111010100100001000000010110001010000010101000111010110110100111010110100001101010
4 15  100 0110000000010111001111010100000001101000010110001010000010101000111010110110100111010110000001101010
3 17  100 0100101010010100001111010100100001101000010110001010000010101000111010110110100111010110000001101010
runNumber 5
genCount 11310
elapsedTime 600.001
unaryHyperVol 143
binaryHyperVol 0.0666667
additiveEps 0.2
entropy 0.46166
archive 5
3
8 14  100 0110000000010111001111010100000001000000010110001010000010101000111010110110100111010110000001101010
4 15  100 0110000000010111001111010100000001101000010110001010000010101000111010110110100111010110000001101010
3 17  100 0100101010010100001111010100100001101000010110001010000010101000111010110110100111010110100001101010
runNumber 6
genCount 11210
elapsedTime 599.94
unaryHyperVol 143
binaryHyperVol 0.0666667
additiveEps 0.2
entropy 0.46166
archive 6
3
8 14  100 0110000000010001001111010100000001000000010110001010000010101000111010110110100111010110100001101010
4 15  100 0110000000010101001111010100000001101000010110001010000010101000111010110110100111010110000001101010
3 17  100 0100101010010100001111010100100001101000010110001010000010101000111010110110100111010110000001101010
runNumber 7
genCount 11181
elapsedTime 599.958
unaryHyperVol 143
binaryHyperVol 0.0666667
additiveEps 0.2
entropy 0.46166
archive 7
3
8 14  100 0110000000010101001111010100000001000000010110001010000010101000111010110110100111010110000001101010
4 15  100 0110000000010101001111010100000001101000010110001010000010101000111010110110100111010110100001101010
3 17  100 0100101010010100001111010100000001101000010110001010000010101000111010110110100111010110000001101010
runNumber 8
genCount 11398
elapsedTime 599.976
unaryHyperVol 103
binaryHyperVol 13.5333
additiveEps 0.666667
entropy 0.49717
archive 8
2
5 18  100 0110000000110111000001010100100001101000010110001010000010010101111010110000010111001010000001101010
4 20  100 0110000000110111000001010100000001101000010000011010000010010100111010110000010111001010000001101010
runNumber 9
genCount 11745
elapsedTime 599.911
unaryHyperVol 139
binaryHyperVol 4.4
additiveEps 0.5
entropy 0.509891
archive 9
2
8 15  100 0110101010010010001111010100000001000000010110001010000010101000111010110000010111010110000001101010
3 16  100 0110101010010010001111010100000001101000010110001010000010101000111010110000010111010110000001101010
runNumber 10
genCount 11385
elapsedTime 599.936
unaryHyperVol 143
binaryHyperVol 0.0666667
additiveEps 0.2
entropy 0.46166
archive 10
3
8 14  100 0110000000010111001111010100000001000000010110001010000010101000111010110110100111010110100001101010
4 15  100 0110000000010101001111010100000001101000010110001010000010101000111010110110100111010110100001101010
3 17  100 0100101010010100001111010100100001101000010110001010000010101000111010110110100111010110000001101010
runNumber 11
genCount 11598
elapsedTime 600.025
unaryHyperVol 143
binaryHyperVol 0.0666667
additiveEps 0.2
entropy 0.46166
archive 11
3
8 14  100 0110000000010111001111010100000001000000010110001010000010101000111010110110100111010110000001101010
4 15  100 0110000000010111001111010100000001101000010110001010000010101000111010110110100111010110000001101010
3 17  100 0100101010010100001111010100000001101000010110001010000010101000111010110110100111010110100001101010
runNumber 12
genCount 11702
elapsedTime 599.974
unaryHyperVol 143
binaryHyperVol 0.0666667
additiveEps 0.2
entropy 0.46166
archive 12
3
8 14  100 0110000000010111001111010100100001000000010110001010000010101000111010110110100111010110000001101010
4 15  100 0110000000010111001111010100100001101000010110001010000010101000111010110110100111010110000001101010
3 17  100 0100101010010100001111010100100001101000010110001010000010101000111010110110100111010110100001101010
runNumber 13
genCount 11244
elapsedTime 599.932
unaryHyperVol 141
binaryHyperVol 0.12
additiveEps 0.2
entropy 0.46166
archive 13
3
8 14  100 0110000000010111001111010100000001000000010110001010000010101000111010110110100111010110000001101010
4 15  100 0110000000010111001111010100000001101000010110001010000010101000111010110110100111010110100001101010
3 19  100 0100011010010100010111010100000001101000010110001010000010101000111010110110100111010110100001101010
runNumber 14
genCount 11553
elapsedTime 600.037
unaryHyperVol 115
binaryHyperVol 16
additiveEps 1
entropy 0
archive 14
1
4 16  100 0110000000110111000001010100000001101000010110001010000010101000111010110110001111001010000001101010
runNumber 15
genCount 11081
elapsedTime 600.024
unaryHyperVol 143
binaryHyperVol 0.0666667
additiveEps 0.2
entropy 0.46166
archive 15
3
8 14  100 0110000000010111001111010100000001000000010110001010000010101000111010110110100111010110000001101010
4 15  100 0110000000010101001111010100000001101000010110001010000010101000111010110110100111010110100001101010
3 17  100 0100101010010100001111010100000001101000010110001010000010101000111010110110100111010110000001101010
runNumber 16
genCount 11370
elapsedTime 599.994
unaryHyperVol 144
binaryHyperVol 0
additiveEps 0
entropy 0.270001
archive 16
3
8 14  100 0110000000010010001111010100000001000000010110001010000010101000111010110000010111010110000001101010
4 15  100 0110000000010010001111010100100001101000010110001010000010101000111010110000010111010110000001101010
3 16  100 0110101010010010001111010100000001101000010110001010000010101000111010110000010111010110000001101010
runNumber 17
genCount 11147
elapsedTime 599.89
unaryHyperVol 143
binaryHyperVol 0.0666667
additiveEps 0.2
entropy 0.46166
archive 17
3
8 14  100 0110000000010111001111010100000001000000010110001010000010101000111010110110100111010110100001101010
4 15  100 0110000000010111001111010100000001101000010110001010000010101000111010110110100111010110100001101010
3 17  100 0100101010010100001111010100000001101000010110001010000010101000111010110110100111010110100001101010
runNumber 18
genCount 11408
elapsedTime 600.012
unaryHyperVol 143
binaryHyperVol 0.0666667
additiveEps 0.2
entropy 0.46166
archive 18
3
8 14  100 0110000000010111001111010100100001000000010110001010000010101000111010110110100111010110100001101010
4 15  100 0110000000010111001111010100000001101000010110001010000010101000111010110110100111010110000001101010
3 17  100 0100101010010100001111010100000001101000010110001010000010101000111010110110100111010110000001101010
runNumber 19
genCount 11583
elapsedTime 600.029
unaryHyperVol 139
binaryHyperVol 4.4
additiveEps 0.5
entropy 0.509891
archive 19
2
8 15  100 0110101010010010001111010100100001000000010110001010000010101000111010110000010111010110000001101010
3 16  100 0110101010010010001111010100100001101000010110001010000010101000111010110000010111010110000001101010
runNumber 20
genCount 11132
elapsedTime 599.962
unaryHyperVol 144
binaryHyperVol 0
additiveEps 0
entropy 0.270001
archive 20
3
8 14  100 0110000000010010001111010100100001000000010110001010000010101000111010110000010111010110000001101010
4 15  100 0110000000010010001111010100000001101000010110001010000010101000111010110000010111010110000001101010
3 16  100 0110101010010010001111010100100001101000010110001010000010101000111010110000010111010110000001101010
runNumber 21
genCount 11519
elapsedTime 599.824
unaryHyperVol 121
binaryHyperVol 7.6
additiveEps 0.2
entropy 0.488066
archive 21
2
8 14  100 0110000000010010001111010100000001000000010110001010000010101000111010110110000111010110100100101010
4 15  100 0110000000010010000111010100000001000000010110001010000010101000111010110110000111010110100100101010
runNumber 22
genCount 10940
elapsedTime 599.968
unaryHyperVol 143
binaryHyperVol 0.0666667
additiveEps 0.2
entropy 0.46166
archive 22
3
8 14  100 0110000000010101001111010100000001000000010110001010000010101000111010110110100111010110000001101010
4 15  100 0110000000010111001111010100100001101000010110001010000010101000111010110110100111010110000001101010
3 17  100 0100101010010100001111010100000001101000010110001010000010101000111010110110100111010110100001101010
runNumber 23
genCount 11393
elapsedTime 599.861
unaryHyperVol 143
binaryHyperVol 0.0666667
additiveEps 0.2
entropy 0.46166
archive 23
3
8 14  100 0110000000010111001111010100100001000000010110001010000010101000111010110110100111010110100001101010
4 15  100 0110000000010111001111010100000001101000010110001010000010101000111010110110100111010110100001101010
3 17  100 0100101010010100001111010100000001101000010110001010000010101000111010110110100111010110100001101010
runNumber 24
genCount 11941
elapsedTime 599.818
unaryHyperVol 121
binaryHyperVol 7.6
additiveEps 0.2
entropy 0.488066
archive 24
2
8 14  100 0110000000010010001111010100000001000000010110001010000010101000111010110110000111010110100100101010
4 15  100 0110000000010010101111010100000001000000010110001010000010101000111010110110000111010110100100101010
runNumber 25
genCount 11390
elapsedTime 599.886
unaryHyperVol 144
binaryHyperVol 0
additiveEps 0
entropy 0.270001
archive 25
3
8 14  100 0110000000010010001111010100000001000000010110001010000010101000111010110000010111010110000001101010
4 15  100 0110000000010010001111010100100001101000010110001010000010101000111010110000010111010110000001101010
3 16  100 0110101010010010001111010100100001101000010110001010000010101000111010110000010111010110000001101010
runNumber 26
genCount 11960
elapsedTime 599.968
unaryHyperVol 139
binaryHyperVol 4.4
additiveEps 0.5
entropy 0.509891
archive 26
2
8 15  100 0110101010010010001111010100000001000000010110001010000010101000111010110000010111010110000001101010
3 16  100 0110101010010010001111010100100001101000010110001010000010101000111010110000010111010110000001101010
runNumber 27
genCount 11179
elapsedTime 599.998
unaryHyperVol 144
binaryHyperVol 0
additiveEps 0
entropy 0.270001
archive 27
3
8 14  100 0110000000010010001111010100000001000000010110001010000010101000111010110000010111010110000001101010
4 15  100 0110000000010010001111010100000001101000010110001010000010101000111010110000010111010110000001101010
3 16  100 0110101010010010001111010100000001101000010110001010000010101000111010110000010111010110000001101010
runNumber 28
genCount 11394
elapsedTime 599.8
unaryHyperVol 138
binaryHyperVol 3
additiveEps 0.333333
entropy 0.466242
archive 28
3
8 15  100 0110101010010101001111010100000001000000010110001010000010101000111010110110100111010110100001101010
4 16  100 0110101010010101001111010100000001101000010110001010000010101000111010110110100111010110100001101010
3 17  100 0100101010010100001111010100000001101000010110001010000010101000111010110110100111010110100001101010
runNumber 29
genCount 12091
elapsedTime 599.831
unaryHyperVol 144
binaryHyperVol 0
additiveEps 0
entropy 0.270001
archive 29
3
8 14  100 0110000000010010001111010100100001000000010110001010000010101000111010110000010111010110000001101010
4 15  100 0110000000010010001111010100100001101000010110001010000010101000111010110000010111010110000001101010
3 16  100 0110101010010010001111010100000001101000010110001010000010101000111010110000010111010110000001101010
