OptimalFront
unaryHyperVol 170
3
7 16  100 1010100110100101000000111100000001010101000100001010011010000011010000000100010100101001101000111010
5 17  100 1010100110100101000000111100000001010101000100001010011010000011110000000100010100101001101000111010
4 19  100 0110000101010101010000111100000001101001000100001010011010000011110000111010100100101001101000111010
-------------------------
runNumber 0
genCount 11066
elapsedTime 599.312
unaryHyperVol 156
binaryHyperVol 4.4
additiveEps 0.4
entropy 0.449615
archive 0
3
7 18  100 1010000110100101010000111100000001101001000100001010011010000011010000110100010100101001101000111010
5 19  100 1010000110100101010000111100000001101001000100001010011010000011110000110100010100101001101000111010
4 21  100 1010000110100101010000111100000001101001000100001010011000010011110000110100010100101001101000111010
runNumber 1
genCount 11500
elapsedTime 599.956
unaryHyperVol 151
binaryHyperVol 6.46667
additiveEps 0.6
entropy 0.449615
archive 1
3
6 19  100 0110100101010001001001001111101001101001000100001010011010000011011010111010100100101001101000111010
5 20  100 0110100101010101001001001111101001101001000100001010011010000011011010111010100100101001101000111010
4 21  100 0110000101010111001001001111100001101001000100001010011010000011011010111010100100101001101000111010
runNumber 2
genCount 11012
elapsedTime 599.997
unaryHyperVol 135
binaryHyperVol 6.875
additiveEps 0.625
entropy 0.449615
archive 2
3
7 21  100 0000100110100100001001001111100001101001000100001010011010000011010000110100010100101001101000111010
5 22  100 0000100110100100001001001111100001101001000100001010011010000011011010110100010100101001101000111010
4 24  100 0000100110100100001001001111100001101001000100001010011000010011011010110100010100101001101000111010
runNumber 3
genCount 11065
elapsedTime 599.933
unaryHyperVol 102
binaryHyperVol 27.4167
additiveEps 0.666667
entropy 0.449615
archive 3
3
8 20  100 0110100101010001001010111111100001101001000100001010011010000011010000110100010000100101101001110101
7 21  100 0110100101010001001010111111100001101001000100001010011010000001010000110100011000100101101001110101
6 22  100 0110100101010001001010111111100001101001000100001010011010000001011010110100011000100101101001110101
runNumber 4
genCount 11768
elapsedTime 600.025
unaryHyperVol 135
binaryHyperVol 7.85714
additiveEps 0.714286
entropy 0.481574
archive 4
3
7 21  100 0000100110100100001001001111100001101001000100001010011010000011010000111010001100101001101000111010
6 22  100 0000100110100100001001001111100001101001000100001010011010000011011010111010001100101001101000111010
4 23  100 0000100110100100001001001111100001101001000100001010011010000001011010111010000000101001101000111010
runNumber 5
genCount 11154
elapsedTime 599.957
unaryHyperVol 151
binaryHyperVol 6.46667
additiveEps 0.6
entropy 0.449615
archive 5
3
6 19  100 1010000100010001010000110101101001101001000100001010011010000011011010111010100100101001101000111010
5 20  100 1010000100010101010000110101101001101001000100001010011010000011011010111010100100101001101000111010
4 21  100 0000000100010000010000110101100001101001000100001010011010000011011010111010100100101001101000111010
runNumber 6
genCount 11292
elapsedTime 600.009
unaryHyperVol 151
binaryHyperVol 6.46667
additiveEps 0.6
entropy 0.449615
archive 6
3
6 19  100 0110100101010001001001001111101001101001000100001010011010000011011010111010100100101001101000111010
5 20  100 0110100101010101001001001111101001101001000100001010011010000011011010111010100100101001101000111010
4 21  100 0110100101010001001001001111100001101001000100001010011010000001011010111010000000101001101000111010
runNumber 7
genCount 11113
elapsedTime 599.973
unaryHyperVol 157
binaryHyperVol 5.41667
additiveEps 0.5
entropy 0.481574
archive 7
3
7 18  100 0110100101010001001001001100000001101001000100001010011010000011010000111010100100101001101000111010
5 19  100 0110100101010001001001001100000001101001000100001010011010000011110000111010100100101001101000111010
4 20  100 0110100101010101001001001100000001101001000100001010011010000011110000111010100100101001101000111010
runNumber 8
genCount 11009
elapsedTime 599.97
unaryHyperVol 156
binaryHyperVol 4.4
additiveEps 0.4
entropy 0.449615
archive 8
3
7 18  100 0110100100100101001001111100000001101001000100001010011010000011010000111010000100101001010100111010
5 19  100 0110100100100101001001111100000001101001000100001010011010000011110000111010000100101001010100111010
4 21  100 0110100100100101001001111100000001101001000100001010011000010011110000111010000100101001010100111010
runNumber 9
genCount 11078
elapsedTime 599.966
unaryHyperVol 151
binaryHyperVol 6.46667
additiveEps 0.6
entropy 0.449615
archive 9
3
6 19  100 0110100101010001001001001111101001101001000100001010011010000011011010111010100100101001101000111010
5 20  100 0110000101010011001001001111100001101001000100001010011010000011011010111010100100101001101000111010
4 21  100 0110000101010111001001001111100001101001000100001010011010000011011010111010100100101001101000111010
runNumber 10
genCount 11211
elapsedTime 599.909
unaryHyperVol 163
binaryHyperVol 2.75
additiveEps 0.25
entropy 0.44918
archive 10
3
7 17  100 0110100101010001001001001111100001101001000100001010011010000011010000111010000100101001010100111010
5 18  100 0110100101010001001001001111100001101001000100001010011010000011110000111010000100101001010100111010
4 20  100 0110100101010001001001001111100001101001000100001010011000010011110000111010000100101001010100111010
runNumber 11
genCount 11247
elapsedTime 600.027
unaryHyperVol 142
binaryHyperVol 6.28571
additiveEps 0.571429
entropy 0.449615
archive 11
3
7 20  100 0000000110100100010000111111100001101001000100001010011010000011010000110100010100101001101000111010
5 21  100 0000000110100100010000111111100001101001000100001010011010000011110000110100010100101001101000111010
4 23  100 0000000110100100010000111111100001101001000100001010011000010011011010110100010100101001101000111010
runNumber 12
genCount 11003
elapsedTime 599.949
unaryHyperVol 156
binaryHyperVol 4.4
additiveEps 0.4
entropy 0.449615
archive 12
3
7 18  100 0110000101010001010000111111100001101001000100001010011010000011010000110100010100101001101000111010
5 19  100 0110000101010001010000111111100001101001000100001010011010000011110000110100010100101001101000111010
4 21  100 0110000101010001010000111111100001101001000100001010011000010011110000110100010100101001101000111010
runNumber 13
genCount 11247
elapsedTime 599.972
unaryHyperVol 152
binaryHyperVol 8
additiveEps 0.75
entropy 0.49717
archive 13
2
6 19  100 1010100110100101000000111100000000101001000100001010011010000001011010111010000000101001101000111010
4 20  100 1010000110100101010000111100000001101001000100001010011010000001011010111010000000101001101000111010
runNumber 14
genCount 11095
elapsedTime 599.99
unaryHyperVol 135
binaryHyperVol 7.85714
additiveEps 0.714286
entropy 0.481574
archive 14
3
7 21  100 0000100110100100001001001111100001101001000100001010011010000011010000111010001100101001101000111010
6 22  100 0000100110100100001001001111100001101001000100001010011010000011011010111010001100101001101000111010
4 23  100 0000100110100100001001001111100001101001000100001010011010000001011010111010000000101001101000111010
runNumber 15
genCount 10777
elapsedTime 599.973
unaryHyperVol 163
binaryHyperVol 2.75
additiveEps 0.25
entropy 0.44918
archive 15
3
7 17  100 0000100110100101110000111100000001101001000100001010011010000011010000111010000100101001010100111010
5 18  100 0000100110100101110000111100000001101001000100001010011010000011110000111010000100101001010100111010
4 20  100 0000100110100101110000111100000001101001000100001010011000010011110000111010000100101001010100111010
runNumber 16
genCount 11088
elapsedTime 599.978
unaryHyperVol 151
binaryHyperVol 6.46667
additiveEps 0.6
entropy 0.449615
archive 16
3
6 19  100 0110100101010001001001001111101001101001000100001010011010000011011010111010100100101001101000111010
5 20  100 0110100101010101001001001111101001101001000100001010011010000011011010111010100100101001101000111010
4 21  100 0110000101010111001001001111100001101001000100001010011010000011011010111010100100101001101000111010
runNumber 17
genCount 11274
elapsedTime 600.037
unaryHyperVol 165
binaryHyperVol 3.44444
additiveEps 0.333333
entropy 0.466686
archive 17
3
6 17  100 0110100101010001000000111100000000101001000100001010011010000011110000111010100100101001101000111010
5 18  100 0110000101010001010000111100000001101001000100001010011010000011110000111010100100101001101000111010
4 19  100 0110000101010101010000111100000001101001000100001010011010000011110000111010100100101001101000111010
runNumber 18
genCount 10875
elapsedTime 599.925
unaryHyperVol 146
binaryHyperVol 4.25
additiveEps 0.375
entropy 0.505431
archive 18
3
6 19  100 1010000110100111000000111111100000101001000100001010011010000011110000110100010100101001101000111010
5 22  100 0110000100100111001001111111100001101001000100001010011010000011110000110100010100101001101000111010
4 24  100 0110000100100111001001111111100001101001000100001010011000010011110000110100010100101001101000111010
runNumber 19
genCount 11049
elapsedTime 599.975
unaryHyperVol 143
binaryHyperVol 7.27778
additiveEps 0.666667
entropy 0.481574
archive 19
3
7 20  100 1010000100010011001001000101100001101001000100001010011010000011010000111010100100101001101000111010
5 21  100 1010000100010011001001000101100001101001000100001010011010000011110000111010100100101001101000111010
4 22  100 1010000100010111001001000101100001101001000100001010011010000011110000111010100100101001101000111010
runNumber 20
genCount 11288
elapsedTime 599.965
unaryHyperVol 156
binaryHyperVol 4.4
additiveEps 0.4
entropy 0.449615
archive 20
3
7 18  100 1010000110100101010000111100000001101001000100001010011010000011010000110100010100101001101000111010
5 19  100 1010000110100101010000111100000001101001000100001010011010000011110000110100010100101001101000111010
4 21  100 1010000110100101010000111100000001101001000100001010011000010011110000110100010100101001101000111010
runNumber 21
genCount 11400
elapsedTime 600.004
unaryHyperVol 157
binaryHyperVol 5.41667
additiveEps 0.5
entropy 0.49717
archive 21
2
6 18  100 1010100110100101000000111100000000101001000100001010011010000011011010111010001100101001101000111010
4 20  100 1010000110100101010000111100000001101001000100001010011010000001011010111010000000101001101000111010
runNumber 22
genCount 11012
elapsedTime 599.937
unaryHyperVol 156
binaryHyperVol 4.4
additiveEps 0.4
entropy 0.449615
archive 22
3
7 18  100 1010000110100101010000111100000001101001000100001010011010000011010000110100010100101001101000111010
5 19  100 1010000110100101010000111100000001101001000100001010011010000011110000110100010100101001101000111010
4 21  100 1010000110100101010000111100000001101001000100001010011000010011110000110100010100101001101000111010
runNumber 23
genCount 11027
elapsedTime 600.022
unaryHyperVol 149
binaryHyperVol 5.5
additiveEps 0.5
entropy 0.449615
archive 23
3
7 19  100 0110100101010001001001001111100001101001000100001010011010000011010000110100010100101001101000111010
5 20  100 0110100101010001001001001111100001101001000100001010011010000011011010110100010100101001101000111010
4 22  100 0110100101010001001001001111100001101001000100001010011000010011011010110100010100101001101000111010
runNumber 24
genCount 11331
elapsedTime 599.972
unaryHyperVol 135
binaryHyperVol 6.875
additiveEps 0.625
entropy 0.449615
archive 24
3
7 21  100 0000100110100100001001001111100001101001000100001010011010000011010000110100010100101001101000111010
5 22  100 0000100110100100001001001111100001101001000100001010011010000011011010110100010100101001101000111010
4 24  100 0000100110100100001001001111100001101001000100001010011000010011011010110100010100101001101000111010
runNumber 25
genCount 11467
elapsedTime 599.993
unaryHyperVol 152
binaryHyperVol 8
additiveEps 0.75
entropy 0.49717
archive 25
2
6 19  100 1010100110100101000000111100000000101001000100001010011010000001011010111010000000101001101000111010
4 20  100 1010000110100101010000111100000001101001000100001010011010000001011010111010000000101001101000111010
runNumber 26
genCount 11017
elapsedTime 599.966
unaryHyperVol 149
binaryHyperVol 6.6
additiveEps 0.6
entropy 0.481574
archive 26
3
7 19  100 0000100110100101110000111100000001101001000100001010011010000011010000111010001100101001101000111010
6 20  100 0000100110100101110000111100000001101001000100001010011010000011011010111010001100101001101000111010
4 21  100 0000100110100101110000111100000001101001000100001010011010000001011010111010000000101001101000111010
runNumber 27
genCount 11399
elapsedTime 599.968
unaryHyperVol 156
binaryHyperVol 4.4
additiveEps 0.4
entropy 0.449615
archive 27
3
7 18  100 0110000101010001010000111111100001101001000100001010011010000011010000110100010100101001101000111010
5 19  100 0110000101010001010000111111100001101001000100001010011010000011110000110100010100101001101000111010
4 21  100 0110000101010001010000111111100001101001000100001010011000010011110000110100010100101001101000111010
runNumber 28
genCount 11328
elapsedTime 599.99
unaryHyperVol 149
binaryHyperVol 6.6
additiveEps 0.6
entropy 0.481574
archive 28
3
7 19  100 1010100110100101001001001100000001101001000100001010011010000011010000111010001100101001101000111010
6 20  100 1010100110100101001001001100000001101001000100001010011010000011011010111010001100101001101000111010
4 21  100 1010100110100101001001001100000001101001000100001010011010000001011010111010000000101001101000111010
runNumber 29
genCount 11332
elapsedTime 599.962
unaryHyperVol 149
binaryHyperVol 6.6
additiveEps 0.6
entropy 0.481574
archive 29
3
7 19  100 1010100110100101001001001100000001101001000100001010011010000011010000111010001100101001101000111010
6 20  100 1010100110100101001001001100000001101001000100001010011010000011011010111010001100101001101000111010
4 21  100 1010100110100101001001001100000001101001000100001010011010000001011010111010000000101001101000111010
