OptimalFront
unaryHyperVol 193
4
7 16  100 0000101010100101101010110110101010101010000100100010101010101001110101010100011000010101100001001001
5 17  100 0000101010100100101010110110101010101010000100100010101010101001111011010100011000010101100001001001
4 18  100 0000101010100100101010110110101010101010000100100010101010101001111011010000011000010101000001001001
3 19  100 0000101010100100101010110110101010101010000100100010101010101001111011010000011000010001000001001001
-------------------------
runNumber 0
genCount 11767
elapsedTime 599.284
unaryHyperVol 149
binaryHyperVol 16.5
additiveEps 0.6
entropy 0.427067
archive 0
3
7 19  100 0110101001010101101010110110101010101010000100100010101010101001110101011010101000010101100001001001
5 20  100 0110101001010101101010110110101010101010000100000010101010101001110101011010101000010101100001001001
4 21  100 0110101001010101101010110110000010101010000100100010101010101001110101011010101000010101100001001001
runNumber 1
genCount 11839
elapsedTime 599.903
unaryHyperVol 187
binaryHyperVol 4
additiveEps 0.333333
entropy 0.482558
archive 1
3
5 17  100 0000101010100100101010110110101010101010000100100010101010101001111011010100011000010101100001001001
4 18  100 0000101010100100101010110110101010101010000100100010101010101001111011010000011000010101000001001001
3 19  100 0000101010100100101010110110101010101010000100100010101010101001111011010000011000010001000001001001
runNumber 2
genCount 10827
elapsedTime 599.874
unaryHyperVol 167
binaryHyperVol 7.6
additiveEps 0.6
entropy 0.427067
archive 2
3
5 19  100 0110101001010001101010110110101010101010000100100010101010101001110101010100011000010101100001001001
4 20  100 0110101001010001101010110110101010101010000100100010101010101001110101010000011000010101000001001001
3 21  100 0110101001010001101010110110101010101010000100100010101010101001110101010000011000010001000001001001
runNumber 3
genCount 11222
elapsedTime 599.804
unaryHyperVol 167
binaryHyperVol 7.6
additiveEps 0.6
entropy 0.427067
archive 3
3
5 19  100 0110101001010001101010110110101010101010000100100010101010101001110101010100011000010101100001001001
4 20  100 0110101001010001101010110110101010101010000100100010101010101001110101010000011000010101110001001001
3 21  100 0110101001010001101010110110101010101010000100100010101010101001110101010000011000010001000001001001
runNumber 4
genCount 11687
elapsedTime 599.949
unaryHyperVol 187
binaryHyperVol 4
additiveEps 0.333333
entropy 0.482558
archive 4
3
5 17  100 0000101010100100101010110110101010101010000100100010101010101001111011010100011000010101100001001001
4 18  100 0000101010100100101010110110101010101010000100100010101010101001111011010000011000010101000001001001
3 19  100 0000101010100100101010110110101010101010000100100010101010101001111011010000011000010001000001001001
runNumber 5
genCount 11945
elapsedTime 599.185
unaryHyperVol 187
binaryHyperVol 4
additiveEps 0.333333
entropy 0.482558
archive 5
3
5 17  100 0000101010100100101010110110101010101010000100100010101010101001111011010100011000010101100001001001
4 18  100 0000101010100100101010110110101010101010000100100010101010101001111011010000011000010101000001001001
3 19  100 0000101010100100101010110110101010101010000100100010101010101001111011010000011000010001000001001001
runNumber 6
genCount 11447
elapsedTime 599.748
unaryHyperVol 193
binaryHyperVol 0
additiveEps 0
entropy 0.326045
archive 6
4
7 16  100 0000101010100101101010110110101010101010000100100010101010101001110101010100011000010101100001001001
5 17  100 0000101010100100101010110110101010101010000100100010101010101001110101010100011000010101100001001001
4 18  100 0000101010100100101010110110101010101010000100100010101010101001110101010000011000010101000001001001
3 19  100 0000101010100100101010110110101010101010000100100010101010101001110101010000011000010001000001001001
runNumber 7
genCount 11393
elapsedTime 600.011
unaryHyperVol 167
binaryHyperVol 7.6
additiveEps 0.6
entropy 0.427067
archive 7
3
5 19  100 0110101001010001101010110110101010101010000100100010101010101001111011010100011000010101100001001001
4 20  100 0110101001010001101010110110101010101010000100100010101010101001111011010000011000010101000001001001
3 21  100 0110101001010001101010110110101010101010000100100010101010101001111011010000011000010001000001001001
runNumber 8
genCount 11521
elapsedTime 599.621
unaryHyperVol 143
binaryHyperVol 25.8333
additiveEps 0.666667
entropy 0.475082
archive 8
2
6 18  100 0000000010100100010000000110101010101010000100100010101010101001111011010100011000010101100001001001
5 19  100 0000000010100100010000000110101010101010000100100010101010101001111011010100011000010001100001001001
runNumber 9
genCount 11199
elapsedTime 599.334
unaryHyperVol 167
binaryHyperVol 7.6
additiveEps 0.6
entropy 0.427067
archive 9
3
5 19  100 0110101001010001101010110110101010101010000100100010101010101001111011010100011000010101100001001001
4 20  100 0110101001010001101010110110101010101010000100100010101010101001111011010000011000010101000001001001
3 21  100 0110101001010001101010110110101010101010000100100010101010101001111011010000011000010001000001001001
runNumber 10
genCount 11721
elapsedTime 599.725
unaryHyperVol 149
binaryHyperVol 16.5
additiveEps 0.6
entropy 0.427067
archive 10
3
7 19  100 0000101010100101110000110110101010101010000100100010101010101001110101011010000100010101100100000000
5 20  100 0000101010100101110000110110101010101010000100000010101010101001110101011010000100010101100100000000
4 21  100 0000101010100101110000110110000010101010000100100010101010101001110101011010000100010101100100000000
runNumber 11
genCount 11334
elapsedTime 599.261
unaryHyperVol 144
binaryHyperVol 25.75
additiveEps 0.666667
entropy 0
archive 11
1
5 18  100 1010101010100101101010110110101010101010000100000010101010101001111011010100011000010111000001001010
runNumber 12
genCount 11124
elapsedTime 600.052
unaryHyperVol 187
binaryHyperVol 4
additiveEps 0.333333
entropy 0.482558
archive 12
3
5 17  100 0000101010100100101010110110101010101010000100100010101010101001111011010100011000010101100001001001
4 18  100 0000101010100100101010110110101010101010000100100010101010101001111011010000011000010101000001001001
3 19  100 0000101010100100101010110110101010101010000100100010101010101001111011010000011000010001000001001001
runNumber 13
genCount 10900
elapsedTime 602.56
unaryHyperVol 167
binaryHyperVol 7.6
additiveEps 0.6
entropy 0.427067
archive 13
3
5 19  100 0110101001010001101010110110101010101010000100100010101010101001111011010100011000010101100001001001
4 20  100 0110101001010001101010110110101010101010000100100010101010101001111011010000011000010101000001001001
3 21  100 0110101001010001101010110110101010101010000100100010101010101001111011010000011000010001000001001001
runNumber 14
genCount 11957
elapsedTime 600.22
unaryHyperVol 91
binaryHyperVol 39
additiveEps 1
entropy 0
archive 14
1
6 23  100 0000010111010000010101010110101010101010000100100010101010101001111000001010101000010101100001001001
runNumber 15
genCount 11559
elapsedTime 599.218
unaryHyperVol 193
binaryHyperVol 0
additiveEps 0
entropy 0.326045
archive 15
4
7 16  100 0000101010100101101010110110101010101010000100100010101010101001110101010100011000010101100001001001
5 17  100 0000101010100100101010110110101010101010000100100010101010101001110101010100011000010101100001001001
4 18  100 0000101010100100101010110110101010101010000100100010101010101001110101010000011000010101110001001001
3 19  100 0000101010100100101010110110101010101010000100100010101010101001110101010000011000010001000001001001
runNumber 16
genCount 11979
elapsedTime 599.835
unaryHyperVol 193
binaryHyperVol 0
additiveEps 0
entropy 0.326045
archive 16
4
7 16  100 0000101010100101101010110110101010101010000100100010101010101001110101010100011000010101100001001001
5 17  100 0000101010100100101010110110101010101010000100100010101010101001110101010100011000010101100001001001
4 18  100 0000101010100100101010110110101010101010000100100010101010101001110101010000011000010101000001001001
3 19  100 0000101010100100101010110110101010101010000100100010101010101001110101010000011000010001000001001001
runNumber 17
genCount 10571
elapsedTime 602.304
unaryHyperVol 193
binaryHyperVol 0
additiveEps 0
entropy 0.326045
archive 17
4
7 16  100 0000101010100101101010110110101010101010000100100010101010101001110101010100011000010101100001001001
5 17  100 0000101010100100101010110110101010101010000100100010101010101001110101010100011000010101100001001001
4 18  100 0000101010100100101010110110101010101010000100100010101010101001110101010000011000010101000001001001
3 19  100 0000101010100100101010110110101010101010000100100010101010101001110101010000011000010001000001001001
runNumber 18
genCount 11097
elapsedTime 599.54
unaryHyperVol 152
binaryHyperVol 18.1875
additiveEps 0.75
entropy 0.475082
archive 18
2
5 19  100 0110101000101001101001110110101010101010000100100010101010101001110101010100000100010101100100001010
4 20  100 0110101000101001101001110110101010101010000100100010101010101001110101010000000100010101000100001010
runNumber 19
genCount 11399
elapsedTime 599.632
unaryHyperVol 134
binaryHyperVol 19.375
additiveEps 0.833333
entropy 0.475082
archive 19
2
5 21  100 0110000000010001010000010101011010101010000100100010101010101001111011010100011000010101100001000000
4 22  100 0110000000010001010000010101011010101010000100100010101010101001111011010000011000010101000001000000
runNumber 20
genCount 11399
elapsedTime 599.454
unaryHyperVol 135
binaryHyperVol 21.4
additiveEps 1
entropy 0
archive 20
1
4 21  100 1010101010100101101010110110000010101010000100100010101010101001111011011010000100010101100100001001
runNumber 21
genCount 11380
elapsedTime 600.002
unaryHyperVol 112
binaryHyperVol 30.2083
additiveEps 1
entropy 0
archive 21
1
5 22  100 1010101010101001101001011101011010101001000100010010101010101010111011010100000000010101100001001010
runNumber 22
genCount 12337
elapsedTime 599.98
unaryHyperVol 193
binaryHyperVol 0
additiveEps 0
entropy 0.326045
archive 22
4
7 16  100 0000101010100101101010110110101010101010000100100010101010101001110101010100011000010101100001001001
5 17  100 0000101010100100101010110110101010101010000100100010101010101001110101010100011000010101100001001001
4 18  100 0000101010100100101010110110101010101010000100100010101010101001110101010000011000010101000001001001
3 19  100 0000101010100100101010110110101010101010000100100010101010101001110101010000011000010001000001001001
runNumber 23
genCount 11769
elapsedTime 599.534
unaryHyperVol 161
binaryHyperVol 17
additiveEps 0.666667
entropy 0.475082
archive 23
2
5 18  100 1010101010101001101010110110101010101010000100100010101010101001110101010100010100010101100100001001
4 19  100 1010101010101001101010110110101010101010000100100010101010101001110101010000000100010101000100001001
runNumber 24
genCount 12247
elapsedTime 599.873
unaryHyperVol 161
binaryHyperVol 17
additiveEps 0.666667
entropy 0.475082
archive 24
2
5 18  100 1010101010101001101010110110101010101010000100100010101010101001111011010100000100010101100100001001
4 19  100 1010101010101001101010110110101010101010000100100010101010101001111011010000000100010101000100001001
runNumber 25
genCount 11473
elapsedTime 599.786
unaryHyperVol 143
binaryHyperVol 18.9
additiveEps 0.8
entropy 0.475082
archive 25
2
5 20  100 0000101010100101110000110110101010101010000100000010101010101001111011011010000100010101100100001010
4 21  100 0000101010100101110000110110000010101010000100100010101010101001111011011010000100010101100100001010
runNumber 26
genCount 11286
elapsedTime 599.481
unaryHyperVol 193
binaryHyperVol 0
additiveEps 0
entropy 0.326045
archive 26
4
7 16  100 0000101010100101101010110110101010101010000100100010101010101001110101010100011000010101100001001001
5 17  100 0000101010100100101010110110101010101010000100100010101010101001110101010100011000010101100001001001
4 18  100 0000101010100100101010110110101010101010000100100010101010101001110101010000011000010101000001001001
3 19  100 0000101010100100101010110110101010101010000100100010101010101001110101010000011000010001000001001001
runNumber 27
genCount 11600
elapsedTime 599.978
unaryHyperVol 105
binaryHyperVol 38.9
additiveEps 1
entropy 0
archive 27
1
6 21  100 0110010101010101101001000110000010101010000100110010101010101001111011011010101000010101100001001010
runNumber 28
genCount 11242
elapsedTime 600.372
unaryHyperVol 161
binaryHyperVol 17
additiveEps 0.666667
entropy 0.475082
archive 28
2
5 18  100 0000101010100100101010110110101010101010000100010010101010010100111011010100011000010101100001001001
4 19  100 0000101010100100101010110110101010101010000100010010101000010100111011010100011000010101100001001001
runNumber 29
genCount 11357
elapsedTime 599.469
unaryHyperVol 193
binaryHyperVol 0
additiveEps 0
entropy 0.326045
archive 29
4
7 16  100 0000101010100101101010110110101010101010000100100010101010101001110101010100011000010101100001001001
5 17  100 0000101010100100101010110110101010101010000100100010101010101001110101010100011000010101100001001001
4 18  100 0000101010100100101010110110101010101010000100100010101010101001110101010000011000010101110001001001
3 19  100 0000101010100100101010110110101010101010000100100010101010101001110101010000011000010001000001001001
