OptimalFront
unaryHyperVol 387
3
7 12  100 1010101010010001000000111100000001110101001000001011011011000011010000111011100101010101100100111010
5 13  100 1010101010010001000000111100000001110101000101001011011001000011011010111011100101010101100100111010
4 15  100 1010101010010001000000111111100001010101001000001011011011000011110000111000010100100001100111110101
-------------------------
runNumber 0
genCount 7529
elapsedTime 600.041
unaryHyperVol 290
binaryHyperVol 13.963
additiveEps 0.777778
entropy 0.481574
archive 0
3
7 19  100 0000101010010001110000011111100001110000001000001011011000000011010000111000010100101001000000111010
5 20  100 0000101010010001110000011111100001110000001000001011011000000011110000111000010100101001000000111010
4 21  100 0000101010010001110001011111100001110000001000001011011000000011110000111000010100101001000000111010
runNumber 1
genCount 7701
elapsedTime 599.933
unaryHyperVol 334
binaryHyperVol 11.8333
additiveEps 0.666667
entropy 0.49717
archive 1
2
5 16  100 1010101010010001000000111100000001110101000101001011011001000011011010110111100100100011000000111010
4 18  100 1010101010010101000000111100000001010101000101001011011001000011011010110111100100100011000000111010
runNumber 2
genCount 7566
elapsedTime 599.995
unaryHyperVol 305
binaryHyperVol 13.4167
additiveEps 0.75
entropy 0.449615
archive 2
3
6 18  100 0110101001110001000000111111100001110101000101001011011010101011011010110011010100100011000000111010
5 19  100 0110101001110001000000111111100001110101000101001011011010101011011010110100010100100011000000111010
4 20  100 0110101001110001000000111111100001010101000101001011011010101011011010110100010100100011000000111010
runNumber 3
genCount 7871
elapsedTime 599.975
unaryHyperVol 324
binaryHyperVol 26.25
additiveEps 0.75
entropy 0.49717
archive 3
2
6 15  100 1010101010010001000000011101100001110101000101001011011010101011011010111011000100101001100100111010
5 16  100 1010101010010001000001011101100001110101000101001011011010101011011010111011000100101001100100111010
runNumber 4
genCount 7736
elapsedTime 599.941
unaryHyperVol 344
binaryHyperVol 9.05556
additiveEps 0.5
entropy 0.529986
archive 4
4
7 15  100 1010101010010001000000111111100001110101001000001011011010101011010000011011000100100000100100111010
6 16  100 1010101010010001000000111111100000110101001000001011011010101011010000011011000100100000100100111010
5 17  100 1010101010010001000000111111100001110101001000000001011010101011010000011011000100100000100100111010
4 18  100 1010101010010001000000111111100001010101001000000001011010101011010000011011000100100000100100111010
runNumber 5
genCount 7490
elapsedTime 599.987
unaryHyperVol 319
binaryHyperVol 12.7619
additiveEps 0.714286
entropy 0.449615
archive 5
3
6 17  100 1010101010010001000000111111100001110101000101001011011010101011011010110111010100100011000000111010
5 18  100 1010101010010001000000111111100001110101000101001011011010101011011010110100010100100011000000111010
4 19  100 1010101010010001000000111111100001010101000101001011011010101011011010110100010100100011000000111010
runNumber 6
genCount 7592
elapsedTime 599.981
unaryHyperVol 346
binaryHyperVol 10.7333
additiveEps 0.6
entropy 0.45785
archive 6
3
7 15  100 0110101001110001000000111111100001110101001000001011011010101011010000111000010100100001100111110101
5 16  100 0110101001110001000000111111100001110101001000001011011010101011011010111000010100100001100111110101
4 17  100 0110101001110001000000111111100001010101001000001011011010101011011010111000010100100001100111110101
runNumber 7
genCount 7675
elapsedTime 599.948
unaryHyperVol 346
binaryHyperVol 10.7333
additiveEps 0.6
entropy 0.45785
archive 7
3
7 15  100 1010101010010001000000111111100001110101001000001011011011000011010000111101000100100011100100111010
5 16  100 1010101010010001000000111111100001110101001000001011011011000011110000111101000100100011100100111010
4 17  100 1010101010010001000000111111100001010101001000001011011011000011110000111101000100100011100100111010
runNumber 8
genCount 7743
elapsedTime 600.045
unaryHyperVol 284
binaryHyperVol 28.3333
additiveEps 0.857143
entropy 0.49717
archive 8
2
7 18  100 1010010110010001101001001111100001110101001000001011011000000011010000111000010101010101000000111010
5 19  100 1010010110010001101001001111100001110101001000001011011000000011011010111000010101010101000000111010
runNumber 9
genCount 7638
elapsedTime 599.957
unaryHyperVol 332
binaryHyperVol 11.9444
additiveEps 0.666667
entropy 0.481574
archive 9
3
7 16  100 1010101010010001000000111111100001110101001000001011011011000011010000110100010100100011000000111010
5 17  100 1010101010010001000000111111100001110101001000001011011011000011110000110100010100100011000000111010
4 18  100 1010101010010001000000111111100001010101001000001011011011000011110000110100010100100011000000111010
runNumber 10
genCount 7486
elapsedTime 599.99
unaryHyperVol 361
binaryHyperVol 13.1111
additiveEps 0.333333
entropy 0.466686
archive 10
3
7 12  100 1010101010010001000000111111100001110101001000001011011011000011010000111011000101010101100100111010
6 13  100 1010101010010001000000111111100000110101001000001011011011000011010000111011000101010101100100111010
5 14  100 1010101010010001000000111111100001110101001000000001011011000011010000111011000101010101100100111010
runNumber 11
genCount 7749
elapsedTime 599.947
unaryHyperVol 307
binaryHyperVol 21.8333
additiveEps 0.666667
entropy 0.481574
archive 11
3
8 16  100 1010101010010001000000111111100001110101001000001011011010101011101010111000010101010101100111110110
7 17  100 1010101010010001000000111111100000110101001000001011011010101011101010111000010101010101100111110110
5 18  100 1010101010010001000000111111100001110101001000000001011010101011101010111000010101010101100111110110
runNumber 12
genCount 7553
elapsedTime 599.919
unaryHyperVol 358
binaryHyperVol 6.05556
additiveEps 0.333333
entropy 0.449615
archive 12
3
7 14  100 0110101000010001000000111100000001110101001000001011011010101011010000111011100100101001100111110110
5 15  100 0110101000010001000000111100000001110101001000001011011010101011011010111011100100101001100111110110
4 18  100 0110101000010101000001111100000001010101001000001011011010101011011010111011100100101001100111110110
runNumber 13
genCount 7778
elapsedTime 600.025
unaryHyperVol 348
binaryHyperVol 10.6
additiveEps 0.6
entropy 0.49717
archive 13
2
5 15  100 0110101000010001000000111111100001110101000101001011011010101011011010111011000100101001100100111010
4 17  100 0110101000010001000001111111100001010101000101001011011010101011011010111011000100101001100100111010
runNumber 14
genCount 7571
elapsedTime 599.967
unaryHyperVol 373
binaryHyperVol 4.5
additiveEps 0.25
entropy 0.44918
archive 14
3
7 13  100 0110101000010001000000111111100001110101001000001011011011000011010000111011000100101001100100111010
5 14  100 0110101000010001000000111111100001110101001000001011011011000011110000111011000100101001100100111010
4 16  100 0110101000010001000001111111100001010101001000001011011011000011110000111011000100101001100100111010
runNumber 15
genCount 7715
elapsedTime 599.913
unaryHyperVol 332
binaryHyperVol 11.9444
additiveEps 0.666667
entropy 0.481574
archive 15
3
7 16  100 1010101010010001000000111111100001110101001000001011011010101011010000111101000100100011100100111010
5 17  100 1010101010010001000000111111100001110101001000001011011010101011011010111101000100100011100100111010
4 18  100 1010101010010001000000111111100001010101001000001011011010101011011010111101000100100011100100111010
runNumber 16
genCount 7663
elapsedTime 599.982
unaryHyperVol 320
binaryHyperVol 20.65
additiveEps 0.6
entropy 0.481574
archive 16
3
8 15  100 1010101010010001000000111111100001110101001000001011011010101011101010111011000101010101100100111010
7 16  100 1010101010010001000000111111100000110101001000001011011010101011101010111011000101010101100100111010
5 17  100 1010101010010001000000111111100001110101001000000001011010101011101010111011000101010101100100111010
runNumber 17
genCount 7459
elapsedTime 599.992
unaryHyperVol 272
binaryHyperVol 28.625
additiveEps 0.875
entropy 0.49717
archive 17
2
6 19  100 0000010110010001000101001111100000110101000101001011011001000011010000111000010101010001010111110101
5 20  100 0000010110010001000101001111100000010101000101001011011001000011010000111000010101010001010111110101
runNumber 18
genCount 7605
elapsedTime 599.935
unaryHyperVol 232
binaryHyperVol 14.1667
additiveEps 0.785714
entropy 0.529986
archive 18
4
7 23  100 1010010111000101101001111100000001110101001000001011011010101011010000010011010100100000000000111010
6 24  100 1010010111000101101001111100000000110101001000001011011010101011010000010011010100100000000000111010
5 25  100 1010010111000101101001111100000001110101001000000001011010101011010000010011010100100000000000111010
4 26  100 1010010111000101101001111100000001010101001000000001011010101011010000010011010100100000000000111010
runNumber 19
genCount 7828
elapsedTime 599.983
unaryHyperVol 286
binaryHyperVol 30.7222
additiveEps 1
entropy 0
archive 19
1
5 18  100 0110101000010001000000111111100001110101001000001000110110101011010101001011000100101001100100111010
runNumber 20
genCount 7605
elapsedTime 599.995
unaryHyperVol 293
binaryHyperVol 15.5833
additiveEps 0.875
entropy 0.49717
archive 20
2
5 19  100 0000101010010001110000011111100001110000000101001011011010101011011010111011000100101001100100111010
4 20  100 0000101010010001110001011111100001110000000101001011011010101011011010111011000100101001100100111010
runNumber 21
genCount 7536
elapsedTime 599.927
unaryHyperVol 276
binaryHyperVol 14.3667
additiveEps 0.8
entropy 0.481574
archive 21
3
7 20  100 1010010110010001101001001111100001110101001000001011011011000011010000110100010100100011000000111010
5 21  100 1010010110010001101001001111100001110101001000001011011011000011110000110100010100100011000000111010
4 22  100 1010010110010001101001001111100001010101001000001011011011000011110000110100010100100011000000111010
runNumber 22
genCount 7613
elapsedTime 599.989
unaryHyperVol 297
binaryHyperVol 27.8889
additiveEps 0.833333
entropy 0.49717
archive 22
2
7 17  100 0000101010110100000000111111100001110101001000001011011000000011010000111000010101010101000000111010
5 18  100 0000101010110100000000111111100001110101001000001011011000000011011010111000010101010101000000111010
runNumber 23
genCount 7838
elapsedTime 599.976
unaryHyperVol 373
binaryHyperVol 4.5
additiveEps 0.25
entropy 0.44918
archive 23
3
7 13  100 0110101000010001000000111111100001110101001000001011011011000011010000111011000100101001100100111010
5 14  100 0110101000010001000000111111100001110101001000001011011011000011110000111011000100101001100100111010
4 16  100 0110101000010001000001111111100001010101001000001011011011000011110000111011000100101001100100111010
runNumber 24
genCount 7580
elapsedTime 599.938
unaryHyperVol 288
binaryHyperVol 12.6333
additiveEps 0.7
entropy 0.529986
archive 24
4
7 19  100 1010010110010001101001001111100001110101001000001011011010101011010000011011000100100000100100111010
6 20  100 1010010110010001101001001111100000110101001000001011011010101011010000011011000100100000100100111010
5 21  100 1010010110010001101001001111100001110101001000000001011010101011010000011011000100100000100100111010
4 22  100 1010010110010001101001001111100001010101001000000001011010101011010000011011000100100000100100111010
runNumber 25
genCount 7780
elapsedTime 599.97
unaryHyperVol 239
binaryHyperVol 41.9259
additiveEps 0.888889
entropy 0.49717
archive 25
2
7 20  100 1010101010010001001010111111100001110001001000001011011010101011010000101000010011010000100100111010
6 21  100 1010101010010001001010111111100001110001001000001011011010101011011010101000010011010000100100111010
runNumber 26
genCount 7912
elapsedTime 600.011
unaryHyperVol 264
binaryHyperVol 43.7222
additiveEps 1
entropy 0
archive 26
1
6 18  100 1010101010010001000000111111100001110101001000011011011010101010011010110011010111010101000000111010
runNumber 27
genCount 7554
elapsedTime 599.967
unaryHyperVol 292
binaryHyperVol 13.8889
additiveEps 0.777778
entropy 0.49717
archive 27
2
5 19  100 1010101010010001000000111100000001110101001000011011011010100100011010110111100100010100000000010000
4 21  100 1010101010010101000000111100000001010101001000011011011010100100011010110111100100010100000000010000
runNumber 28
genCount 7633
elapsedTime 600
unaryHyperVol 351
binaryHyperVol 18.6667
additiveEps 0.333333
entropy 0
archive 28
1
5 13  100 1010101010010001000000111100000001110101000101001011011001000011011010111011100101010101100100111010
runNumber 29
genCount 7838
elapsedTime 599.962
unaryHyperVol 325
binaryHyperVol 30.4444
additiveEps 1
entropy 0
archive 29
1
5 15  100 1010101010010001000000111111100001110101000101001011011000101011000101111011000101010101100100111010
