OptimalFront
unaryHyperVol 199
4
7 13  100 0110101001010001000000111110100001010101000100001010011001000011010000111010100100010101110100111011
6 14  100 0110101001010001000000111110100001010101000100001010011001000011110000111010100100010101110100111011
4 15  100 0110101001010001000000111110100001010101000100001010011001000011011010111010100100010101010100111011
3 17  100 0110101001010001001000111110100001010101000100001010011010101011011010111010100100010101010100111011
-------------------------
runNumber 0
genCount 7888
elapsedTime 599.981
unaryHyperVol 192
binaryHyperVol 2.6875
additiveEps 0.25
entropy 0.461483
archive 0
4
7 14  100 0110101001010001000000111110100001010101000100001010011010101011010000111010100100010101110100111011
6 15  100 0110101001010001000000111110100001010101000100001010011010101011011010111010100100010101110100111011
4 16  100 0110101001010001000000111110100001010101000100001010011010101011011010111010100100010101010100111011
3 17  100 0110101001010001001000111110100001010101000100001010011010101011011010111010100100010101010100111011
runNumber 1
genCount 8169
elapsedTime 599.977
unaryHyperVol 192
binaryHyperVol 2.6875
additiveEps 0.25
entropy 0.461483
archive 1
4
7 14  100 0110101001010001000000111110100001010101000100001010011010101011010000111010100100010101110100111011
6 15  100 0110101001010001000000111110100001010101000100001010011010101011011010111010100100010101110100111011
4 16  100 0110101001010001000000111110100001010101000100001010011010101011011010111010100100010101010100111011
3 17  100 0110101001010001001000111110100001010101000100001010011010101011011010111010100100010101010100111011
runNumber 2
genCount 8269
elapsedTime 599.933
unaryHyperVol 177
binaryHyperVol 5.41667
additiveEps 0.5
entropy 0.434218
archive 2
4
7 16  100 1010101010101001000000111110100001010101000100001010011010101011010000110100000100010101111000111011
5 17  100 1010101010101001000000111110100001010101000100001010011010101011011010110100000100010101111000111011
4 18  100 1010101010101001000000111110100001010101000100001010011010101011011010110000000100010101001000111011
3 19  100 1010101010101001001000111110100001010101000100001010011010101011011010110000000100010101001000111011
runNumber 3
genCount 8267
elapsedTime 599.974
unaryHyperVol 177
binaryHyperVol 5.41667
additiveEps 0.5
entropy 0.434218
archive 3
4
7 16  100 1010101010101001000000111110100001010101000100001010011010101011010000110100000100010101111000111011
5 17  100 1010101010101001000000111110100001010101000100001010011010101011011010110100000100010101111000111011
4 18  100 1010101010101001000000111110100001010101000100001010011010101011011010110000000100010101001000111011
3 19  100 1010101010101001001000111110100001010101000100001010011010101011011010110000000100010101001000111011
runNumber 4
genCount 8216
elapsedTime 600.023
unaryHyperVol 192
binaryHyperVol 2.6875
additiveEps 0.25
entropy 0.461483
archive 4
4
7 14  100 0110101001010001000000111110100001010101000100001010011010101011010000111010100100010101110100111011
6 15  100 0110101001010001000000111110100001010101000100001010011010101011011010111010100100010101110100111011
4 16  100 0110101001010001000000111110100001010101000100001010011010101011011010111010100100010101010100111011
3 17  100 0110101001010001001000111110100001010101000100001010011010101011011010111010100100010101010100111011
runNumber 5
genCount 8232
elapsedTime 599.952
unaryHyperVol 184
binaryHyperVol 3.625
additiveEps 0.333333
entropy 0.44453
archive 5
4
6 15  100 1010101010100101000000111110101001010101000100001010011010101011011010111010100100010101110100111011
5 16  100 1010101010100101000000111110101001010101000100001010011010101011011010111010100100010101010100111011
4 18  100 0000101010100100000000111110100001010101000100001010011010101011011010111010100100010101010100111011
3 19  100 0000101010100100001000111110100001010101000100001010011010101011011010111010100100010101010100111011
runNumber 6
genCount 8084
elapsedTime 599.957
unaryHyperVol 192
binaryHyperVol 2.6875
additiveEps 0.25
entropy 0.461483
archive 6
4
7 14  100 0110101001010001000000111110100001010101000100001010011010101011010000111010100100010101110100111011
6 15  100 0110101001010001000000111110100001010101000100001010011010101011011010111010100100010101110100111011
4 16  100 0110101001010001000000111110100001010101000100001010011010101011011010111010100100010101010100111011
3 17  100 0110101001010001001000111110100001010101000100001010011010101011011010111010100100010101010100111011
runNumber 7
genCount 8165
elapsedTime 599.954
unaryHyperVol 169
binaryHyperVol 7.25
additiveEps 0.666667
entropy 0.427067
archive 7
3
7 17  100 0000101010100100001000111110100001100101000100001010011010101011010000111010100100010101110100111011
6 18  100 0000101010100100001000111110100001100101000100001010011010101011011010111010100100010101110100111011
3 19  100 0000101010100100001000111110100001100101000100001010011010101011011010111010100100010101010100111011
runNumber 8
genCount 8474
elapsedTime 600.017
unaryHyperVol 144
binaryHyperVol 24.1875
additiveEps 0.5
entropy 0
archive 8
1
5 15  100 1010101010100101000000111110101001010101000100001010011001000011011010111010100100010101111000111011
runNumber 9
genCount 8457
elapsedTime 599.916
unaryHyperVol 185
binaryHyperVol 5.375
additiveEps 0.5
entropy 0.449615
archive 9
3
7 15  100 0110101001010001001000111110100001100101000100001010011010101011010000111010100100010101110100111011
6 16  100 0110101001010001001000111110100001100101000100001010011010101011011010111010100100010101110100111011
3 17  100 0110101001010001001000111110100001100101000100001010011010101011011010111010100100010101010100111011
runNumber 10
genCount 7705
elapsedTime 600.044
unaryHyperVol 135
binaryHyperVol 16.1
additiveEps 0.6
entropy 0.427067
archive 10
3
6 19  100 1010000010100111000000101101010101010101000100001010011010101011011010111010100100000001110100010111
5 20  100 1010000010100111000000101101010101010101000100001010011010101011011010111010100100000001010100010111
4 23  100 1010000010100111001000101101010101100000000100001010011010101011011010111010100100000001010100010111
runNumber 11
genCount 8129
elapsedTime 599.917
unaryHyperVol 184
binaryHyperVol 3.625
additiveEps 0.333333
entropy 0.44453
archive 11
4
6 15  100 1010101010100101000000111110101001010101000100001010011010101011011010111010100100010101110100111011
5 16  100 1010101010100101000000111110101001010101000100001010011010101011011010111010100100010101010100111011
4 18  100 0000101010100100000000111110100001010101000100001010011010101011011010111010100100010101010100111011
3 19  100 0000101010100100001000111110100001010101000100001010011010101011011010111010100100010101010100111011
runNumber 12
genCount 8193
elapsedTime 600.023
unaryHyperVol 177
binaryHyperVol 5.41667
additiveEps 0.5
entropy 0.434218
archive 12
4
7 16  100 1010101010101001000000111110100001010101000100001010011010101011010000110100000100010101111000111011
5 17  100 1010101010101001000000111110100001010101000100001010011010101011011010110100000100010101111000111011
4 18  100 1010101010101001000000111110100001010101000100001010011010101011011010110000000100010101001000111011
3 19  100 1010101010101001001000111110100001010101000100001010011010101011011010110000000100010101001000111011
runNumber 13
genCount 8192
elapsedTime 599.981
unaryHyperVol 192
binaryHyperVol 2.6875
additiveEps 0.25
entropy 0.461483
archive 13
4
7 14  100 0110101001010001000000111110100001010101000100001010011010101011010000111010100100010101110100111011
6 15  100 0110101001010001000000111110100001010101000100001010011010101011011010111010100100010101110100111011
4 16  100 0110101001010001000000111110100001010101000100001010011010101011011010111010100100010101010100111011
3 17  100 0110101001010001001000111110100001010101000100001010011010101011011010111010100100010101010100111011
runNumber 14
genCount 7986
elapsedTime 599.932
unaryHyperVol 192
binaryHyperVol 2.6875
additiveEps 0.25
entropy 0.461483
archive 14
4
7 14  100 0110101001010001000000111110100001010101000100001010011010101011010000111010100100010101110100111011
6 15  100 0110101001010001000000111110100001010101000100001010011010101011011010111010100100010101110100111011
4 16  100 0110101001010001000000111110100001010101000100001010011010101011011010111010100100010101010100111011
3 17  100 0110101001010001001000111110100001010101000100001010011010101011011010111010100100010101010100111011
runNumber 15
genCount 8128
elapsedTime 600.024
unaryHyperVol 177
binaryHyperVol 5.41667
additiveEps 0.5
entropy 0.434218
archive 15
4
7 16  100 1010101010101001000000111110100001010101000100001010011010101011010000110100000100010101111000111011
5 17  100 1010101010101001000000111110100001010101000100001010011010101011011010110100000100010101111000111011
4 18  100 1010101010101001000000111110100001010101000100001010011010101011011010110000000100010101001000111011
3 19  100 1010101010101001001000111110100001010101000100001010011010101011011010110000000100010101001000111011
runNumber 16
genCount 8081
elapsedTime 599.955
unaryHyperVol 135
binaryHyperVol 25.5
additiveEps 0.6
entropy 0.427067
archive 16
3
7 16  100 1010101010100111011000111110100001010101000100001010011010101011010000111010100100010101110100111011
6 17  100 1010101010100111011000111110100001010101000100001010011010101011011010111010100100010101110100111011
5 18  100 1010101010100111011000111110100001010101000100001010011010101011011010111010100100010101010100111011
runNumber 17
genCount 7997
elapsedTime 599.983
unaryHyperVol 132
binaryHyperVol 29.4375
additiveEps 1
entropy 0
archive 17
1
5 17  100 0110101001010001000000111101010101010101000100001010011000101011010101111010100100010101010100111011
runNumber 18
genCount 8139
elapsedTime 600.022
unaryHyperVol 142
binaryHyperVol 17.2857
additiveEps 0.714286
entropy 0.427067
archive 18
3
7 18  100 0000101010100101110001111100000001100011000100001010011010101011010000111010100100011001110100111011
6 19  100 0000101010100101110001111100000001100011000100001010011010101011011010111010100100011001110100111011
4 20  100 0000101010100101110001111100000001100011000100001010011010101011011010111010100100011001010100111011
runNumber 19
genCount 8079
elapsedTime 599.968
unaryHyperVol 149
binaryHyperVol 16.75
additiveEps 0.666667
entropy 0.427067
archive 19
3
7 17  100 0110000000100111000000011110100001010101000100001010011001000011010000111010100100010101110100111011
6 18  100 0110000000100111000000011110100001010101000100001010011001000011110000111010100100010101110100111011
4 19  100 0110000000100111000000011110100001010101000100001010011001000011110000111010100100010101010100111011
runNumber 20
genCount 8337
elapsedTime 599.935
unaryHyperVol 147
binaryHyperVol 21.75
additiveEps 0.5
entropy 0.427067
archive 20
3
7 14  100 1010101010101001000000111110100001010101000100001010011010101011010000111010010100010101110100111011
6 15  100 1010101010101001000000111110100000010101000100001010011010101011010000111010010100010101110100111011
5 16  100 1010101010101001000000111110100001010101000100001010011010101011011010111010010100010101010100111011
runNumber 21
genCount 8150
elapsedTime 599.988
unaryHyperVol 128
binaryHyperVol 26.2917
additiveEps 0.666667
entropy 0.475082
archive 21
2
7 17  100 1010101010101001000001111110010101010101000100001010011001000011011010111010011100011001111000111011
5 19  100 1010101010101001000001111110010101010101000100001010011001000011011010111010011111001001111000111011
runNumber 22
genCount 8156
elapsedTime 600.012
unaryHyperVol 177
binaryHyperVol 5.41667
additiveEps 0.5
entropy 0.478842
archive 22
3
6 16  100 1010101010100101001000111110101001100101000100001010011010101011011010111010100100010101110100111011
5 17  100 1010101010100101001000111110101001100101000100001010011010101011011010111010100100010101010100111011
3 19  100 0000101010100100001000111110100001100101000100001010011010101011011010111010100100010101010100111011
runNumber 23
genCount 7836
elapsedTime 599.943
unaryHyperVol 183
binaryHyperVol 3.66667
additiveEps 0.333333
entropy 0.428186
archive 23
4
7 15  100 0000101010100100000000111110100001010101000100001010011001000011010000111010100100010101110100111011
6 16  100 0000101010100100000000111110100001010101000100001010011001000011110000111010100100010101110100111011
4 17  100 0000101010100100000000111110100001010101000100001010011001000011011010111010100100010101010100111011
3 19  100 0000101010100100001000111110100001010101000100001010011010101011011010111010100100010101010100111011
runNumber 24
genCount 7876
elapsedTime 599.902
unaryHyperVol 177
binaryHyperVol 5.41667
additiveEps 0.5
entropy 0.434218
archive 24
4
7 16  100 1010101010101001000000111110100001010101000100001010011010101011010000110100000100010101111000111011
5 17  100 1010101010101001000000111110100001010101000100001010011010101011011010110100000100010101111000111011
4 18  100 1010101010101001000000111110100001010101000100001010011010101011011010110000000100010101001000111011
3 19  100 1010101010101001001000111110100001010101000100001010011010101011011010110000000100010101001000111011
runNumber 25
genCount 8018
elapsedTime 600.036
unaryHyperVol 120
binaryHyperVol 29.625
additiveEps 1
entropy 0
archive 25
1
5 19  100 1010101010101001000000111110100001010101000100001010011000101011010101110000000100010101110011110000
runNumber 26
genCount 8016
elapsedTime 599.933
unaryHyperVol 137
binaryHyperVol 26.875
additiveEps 0.75
entropy 0.475082
archive 26
2
6 16  100 1010101010101001000000111110010101010101000100001010011010101011011010111010010100010101110100111011
5 17  100 1010101010101001000000111110010101010101000100001010011010101011011010111010010100010101010100111011
runNumber 27
genCount 8061
elapsedTime 600.035
unaryHyperVol 139
binaryHyperVol 18.6786
additiveEps 0.857143
entropy 0.475082
archive 27
2
5 19  100 1010101010101001000000111110100001010101000100011010011010010100011010110100000100010101111000111011
4 20  100 1010101010101001000000111110100001010101000100011010011000010100011010110100000100010101111000111011
runNumber 28
genCount 8543
elapsedTime 599.927
unaryHyperVol 144
binaryHyperVol 18.4583
additiveEps 0.833333
entropy 0.475082
archive 28
2
7 18  100 1010101010100111110101111110100001010101000100001010011001000011010000111010100100010001111000111001
4 19  100 1010101010100111110101111110100001010101000100001010011001000011011010111010100100010001111000111001
runNumber 29
genCount 8030
elapsedTime 600.02
unaryHyperVol 170
binaryHyperVol 12.1875
additiveEps 0.25
entropy 0.427067
archive 29
3
7 14  100 0110101001010001001000111110100001100101000100001010011001000011010000111010100100010101110100111011
6 15  100 0110101001010001001000111110100001100101000100001010011001000011110000111010100100010101110100111011
4 16  100 0110101001010001001000111110100001100101000100001010011011000011110000111010100100010101010100111011
