OptimalFront
unaryHyperVol 170
3
7 16  100 1010100110100101000000111100000001010101000100001010011010000011010000000100010100101001101000111010
5 17  100 1010100110100101000000111100000001010101000100001010011010000011110000000100010100101001101000111010
4 19  100 0110000101010101010000111100000001101001000100001010011010000011110000111010100100101001101000111010
-------------------------
runNumber 0
genCount 7785
elapsedTime 599.937
unaryHyperVol 162
binaryHyperVol 2.26667
additiveEps 0.333333
entropy 0.452217
archive 0
3
7 17  100 1010000110100111000000111111100001010101000100001010011010000011010000000100010100101001101000111010
5 18  100 1010000110100111000000111111100001010101000100001010011010000011110000000100010100101001101000111010
4 21  100 1010000110100111000000111101100001010111000100001010011000010011110000110100010100101001101000111010
runNumber 1
genCount 8133
elapsedTime 600.029
unaryHyperVol 132
binaryHyperVol 9.2381
additiveEps 0.857143
entropy 0.49717
archive 1
2
5 22  100 0000000110100100010000111111100001101001000100001010011000000001010101111010000000101001101000111010
4 23  100 0000000110100100010000111111100001101001000100001010011011010001010101111010000000101001101000111010
runNumber 2
genCount 7720
elapsedTime 599.968
unaryHyperVol 142
binaryHyperVol 6.28571
additiveEps 0.571429
entropy 0.449615
archive 2
3
7 20  100 1010100110101001001001001111100001101001000100001010011010000001010000110100000000101001101000111010
5 21  100 1010100110101001001001001111100001101001000100001010011010000001011010110100000000101001101000111010
4 23  100 1010100110101001001001001111100001101001000100001010011000010001011010110100000000101001101000111010
runNumber 3
genCount 7744
elapsedTime 599.957
unaryHyperVol 143
binaryHyperVol 7.27778
additiveEps 0.666667
entropy 0.481574
archive 3
3
7 20  100 0110000100010011001001110101100001101001000100001010011010000011010000111010100100101001101000111010
5 21  100 0110000100010011001001110101100001101001000100001010011010000011110000111010100100101001101000111010
4 22  100 0110000100010111001001110101100001101001000100001010011010000011110000111010100100101001101000111010
runNumber 4
genCount 8109
elapsedTime 599.977
unaryHyperVol 157
binaryHyperVol 5.41667
additiveEps 0.5
entropy 0.49717
archive 4
2
6 18  100 1010100110100101000000111100000000101001000100001010011010000011011010111010001100101001101000111010
4 20  100 1010000110100101010000111100000001101001000100001010011010000001011010111010000000101001101000111010
runNumber 5
genCount 8113
elapsedTime 600.021
unaryHyperVol 123
binaryHyperVol 19.6667
additiveEps 0.571429
entropy 0.49717
archive 5
2
6 20  100 0110100101010001000000111111011101010111000100011010011000000010010101111010000000101001101000111010
5 23  100 0110000101010001010000111111011111010111000100011010011000000010010101111010000000101001101000111010
runNumber 6
genCount 8033
elapsedTime 599.975
unaryHyperVol 155
binaryHyperVol 3.72222
additiveEps 0.333333
entropy 0.449615
archive 6
3
6 18  100 0110100101010001000000111111100000101001000100001010011010000011110000110100010100101001101000111010
5 20  100 0110100101010001001001001111100001101001000100001010011010000011110000110100010100101001101000111010
4 22  100 0110100101010001001001001111100001101001000100001010011000010011110000110100010100101001101000111010
runNumber 7
genCount 8079
elapsedTime 599.956
unaryHyperVol 149
binaryHyperVol 5.5
additiveEps 0.5
entropy 0.449615
archive 7
3
7 19  100 1010100110100101001001001100000001101001000100001010011010000011010000110100010100101001101000111010
5 20  100 1010100110100101001001001100000001101001000100001010011010000011011010110100010100101001101000111010
4 22  100 1010100110100101001001001100000001101001000100001010011000010011011010110100010100101001101000111010
runNumber 8
genCount 8041
elapsedTime 599.989
unaryHyperVol 149
binaryHyperVol 6.6
additiveEps 0.6
entropy 0.481574
archive 8
3
7 19  100 1010100110100101001001001100000001101001000100001010011010000011010000111010001100101001101000111010
6 20  100 1010100110100101001001001100000001101001000100001010011010000011011010111010001100101001101000111010
4 21  100 1010100110100101001001001100000001101001000100001010011010000001011010111010000000101001101000111010
runNumber 9
genCount 7705
elapsedTime 599.989
unaryHyperVol 149
binaryHyperVol 5.5
additiveEps 0.5
entropy 0.449615
archive 9
3
7 19  100 0000000100010000010000110101100001101001000100001010011010000011010000111010100100101001010111110101
5 20  100 0000000100010000010000110101100001101001000100001010011010000011110000111010100100101001010111110101
4 22  100 0000000100010000010000110101100001101001000100001010011000010011110000111010100100101001010111110101
runNumber 10
genCount 7855
elapsedTime 599.988
unaryHyperVol 130
binaryHyperVol 21.4167
additiveEps 0.75
entropy 0.49717
archive 10
2
7 19  100 1010100110101001001001001111100001101001000100001010011010000011010000110100010101011111010100111010
5 20  100 1010100110101001001001001111100001101001000100001010011010000011011010110100010101011111010100111010
runNumber 11
genCount 8017
elapsedTime 599.945
unaryHyperVol 146
binaryHyperVol 8.53333
additiveEps 0.8
entropy 0.49717
archive 11
2
5 20  100 0110100101010001001001001100000001101001000100001010011011010011010101111010100100101001101000111010
4 21  100 0110100101010101001001001100000001101001000100001010011011010011010101111010100100101001101000111010
runNumber 12
genCount 8035
elapsedTime 600.022
unaryHyperVol 148
binaryHyperVol 13.3333
additiveEps 0.333333
entropy 0.488066
archive 12
2
7 16  100 1010100110100101000000111100000001010101000100001010011010000011010000000100010100101001101000111010
5 17  100 1010100110100101000000111100000001010101000100001010011010000011110000000100010100101001101000111010
runNumber 13
genCount 7985
elapsedTime 599.934
unaryHyperVol 136
binaryHyperVol 6.07407
additiveEps 0.555556
entropy 0.49717
archive 13
2
5 21  100 1010100111010001001001011100000011000000000100001010011010000011011010111010100100011101101000010000
4 25  100 0000100111010000001001011100001111000000000100001010011010000011011010111010100100011101101000010000
runNumber 14
genCount 7975
elapsedTime 599.992
unaryHyperVol 156
binaryHyperVol 4.4
additiveEps 0.4
entropy 0.449615
archive 14
3
7 18  100 1010100110101001000000111101100001010111000100001010011010000001010000110100000000101001101000111010
5 19  100 1010100110101001000000111101100001010111000100001010011010000001011010110100000000101001101000111010
4 21  100 1010100110101001000000111101100001010111000100001010011000010001011010110100000000101001101000111010
runNumber 15
genCount 8159
elapsedTime 599.963
unaryHyperVol 158
binaryHyperVol 7.11111
additiveEps 0.666667
entropy 0.509891
archive 15
2
7 18  100 0000100111010000000000011101100001010111000100001010011010000011010000111010100100101001101000111010
4 19  100 0000100111010000000000011101100001010111000100001010011010000011110000111010100100101001101000111010
runNumber 16
genCount 7766
elapsedTime 600.033
unaryHyperVol 111
binaryHyperVol 21.5833
additiveEps 0.75
entropy 0.449615
archive 16
3
7 22  100 0110100101010001001010111111100001101001000100001010011010000001010000110010000000010000101000010000
6 23  100 0110100101010001001010111111100001101001000100001010011010000001011010110010000000010000101000010000
5 24  100 0110100101010001001010111111100001101001000100001010011000010001010101110010000000010000101000010000
runNumber 17
genCount 7850
elapsedTime 599.968
unaryHyperVol 165
binaryHyperVol 3.44444
additiveEps 0.333333
entropy 0.466686
archive 17
3
6 17  100 0110100101010001000000111100000000101001000100001010011010000011011010111010100100101001101000111010
5 18  100 0110000101010001010000111100000001101001000100001010011010000011011010111010100100101001101000111010
4 19  100 0110000101010101010000111100000001101001000100001010011010000011011010111010100100101001101000111010
runNumber 18
genCount 7940
elapsedTime 599.957
unaryHyperVol 136
binaryHyperVol 7.80952
additiveEps 0.714286
entropy 0.49717
archive 18
2
6 21  100 1010000110100111000000111111100000101001000100001010011010000001011010111010000000011101101000010000
4 23  100 1010000110100111001001001111100001101001000100001010011010000001011010111010000000011101101000010000
runNumber 19
genCount 8078
elapsedTime 599.944
unaryHyperVol 137
binaryHyperVol 6.79167
additiveEps 0.625
entropy 0.49717
archive 19
2
5 21  100 1010100111010001001001011111100011000000000100001010011010000011011010110100010100101001101000111010
4 24  100 1010000111010001101001011111100001000000000100001010011000010011011010110100010100101001101000111010
runNumber 20
genCount 7980
elapsedTime 600.012
unaryHyperVol 150
binaryHyperVol 6.53333
additiveEps 0.6
entropy 0.49717
archive 20
2
6 19  100 1010100110100101000000101111000000101001000100001010011010000001011010111010000000101001101000111010
4 21  100 1010100110100101001001001100000001101001000100001010011010000001011010111010000000101001101000111010
runNumber 21
genCount 8146
elapsedTime 599.982
unaryHyperVol 142
binaryHyperVol 6.28571
additiveEps 0.571429
entropy 0.449615
archive 21
3
7 20  100 1010100110101001001001001111100001101001000100001010011010000001010000110100000000101001101000111010
5 21  100 1010100110101001001001001111100001101001000100001010011010000001011010110100000000101001101000111010
4 23  100 1010100110101001001001001111100001101001000100001010011000010001011010110100000000101001101000111010
runNumber 22
genCount 7895
elapsedTime 600.013
unaryHyperVol 151
binaryHyperVol 6.46667
additiveEps 0.6
entropy 0.449615
archive 22
3
6 19  100 0110100101010001001001001111101001101001000100001010011010000011011010111010100100101001101000111010
5 20  100 0110100101010101001001001111101001101001000100001010011010000011011010111010100100101001101000111010
4 21  100 0110000101010111001001001111100001101001000100001010011010000011011010111010100100101001101000111010
runNumber 23
genCount 7937
elapsedTime 599.984
unaryHyperVol 142
binaryHyperVol 6.28571
additiveEps 0.571429
entropy 0.449615
archive 23
3
7 20  100 0110100100100101001001111100000001101001000100001010011010000011010000110100010100101001101000111010
5 21  100 0110100100100101001001111100000001101001000100001010011010000011110000110100010100101001101000111010
4 23  100 0110100100100101001001111100000001101001000100001010011000010011110000110100010100101001101000111010
runNumber 24
genCount 7980
elapsedTime 599.965
unaryHyperVol 149
binaryHyperVol 5.5
additiveEps 0.5
entropy 0.449615
archive 24
3
7 19  100 1010100110100101001001001100000001101001000100001010011010000011010000110100010100101001101000111010
5 20  100 1010100110100101001001001100000001101001000100001010011010000011110000110100010100101001101000111010
4 22  100 1010100110100101001001001100000001101001000100001010011000010011110000110100010100101001101000111010
runNumber 25
genCount 7884
elapsedTime 599.924
unaryHyperVol 164
binaryHyperVol 2.13333
additiveEps 0.333333
entropy 0.509891
archive 25
2
5 17  100 1010000110100101010000111111101001101001000100001010011010000011110000111010000100101001010100111010
4 21  100 0000000110100100010000111111100001101001000100001010011000010011110000111010000100101001010100111010
runNumber 26
genCount 8129
elapsedTime 599.986
unaryHyperVol 135
binaryHyperVol 7.85714
additiveEps 0.714286
entropy 0.481574
archive 26
3
7 21  100 0110000100100111001001111111100001101001000100001010011010000011010000111010001100101001101000111010
6 22  100 0110000100100111001001111111100001101001000100001010011010000011011010111010001100101001101000111010
4 23  100 0110000100100111001001111111100001101001000100001010011010000001011010111010000000101001101000111010
runNumber 27
genCount 8086
elapsedTime 599.973
unaryHyperVol 163
binaryHyperVol 3.66667
additiveEps 0.333333
entropy 0.454954
archive 27
3
7 17  100 0110100101010001000000101111100001010100000100001010011010000011010000111010001100101001101000111010
6 18  100 0110100101010001000000101111100000010100000100001010011010000011010000111010001100101001101000111010
4 19  100 0110100101010001000000101111100001010100000100001010011010000001011010111010000000101001101000111010
runNumber 28
genCount 8079
elapsedTime 599.942
unaryHyperVol 95
binaryHyperVol 37.3889
additiveEps 1
entropy 0
archive 28
1
6 22  100 1010100110101001001010111111100001101001000100011010011010000001011010110100000001010001101000111010
runNumber 29
genCount 7877
elapsedTime 600.013
unaryHyperVol 142
binaryHyperVol 6.28571
additiveEps 0.571429
entropy 0.449615
archive 29
3
7 20  100 1010100110101001001001001111100001101001000100001010011010000001010000110100000000101001101000111010
5 21  100 1010100110101001001001001111100001101001000100001010011010000001011010110100000000101001101000111010
4 23  100 1010100110101001001001001111100001101001000100001010011000010001011010110100000000101001101000111010
