OptimalFront
unaryHyperVol 129
4
9 19  200 11101010110001010000000001101011111010011010101001101010001101001101011100000000001000001000001100001001000010111110001000000011000101101001001101001101011001100001011101010111010100100111010000001001
6 20  200 11101010110001010000000001101011111010011010101001101010001101001101101100000000001000001000001100001001000010111110001000000011000101101001001101001101011001100001011101010111010100100111010000001001
5 21  200 11101010110001010000000001101011111010011010101001101010000101001101101100000000001000001000001100001001000010111110001000000011000101101001001101001101011001100001011101010111010100100111010000001001
4 25  200 11101010110001010000000001101011111010011010101001101010001101001101101100000100001000001001011110101001000010111110001000000011000101101001001101001101011001100001011101010111010100100111010000001001
-------------------------
runNumber 0
genCount 4731
elapsedTime 599.925
unaryHyperVol 71
binaryHyperVol 17.1778
additiveEps 0.888889
entropy 0.475082
archive 0
2
6 27  200 11100110000001010000000001001011111010011010101001101010001101001101101100000000001000001000000000001001110010111110001000000011111000011001010111001101110001010001011101010111010100100111010000001001
5 28  200 11100110000001010000000001001011111010011010101001101010000101001101101100000000001000001000000000001001110010111110001000000011111000011001010111001101110001010001011101010111010100100111010000001001
runNumber 1
genCount 4580
elapsedTime 599.793
unaryHyperVol 67
binaryHyperVol 24.4571
additiveEps 0.857143
entropy 0.475082
archive 1
2
9 25  200 00001010110001100000000001010100111010011010101001101010001101001101011100000000001000001000000000001001110010111110001000000011110101101001000011001100011001011101011001000011100000100111010000001001
6 26  200 00001010110001100000000001010100111010011010101001101010001101001101101100000000001000001000000000001001110010111110001000000011110101101001000011001100011001011101011001000011100000100111010000001001
runNumber 2
genCount 4657
elapsedTime 599.888
unaryHyperVol 120
binaryHyperVol 1.26667
additiveEps 0.2
entropy 0.439022
archive 2
4
9 20  200 11101010110001010000000001101011111010011010101001101010001101001101011100000000001000001000001100001001000010111110001000000011000101101001001101001101011001100000110101010111100000100111010000001001
6 21  200 11101010110001010000000001101011111010011010101001101010001101001101101100000000001000001000001100001001000010111110001000000011000101101001001101001101011001100000110101010111100000100111010000001001
5 22  200 11101010110001010000000001101011111010011010101001101010000101001101101100000000001000001000001100001001000010111110001000000011000101101001001101001101011001100000110101010111100000100111010000001001
4 28  200 11101010110001010000000001101011111010011010101001101010001101001101101100000100000000001001010101011001000010111110001000000011000101101001001101001101011001100000110101010111100000100111010000001001
runNumber 3
genCount 4508
elapsedTime 599.861
unaryHyperVol 115
binaryHyperVol 2.75
additiveEps 0.25
entropy 0.43303
archive 3
4
9 21  200 11100101110001010011010001101011111010011010101001101010001101001101011100000000001000001000001100001001000010111110001000000011000101101001001101001101011001100001011101010111010100100111010000001001
6 22  200 11100101110001010011010001101011111010011010101001101010001101001101101100000000001000001000001100001001000010111110001000000011000101101001001101001101011001100001011101010111010100100111010000001001
5 23  200 11100101110001010011010001101011111010011010101001101010000101001101101100000000001000001000001100001001000010111110001000000011000101101001001101001101011001100001011101010111010100100111010000001001
4 27  200 11100101110001010011010001101011111010011010101001101010001101001101101100000100001000001001011110101001000010111110001000000011000101101001001101001101011001100001011101010111010100100111010000001001
runNumber 4
genCount 4703
elapsedTime 599.819
unaryHyperVol 122
binaryHyperVol 1.57143
additiveEps 0.142857
entropy 0.431037
archive 4
4
9 20  200 11101010110001010000000001101011111010011010101001101010001101001101011100000000001000001000001100001001000010111110001000000011000101101001001101001101011001100000110101010111100000100111010000001001
6 21  200 11101010110001010000000001101011111010011010101001101010001101001101101100000000001000001000001100001001000010111110001000000011000101101001001101001101011001100000110101010111100000100111010000001001
5 22  200 11101010110001010000000001101011111010011010101001101010000101001101101100000000001000001000001100001001000010111110001000000011000101101001001101001101011001100000110101010111100000100111010000001001
4 26  200 11101010110001010000000001101011111010011010101001101010001101001101101100000100001000001001011110101001000010111110001000000011000101101001001101001101011001100000110101010111100000100111010000001001
runNumber 5
genCount 4599
elapsedTime 599.774
unaryHyperVol 65
binaryHyperVol 17.32
additiveEps 0.9
entropy 0.475082
archive 5
2
6 28  200 11101010110001010000000001101011000000011010101001010010001101001101010000000000001000001000001100001001000010111110001000000011111000011001001101011100010100100000010001010111100001100111010000001001
5 29  200 11101010110001010000000001101011000000011010101001010010000101001101010000000000001000001000001100001001000010111110001000000011111000011001001101011100010100100000010001010111100001100111010000001001
runNumber 6
genCount 4632
elapsedTime 599.752
unaryHyperVol 113
binaryHyperVol 4
additiveEps 0.375
entropy 0.427067
archive 6
3
6 22  200 11100101110001010011010001101011111010011010101001101010001101001101101100000000001000001000001100001001000010111110001000000011000101101001001101001101011001100001011101010111010100100111010000001001
5 23  200 11100101110001010011010001101011111010011010101001101010000101001101101100000000001000001000001100001001000010111110001000000011000101101001001101001101011001100001011101010111010100100111010000001001
4 27  200 11100101110001010011010001101011111010011010101001101010001101001101101100000100001000001001011110101001000010111110001000000011000101101001001101001101011001100001011101010111010100100111010000001001
runNumber 7
genCount 4504
elapsedTime 599.949
unaryHyperVol 32
binaryHyperVol 25.3286
additiveEps 0.928571
entropy 0.475082
archive 7
2
9 32  200 11100101110001010011010001101011111010011010101001101010001101001101011100000000001000001000001100000000110010111010001000011011101000011001001110011101110001100101011001010101100000110111010000001001
6 33  200 11100101110001010011010001101011111010011010101001101010001101001101101100000000001000001000001100000000110010111010001000011011101000011001001110011101110001100101011001010101100000110111010000001001
runNumber 8
genCount 4679
elapsedTime 599.922
unaryHyperVol 36
binaryHyperVol 24.5857
additiveEps 0.857143
entropy 0.427067
archive 8
3
9 31  200 11101010110001010000000001101011111010011010010101101010000011001101011100000000110000001000101110101001000010111110001000000001011000011001000101001101011001100001011101001011010100100111010000001001
7 32  200 11101010110001010000000001101011111010011010010101101010000011001101101100000000110000001000101110101001000010111110001000000001011000011001000101001101011001100001011101001011010100100111010000001001
6 33  200 11101010110001010000000001101011111010011010010101101010000011001101101100000000110000001000101110101001000010111110001000000101011000011001000101001101011001100001011101001011010100100111010000001001
runNumber 9
genCount 4463
elapsedTime 600.044
unaryHyperVol 70
binaryHyperVol 16.26
additiveEps 0.8
entropy 0.475082
archive 9
2
6 27  200 11101010110001010011011101010101111010011000000001101010001101001101101100000000001000001000001100001001000010111110001000011011111000110001001111001101011001000001011101010100010100100111010000001001
5 29  200 11101010110001010011011101010101111010011000000001101010000101001101101100000000001000001000001100001001000010111110001000011011111000110001001111001101011001000001011101010000010100100111010000001001
runNumber 10
genCount 4522
elapsedTime 599.714
unaryHyperVol 91
binaryHyperVol 14.8
additiveEps 0.666667
entropy 0.427067
archive 10
3
9 23  200 11100101110001010011010001101011111010011010101001101010001101001101011100000000001000001000001100001001000010111110001000000011111000011001001101011100011001100001011101010111010100100111010000001001
6 24  200 11100101110001010011010001101011111010011010101001101010001101001101101100000000001000001000001100001001000010111110001000000011111000011001001101011100011001100001011101010111010100100111010000001001
5 25  200 11100101110001010011010001101011111010011010101001101010000101001101101100000000001000001000001100001001000010111110001000000011111000011001001101011100011001100001011101010111010100100111010000001001
runNumber 11
genCount 4573
elapsedTime 599.783
unaryHyperVol 78
binaryHyperVol 22.3667
additiveEps 0.666667
entropy 0.475082
archive 11
2
8 23  200 11101010110001010000000001010101111010011000000001101010001101001101101100000000001000001000001100001001111101111110001000000000000101101001001101001101011001100001011101010101010100110111010000001001
6 24  200 11101010110001010000000001010101111010011000000001101010001101001101101100000000001000001000001100001001111101111110001000000000000101101001001101001101011001100001011101010001010100110111010000001001
runNumber 12
genCount 4292
elapsedTime 599.985
unaryHyperVol 47
binaryHyperVol 19.1429
additiveEps 0.75
entropy 0.446543
archive 12
4
11 28  200 11101010110001010000000001010111110101011000001111000110001101001101010100000000000000101000000101011001010010111110001000000011110101101001001101011101011001100000011001000001100000110111010000001001
8 29  200 11101010110001010000000001010111110101001000001111000110001101001101010100000000000000101000000101011001010010111110001000000011110101101001001101011101011001100000011001000001100000110111010000001001
7 30  200 11101010110001010000000001010111110101001000001111000110001101001101010100000000000000101000000101011001010010111110001000000011110101101001001101011100011001100000011001000001100000110111010000001001
6 31  200 11101010110001010000000001010111110101001000001111000110001101001101010100000000000000101000000101011001010010111110000000000011110101101001001101011101011001100000001001000001100000110111010000001001
runNumber 13
genCount 4637
elapsedTime 599.789
unaryHyperVol 112
binaryHyperVol 3.57778
additiveEps 0.333333
entropy 0.427067
archive 13
3
6 22  200 11101010110001010000000001101011111010011010101001101010001101001101101100000000001000001000001100001001000010111110001000011011000101101001001101001101011001100001011101010101010100110111010000001001
5 23  200 11101010110001010000000001101011111010011010101001101010000101001101101100000000001000001000001100001001000010111110001000011011000101101001001101001101011001100001011101010101010100110111010000001001
4 28  200 11101010110001010000000001101011111010011010101001101010001101001101101100000100001000001001011110101001000010111110001000011011000101101001001101001101011001100001011101010001010100110111010000001001
runNumber 14
genCount 4482
elapsedTime 599.771
unaryHyperVol 89
binaryHyperVol 16.4667
additiveEps 0.833333
entropy 0.475082
archive 14
2
6 24  200 11101010110001010001011101010111001010011010101001101010001101000001101100000011001000001000001100001001000010110010001000000011000101101001001101001101011001100001011101010111010100100111010000001001
5 25  200 11101010110001010001011101010111001010011010101001101010000101000001101100000011001000001000001100001001000010111010001000000011000101101001001101001101011001100001011101010111010100100111010000001001
runNumber 15
genCount 4440
elapsedTime 599.863
unaryHyperVol 91
binaryHyperVol 14.8
additiveEps 0.666667
entropy 0.427067
archive 15
3
9 23  200 11101010110001010000000001101011111010011010101001101010001101001101011100000000001000001000001100001001000010111110001000011011111000110001001101011101011001101101011001010111100000100111010000001001
6 24  200 11101010110001010000000001101011111010011010101001101010001101001101101100000000001000001000001100001001000010111110001000011011111000110001001101011101011001101101011001010111100000100111010000001001
5 25  200 11101010110001010000000001101011111010011010101001101010000101001101101100000000001000001000001100001001000010111110001000011011111000110001001101011101011001101101011001010111100000100111010000001001
runNumber 16
genCount 4706
elapsedTime 599.934
unaryHyperVol 72
binaryHyperVol 24.1667
additiveEps 0.833333
entropy 0.475082
archive 16
2
9 24  200 00001010110001100000000001010100111010011010101001101010001101001101011100000000000000001000000000001001000100111110001000000010110101101001000101111101011001100000010001010111100001100111010000001001
6 25  200 00001010110001100000000001010100111010011010101001101010001101001101101100000000000000001000000000001001000100111110001000000010110101101001000101111101011001100000010001010111100001100111010000001001
runNumber 17
genCount 4673
elapsedTime 599.997
unaryHyperVol 86
binaryHyperVol 6.89091
additiveEps 0.636364
entropy 0.427067
archive 17
3
6 26  200 11101010110001010000000001101011111010011010101001101010001101001101101100000011110000001000001100001001000010111110001000000011000101101001001101001101011001100000010011000001100000110111010000001001
5 27  200 11101010110001010000000001101011111010011010101001101010000101001101101100000011110000001000001100001001000010111110001000000011000101101001001101001101011001100000010011000001100000110111010000001001
4 30  200 11101010110001010000000001101011111010011010101001101010001101001101101100000011110000001001011110101001000010111110001000000011000101101001001101001101011001100000010011000001100000110111010000001001
runNumber 18
genCount 4587
elapsedTime 599.936
unaryHyperVol 89
binaryHyperVol 16.4667
additiveEps 0.833333
entropy 0.475082
archive 18
2
6 24  200 11100101110001010011010001101011111010011010101001101010001101001101101100000000001000001000001100001001000010111110001000011011000101101001001101001101011001100001011101010101010100110111010000001001
5 25  200 11100101110001010011010001101011111010011010101001101010000101001101101100000000001000001000001100001001000010111110001000011011000101101001001101001101011001100001011101010101010100110111010000001001
runNumber 19
genCount 4628
elapsedTime 599.829
unaryHyperVol 60
binaryHyperVol 22.9
additiveEps 0.7
entropy 0.427067
archive 19
3
9 26  200 11101010110001010000000001101011111010011010101001101010001101001101011100000000001000001000001100000000100010111010001000000011101000001001001101001101011001100100011101010100010100110111010000001001
7 27  200 11101010110001010000000001101011111010011010101001101010001101001101101100000000001000001000001100000000100010111010001000000011101000001001001101001101011001100100011101010100010100110111010000001001
6 29  200 11101010110001010000000001101011111010011010101001101010001101001101101100000000001000001001011100000000100010111010001000000011101000001001001101001101011001100100011101010100010100110111010000001001
runNumber 20
genCount 4365
elapsedTime 599.855
unaryHyperVol 34
binaryHyperVol 24.6143
additiveEps 0.857143
entropy 0.475082
archive 20
2
9 31  200 11010101110001011101010001010101111010011010101001101010000100001101011100000000001000001000001100000000110010110010001000000011111000011001001100001110011001100001010101010111010101100111010000001001
6 33  200 11010101110001011101010001010101111010011010101001101010000100001101101100000000001000001000001100000000110010110010001000000011111000011001001100001110011001100001010101010011010101100111010000001001
runNumber 21
genCount 4542
elapsedTime 599.845
unaryHyperVol 120
binaryHyperVol 3
additiveEps 0.285714
entropy 0.427067
archive 21
3
6 21  200 11101010110001010000000001101011111010011010101001101010001101001101101100000000001000001000001100001001000010111110001000000011000101101001001101001101011001100000110101010111100000100111010000001001
5 22  200 11101010110001010000000001101011111010011010101001101010000101001101101100000000001000001000001100001001000010111110001000000011000101101001001101001101011001100000110101010111100000100111010000001001
4 26  200 11101010110001010000000001101011111010011010101001101010001101001101101100000100001000001001011110101001000010111110001000000011000101101001001101001101011001100000110101010111100000100111010000001001
runNumber 22
genCount 4549
elapsedTime 600.002
unaryHyperVol 12
binaryHyperVol 24.53
additiveEps 0.85
entropy 0.475082
archive 22
2
7 36  200 11101010110001010000000001101011111001001010101001100001111101001101100100000000000000001000000101011001010010111110001000010101011000010000100101001101001001100000010001010111100001100111010000001001
6 39  200 11101010110001010000000001101011111001001010101001100001110101001101100100000000000000001000000001011001001010111110001001010101011000010000100101001101001001100000010001010111100001100111010000001001
runNumber 23
genCount 4536
elapsedTime 599.888
unaryHyperVol 89
binaryHyperVol 16.4667
additiveEps 0.833333
entropy 0.475082
archive 23
2
6 24  200 11100101110001010000000001101011111001001010101001101010001101001101101100000000001000001000001100001001000010111110001000000011111000011001001101011100011001100001011101010111010100100111010000001001
5 25  200 11100101110001010000000001101011111001001010101001101010000101001101101100000000001000001000001100001001000010111110001000000011111000011001001101011100011001100001011101010111010100100111010000001001
runNumber 24
genCount 4495
elapsedTime 599.727
unaryHyperVol 49
binaryHyperVol 22.6667
additiveEps 0.75
entropy 0.427067
archive 24
3
9 27  200 11100101110001010011010001101011111010011010101001101010001101001101011100000000001000001000001100001001000010111110001000000001111000111100010001111101011001100000110101010101100000110111010000001001
8 30  200 11100101110001010011010001101011111010011010101001101010111101001101011101000000001000000000001100001001000010111110001000000001111000111100010001111101011001100000110101010101100000110111010000001001
6 31  200 11100101110001010011010001101011111010011010101001101010111101001101011101000000001000000000001100001001000010111110001000000001111000111100010001111101011001100000110101010001100000110111010000001001
runNumber 25
genCount 4570
elapsedTime 599.954
unaryHyperVol 83
binaryHyperVol 16.7714
additiveEps 0.857143
entropy 0.475082
archive 25
2
6 25  200 00001010110001011111000001101011111001001010101001101010001101001101101100000000001000001000001100001001000010111110001000000011011000110101011101001101010001100000010001010111100001100111010000001001
5 26  200 00001010110001011111000001101011111001001010101001101010000101001101101100000000001000001000001100001001000010111110001000000011011000110101011101001101010001100000010001010111100001100111010000001001
runNumber 26
genCount 4650
elapsedTime 599.843
unaryHyperVol 78
binaryHyperVol 6.69231
additiveEps 0.615385
entropy 0.427067
archive 26
3
6 27  200 11101010110001010000000011010101111001111000000001101010001101001101101100000000001000001000000000001001110010111110001000000011111000111100101101111101010100100000110101010111100000100111010000001001
5 28  200 11101010110001010000000011010101111001111000000001101010000101001101101100000000001000001000000000001001110010111110001000000011111000111100101101111101010100100000110101010111100000100111010000001001
4 32  200 11101010110001010000000011010101111001111000000001101010001101001101101100000100001000001001011110101001000010111110001000000011111000111100101101111101010100100000110101010111100000100111010000001001
runNumber 27
genCount 4534
elapsedTime 600.053
unaryHyperVol 91
binaryHyperVol 14.8
additiveEps 0.666667
entropy 0.427067
archive 27
3
9 23  200 11100010110001010111000001101011111010011010101001101010001101001101011100000000001000001000001100001001000010111110001000000011111000011001001101011100011001100000010001010111100001100111010000001001
6 24  200 11100010110001010111000001101011111010011010101001101010001101001101101100000000001000001000001100001001000010111110001000000011111000011001001101011100011001100000010001010111100001100111010000001001
5 25  200 11100010110001010111000001101011111010011010101001101010000101001101101100000000001000001000001100001001000010111110001000000011111000011001001101011100011001100000010001010111100001100111010000001001
runNumber 28
genCount 4471
elapsedTime 599.733
unaryHyperVol 91
binaryHyperVol 5.43333
additiveEps 0.5
entropy 0.427067
archive 28
3
6 25  200 11101010110001010011011101101011111010011010101001101010001101001101101100000000001000001000001100001001000010111110001000000011111000111100101101111101010100100001011101010111010100100111010000001001
5 26  200 11101010110001010011011101101011111010011010101001101010000101001101101100000000001000001000001100001001000010111110001000000011111000111100101101111101010100100001011101010111010100100111010000001001
4 31  200 11101010110001010011011101101011111010011010101001101010001101001100000100000100001000101001011100001001000010111110001000000011111000111100101101111101010100100001011101010111010100100111010000001001
runNumber 29
genCount 4744
elapsedTime 599.778
unaryHyperVol 0
binaryHyperVol 333
additiveEps 333
entropy 333
archive 29
0
