 25 0 0 100
 25 0 1 100
 25 0 2 100
 25 0 3 100
 25 0 4 100
 25 0 5 100
 25 0 6 100
 25 0 7 100
 25 0 8 100
 25 0 9 100
 25 0 10 100
 25 0 11 100
 25 0 12 100
 25 0 13 100
 25 0 14 100
 25 0 15 100
 25 0 16 100
 25 0 17 100
 25 0 18 100
 25 0 19 100
 25 0 20 100
 25 0 21 100
 25 0 22 100
 25 0 23 100
 25 0 24 100
 25 0 25 100
 25 0 26 100
 25 0 27 100
 25 0 28 100
 25 0 29 100
 25 1 0 100
 25 1 1 100
 25 1 2 100
 25 1 3 100
 25 1 4 100
 25 1 5 100
 25 1 6 100
 25 1 7 100
 25 1 8 100
 25 1 9 100
 25 1 10 100
 25 1 11 100
 25 1 12 100
 25 1 13 100
 25 1 14 100
 25 1 15 100
 25 1 16 100
 25 1 17 100
 25 1 18 100
 25 1 19 100
 25 1 20 100
 25 1 21 100
 25 1 22 100
 25 1 23 100
 25 1 24 100
 25 1 25 100
 25 1 26 100
 25 1 27 100
 25 1 28 100
 25 1 29 100
 25 2 0 100
 25 2 1 100
 25 2 2 100
 25 2 3 100
 25 2 4 100
 25 2 5 100
 25 2 6 100
 25 2 7 100
 25 2 8 100
 25 2 9 100
 25 2 10 100
 25 2 11 100
 25 2 12 100
 25 2 13 100
 25 2 14 100
 25 2 15 100
 25 2 16 100
 25 2 17 100
 25 2 18 100
 25 2 19 100
 25 2 20 100
 25 2 21 100
 25 2 22 100
 25 2 23 100
 25 2 24 100
 25 2 25 100
 25 2 26 100
 25 2 27 100
 25 2 28 100
 25 2 29 100
 25 3 0 100
 25 3 1 100
 25 3 2 100
 25 3 3 100
 25 3 4 100
 25 3 5 100
 25 3 6 100
 25 3 7 100
 25 3 8 100
 25 3 9 100
 25 3 10 100
 25 3 11 100
 25 3 12 100
 25 3 13 100
 25 3 14 100
 25 3 15 100
 25 3 16 100
 25 3 17 100
 25 3 18 100
 25 3 19 100
 25 3 20 100
 25 3 21 100
 25 3 22 100
 25 3 23 100
 25 3 24 100
 25 3 25 100
 25 3 26 100
 25 3 27 100
 25 3 28 100
 25 3 29 100
 25 4 0 100
 25 4 1 100
 25 4 2 100
 25 4 3 100
 25 4 4 100
 25 4 5 100
 25 4 6 100
 25 4 7 100
 25 4 8 100
 25 4 9 100
 25 4 10 100
 25 4 11 100
 25 4 12 100
 25 4 13 100
 25 4 14 100
 25 4 15 100
 25 4 16 100
 25 4 17 100
 25 4 18 100
 25 4 19 100
 25 4 20 100
 25 4 21 100
 25 4 22 100
 25 4 23 100
 25 4 24 100
 25 4 25 100
 25 4 26 100
 25 4 27 100
 25 4 28 100
 25 4 29 100
 25 5 0 100
 25 5 1 100
 25 5 2 100
 25 5 3 100
 25 5 4 100
 25 5 5 100
 25 5 6 100
 25 5 7 100
 25 5 8 100
 25 5 9 100
 25 5 10 100
 25 5 11 100
 25 5 12 100
 25 5 13 100
 25 5 14 100
 25 5 15 100
 25 5 16 100
 25 5 17 100
 25 5 18 100
 25 5 19 100
 25 5 20 100
 25 5 21 100
 25 5 22 100
 25 5 23 100
 25 5 24 100
 25 5 25 100
 25 5 26 100
 25 5 27 100
 25 5 28 100
 25 5 29 100
 25 6 0 100
 25 6 1 100
 25 6 2 100
 25 6 3 100
 25 6 4 100
 25 6 5 100
 25 6 6 100
 25 6 7 100
 25 6 8 100
 25 6 9 100
 25 6 10 100
 25 6 11 100
 25 6 12 100
 25 6 13 100
 25 6 14 100
 25 6 15 100
 25 6 16 100
 25 6 17 100
 25 6 18 100
 25 6 19 100
 25 6 20 100
 25 6 21 100
 25 6 22 100
 25 6 23 100
 25 6 24 100
 25 6 25 100
 25 6 26 100
 25 6 27 100
 25 6 28 100
 25 6 29 100
 25 7 0 100
 25 7 1 100
 25 7 2 100
 25 7 3 100
 25 7 4 100
 25 7 5 100
 25 7 6 100
 25 7 7 100
 25 7 8 100
 25 7 9 100
 25 7 10 100
 25 7 11 100
 25 7 12 100
 25 7 13 100
 25 7 14 100
 25 7 15 100
 25 7 16 100
 25 7 17 100
 25 7 18 100
 25 7 19 100
 25 7 20 100
 25 7 21 100
 25 7 22 100
 25 7 23 100
 25 7 24 100
 25 7 25 100
 25 7 26 100
 25 7 27 100
 25 7 28 100
 25 7 29 100
 25 8 0 100
 25 8 1 100
 25 8 2 100
 25 8 3 100
 25 8 4 100
 25 8 5 100
 25 8 6 100
 25 8 7 100
 25 8 8 100
 25 8 9 100
 25 8 10 100
 25 8 11 100
 25 8 12 100
 25 8 13 100
 25 8 14 100
 25 8 15 100
 25 8 16 100
 25 8 17 100
 25 8 18 100
 25 8 19 100
 25 8 20 100
 25 8 21 100
 25 8 22 100
 25 8 23 100
 25 8 24 100
 25 8 25 100
 25 8 26 100
 25 8 27 100
 25 8 28 100
 25 8 29 100
 25 9 0 100
 25 9 1 100
 25 9 2 100
 25 9 3 100
 25 9 4 100
 25 9 5 100
 25 9 6 100
 25 9 7 100
 25 9 8 100
 25 9 9 100
 25 9 10 100
 25 9 11 100
 25 9 12 100
 25 9 13 100
 25 9 14 100
 25 9 15 100
 25 9 16 100
 25 9 17 100
 25 9 18 100
 25 9 19 100
 25 9 20 100
 25 9 21 100
 25 9 22 100
 25 9 23 100
 25 9 24 100
 25 9 25 100
 25 9 26 100
 25 9 27 100
 25 9 28 100
 25 9 29 100
 25 10 0 100
 25 10 1 100
 25 10 2 100
 25 10 3 100
 25 10 4 100
 25 10 5 100
 25 10 6 100
 25 10 7 100
 25 10 8 100
 25 10 9 100
 25 10 10 100
 25 10 11 100
 25 10 12 100
 25 10 13 100
 25 10 14 100
 25 10 15 100
 25 10 16 100
 25 10 17 100
 25 10 18 100
 25 10 19 100
 25 10 20 100
 25 10 21 100
 25 10 22 100
 25 10 23 100
 25 10 24 100
 25 10 25 100
 25 10 26 100
 25 10 27 100
 25 10 28 100
 25 10 29 100
 25 11 0 100
 25 11 1 100
 25 11 2 100
 25 11 3 100
 25 11 4 100
 25 11 5 100
 25 11 6 100
 25 11 7 100
 25 11 8 100
 25 11 9 100
 25 11 10 100
 25 11 11 100
 25 11 12 100
 25 11 13 100
 25 11 14 100
 25 11 15 100
 25 11 16 100
 25 11 17 100
 25 11 18 100
 25 11 19 100
 25 11 20 100
 25 11 21 100
 25 11 22 100
 25 11 23 100
 25 11 24 100
 25 11 25 100
 25 11 26 100
 25 11 27 100
 25 11 28 100
 25 11 29 100
 25 12 0 100
 25 12 1 100
 25 12 2 100
 25 12 3 100
 25 12 4 100
 25 12 5 100
 25 12 6 100
 25 12 7 100
 25 12 8 100
 25 12 9 100
 25 12 10 100
 25 12 11 100
 25 12 12 100
 25 12 13 100
 25 12 14 100
 25 12 15 100
 25 12 16 100
 25 12 17 100
 25 12 18 100
 25 12 19 100
 25 12 20 100
 25 12 21 100
 25 12 22 100
 25 12 23 100
 25 12 24 100
 25 12 25 100
 25 12 26 100
 25 12 27 100
 25 12 28 100
 25 12 29 100
 25 13 0 100
 25 13 1 100
 25 13 2 100
 25 13 3 100
 25 13 4 100
 25 13 5 100
 25 13 6 100
 25 13 7 100
 25 13 8 100
 25 13 9 100
 25 13 10 100
 25 13 11 100
 25 13 12 100
 25 13 13 100
 25 13 14 100
 25 13 15 100
 25 13 16 100
 25 13 17 100
 25 13 18 100
 25 13 19 100
 25 13 20 100
 25 13 21 100
 25 13 22 100
 25 13 23 100
 25 13 24 100
 25 13 25 100
 25 13 26 100
 25 13 27 100
 25 13 28 100
 25 13 29 100
 25 14 0 100
 25 14 1 100
 25 14 2 100
 25 14 3 100
 25 14 4 100
 25 14 5 100
 25 14 6 100
 25 14 7 100
 25 14 8 100
 25 14 9 100
 25 14 10 100
 25 14 11 100
 25 14 12 100
 25 14 13 100
 25 14 14 100
 25 14 15 100
 25 14 16 100
 25 14 17 100
 25 14 18 100
 25 14 19 100
 25 14 20 100
 25 14 21 100
 25 14 22 100
 25 14 23 100
 25 14 24 100
 25 14 25 100
 25 14 26 100
 25 14 27 100
 25 14 28 100
 25 14 29 100
 25 15 0 100
 25 15 1 100
 25 15 2 100
 25 15 3 100
 25 15 4 100
 25 15 5 100
 25 15 6 100
 25 15 7 100
 25 15 8 100
 25 15 9 100
 25 15 10 100
 25 15 11 100
 25 15 12 100
 25 15 13 100
 25 15 14 100
 25 15 15 100
 25 15 16 100
 25 15 17 100
 25 15 18 100
 25 15 19 100
 25 15 20 100
 25 15 21 100
 25 15 22 100
 25 15 23 100
 25 15 24 100
 25 15 25 100
 25 15 26 100
 25 15 27 100
 25 15 28 100
 25 15 29 100
 25 16 0 100
 25 16 1 100
 25 16 2 100
 25 16 3 100
 25 16 4 100
 25 16 5 100
 25 16 6 100
 25 16 7 100
 25 16 8 100
 25 16 9 100
 25 16 10 100
 25 16 11 100
 25 16 12 100
 25 16 13 100
 25 16 14 100
 25 16 15 100
 25 16 16 100
 25 16 17 100
 25 16 18 100
 25 16 19 100
 25 16 20 100
 25 16 21 100
 25 16 22 100
 25 16 23 100
 25 16 24 100
 25 16 25 100
 25 16 26 100
 25 16 27 100
 25 16 28 100
 25 16 29 100
 25 17 0 100
 25 17 1 100
 25 17 2 100
 25 17 3 100
 25 17 4 100
 25 17 5 100
 25 17 6 100
 25 17 7 100
 25 17 8 100
 25 17 9 100
 25 17 10 100
 25 17 11 100
 25 17 12 100
 25 17 13 100
 25 17 14 100
 25 17 15 100
 25 17 16 100
 25 17 17 100
 25 17 18 100
 25 17 19 100
 25 17 20 100
 25 17 21 100
 25 17 22 100
 25 17 23 100
 25 17 24 100
 25 17 25 100
 25 17 26 100
 25 17 27 100
 25 17 28 100
 25 17 29 100
 25 18 0 100
 25 18 1 100
 25 18 2 100
 25 18 3 100
 25 18 4 100
 25 18 5 100
 25 18 6 100
 25 18 7 100
 25 18 8 100
 25 18 9 100
 25 18 10 100
 25 18 11 100
 25 18 12 100
 25 18 13 100
 25 18 14 100
 25 18 15 100
 25 18 16 100
 25 18 17 100
 25 18 18 100
 25 18 19 100
 25 18 20 100
 25 18 21 100
 25 18 22 100
 25 18 23 100
 25 18 24 100
 25 18 25 100
 25 18 26 100
 25 18 27 100
 25 18 28 100
 25 18 29 100
 25 19 0 100
 25 19 1 100
 25 19 2 100
 25 19 3 100
 25 19 4 100
 25 19 5 100
 25 19 6 100
 25 19 7 100
 25 19 8 100
 25 19 9 100
 25 19 10 100
 25 19 11 100
 25 19 12 100
 25 19 13 100
 25 19 14 100
 25 19 15 100
 25 19 16 100
 25 19 17 100
 25 19 18 100
 25 19 19 100
 25 19 20 100
 25 19 21 100
 25 19 22 100
 25 19 23 100
 25 19 24 100
 25 19 25 100
 25 19 26 100
 25 19 27 100
 25 19 28 100
 25 19 29 100
 25 20 0 100
 25 20 1 100
 25 20 2 100
 25 20 3 100
 25 20 4 100
 25 20 5 100
 25 20 6 100
 25 20 7 100
 25 20 8 100
 25 20 9 100
 25 20 10 100
 25 20 11 100
 25 20 12 100
 25 20 13 100
 25 20 14 100
 25 20 15 100
 25 20 16 100
 25 20 17 100
 25 20 18 100
 25 20 19 100
 25 20 20 100
 25 20 21 100
 25 20 22 100
 25 20 23 100
 25 20 24 100
 25 20 25 100
 25 20 26 100
 25 20 27 100
 25 20 28 100
 25 20 29 100
 25 21 0 100
 25 21 1 100
 25 21 2 100
 25 21 3 100
 25 21 4 100
 25 21 5 100
 25 21 6 100
 25 21 7 100
 25 21 8 100
 25 21 9 100
 25 21 10 100
 25 21 11 100
 25 21 12 100
 25 21 13 100
 25 21 14 100
 25 21 15 100
 25 21 16 100
 25 21 17 100
 25 21 18 100
 25 21 19 100
 25 21 20 100
 25 21 21 100
 25 21 22 100
 25 21 23 100
 25 21 24 100
 25 21 25 100
 25 21 26 100
 25 21 27 100
 25 21 28 100
 25 21 29 100
 25 22 0 100
 25 22 1 100
 25 22 2 100
 25 22 3 100
 25 22 4 100
 25 22 5 100
 25 22 6 100
 25 22 7 100
 25 22 8 100
 25 22 9 100
 25 22 10 100
 25 22 11 100
 25 22 12 100
 25 22 13 100
 25 22 14 100
 25 22 15 100
 25 22 16 100
 25 22 17 100
 25 22 18 100
 25 22 19 100
 25 22 20 100
 25 22 21 100
 25 22 22 100
 25 22 23 100
 25 22 24 100
 25 22 25 100
 25 22 26 100
 25 22 27 100
 25 22 28 100
 25 22 29 100
 25 23 0 100
 25 23 1 100
 25 23 2 100
 25 23 3 100
 25 23 4 100
 25 23 5 100
 25 23 6 100
 25 23 7 100
 25 23 8 100
 25 23 9 100
 25 23 10 100
 25 23 11 100
 25 23 12 100
 25 23 13 100
 25 23 14 100
 25 23 15 100
 25 23 16 100
 25 23 17 100
 25 23 18 100
 25 23 19 100
 25 23 20 100
 25 23 21 100
 25 23 22 100
 25 23 23 100
 25 23 24 100
 25 23 25 100
 25 23 26 100
 25 23 27 100
 25 23 28 100
 25 23 29 100
 25 24 0 100
 25 24 1 100
 25 24 2 100
 25 24 3 100
 25 24 4 100
 25 24 5 100
 25 24 6 100
 25 24 7 100
 25 24 8 100
 25 24 9 100
 25 24 10 100
 25 24 11 100
 25 24 12 100
 25 24 13 100
 25 24 14 100
 25 24 15 100
 25 24 16 100
 25 24 17 100
 25 24 18 100
 25 24 19 100
 25 24 20 100
 25 24 21 100
 25 24 22 100
 25 24 23 100
 25 24 24 100
 25 24 25 100
 25 24 26 100
 25 24 27 100
 25 24 28 100
 25 24 29 100
 25 25 0 100
 25 25 1 100
 25 25 2 100
 25 25 3 100
 25 25 4 100
 25 25 5 100
 25 25 6 100
 25 25 7 100
 25 25 8 100
 25 25 9 100
 25 25 10 100
 25 25 11 100
 25 25 12 100
 25 25 13 100
 25 25 14 100
 25 25 15 100
 25 25 16 100
 25 25 17 100
 25 25 18 100
 25 25 19 100
 25 25 20 100
 25 25 21 100
 25 25 22 100
 25 25 23 100
 25 25 24 100
 25 25 25 100
 25 25 26 100
 25 25 27 100
 25 25 28 100
 25 25 29 100
 25 26 0 100
 25 26 1 100
 25 26 2 100
 25 26 3 100
 25 26 4 100
 25 26 5 100
 25 26 6 100
 25 26 7 100
 25 26 8 100
 25 26 9 100
 25 26 10 100
 25 26 11 100
 25 26 12 100
 25 26 13 100
 25 26 14 100
 25 26 15 100
 25 26 16 100
 25 26 17 100
 25 26 18 100
 25 26 19 100
 25 26 20 100
 25 26 21 100
 25 26 22 100
 25 26 23 100
 25 26 24 100
 25 26 25 100
 25 26 26 100
 25 26 27 100
 25 26 28 100
 25 26 29 100
 25 27 0 100
 25 27 1 100
 25 27 2 100
 25 27 3 100
 25 27 4 100
 25 27 5 100
 25 27 6 100
 25 27 7 100
 25 27 8 100
 25 27 9 100
 25 27 10 100
 25 27 11 100
 25 27 12 100
 25 27 13 100
 25 27 14 100
 25 27 15 100
 25 27 16 100
 25 27 17 100
 25 27 18 100
 25 27 19 100
 25 27 20 100
 25 27 21 100
 25 27 22 100
 25 27 23 100
 25 27 24 100
 25 27 25 100
 25 27 26 100
 25 27 27 100
 25 27 28 100
 25 27 29 100
 25 28 0 100
 25 28 1 100
 25 28 2 100
 25 28 3 100
 25 28 4 100
 25 28 5 100
 25 28 6 100
 25 28 7 100
 25 28 8 100
 25 28 9 100
 25 28 10 100
 25 28 11 100
 25 28 12 100
 25 28 13 100
 25 28 14 100
 25 28 15 100
 25 28 16 100
 25 28 17 100
 25 28 18 100
 25 28 19 100
 25 28 20 100
 25 28 21 100
 25 28 22 100
 25 28 23 100
 25 28 24 100
 25 28 25 100
 25 28 26 100
 25 28 27 100
 25 28 28 100
 25 28 29 100
 25 29 0 100
 25 29 1 100
 25 29 2 100
 25 29 3 100
 25 29 4 100
 25 29 5 100
 25 29 6 100
 25 29 7 100
 25 29 8 100
 25 29 9 100
 25 29 10 100
 25 29 11 100
 25 29 12 100
 25 29 13 100
 25 29 14 100
 25 29 15 100
 25 29 16 100
 25 29 17 100
 25 29 18 100
 25 29 19 100
 25 29 20 100
 25 29 21 100
 25 29 22 100
 25 29 23 100
 25 29 24 100
 25 29 25 100
 25 29 26 100
 25 29 27 100
 25 29 28 100
 25 29 29 100
