 23 0 0 50
 23 0 1 50
 23 0 2 50
 23 0 3 50
 23 0 4 50
 23 0 5 50
 23 0 6 50
 23 0 7 50
 23 0 8 50
 23 0 9 50
 23 0 10 50
 23 0 11 50
 23 0 12 50
 23 0 13 50
 23 0 14 50
 23 0 15 50
 23 0 16 50
 23 0 17 50
 23 0 18 50
 23 0 19 50
 23 0 20 50
 23 0 21 50
 23 0 22 50
 23 0 23 50
 23 0 24 50
 23 0 25 50
 23 0 26 50
 23 0 27 50
 23 0 28 50
 23 0 29 50
 23 1 0 50
 23 1 1 50
 23 1 2 50
 23 1 3 50
 23 1 4 50
 23 1 5 50
 23 1 6 50
 23 1 7 50
 23 1 8 50
 23 1 9 50
 23 1 10 50
 23 1 11 50
 23 1 12 50
 23 1 13 50
 23 1 14 50
 23 1 15 50
 23 1 16 50
 23 1 17 50
 23 1 18 50
 23 1 19 50
 23 1 20 50
 23 1 21 50
 23 1 22 50
 23 1 23 50
 23 1 24 50
 23 1 25 50
 23 1 26 50
 23 1 27 50
 23 1 28 50
 23 1 29 50
 23 2 0 50
 23 2 1 50
 23 2 2 50
 23 2 3 50
 23 2 4 50
 23 2 5 50
 23 2 6 50
 23 2 7 50
 23 2 8 50
 23 2 9 50
 23 2 10 50
 23 2 11 50
 23 2 12 50
 23 2 13 50
 23 2 14 50
 23 2 15 50
 23 2 16 50
 23 2 17 50
 23 2 18 50
 23 2 19 50
 23 2 20 50
 23 2 21 50
 23 2 22 50
 23 2 23 50
 23 2 24 50
 23 2 25 50
 23 2 26 50
 23 2 27 50
 23 2 28 50
 23 2 29 50
 23 3 0 50
 23 3 1 50
 23 3 2 50
 23 3 3 50
 23 3 4 50
 23 3 5 50
 23 3 6 50
 23 3 7 50
 23 3 8 50
 23 3 9 50
 23 3 10 50
 23 3 11 50
 23 3 12 50
 23 3 13 50
 23 3 14 50
 23 3 15 50
 23 3 16 50
 23 3 17 50
 23 3 18 50
 23 3 19 50
 23 3 20 50
 23 3 21 50
 23 3 22 50
 23 3 23 50
 23 3 24 50
 23 3 25 50
 23 3 26 50
 23 3 27 50
 23 3 28 50
 23 3 29 50
 23 4 0 50
 23 4 1 50
 23 4 2 50
 23 4 3 50
 23 4 4 50
 23 4 5 50
 23 4 6 50
 23 4 7 50
 23 4 8 50
 23 4 9 50
 23 4 10 50
 23 4 11 50
 23 4 12 50
 23 4 13 50
 23 4 14 50
 23 4 15 50
 23 4 16 50
 23 4 17 50
 23 4 18 50
 23 4 19 50
 23 4 20 50
 23 4 21 50
 23 4 22 50
 23 4 23 50
 23 4 24 50
 23 4 25 50
 23 4 26 50
 23 4 27 50
 23 4 28 50
 23 4 29 50
 23 5 0 50
 23 5 1 50
 23 5 2 50
 23 5 3 50
 23 5 4 50
 23 5 5 50
 23 5 6 50
 23 5 7 50
 23 5 8 50
 23 5 9 50
 23 5 10 50
 23 5 11 50
 23 5 12 50
 23 5 13 50
 23 5 14 50
 23 5 15 50
 23 5 16 50
 23 5 17 50
 23 5 18 50
 23 5 19 50
 23 5 20 50
 23 5 21 50
 23 5 22 50
 23 5 23 50
 23 5 24 50
 23 5 25 50
 23 5 26 50
 23 5 27 50
 23 5 28 50
 23 5 29 50
 23 6 0 50
 23 6 1 50
 23 6 2 50
 23 6 3 50
 23 6 4 50
 23 6 5 50
 23 6 6 50
 23 6 7 50
 23 6 8 50
 23 6 9 50
 23 6 10 50
 23 6 11 50
 23 6 12 50
 23 6 13 50
 23 6 14 50
 23 6 15 50
 23 6 16 50
 23 6 17 50
 23 6 18 50
 23 6 19 50
 23 6 20 50
 23 6 21 50
 23 6 22 50
 23 6 23 50
 23 6 24 50
 23 6 25 50
 23 6 26 50
 23 6 27 50
 23 6 28 50
 23 6 29 50
 23 7 0 50
 23 7 1 50
 23 7 2 50
 23 7 3 50
 23 7 4 50
 23 7 5 50
 23 7 6 50
 23 7 7 50
 23 7 8 50
 23 7 9 50
 23 7 10 50
 23 7 11 50
 23 7 12 50
 23 7 13 50
 23 7 14 50
 23 7 15 50
 23 7 16 50
 23 7 17 50
 23 7 18 50
 23 7 19 50
 23 7 20 50
 23 7 21 50
 23 7 22 50
 23 7 23 50
 23 7 24 50
 23 7 25 50
 23 7 26 50
 23 7 27 50
 23 7 28 50
 23 7 29 50
 23 8 0 50
 23 8 1 50
 23 8 2 50
 23 8 3 50
 23 8 4 50
 23 8 5 50
 23 8 6 50
 23 8 7 50
 23 8 8 50
 23 8 9 50
 23 8 10 50
 23 8 11 50
 23 8 12 50
 23 8 13 50
 23 8 14 50
 23 8 15 50
 23 8 16 50
 23 8 17 50
 23 8 18 50
 23 8 19 50
 23 8 20 50
 23 8 21 50
 23 8 22 50
 23 8 23 50
 23 8 24 50
 23 8 25 50
 23 8 26 50
 23 8 27 50
 23 8 28 50
 23 8 29 50
 23 9 0 50
 23 9 1 50
 23 9 2 50
 23 9 3 50
 23 9 4 50
 23 9 5 50
 23 9 6 50
 23 9 7 50
 23 9 8 50
 23 9 9 50
 23 9 10 50
 23 9 11 50
 23 9 12 50
 23 9 13 50
 23 9 14 50
 23 9 15 50
 23 9 16 50
 23 9 17 50
 23 9 18 50
 23 9 19 50
 23 9 20 50
 23 9 21 50
 23 9 22 50
 23 9 23 50
 23 9 24 50
 23 9 25 50
 23 9 26 50
 23 9 27 50
 23 9 28 50
 23 9 29 50
 23 10 0 50
 23 10 1 50
 23 10 2 50
 23 10 3 50
 23 10 4 50
 23 10 5 50
 23 10 6 50
 23 10 7 50
 23 10 8 50
 23 10 9 50
 23 10 10 50
 23 10 11 50
 23 10 12 50
 23 10 13 50
 23 10 14 50
 23 10 15 50
 23 10 16 50
 23 10 17 50
 23 10 18 50
 23 10 19 50
 23 10 20 50
 23 10 21 50
 23 10 22 50
 23 10 23 50
 23 10 24 50
 23 10 25 50
 23 10 26 50
 23 10 27 50
 23 10 28 50
 23 10 29 50
 23 11 0 50
 23 11 1 50
 23 11 2 50
 23 11 3 50
 23 11 4 50
 23 11 5 50
 23 11 6 50
 23 11 7 50
 23 11 8 50
 23 11 9 50
 23 11 10 50
 23 11 11 50
 23 11 12 50
 23 11 13 50
 23 11 14 50
 23 11 15 50
 23 11 16 50
 23 11 17 50
 23 11 18 50
 23 11 19 50
 23 11 20 50
 23 11 21 50
 23 11 22 50
 23 11 23 50
 23 11 24 50
 23 11 25 50
 23 11 26 50
 23 11 27 50
 23 11 28 50
 23 11 29 50
 23 12 0 50
 23 12 1 50
 23 12 2 50
 23 12 3 50
 23 12 4 50
 23 12 5 50
 23 12 6 50
 23 12 7 50
 23 12 8 50
 23 12 9 50
 23 12 10 50
 23 12 11 50
 23 12 12 50
 23 12 13 50
 23 12 14 50
 23 12 15 50
 23 12 16 50
 23 12 17 50
 23 12 18 50
 23 12 19 50
 23 12 20 50
 23 12 21 50
 23 12 22 50
 23 12 23 50
 23 12 24 50
 23 12 25 50
 23 12 26 50
 23 12 27 50
 23 12 28 50
 23 12 29 50
 23 13 0 50
 23 13 1 50
 23 13 2 50
 23 13 3 50
 23 13 4 50
 23 13 5 50
 23 13 6 50
 23 13 7 50
 23 13 8 50
 23 13 9 50
 23 13 10 50
 23 13 11 50
 23 13 12 50
 23 13 13 50
 23 13 14 50
 23 13 15 50
 23 13 16 50
 23 13 17 50
 23 13 18 50
 23 13 19 50
 23 13 20 50
 23 13 21 50
 23 13 22 50
 23 13 23 50
 23 13 24 50
 23 13 25 50
 23 13 26 50
 23 13 27 50
 23 13 28 50
 23 13 29 50
 23 14 0 50
 23 14 1 50
 23 14 2 50
 23 14 3 50
 23 14 4 50
 23 14 5 50
 23 14 6 50
 23 14 7 50
 23 14 8 50
 23 14 9 50
 23 14 10 50
 23 14 11 50
 23 14 12 50
 23 14 13 50
 23 14 14 50
 23 14 15 50
 23 14 16 50
 23 14 17 50
 23 14 18 50
 23 14 19 50
 23 14 20 50
 23 14 21 50
 23 14 22 50
 23 14 23 50
 23 14 24 50
 23 14 25 50
 23 14 26 50
 23 14 27 50
 23 14 28 50
 23 14 29 50
 23 15 0 50
 23 15 1 50
 23 15 2 50
 23 15 3 50
 23 15 4 50
 23 15 5 50
 23 15 6 50
 23 15 7 50
 23 15 8 50
 23 15 9 50
 23 15 10 50
 23 15 11 50
 23 15 12 50
 23 15 13 50
 23 15 14 50
 23 15 15 50
 23 15 16 50
 23 15 17 50
 23 15 18 50
 23 15 19 50
 23 15 20 50
 23 15 21 50
 23 15 22 50
 23 15 23 50
 23 15 24 50
 23 15 25 50
 23 15 26 50
 23 15 27 50
 23 15 28 50
 23 15 29 50
 23 16 0 50
 23 16 1 50
 23 16 2 50
 23 16 3 50
 23 16 4 50
 23 16 5 50
 23 16 6 50
 23 16 7 50
 23 16 8 50
 23 16 9 50
 23 16 10 50
 23 16 11 50
 23 16 12 50
 23 16 13 50
 23 16 14 50
 23 16 15 50
 23 16 16 50
 23 16 17 50
 23 16 18 50
 23 16 19 50
 23 16 20 50
 23 16 21 50
 23 16 22 50
 23 16 23 50
 23 16 24 50
 23 16 25 50
 23 16 26 50
 23 16 27 50
 23 16 28 50
 23 16 29 50
 23 17 0 50
 23 17 1 50
 23 17 2 50
 23 17 3 50
 23 17 4 50
 23 17 5 50
 23 17 6 50
 23 17 7 50
 23 17 8 50
 23 17 9 50
 23 17 10 50
 23 17 11 50
 23 17 12 50
 23 17 13 50
 23 17 14 50
 23 17 15 50
 23 17 16 50
 23 17 17 50
 23 17 18 50
 23 17 19 50
 23 17 20 50
 23 17 21 50
 23 17 22 50
 23 17 23 50
 23 17 24 50
 23 17 25 50
 23 17 26 50
 23 17 27 50
 23 17 28 50
 23 17 29 50
 23 18 0 50
 23 18 1 50
 23 18 2 50
 23 18 3 50
 23 18 4 50
 23 18 5 50
 23 18 6 50
 23 18 7 50
 23 18 8 50
 23 18 9 50
 23 18 10 50
 23 18 11 50
 23 18 12 50
 23 18 13 50
 23 18 14 50
 23 18 15 50
 23 18 16 50
 23 18 17 50
 23 18 18 50
 23 18 19 50
 23 18 20 50
 23 18 21 50
 23 18 22 50
 23 18 23 50
 23 18 24 50
 23 18 25 50
 23 18 26 50
 23 18 27 50
 23 18 28 50
 23 18 29 50
 23 19 0 50
 23 19 1 50
 23 19 2 50
 23 19 3 50
 23 19 4 50
 23 19 5 50
 23 19 6 50
 23 19 7 50
 23 19 8 50
 23 19 9 50
 23 19 10 50
 23 19 11 50
 23 19 12 50
 23 19 13 50
 23 19 14 50
 23 19 15 50
 23 19 16 50
 23 19 17 50
 23 19 18 50
 23 19 19 50
 23 19 20 50
 23 19 21 50
 23 19 22 50
 23 19 23 50
 23 19 24 50
 23 19 25 50
 23 19 26 50
 23 19 27 50
 23 19 28 50
 23 19 29 50
 23 20 0 50
 23 20 1 50
 23 20 2 50
 23 20 3 50
 23 20 4 50
 23 20 5 50
 23 20 6 50
 23 20 7 50
 23 20 8 50
 23 20 9 50
 23 20 10 50
 23 20 11 50
 23 20 12 50
 23 20 13 50
 23 20 14 50
 23 20 15 50
 23 20 16 50
 23 20 17 50
 23 20 18 50
 23 20 19 50
 23 20 20 50
 23 20 21 50
 23 20 22 50
 23 20 23 50
 23 20 24 50
 23 20 25 50
 23 20 26 50
 23 20 27 50
 23 20 28 50
 23 20 29 50
 23 21 0 50
 23 21 1 50
 23 21 2 50
 23 21 3 50
 23 21 4 50
 23 21 5 50
 23 21 6 50
 23 21 7 50
 23 21 8 50
 23 21 9 50
 23 21 10 50
 23 21 11 50
 23 21 12 50
 23 21 13 50
 23 21 14 50
 23 21 15 50
 23 21 16 50
 23 21 17 50
 23 21 18 50
 23 21 19 50
 23 21 20 50
 23 21 21 50
 23 21 22 50
 23 21 23 50
 23 21 24 50
 23 21 25 50
 23 21 26 50
 23 21 27 50
 23 21 28 50
 23 21 29 50
 23 22 0 50
 23 22 1 50
 23 22 2 50
 23 22 3 50
 23 22 4 50
 23 22 5 50
 23 22 6 50
 23 22 7 50
 23 22 8 50
 23 22 9 50
 23 22 10 50
 23 22 11 50
 23 22 12 50
 23 22 13 50
 23 22 14 50
 23 22 15 50
 23 22 16 50
 23 22 17 50
 23 22 18 50
 23 22 19 50
 23 22 20 50
 23 22 21 50
 23 22 22 50
 23 22 23 50
 23 22 24 50
 23 22 25 50
 23 22 26 50
 23 22 27 50
 23 22 28 50
 23 22 29 50
 23 23 0 50
 23 23 1 50
 23 23 2 50
 23 23 3 50
 23 23 4 50
 23 23 5 50
 23 23 6 50
 23 23 7 50
 23 23 8 50
 23 23 9 50
 23 23 10 50
 23 23 11 50
 23 23 12 50
 23 23 13 50
 23 23 14 50
 23 23 15 50
 23 23 16 50
 23 23 17 50
 23 23 18 50
 23 23 19 50
 23 23 20 50
 23 23 21 50
 23 23 22 50
 23 23 23 50
 23 23 24 50
 23 23 25 50
 23 23 26 50
 23 23 27 50
 23 23 28 50
 23 23 29 50
 23 24 0 50
 23 24 1 50
 23 24 2 50
 23 24 3 50
 23 24 4 50
 23 24 5 50
 23 24 6 50
 23 24 7 50
 23 24 8 50
 23 24 9 50
 23 24 10 50
 23 24 11 50
 23 24 12 50
 23 24 13 50
 23 24 14 50
 23 24 15 50
 23 24 16 50
 23 24 17 50
 23 24 18 50
 23 24 19 50
 23 24 20 50
 23 24 21 50
 23 24 22 50
 23 24 23 50
 23 24 24 50
 23 24 25 50
 23 24 26 50
 23 24 27 50
 23 24 28 50
 23 24 29 50
 23 25 0 50
 23 25 1 50
 23 25 2 50
 23 25 3 50
 23 25 4 50
 23 25 5 50
 23 25 6 50
 23 25 7 50
 23 25 8 50
 23 25 9 50
 23 25 10 50
 23 25 11 50
 23 25 12 50
 23 25 13 50
 23 25 14 50
 23 25 15 50
 23 25 16 50
 23 25 17 50
 23 25 18 50
 23 25 19 50
 23 25 20 50
 23 25 21 50
 23 25 22 50
 23 25 23 50
 23 25 24 50
 23 25 25 50
 23 25 26 50
 23 25 27 50
 23 25 28 50
 23 25 29 50
 23 26 0 50
 23 26 1 50
 23 26 2 50
 23 26 3 50
 23 26 4 50
 23 26 5 50
 23 26 6 50
 23 26 7 50
 23 26 8 50
 23 26 9 50
 23 26 10 50
 23 26 11 50
 23 26 12 50
 23 26 13 50
 23 26 14 50
 23 26 15 50
 23 26 16 50
 23 26 17 50
 23 26 18 50
 23 26 19 50
 23 26 20 50
 23 26 21 50
 23 26 22 50
 23 26 23 50
 23 26 24 50
 23 26 25 50
 23 26 26 50
 23 26 27 50
 23 26 28 50
 23 26 29 50
 23 27 0 50
 23 27 1 50
 23 27 2 50
 23 27 3 50
 23 27 4 50
 23 27 5 50
 23 27 6 50
 23 27 7 50
 23 27 8 50
 23 27 9 50
 23 27 10 50
 23 27 11 50
 23 27 12 50
 23 27 13 50
 23 27 14 50
 23 27 15 50
 23 27 16 50
 23 27 17 50
 23 27 18 50
 23 27 19 50
 23 27 20 50
 23 27 21 50
 23 27 22 50
 23 27 23 50
 23 27 24 50
 23 27 25 50
 23 27 26 50
 23 27 27 50
 23 27 28 50
 23 27 29 50
 23 28 0 50
 23 28 1 50
 23 28 2 50
 23 28 3 50
 23 28 4 50
 23 28 5 50
 23 28 6 50
 23 28 7 50
 23 28 8 50
 23 28 9 50
 23 28 10 50
 23 28 11 50
 23 28 12 50
 23 28 13 50
 23 28 14 50
 23 28 15 50
 23 28 16 50
 23 28 17 50
 23 28 18 50
 23 28 19 50
 23 28 20 50
 23 28 21 50
 23 28 22 50
 23 28 23 50
 23 28 24 50
 23 28 25 50
 23 28 26 50
 23 28 27 50
 23 28 28 50
 23 28 29 50
 23 29 0 50
 23 29 1 50
 23 29 2 50
 23 29 3 50
 23 29 4 50
 23 29 5 50
 23 29 6 50
 23 29 7 50
 23 29 8 50
 23 29 9 50
 23 29 10 50
 23 29 11 50
 23 29 12 50
 23 29 13 50
 23 29 14 50
 23 29 15 50
 23 29 16 50
 23 29 17 50
 23 29 18 50
 23 29 19 50
 23 29 20 50
 23 29 21 50
 23 29 22 50
 23 29 23 50
 23 29 24 50
 23 29 25 50
 23 29 26 50
 23 29 27 50
 23 29 28 50
 23 29 29 50
