 18 0 0 50
 18 0 1 50
 18 0 2 50
 18 0 3 50
 18 0 4 50
 18 0 5 50
 18 0 6 50
 18 0 7 50
 18 0 8 50
 18 0 9 50
 18 0 10 50
 18 0 11 50
 18 0 12 50
 18 0 13 50
 18 0 14 50
 18 0 15 50
 18 0 16 50
 18 0 17 50
 18 0 18 50
 18 0 19 50
 18 0 20 50
 18 0 21 50
 18 0 22 50
 18 0 23 50
 18 0 24 50
 18 0 25 50
 18 0 26 50
 18 0 27 50
 18 0 28 50
 18 0 29 50
 18 1 0 50
 18 1 1 50
 18 1 2 50
 18 1 3 50
 18 1 4 50
 18 1 5 50
 18 1 6 50
 18 1 7 50
 18 1 8 50
 18 1 9 50
 18 1 10 50
 18 1 11 50
 18 1 12 50
 18 1 13 50
 18 1 14 50
 18 1 15 50
 18 1 16 50
 18 1 17 50
 18 1 18 50
 18 1 19 50
 18 1 20 50
 18 1 21 50
 18 1 22 50
 18 1 23 50
 18 1 24 50
 18 1 25 50
 18 1 26 50
 18 1 27 50
 18 1 28 50
 18 1 29 50
 18 2 0 50
 18 2 1 50
 18 2 2 50
 18 2 3 50
 18 2 4 50
 18 2 5 50
 18 2 6 50
 18 2 7 50
 18 2 8 50
 18 2 9 50
 18 2 10 50
 18 2 11 50
 18 2 12 50
 18 2 13 50
 18 2 14 50
 18 2 15 50
 18 2 16 50
 18 2 17 50
 18 2 18 50
 18 2 19 50
 18 2 20 50
 18 2 21 50
 18 2 22 50
 18 2 23 50
 18 2 24 50
 18 2 25 50
 18 2 26 50
 18 2 27 50
 18 2 28 50
 18 2 29 50
 18 3 0 50
 18 3 1 50
 18 3 2 50
 18 3 3 50
 18 3 4 50
 18 3 5 50
 18 3 6 50
 18 3 7 50
 18 3 8 50
 18 3 9 50
 18 3 10 50
 18 3 11 50
 18 3 12 50
 18 3 13 50
 18 3 14 50
 18 3 15 50
 18 3 16 50
 18 3 17 50
 18 3 18 50
 18 3 19 50
 18 3 20 50
 18 3 21 50
 18 3 22 50
 18 3 23 50
 18 3 24 50
 18 3 25 50
 18 3 26 50
 18 3 27 50
 18 3 28 50
 18 3 29 50
 18 4 0 50
 18 4 1 50
 18 4 2 50
 18 4 3 50
 18 4 4 50
 18 4 5 50
 18 4 6 50
 18 4 7 50
 18 4 8 50
 18 4 9 50
 18 4 10 50
 18 4 11 50
 18 4 12 50
 18 4 13 50
 18 4 14 50
 18 4 15 50
 18 4 16 50
 18 4 17 50
 18 4 18 50
 18 4 19 50
 18 4 20 50
 18 4 21 50
 18 4 22 50
 18 4 23 50
 18 4 24 50
 18 4 25 50
 18 4 26 50
 18 4 27 50
 18 4 28 50
 18 4 29 50
 18 5 0 50
 18 5 1 50
 18 5 2 50
 18 5 3 50
 18 5 4 50
 18 5 5 50
 18 5 6 50
 18 5 7 50
 18 5 8 50
 18 5 9 50
 18 5 10 50
 18 5 11 50
 18 5 12 50
 18 5 13 50
 18 5 14 50
 18 5 15 50
 18 5 16 50
 18 5 17 50
 18 5 18 50
 18 5 19 50
 18 5 20 50
 18 5 21 50
 18 5 22 50
 18 5 23 50
 18 5 24 50
 18 5 25 50
 18 5 26 50
 18 5 27 50
 18 5 28 50
 18 5 29 50
 18 6 0 50
 18 6 1 50
 18 6 2 50
 18 6 3 50
 18 6 4 50
 18 6 5 50
 18 6 6 50
 18 6 7 50
 18 6 8 50
 18 6 9 50
 18 6 10 50
 18 6 11 50
 18 6 12 50
 18 6 13 50
 18 6 14 50
 18 6 15 50
 18 6 16 50
 18 6 17 50
 18 6 18 50
 18 6 19 50
 18 6 20 50
 18 6 21 50
 18 6 22 50
 18 6 23 50
 18 6 24 50
 18 6 25 50
 18 6 26 50
 18 6 27 50
 18 6 28 50
 18 6 29 50
 18 7 0 50
 18 7 1 50
 18 7 2 50
 18 7 3 50
 18 7 4 50
 18 7 5 50
 18 7 6 50
 18 7 7 50
 18 7 8 50
 18 7 9 50
 18 7 10 50
 18 7 11 50
 18 7 12 50
 18 7 13 50
 18 7 14 50
 18 7 15 50
 18 7 16 50
 18 7 17 50
 18 7 18 50
 18 7 19 50
 18 7 20 50
 18 7 21 50
 18 7 22 50
 18 7 23 50
 18 7 24 50
 18 7 25 50
 18 7 26 50
 18 7 27 50
 18 7 28 50
 18 7 29 50
 18 8 0 50
 18 8 1 50
 18 8 2 50
 18 8 3 50
 18 8 4 50
 18 8 5 50
 18 8 6 50
 18 8 7 50
 18 8 8 50
 18 8 9 50
 18 8 10 50
 18 8 11 50
 18 8 12 50
 18 8 13 50
 18 8 14 50
 18 8 15 50
 18 8 16 50
 18 8 17 50
 18 8 18 50
 18 8 19 50
 18 8 20 50
 18 8 21 50
 18 8 22 50
 18 8 23 50
 18 8 24 50
 18 8 25 50
 18 8 26 50
 18 8 27 50
 18 8 28 50
 18 8 29 50
 18 9 0 50
 18 9 1 50
 18 9 2 50
 18 9 3 50
 18 9 4 50
 18 9 5 50
 18 9 6 50
 18 9 7 50
 18 9 8 50
 18 9 9 50
 18 9 10 50
 18 9 11 50
 18 9 12 50
 18 9 13 50
 18 9 14 50
 18 9 15 50
 18 9 16 50
 18 9 17 50
 18 9 18 50
 18 9 19 50
 18 9 20 50
 18 9 21 50
 18 9 22 50
 18 9 23 50
 18 9 24 50
 18 9 25 50
 18 9 26 50
 18 9 27 50
 18 9 28 50
 18 9 29 50
 18 10 0 50
 18 10 1 50
 18 10 2 50
 18 10 3 50
 18 10 4 50
 18 10 5 50
 18 10 6 50
 18 10 7 50
 18 10 8 50
 18 10 9 50
 18 10 10 50
 18 10 11 50
 18 10 12 50
 18 10 13 50
 18 10 14 50
 18 10 15 50
 18 10 16 50
 18 10 17 50
 18 10 18 50
 18 10 19 50
 18 10 20 50
 18 10 21 50
 18 10 22 50
 18 10 23 50
 18 10 24 50
 18 10 25 50
 18 10 26 50
 18 10 27 50
 18 10 28 50
 18 10 29 50
 18 11 0 50
 18 11 1 50
 18 11 2 50
 18 11 3 50
 18 11 4 50
 18 11 5 50
 18 11 6 50
 18 11 7 50
 18 11 8 50
 18 11 9 50
 18 11 10 50
 18 11 11 50
 18 11 12 50
 18 11 13 50
 18 11 14 50
 18 11 15 50
 18 11 16 50
 18 11 17 50
 18 11 18 50
 18 11 19 50
 18 11 20 50
 18 11 21 50
 18 11 22 50
 18 11 23 50
 18 11 24 50
 18 11 25 50
 18 11 26 50
 18 11 27 50
 18 11 28 50
 18 11 29 50
 18 12 0 50
 18 12 1 50
 18 12 2 50
 18 12 3 50
 18 12 4 50
 18 12 5 50
 18 12 6 50
 18 12 7 50
 18 12 8 50
 18 12 9 50
 18 12 10 50
 18 12 11 50
 18 12 12 50
 18 12 13 50
 18 12 14 50
 18 12 15 50
 18 12 16 50
 18 12 17 50
 18 12 18 50
 18 12 19 50
 18 12 20 50
 18 12 21 50
 18 12 22 50
 18 12 23 50
 18 12 24 50
 18 12 25 50
 18 12 26 50
 18 12 27 50
 18 12 28 50
 18 12 29 50
 18 13 0 50
 18 13 1 50
 18 13 2 50
 18 13 3 50
 18 13 4 50
 18 13 5 50
 18 13 6 50
 18 13 7 50
 18 13 8 50
 18 13 9 50
 18 13 10 50
 18 13 11 50
 18 13 12 50
 18 13 13 50
 18 13 14 50
 18 13 15 50
 18 13 16 50
 18 13 17 50
 18 13 18 50
 18 13 19 50
 18 13 20 50
 18 13 21 50
 18 13 22 50
 18 13 23 50
 18 13 24 50
 18 13 25 50
 18 13 26 50
 18 13 27 50
 18 13 28 50
 18 13 29 50
 18 14 0 50
 18 14 1 50
 18 14 2 50
 18 14 3 50
 18 14 4 50
 18 14 5 50
 18 14 6 50
 18 14 7 50
 18 14 8 50
 18 14 9 50
 18 14 10 50
 18 14 11 50
 18 14 12 50
 18 14 13 50
 18 14 14 50
 18 14 15 50
 18 14 16 50
 18 14 17 50
 18 14 18 50
 18 14 19 50
 18 14 20 50
 18 14 21 50
 18 14 22 50
 18 14 23 50
 18 14 24 50
 18 14 25 50
 18 14 26 50
 18 14 27 50
 18 14 28 50
 18 14 29 50
 18 15 0 50
 18 15 1 50
 18 15 2 50
 18 15 3 50
 18 15 4 50
 18 15 5 50
 18 15 6 50
 18 15 7 50
 18 15 8 50
 18 15 9 50
 18 15 10 50
 18 15 11 50
 18 15 12 50
 18 15 13 50
 18 15 14 50
 18 15 15 50
 18 15 16 50
 18 15 17 50
 18 15 18 50
 18 15 19 50
 18 15 20 50
 18 15 21 50
 18 15 22 50
 18 15 23 50
 18 15 24 50
 18 15 25 50
 18 15 26 50
 18 15 27 50
 18 15 28 50
 18 15 29 50
 18 16 0 50
 18 16 1 50
 18 16 2 50
 18 16 3 50
 18 16 4 50
 18 16 5 50
 18 16 6 50
 18 16 7 50
 18 16 8 50
 18 16 9 50
 18 16 10 50
 18 16 11 50
 18 16 12 50
 18 16 13 50
 18 16 14 50
 18 16 15 50
 18 16 16 50
 18 16 17 50
 18 16 18 50
 18 16 19 50
 18 16 20 50
 18 16 21 50
 18 16 22 50
 18 16 23 50
 18 16 24 50
 18 16 25 50
 18 16 26 50
 18 16 27 50
 18 16 28 50
 18 16 29 50
 18 17 0 50
 18 17 1 50
 18 17 2 50
 18 17 3 50
 18 17 4 50
 18 17 5 50
 18 17 6 50
 18 17 7 50
 18 17 8 50
 18 17 9 50
 18 17 10 50
 18 17 11 50
 18 17 12 50
 18 17 13 50
 18 17 14 50
 18 17 15 50
 18 17 16 50
 18 17 17 50
 18 17 18 50
 18 17 19 50
 18 17 20 50
 18 17 21 50
 18 17 22 50
 18 17 23 50
 18 17 24 50
 18 17 25 50
 18 17 26 50
 18 17 27 50
 18 17 28 50
 18 17 29 50
 18 18 0 50
 18 18 1 50
 18 18 2 50
 18 18 3 50
 18 18 4 50
 18 18 5 50
 18 18 6 50
 18 18 7 50
 18 18 8 50
 18 18 9 50
 18 18 10 50
 18 18 11 50
 18 18 12 50
 18 18 13 50
 18 18 14 50
 18 18 15 50
 18 18 16 50
 18 18 17 50
 18 18 18 50
 18 18 19 50
 18 18 20 50
 18 18 21 50
 18 18 22 50
 18 18 23 50
 18 18 24 50
 18 18 25 50
 18 18 26 50
 18 18 27 50
 18 18 28 50
 18 18 29 50
 18 19 0 50
 18 19 1 50
 18 19 2 50
 18 19 3 50
 18 19 4 50
 18 19 5 50
 18 19 6 50
 18 19 7 50
 18 19 8 50
 18 19 9 50
 18 19 10 50
 18 19 11 50
 18 19 12 50
 18 19 13 50
 18 19 14 50
 18 19 15 50
 18 19 16 50
 18 19 17 50
 18 19 18 50
 18 19 19 50
 18 19 20 50
 18 19 21 50
 18 19 22 50
 18 19 23 50
 18 19 24 50
 18 19 25 50
 18 19 26 50
 18 19 27 50
 18 19 28 50
 18 19 29 50
 18 20 0 50
 18 20 1 50
 18 20 2 50
 18 20 3 50
 18 20 4 50
 18 20 5 50
 18 20 6 50
 18 20 7 50
 18 20 8 50
 18 20 9 50
 18 20 10 50
 18 20 11 50
 18 20 12 50
 18 20 13 50
 18 20 14 50
 18 20 15 50
 18 20 16 50
 18 20 17 50
 18 20 18 50
 18 20 19 50
 18 20 20 50
 18 20 21 50
 18 20 22 50
 18 20 23 50
 18 20 24 50
 18 20 25 50
 18 20 26 50
 18 20 27 50
 18 20 28 50
 18 20 29 50
 18 21 0 50
 18 21 1 50
 18 21 2 50
 18 21 3 50
 18 21 4 50
 18 21 5 50
 18 21 6 50
 18 21 7 50
 18 21 8 50
 18 21 9 50
 18 21 10 50
 18 21 11 50
 18 21 12 50
 18 21 13 50
 18 21 14 50
 18 21 15 50
 18 21 16 50
 18 21 17 50
 18 21 18 50
 18 21 19 50
 18 21 20 50
 18 21 21 50
 18 21 22 50
 18 21 23 50
 18 21 24 50
 18 21 25 50
 18 21 26 50
 18 21 27 50
 18 21 28 50
 18 21 29 50
 18 22 0 50
 18 22 1 50
 18 22 2 50
 18 22 3 50
 18 22 4 50
 18 22 5 50
 18 22 6 50
 18 22 7 50
 18 22 8 50
 18 22 9 50
 18 22 10 50
 18 22 11 50
 18 22 12 50
 18 22 13 50
 18 22 14 50
 18 22 15 50
 18 22 16 50
 18 22 17 50
 18 22 18 50
 18 22 19 50
 18 22 20 50
 18 22 21 50
 18 22 22 50
 18 22 23 50
 18 22 24 50
 18 22 25 50
 18 22 26 50
 18 22 27 50
 18 22 28 50
 18 22 29 50
 18 23 0 50
 18 23 1 50
 18 23 2 50
 18 23 3 50
 18 23 4 50
 18 23 5 50
 18 23 6 50
 18 23 7 50
 18 23 8 50
 18 23 9 50
 18 23 10 50
 18 23 11 50
 18 23 12 50
 18 23 13 50
 18 23 14 50
 18 23 15 50
 18 23 16 50
 18 23 17 50
 18 23 18 50
 18 23 19 50
 18 23 20 50
 18 23 21 50
 18 23 22 50
 18 23 23 50
 18 23 24 50
 18 23 25 50
 18 23 26 50
 18 23 27 50
 18 23 28 50
 18 23 29 50
 18 24 0 50
 18 24 1 50
 18 24 2 50
 18 24 3 50
 18 24 4 50
 18 24 5 50
 18 24 6 50
 18 24 7 50
 18 24 8 50
 18 24 9 50
 18 24 10 50
 18 24 11 50
 18 24 12 50
 18 24 13 50
 18 24 14 50
 18 24 15 50
 18 24 16 50
 18 24 17 50
 18 24 18 50
 18 24 19 50
 18 24 20 50
 18 24 21 50
 18 24 22 50
 18 24 23 50
 18 24 24 50
 18 24 25 50
 18 24 26 50
 18 24 27 50
 18 24 28 50
 18 24 29 50
 18 25 0 50
 18 25 1 50
 18 25 2 50
 18 25 3 50
 18 25 4 50
 18 25 5 50
 18 25 6 50
 18 25 7 50
 18 25 8 50
 18 25 9 50
 18 25 10 50
 18 25 11 50
 18 25 12 50
 18 25 13 50
 18 25 14 50
 18 25 15 50
 18 25 16 50
 18 25 17 50
 18 25 18 50
 18 25 19 50
 18 25 20 50
 18 25 21 50
 18 25 22 50
 18 25 23 50
 18 25 24 50
 18 25 25 50
 18 25 26 50
 18 25 27 50
 18 25 28 50
 18 25 29 50
 18 26 0 50
 18 26 1 50
 18 26 2 50
 18 26 3 50
 18 26 4 50
 18 26 5 50
 18 26 6 50
 18 26 7 50
 18 26 8 50
 18 26 9 50
 18 26 10 50
 18 26 11 50
 18 26 12 50
 18 26 13 50
 18 26 14 50
 18 26 15 50
 18 26 16 50
 18 26 17 50
 18 26 18 50
 18 26 19 50
 18 26 20 50
 18 26 21 50
 18 26 22 50
 18 26 23 50
 18 26 24 50
 18 26 25 50
 18 26 26 50
 18 26 27 50
 18 26 28 50
 18 26 29 50
 18 27 0 50
 18 27 1 50
 18 27 2 50
 18 27 3 50
 18 27 4 50
 18 27 5 50
 18 27 6 50
 18 27 7 50
 18 27 8 50
 18 27 9 50
 18 27 10 50
 18 27 11 50
 18 27 12 50
 18 27 13 50
 18 27 14 50
 18 27 15 50
 18 27 16 50
 18 27 17 50
 18 27 18 50
 18 27 19 50
 18 27 20 50
 18 27 21 50
 18 27 22 50
 18 27 23 50
 18 27 24 50
 18 27 25 50
 18 27 26 50
 18 27 27 50
 18 27 28 50
 18 27 29 50
 18 28 0 50
 18 28 1 50
 18 28 2 50
 18 28 3 50
 18 28 4 50
 18 28 5 50
 18 28 6 50
 18 28 7 50
 18 28 8 50
 18 28 9 50
 18 28 10 50
 18 28 11 50
 18 28 12 50
 18 28 13 50
 18 28 14 50
 18 28 15 50
 18 28 16 50
 18 28 17 50
 18 28 18 50
 18 28 19 50
 18 28 20 50
 18 28 21 50
 18 28 22 50
 18 28 23 50
 18 28 24 50
 18 28 25 50
 18 28 26 50
 18 28 27 50
 18 28 28 50
 18 28 29 50
 18 29 0 50
 18 29 1 50
 18 29 2 50
 18 29 3 50
 18 29 4 50
 18 29 5 50
 18 29 6 50
 18 29 7 50
 18 29 8 50
 18 29 9 50
 18 29 10 50
 18 29 11 50
 18 29 12 50
 18 29 13 50
 18 29 14 50
 18 29 15 50
 18 29 16 50
 18 29 17 50
 18 29 18 50
 18 29 19 50
 18 29 20 50
 18 29 21 50
 18 29 22 50
 18 29 23 50
 18 29 24 50
 18 29 25 50
 18 29 26 50
 18 29 27 50
 18 29 28 50
 18 29 29 50
