 8 0 0 50
 8 0 1 50
 8 0 2 50
 8 0 3 50
 8 0 4 50
 8 0 5 50
 8 0 6 50
 8 0 7 50
 8 0 8 50
 8 0 9 50
 8 0 10 50
 8 0 11 50
 8 0 12 50
 8 0 13 50
 8 0 14 50
 8 0 15 50
 8 0 16 50
 8 0 17 50
 8 0 18 50
 8 0 19 50
 8 0 20 50
 8 0 21 50
 8 0 22 50
 8 0 23 50
 8 0 24 50
 8 0 25 50
 8 0 26 50
 8 0 27 50
 8 0 28 50
 8 0 29 50
 8 1 0 50
 8 1 1 50
 8 1 2 50
 8 1 3 50
 8 1 4 50
 8 1 5 50
 8 1 6 50
 8 1 7 50
 8 1 8 50
 8 1 9 50
 8 1 10 50
 8 1 11 50
 8 1 12 50
 8 1 13 50
 8 1 14 50
 8 1 15 50
 8 1 16 50
 8 1 17 50
 8 1 18 50
 8 1 19 50
 8 1 20 50
 8 1 21 50
 8 1 22 50
 8 1 23 50
 8 1 24 50
 8 1 25 50
 8 1 26 50
 8 1 27 50
 8 1 28 50
 8 1 29 50
 8 2 0 50
 8 2 1 50
 8 2 2 50
 8 2 3 50
 8 2 4 50
 8 2 5 50
 8 2 6 50
 8 2 7 50
 8 2 8 50
 8 2 9 50
 8 2 10 50
 8 2 11 50
 8 2 12 50
 8 2 13 50
 8 2 14 50
 8 2 15 50
 8 2 16 50
 8 2 17 50
 8 2 18 50
 8 2 19 50
 8 2 20 50
 8 2 21 50
 8 2 22 50
 8 2 23 50
 8 2 24 50
 8 2 25 50
 8 2 26 50
 8 2 27 50
 8 2 28 50
 8 2 29 50
 8 3 0 50
 8 3 1 50
 8 3 2 50
 8 3 3 50
 8 3 4 50
 8 3 5 50
 8 3 6 50
 8 3 7 50
 8 3 8 50
 8 3 9 50
 8 3 10 50
 8 3 11 50
 8 3 12 50
 8 3 13 50
 8 3 14 50
 8 3 15 50
 8 3 16 50
 8 3 17 50
 8 3 18 50
 8 3 19 50
 8 3 20 50
 8 3 21 50
 8 3 22 50
 8 3 23 50
 8 3 24 50
 8 3 25 50
 8 3 26 50
 8 3 27 50
 8 3 28 50
 8 3 29 50
 8 4 0 50
 8 4 1 50
 8 4 2 50
 8 4 3 50
 8 4 4 50
 8 4 5 50
 8 4 6 50
 8 4 7 50
 8 4 8 50
 8 4 9 50
 8 4 10 50
 8 4 11 50
 8 4 12 50
 8 4 13 50
 8 4 14 50
 8 4 15 50
 8 4 16 50
 8 4 17 50
 8 4 18 50
 8 4 19 50
 8 4 20 50
 8 4 21 50
 8 4 22 50
 8 4 23 50
 8 4 24 50
 8 4 25 50
 8 4 26 50
 8 4 27 50
 8 4 28 50
 8 4 29 50
 8 5 0 50
 8 5 1 50
 8 5 2 50
 8 5 3 50
 8 5 4 50
 8 5 5 50
 8 5 6 50
 8 5 7 50
 8 5 8 50
 8 5 9 50
 8 5 10 50
 8 5 11 50
 8 5 12 50
 8 5 13 50
 8 5 14 50
 8 5 15 50
 8 5 16 50
 8 5 17 50
 8 5 18 50
 8 5 19 50
 8 5 20 50
 8 5 21 50
 8 5 22 50
 8 5 23 50
 8 5 24 50
 8 5 25 50
 8 5 26 50
 8 5 27 50
 8 5 28 50
 8 5 29 50
 8 6 0 50
 8 6 1 50
 8 6 2 50
 8 6 3 50
 8 6 4 50
 8 6 5 50
 8 6 6 50
 8 6 7 50
 8 6 8 50
 8 6 9 50
 8 6 10 50
 8 6 11 50
 8 6 12 50
 8 6 13 50
 8 6 14 50
 8 6 15 50
 8 6 16 50
 8 6 17 50
 8 6 18 50
 8 6 19 50
 8 6 20 50
 8 6 21 50
 8 6 22 50
 8 6 23 50
 8 6 24 50
 8 6 25 50
 8 6 26 50
 8 6 27 50
 8 6 28 50
 8 6 29 50
 8 7 0 50
 8 7 1 50
 8 7 2 50
 8 7 3 50
 8 7 4 50
 8 7 5 50
 8 7 6 50
 8 7 7 50
 8 7 8 50
 8 7 9 50
 8 7 10 50
 8 7 11 50
 8 7 12 50
 8 7 13 50
 8 7 14 50
 8 7 15 50
 8 7 16 50
 8 7 17 50
 8 7 18 50
 8 7 19 50
 8 7 20 50
 8 7 21 50
 8 7 22 50
 8 7 23 50
 8 7 24 50
 8 7 25 50
 8 7 26 50
 8 7 27 50
 8 7 28 50
 8 7 29 50
 8 8 0 50
 8 8 1 50
 8 8 2 50
 8 8 3 50
 8 8 4 50
 8 8 5 50
 8 8 6 50
 8 8 7 50
 8 8 8 50
 8 8 9 50
 8 8 10 50
 8 8 11 50
 8 8 12 50
 8 8 13 50
 8 8 14 50
 8 8 15 50
 8 8 16 50
 8 8 17 50
 8 8 18 50
 8 8 19 50
 8 8 20 50
 8 8 21 50
 8 8 22 50
 8 8 23 50
 8 8 24 50
 8 8 25 50
 8 8 26 50
 8 8 27 50
 8 8 28 50
 8 8 29 50
 8 9 0 50
 8 9 1 50
 8 9 2 50
 8 9 3 50
 8 9 4 50
 8 9 5 50
 8 9 6 50
 8 9 7 50
 8 9 8 50
 8 9 9 50
 8 9 10 50
 8 9 11 50
 8 9 12 50
 8 9 13 50
 8 9 14 50
 8 9 15 50
 8 9 16 50
 8 9 17 50
 8 9 18 50
 8 9 19 50
 8 9 20 50
 8 9 21 50
 8 9 22 50
 8 9 23 50
 8 9 24 50
 8 9 25 50
 8 9 26 50
 8 9 27 50
 8 9 28 50
 8 9 29 50
 8 10 0 50
 8 10 1 50
 8 10 2 50
 8 10 3 50
 8 10 4 50
 8 10 5 50
 8 10 6 50
 8 10 7 50
 8 10 8 50
 8 10 9 50
 8 10 10 50
 8 10 11 50
 8 10 12 50
 8 10 13 50
 8 10 14 50
 8 10 15 50
 8 10 16 50
 8 10 17 50
 8 10 18 50
 8 10 19 50
 8 10 20 50
 8 10 21 50
 8 10 22 50
 8 10 23 50
 8 10 24 50
 8 10 25 50
 8 10 26 50
 8 10 27 50
 8 10 28 50
 8 10 29 50
 8 11 0 50
 8 11 1 50
 8 11 2 50
 8 11 3 50
 8 11 4 50
 8 11 5 50
 8 11 6 50
 8 11 7 50
 8 11 8 50
 8 11 9 50
 8 11 10 50
 8 11 11 50
 8 11 12 50
 8 11 13 50
 8 11 14 50
 8 11 15 50
 8 11 16 50
 8 11 17 50
 8 11 18 50
 8 11 19 50
 8 11 20 50
 8 11 21 50
 8 11 22 50
 8 11 23 50
 8 11 24 50
 8 11 25 50
 8 11 26 50
 8 11 27 50
 8 11 28 50
 8 11 29 50
 8 12 0 50
 8 12 1 50
 8 12 2 50
 8 12 3 50
 8 12 4 50
 8 12 5 50
 8 12 6 50
 8 12 7 50
 8 12 8 50
 8 12 9 50
 8 12 10 50
 8 12 11 50
 8 12 12 50
 8 12 13 50
 8 12 14 50
 8 12 15 50
 8 12 16 50
 8 12 17 50
 8 12 18 50
 8 12 19 50
 8 12 20 50
 8 12 21 50
 8 12 22 50
 8 12 23 50
 8 12 24 50
 8 12 25 50
 8 12 26 50
 8 12 27 50
 8 12 28 50
 8 12 29 50
 8 13 0 50
 8 13 1 50
 8 13 2 50
 8 13 3 50
 8 13 4 50
 8 13 5 50
 8 13 6 50
 8 13 7 50
 8 13 8 50
 8 13 9 50
 8 13 10 50
 8 13 11 50
 8 13 12 50
 8 13 13 50
 8 13 14 50
 8 13 15 50
 8 13 16 50
 8 13 17 50
 8 13 18 50
 8 13 19 50
 8 13 20 50
 8 13 21 50
 8 13 22 50
 8 13 23 50
 8 13 24 50
 8 13 25 50
 8 13 26 50
 8 13 27 50
 8 13 28 50
 8 13 29 50
 8 14 0 50
 8 14 1 50
 8 14 2 50
 8 14 3 50
 8 14 4 50
 8 14 5 50
 8 14 6 50
 8 14 7 50
 8 14 8 50
 8 14 9 50
 8 14 10 50
 8 14 11 50
 8 14 12 50
 8 14 13 50
 8 14 14 50
 8 14 15 50
 8 14 16 50
 8 14 17 50
 8 14 18 50
 8 14 19 50
 8 14 20 50
 8 14 21 50
 8 14 22 50
 8 14 23 50
 8 14 24 50
 8 14 25 50
 8 14 26 50
 8 14 27 50
 8 14 28 50
 8 14 29 50
 8 15 0 50
 8 15 1 50
 8 15 2 50
 8 15 3 50
 8 15 4 50
 8 15 5 50
 8 15 6 50
 8 15 7 50
 8 15 8 50
 8 15 9 50
 8 15 10 50
 8 15 11 50
 8 15 12 50
 8 15 13 50
 8 15 14 50
 8 15 15 50
 8 15 16 50
 8 15 17 50
 8 15 18 50
 8 15 19 50
 8 15 20 50
 8 15 21 50
 8 15 22 50
 8 15 23 50
 8 15 24 50
 8 15 25 50
 8 15 26 50
 8 15 27 50
 8 15 28 50
 8 15 29 50
 8 16 0 50
 8 16 1 50
 8 16 2 50
 8 16 3 50
 8 16 4 50
 8 16 5 50
 8 16 6 50
 8 16 7 50
 8 16 8 50
 8 16 9 50
 8 16 10 50
 8 16 11 50
 8 16 12 50
 8 16 13 50
 8 16 14 50
 8 16 15 50
 8 16 16 50
 8 16 17 50
 8 16 18 50
 8 16 19 50
 8 16 20 50
 8 16 21 50
 8 16 22 50
 8 16 23 50
 8 16 24 50
 8 16 25 50
 8 16 26 50
 8 16 27 50
 8 16 28 50
 8 16 29 50
 8 17 0 50
 8 17 1 50
 8 17 2 50
 8 17 3 50
 8 17 4 50
 8 17 5 50
 8 17 6 50
 8 17 7 50
 8 17 8 50
 8 17 9 50
 8 17 10 50
 8 17 11 50
 8 17 12 50
 8 17 13 50
 8 17 14 50
 8 17 15 50
 8 17 16 50
 8 17 17 50
 8 17 18 50
 8 17 19 50
 8 17 20 50
 8 17 21 50
 8 17 22 50
 8 17 23 50
 8 17 24 50
 8 17 25 50
 8 17 26 50
 8 17 27 50
 8 17 28 50
 8 17 29 50
 8 18 0 50
 8 18 1 50
 8 18 2 50
 8 18 3 50
 8 18 4 50
 8 18 5 50
 8 18 6 50
 8 18 7 50
 8 18 8 50
 8 18 9 50
 8 18 10 50
 8 18 11 50
 8 18 12 50
 8 18 13 50
 8 18 14 50
 8 18 15 50
 8 18 16 50
 8 18 17 50
 8 18 18 50
 8 18 19 50
 8 18 20 50
 8 18 21 50
 8 18 22 50
 8 18 23 50
 8 18 24 50
 8 18 25 50
 8 18 26 50
 8 18 27 50
 8 18 28 50
 8 18 29 50
 8 19 0 50
 8 19 1 50
 8 19 2 50
 8 19 3 50
 8 19 4 50
 8 19 5 50
 8 19 6 50
 8 19 7 50
 8 19 8 50
 8 19 9 50
 8 19 10 50
 8 19 11 50
 8 19 12 50
 8 19 13 50
 8 19 14 50
 8 19 15 50
 8 19 16 50
 8 19 17 50
 8 19 18 50
 8 19 19 50
 8 19 20 50
 8 19 21 50
 8 19 22 50
 8 19 23 50
 8 19 24 50
 8 19 25 50
 8 19 26 50
 8 19 27 50
 8 19 28 50
 8 19 29 50
 8 20 0 50
 8 20 1 50
 8 20 2 50
 8 20 3 50
 8 20 4 50
 8 20 5 50
 8 20 6 50
 8 20 7 50
 8 20 8 50
 8 20 9 50
 8 20 10 50
 8 20 11 50
 8 20 12 50
 8 20 13 50
 8 20 14 50
 8 20 15 50
 8 20 16 50
 8 20 17 50
 8 20 18 50
 8 20 19 50
 8 20 20 50
 8 20 21 50
 8 20 22 50
 8 20 23 50
 8 20 24 50
 8 20 25 50
 8 20 26 50
 8 20 27 50
 8 20 28 50
 8 20 29 50
 8 21 0 50
 8 21 1 50
 8 21 2 50
 8 21 3 50
 8 21 4 50
 8 21 5 50
 8 21 6 50
 8 21 7 50
 8 21 8 50
 8 21 9 50
 8 21 10 50
 8 21 11 50
 8 21 12 50
 8 21 13 50
 8 21 14 50
 8 21 15 50
 8 21 16 50
 8 21 17 50
 8 21 18 50
 8 21 19 50
 8 21 20 50
 8 21 21 50
 8 21 22 50
 8 21 23 50
 8 21 24 50
 8 21 25 50
 8 21 26 50
 8 21 27 50
 8 21 28 50
 8 21 29 50
 8 22 0 50
 8 22 1 50
 8 22 2 50
 8 22 3 50
 8 22 4 50
 8 22 5 50
 8 22 6 50
 8 22 7 50
 8 22 8 50
 8 22 9 50
 8 22 10 50
 8 22 11 50
 8 22 12 50
 8 22 13 50
 8 22 14 50
 8 22 15 50
 8 22 16 50
 8 22 17 50
 8 22 18 50
 8 22 19 50
 8 22 20 50
 8 22 21 50
 8 22 22 50
 8 22 23 50
 8 22 24 50
 8 22 25 50
 8 22 26 50
 8 22 27 50
 8 22 28 50
 8 22 29 50
 8 23 0 50
 8 23 1 50
 8 23 2 50
 8 23 3 50
 8 23 4 50
 8 23 5 50
 8 23 6 50
 8 23 7 50
 8 23 8 50
 8 23 9 50
 8 23 10 50
 8 23 11 50
 8 23 12 50
 8 23 13 50
 8 23 14 50
 8 23 15 50
 8 23 16 50
 8 23 17 50
 8 23 18 50
 8 23 19 50
 8 23 20 50
 8 23 21 50
 8 23 22 50
 8 23 23 50
 8 23 24 50
 8 23 25 50
 8 23 26 50
 8 23 27 50
 8 23 28 50
 8 23 29 50
 8 24 0 50
 8 24 1 50
 8 24 2 50
 8 24 3 50
 8 24 4 50
 8 24 5 50
 8 24 6 50
 8 24 7 50
 8 24 8 50
 8 24 9 50
 8 24 10 50
 8 24 11 50
 8 24 12 50
 8 24 13 50
 8 24 14 50
 8 24 15 50
 8 24 16 50
 8 24 17 50
 8 24 18 50
 8 24 19 50
 8 24 20 50
 8 24 21 50
 8 24 22 50
 8 24 23 50
 8 24 24 50
 8 24 25 50
 8 24 26 50
 8 24 27 50
 8 24 28 50
 8 24 29 50
 8 25 0 50
 8 25 1 50
 8 25 2 50
 8 25 3 50
 8 25 4 50
 8 25 5 50
 8 25 6 50
 8 25 7 50
 8 25 8 50
 8 25 9 50
 8 25 10 50
 8 25 11 50
 8 25 12 50
 8 25 13 50
 8 25 14 50
 8 25 15 50
 8 25 16 50
 8 25 17 50
 8 25 18 50
 8 25 19 50
 8 25 20 50
 8 25 21 50
 8 25 22 50
 8 25 23 50
 8 25 24 50
 8 25 25 50
 8 25 26 50
 8 25 27 50
 8 25 28 50
 8 25 29 50
 8 26 0 50
 8 26 1 50
 8 26 2 50
 8 26 3 50
 8 26 4 50
 8 26 5 50
 8 26 6 50
 8 26 7 50
 8 26 8 50
 8 26 9 50
 8 26 10 50
 8 26 11 50
 8 26 12 50
 8 26 13 50
 8 26 14 50
 8 26 15 50
 8 26 16 50
 8 26 17 50
 8 26 18 50
 8 26 19 50
 8 26 20 50
 8 26 21 50
 8 26 22 50
 8 26 23 50
 8 26 24 50
 8 26 25 50
 8 26 26 50
 8 26 27 50
 8 26 28 50
 8 26 29 50
 8 27 0 50
 8 27 1 50
 8 27 2 50
 8 27 3 50
 8 27 4 50
 8 27 5 50
 8 27 6 50
 8 27 7 50
 8 27 8 50
 8 27 9 50
 8 27 10 50
 8 27 11 50
 8 27 12 50
 8 27 13 50
 8 27 14 50
 8 27 15 50
 8 27 16 50
 8 27 17 50
 8 27 18 50
 8 27 19 50
 8 27 20 50
 8 27 21 50
 8 27 22 50
 8 27 23 50
 8 27 24 50
 8 27 25 50
 8 27 26 50
 8 27 27 50
 8 27 28 50
 8 27 29 50
 8 28 0 50
 8 28 1 50
 8 28 2 50
 8 28 3 50
 8 28 4 50
 8 28 5 50
 8 28 6 50
 8 28 7 50
 8 28 8 50
 8 28 9 50
 8 28 10 50
 8 28 11 50
 8 28 12 50
 8 28 13 50
 8 28 14 50
 8 28 15 50
 8 28 16 50
 8 28 17 50
 8 28 18 50
 8 28 19 50
 8 28 20 50
 8 28 21 50
 8 28 22 50
 8 28 23 50
 8 28 24 50
 8 28 25 50
 8 28 26 50
 8 28 27 50
 8 28 28 50
 8 28 29 50
 8 29 0 50
 8 29 1 50
 8 29 2 50
 8 29 3 50
 8 29 4 50
 8 29 5 50
 8 29 6 50
 8 29 7 50
 8 29 8 50
 8 29 9 50
 8 29 10 50
 8 29 11 50
 8 29 12 50
 8 29 13 50
 8 29 14 50
 8 29 15 50
 8 29 16 50
 8 29 17 50
 8 29 18 50
 8 29 19 50
 8 29 20 50
 8 29 21 50
 8 29 22 50
 8 29 23 50
 8 29 24 50
 8 29 25 50
 8 29 26 50
 8 29 27 50
 8 29 28 50
 8 29 29 50
