 30 2 0 0 100
 30 2 0 1 100
 30 2 0 2 100
 30 2 0 3 100
 30 2 0 4 100
 30 2 0 5 100
 30 2 0 6 100
 30 2 0 7 100
 30 2 0 8 100
 30 2 0 9 100
 30 2 0 10 100
 30 2 0 11 100
 30 2 0 12 100
 30 2 0 13 100
 30 2 0 14 100
 30 2 0 15 100
 30 2 0 16 100
 30 2 0 17 100
 30 2 0 18 100
 30 2 0 19 100
 30 2 0 20 100
 30 2 0 21 100
 30 2 0 22 100
 30 2 0 23 100
 30 2 0 24 100
 30 2 0 25 100
 30 2 0 26 100
 30 2 0 27 100
 30 2 0 28 100
 30 2 0 29 100
 30 2 1 0 100
 30 2 1 1 100
 30 2 1 2 100
 30 2 1 3 100
 30 2 1 4 100
 30 2 1 5 100
 30 2 1 6 100
 30 2 1 7 100
 30 2 1 8 100
 30 2 1 9 100
 30 2 1 10 100
 30 2 1 11 100
 30 2 1 12 100
 30 2 1 13 100
 30 2 1 14 100
 30 2 1 15 100
 30 2 1 16 100
 30 2 1 17 100
 30 2 1 18 100
 30 2 1 19 100
 30 2 1 20 100
 30 2 1 21 100
 30 2 1 22 100
 30 2 1 23 100
 30 2 1 24 100
 30 2 1 25 100
 30 2 1 26 100
 30 2 1 27 100
 30 2 1 28 100
 30 2 1 29 100
 30 2 2 0 100
 30 2 2 1 100
 30 2 2 2 100
 30 2 2 3 100
 30 2 2 4 100
 30 2 2 5 100
 30 2 2 6 100
 30 2 2 7 100
 30 2 2 8 100
 30 2 2 9 100
 30 2 2 10 100
 30 2 2 11 100
 30 2 2 12 100
 30 2 2 13 100
 30 2 2 14 100
 30 2 2 15 100
 30 2 2 16 100
 30 2 2 17 100
 30 2 2 18 100
 30 2 2 19 100
 30 2 2 20 100
 30 2 2 21 100
 30 2 2 22 100
 30 2 2 23 100
 30 2 2 24 100
 30 2 2 25 100
 30 2 2 26 100
 30 2 2 27 100
 30 2 2 28 100
 30 2 2 29 100
 30 2 3 0 100
 30 2 3 1 100
 30 2 3 2 100
 30 2 3 3 100
 30 2 3 4 100
 30 2 3 5 100
 30 2 3 6 100
 30 2 3 7 100
 30 2 3 8 100
 30 2 3 9 100
 30 2 3 10 100
 30 2 3 11 100
 30 2 3 12 100
 30 2 3 13 100
 30 2 3 14 100
 30 2 3 15 100
 30 2 3 16 100
 30 2 3 17 100
 30 2 3 18 100
 30 2 3 19 100
 30 2 3 20 100
 30 2 3 21 100
 30 2 3 22 100
 30 2 3 23 100
 30 2 3 24 100
 30 2 3 25 100
 30 2 3 26 100
 30 2 3 27 100
 30 2 3 28 100
 30 2 3 29 100
 30 2 4 0 100
 30 2 4 1 100
 30 2 4 2 100
 30 2 4 3 100
 30 2 4 4 100
 30 2 4 5 100
 30 2 4 6 100
 30 2 4 7 100
 30 2 4 8 100
 30 2 4 9 100
 30 2 4 10 100
 30 2 4 11 100
 30 2 4 12 100
 30 2 4 13 100
 30 2 4 14 100
 30 2 4 15 100
 30 2 4 16 100
 30 2 4 17 100
 30 2 4 18 100
 30 2 4 19 100
 30 2 4 20 100
 30 2 4 21 100
 30 2 4 22 100
 30 2 4 23 100
 30 2 4 24 100
 30 2 4 25 100
 30 2 4 26 100
 30 2 4 27 100
 30 2 4 28 100
 30 2 4 29 100
 30 2 5 0 100
 30 2 5 1 100
 30 2 5 2 100
 30 2 5 3 100
 30 2 5 4 100
 30 2 5 5 100
 30 2 5 6 100
 30 2 5 7 100
 30 2 5 8 100
 30 2 5 9 100
 30 2 5 10 100
 30 2 5 11 100
 30 2 5 12 100
 30 2 5 13 100
 30 2 5 14 100
 30 2 5 15 100
 30 2 5 16 100
 30 2 5 17 100
 30 2 5 18 100
 30 2 5 19 100
 30 2 5 20 100
 30 2 5 21 100
 30 2 5 22 100
 30 2 5 23 100
 30 2 5 24 100
 30 2 5 25 100
 30 2 5 26 100
 30 2 5 27 100
 30 2 5 28 100
 30 2 5 29 100
 30 2 6 0 100
 30 2 6 1 100
 30 2 6 2 100
 30 2 6 3 100
 30 2 6 4 100
 30 2 6 5 100
 30 2 6 6 100
 30 2 6 7 100
 30 2 6 8 100
 30 2 6 9 100
 30 2 6 10 100
 30 2 6 11 100
 30 2 6 12 100
 30 2 6 13 100
 30 2 6 14 100
 30 2 6 15 100
 30 2 6 16 100
 30 2 6 17 100
 30 2 6 18 100
 30 2 6 19 100
 30 2 6 20 100
 30 2 6 21 100
 30 2 6 22 100
 30 2 6 23 100
 30 2 6 24 100
 30 2 6 25 100
 30 2 6 26 100
 30 2 6 27 100
 30 2 6 28 100
 30 2 6 29 100
 30 2 7 0 100
 30 2 7 1 100
 30 2 7 2 100
 30 2 7 3 100
 30 2 7 4 100
 30 2 7 5 100
 30 2 7 6 100
 30 2 7 7 100
 30 2 7 8 100
 30 2 7 9 100
 30 2 7 10 100
 30 2 7 11 100
 30 2 7 12 100
 30 2 7 13 100
 30 2 7 14 100
 30 2 7 15 100
 30 2 7 16 100
 30 2 7 17 100
 30 2 7 18 100
 30 2 7 19 100
 30 2 7 20 100
 30 2 7 21 100
 30 2 7 22 100
 30 2 7 23 100
 30 2 7 24 100
 30 2 7 25 100
 30 2 7 26 100
 30 2 7 27 100
 30 2 7 28 100
 30 2 7 29 100
 30 2 8 0 100
 30 2 8 1 100
 30 2 8 2 100
 30 2 8 3 100
 30 2 8 4 100
 30 2 8 5 100
 30 2 8 6 100
 30 2 8 7 100
 30 2 8 8 100
 30 2 8 9 100
 30 2 8 10 100
 30 2 8 11 100
 30 2 8 12 100
 30 2 8 13 100
 30 2 8 14 100
 30 2 8 15 100
 30 2 8 16 100
 30 2 8 17 100
 30 2 8 18 100
 30 2 8 19 100
 30 2 8 20 100
 30 2 8 21 100
 30 2 8 22 100
 30 2 8 23 100
 30 2 8 24 100
 30 2 8 25 100
 30 2 8 26 100
 30 2 8 27 100
 30 2 8 28 100
 30 2 8 29 100
 30 2 9 0 100
 30 2 9 1 100
 30 2 9 2 100
 30 2 9 3 100
 30 2 9 4 100
 30 2 9 5 100
 30 2 9 6 100
 30 2 9 7 100
 30 2 9 8 100
 30 2 9 9 100
 30 2 9 10 100
 30 2 9 11 100
 30 2 9 12 100
 30 2 9 13 100
 30 2 9 14 100
 30 2 9 15 100
 30 2 9 16 100
 30 2 9 17 100
 30 2 9 18 100
 30 2 9 19 100
 30 2 9 20 100
 30 2 9 21 100
 30 2 9 22 100
 30 2 9 23 100
 30 2 9 24 100
 30 2 9 25 100
 30 2 9 26 100
 30 2 9 27 100
 30 2 9 28 100
 30 2 9 29 100
 30 2 10 0 100
 30 2 10 1 100
 30 2 10 2 100
 30 2 10 3 100
 30 2 10 4 100
 30 2 10 5 100
 30 2 10 6 100
 30 2 10 7 100
 30 2 10 8 100
 30 2 10 9 100
 30 2 10 10 100
 30 2 10 11 100
 30 2 10 12 100
 30 2 10 13 100
 30 2 10 14 100
 30 2 10 15 100
 30 2 10 16 100
 30 2 10 17 100
 30 2 10 18 100
 30 2 10 19 100
 30 2 10 20 100
 30 2 10 21 100
 30 2 10 22 100
 30 2 10 23 100
 30 2 10 24 100
 30 2 10 25 100
 30 2 10 26 100
 30 2 10 27 100
 30 2 10 28 100
 30 2 10 29 100
 30 2 11 0 100
 30 2 11 1 100
 30 2 11 2 100
 30 2 11 3 100
 30 2 11 4 100
 30 2 11 5 100
 30 2 11 6 100
 30 2 11 7 100
 30 2 11 8 100
 30 2 11 9 100
 30 2 11 10 100
 30 2 11 11 100
 30 2 11 12 100
 30 2 11 13 100
 30 2 11 14 100
 30 2 11 15 100
 30 2 11 16 100
 30 2 11 17 100
 30 2 11 18 100
 30 2 11 19 100
 30 2 11 20 100
 30 2 11 21 100
 30 2 11 22 100
 30 2 11 23 100
 30 2 11 24 100
 30 2 11 25 100
 30 2 11 26 100
 30 2 11 27 100
 30 2 11 28 100
 30 2 11 29 100
 30 2 12 0 100
 30 2 12 1 100
 30 2 12 2 100
 30 2 12 3 100
 30 2 12 4 100
 30 2 12 5 100
 30 2 12 6 100
 30 2 12 7 100
 30 2 12 8 100
 30 2 12 9 100
 30 2 12 10 100
 30 2 12 11 100
 30 2 12 12 100
 30 2 12 13 100
 30 2 12 14 100
 30 2 12 15 100
 30 2 12 16 100
 30 2 12 17 100
 30 2 12 18 100
 30 2 12 19 100
 30 2 12 20 100
 30 2 12 21 100
 30 2 12 22 100
 30 2 12 23 100
 30 2 12 24 100
 30 2 12 25 100
 30 2 12 26 100
 30 2 12 27 100
 30 2 12 28 100
 30 2 12 29 100
 30 2 13 0 100
 30 2 13 1 100
 30 2 13 2 100
 30 2 13 3 100
 30 2 13 4 100
 30 2 13 5 100
 30 2 13 6 100
 30 2 13 7 100
 30 2 13 8 100
 30 2 13 9 100
 30 2 13 10 100
 30 2 13 11 100
 30 2 13 12 100
 30 2 13 13 100
 30 2 13 14 100
 30 2 13 15 100
 30 2 13 16 100
 30 2 13 17 100
 30 2 13 18 100
 30 2 13 19 100
 30 2 13 20 100
 30 2 13 21 100
 30 2 13 22 100
 30 2 13 23 100
 30 2 13 24 100
 30 2 13 25 100
 30 2 13 26 100
 30 2 13 27 100
 30 2 13 28 100
 30 2 13 29 100
 30 2 14 0 100
 30 2 14 1 100
 30 2 14 2 100
 30 2 14 3 100
 30 2 14 4 100
 30 2 14 5 100
 30 2 14 6 100
 30 2 14 7 100
 30 2 14 8 100
 30 2 14 9 100
 30 2 14 10 100
 30 2 14 11 100
 30 2 14 12 100
 30 2 14 13 100
 30 2 14 14 100
 30 2 14 15 100
 30 2 14 16 100
 30 2 14 17 100
 30 2 14 18 100
 30 2 14 19 100
 30 2 14 20 100
 30 2 14 21 100
 30 2 14 22 100
 30 2 14 23 100
 30 2 14 24 100
 30 2 14 25 100
 30 2 14 26 100
 30 2 14 27 100
 30 2 14 28 100
 30 2 14 29 100
 30 2 15 0 100
 30 2 15 1 100
 30 2 15 2 100
 30 2 15 3 100
 30 2 15 4 100
 30 2 15 5 100
 30 2 15 6 100
 30 2 15 7 100
 30 2 15 8 100
 30 2 15 9 100
 30 2 15 10 100
 30 2 15 11 100
 30 2 15 12 100
 30 2 15 13 100
 30 2 15 14 100
 30 2 15 15 100
 30 2 15 16 100
 30 2 15 17 100
 30 2 15 18 100
 30 2 15 19 100
 30 2 15 20 100
 30 2 15 21 100
 30 2 15 22 100
 30 2 15 23 100
 30 2 15 24 100
 30 2 15 25 100
 30 2 15 26 100
 30 2 15 27 100
 30 2 15 28 100
 30 2 15 29 100
 30 2 16 0 100
 30 2 16 1 100
 30 2 16 2 100
 30 2 16 3 100
 30 2 16 4 100
 30 2 16 5 100
 30 2 16 6 100
 30 2 16 7 100
 30 2 16 8 100
 30 2 16 9 100
 30 2 16 10 100
 30 2 16 11 100
 30 2 16 12 100
 30 2 16 13 100
 30 2 16 14 100
 30 2 16 15 100
 30 2 16 16 100
 30 2 16 17 100
 30 2 16 18 100
 30 2 16 19 100
 30 2 16 20 100
 30 2 16 21 100
 30 2 16 22 100
 30 2 16 23 100
 30 2 16 24 100
 30 2 16 25 100
 30 2 16 26 100
 30 2 16 27 100
 30 2 16 28 100
 30 2 16 29 100
 30 2 17 0 100
 30 2 17 1 100
 30 2 17 2 100
 30 2 17 3 100
 30 2 17 4 100
 30 2 17 5 100
 30 2 17 6 100
 30 2 17 7 100
 30 2 17 8 100
 30 2 17 9 100
 30 2 17 10 100
 30 2 17 11 100
 30 2 17 12 100
 30 2 17 13 100
 30 2 17 14 100
 30 2 17 15 100
 30 2 17 16 100
 30 2 17 17 100
 30 2 17 18 100
 30 2 17 19 100
 30 2 17 20 100
 30 2 17 21 100
 30 2 17 22 100
 30 2 17 23 100
 30 2 17 24 100
 30 2 17 25 100
 30 2 17 26 100
 30 2 17 27 100
 30 2 17 28 100
 30 2 17 29 100
 30 2 18 0 100
 30 2 18 1 100
 30 2 18 2 100
 30 2 18 3 100
 30 2 18 4 100
 30 2 18 5 100
 30 2 18 6 100
 30 2 18 7 100
 30 2 18 8 100
 30 2 18 9 100
 30 2 18 10 100
 30 2 18 11 100
 30 2 18 12 100
 30 2 18 13 100
 30 2 18 14 100
 30 2 18 15 100
 30 2 18 16 100
 30 2 18 17 100
 30 2 18 18 100
 30 2 18 19 100
 30 2 18 20 100
 30 2 18 21 100
 30 2 18 22 100
 30 2 18 23 100
 30 2 18 24 100
 30 2 18 25 100
 30 2 18 26 100
 30 2 18 27 100
 30 2 18 28 100
 30 2 18 29 100
 30 2 19 0 100
 30 2 19 1 100
 30 2 19 2 100
 30 2 19 3 100
 30 2 19 4 100
 30 2 19 5 100
 30 2 19 6 100
 30 2 19 7 100
 30 2 19 8 100
 30 2 19 9 100
 30 2 19 10 100
 30 2 19 11 100
 30 2 19 12 100
 30 2 19 13 100
 30 2 19 14 100
 30 2 19 15 100
 30 2 19 16 100
 30 2 19 17 100
 30 2 19 18 100
 30 2 19 19 100
 30 2 19 20 100
 30 2 19 21 100
 30 2 19 22 100
 30 2 19 23 100
 30 2 19 24 100
 30 2 19 25 100
 30 2 19 26 100
 30 2 19 27 100
 30 2 19 28 100
 30 2 19 29 100
 30 2 20 0 100
 30 2 20 1 100
 30 2 20 2 100
 30 2 20 3 100
 30 2 20 4 100
 30 2 20 5 100
 30 2 20 6 100
 30 2 20 7 100
 30 2 20 8 100
 30 2 20 9 100
 30 2 20 10 100
 30 2 20 11 100
 30 2 20 12 100
 30 2 20 13 100
 30 2 20 14 100
 30 2 20 15 100
 30 2 20 16 100
 30 2 20 17 100
 30 2 20 18 100
 30 2 20 19 100
 30 2 20 20 100
 30 2 20 21 100
 30 2 20 22 100
 30 2 20 23 100
 30 2 20 24 100
 30 2 20 25 100
 30 2 20 26 100
 30 2 20 27 100
 30 2 20 28 100
 30 2 20 29 100
 30 2 21 0 100
 30 2 21 1 100
 30 2 21 2 100
 30 2 21 3 100
 30 2 21 4 100
 30 2 21 5 100
 30 2 21 6 100
 30 2 21 7 100
 30 2 21 8 100
 30 2 21 9 100
 30 2 21 10 100
 30 2 21 11 100
 30 2 21 12 100
 30 2 21 13 100
 30 2 21 14 100
 30 2 21 15 100
 30 2 21 16 100
 30 2 21 17 100
 30 2 21 18 100
 30 2 21 19 100
 30 2 21 20 100
 30 2 21 21 100
 30 2 21 22 100
 30 2 21 23 100
 30 2 21 24 100
 30 2 21 25 100
 30 2 21 26 100
 30 2 21 27 100
 30 2 21 28 100
 30 2 21 29 100
 30 2 22 0 100
 30 2 22 1 100
 30 2 22 2 100
 30 2 22 3 100
 30 2 22 4 100
 30 2 22 5 100
 30 2 22 6 100
 30 2 22 7 100
 30 2 22 8 100
 30 2 22 9 100
 30 2 22 10 100
 30 2 22 11 100
 30 2 22 12 100
 30 2 22 13 100
 30 2 22 14 100
 30 2 22 15 100
 30 2 22 16 100
 30 2 22 17 100
 30 2 22 18 100
 30 2 22 19 100
 30 2 22 20 100
 30 2 22 21 100
 30 2 22 22 100
 30 2 22 23 100
 30 2 22 24 100
 30 2 22 25 100
 30 2 22 26 100
 30 2 22 27 100
 30 2 22 28 100
 30 2 22 29 100
 30 2 23 0 100
 30 2 23 1 100
 30 2 23 2 100
 30 2 23 3 100
 30 2 23 4 100
 30 2 23 5 100
 30 2 23 6 100
 30 2 23 7 100
 30 2 23 8 100
 30 2 23 9 100
 30 2 23 10 100
 30 2 23 11 100
 30 2 23 12 100
 30 2 23 13 100
 30 2 23 14 100
 30 2 23 15 100
 30 2 23 16 100
 30 2 23 17 100
 30 2 23 18 100
 30 2 23 19 100
 30 2 23 20 100
 30 2 23 21 100
 30 2 23 22 100
 30 2 23 23 100
 30 2 23 24 100
 30 2 23 25 100
 30 2 23 26 100
 30 2 23 27 100
 30 2 23 28 100
 30 2 23 29 100
 30 2 24 0 100
 30 2 24 1 100
 30 2 24 2 100
 30 2 24 3 100
 30 2 24 4 100
 30 2 24 5 100
 30 2 24 6 100
 30 2 24 7 100
 30 2 24 8 100
 30 2 24 9 100
 30 2 24 10 100
 30 2 24 11 100
 30 2 24 12 100
 30 2 24 13 100
 30 2 24 14 100
 30 2 24 15 100
 30 2 24 16 100
 30 2 24 17 100
 30 2 24 18 100
 30 2 24 19 100
 30 2 24 20 100
 30 2 24 21 100
 30 2 24 22 100
 30 2 24 23 100
 30 2 24 24 100
 30 2 24 25 100
 30 2 24 26 100
 30 2 24 27 100
 30 2 24 28 100
 30 2 24 29 100
 30 2 25 0 100
 30 2 25 1 100
 30 2 25 2 100
 30 2 25 3 100
 30 2 25 4 100
 30 2 25 5 100
 30 2 25 6 100
 30 2 25 7 100
 30 2 25 8 100
 30 2 25 9 100
 30 2 25 10 100
 30 2 25 11 100
 30 2 25 12 100
 30 2 25 13 100
 30 2 25 14 100
 30 2 25 15 100
 30 2 25 16 100
 30 2 25 17 100
 30 2 25 18 100
 30 2 25 19 100
 30 2 25 20 100
 30 2 25 21 100
 30 2 25 22 100
 30 2 25 23 100
 30 2 25 24 100
 30 2 25 25 100
 30 2 25 26 100
 30 2 25 27 100
 30 2 25 28 100
 30 2 25 29 100
 30 2 26 0 100
 30 2 26 1 100
 30 2 26 2 100
 30 2 26 3 100
 30 2 26 4 100
 30 2 26 5 100
 30 2 26 6 100
 30 2 26 7 100
 30 2 26 8 100
 30 2 26 9 100
 30 2 26 10 100
 30 2 26 11 100
 30 2 26 12 100
 30 2 26 13 100
 30 2 26 14 100
 30 2 26 15 100
 30 2 26 16 100
 30 2 26 17 100
 30 2 26 18 100
 30 2 26 19 100
 30 2 26 20 100
 30 2 26 21 100
 30 2 26 22 100
 30 2 26 23 100
 30 2 26 24 100
 30 2 26 25 100
 30 2 26 26 100
 30 2 26 27 100
 30 2 26 28 100
 30 2 26 29 100
 30 2 27 0 100
 30 2 27 1 100
 30 2 27 2 100
 30 2 27 3 100
 30 2 27 4 100
 30 2 27 5 100
 30 2 27 6 100
 30 2 27 7 100
 30 2 27 8 100
 30 2 27 9 100
 30 2 27 10 100
 30 2 27 11 100
 30 2 27 12 100
 30 2 27 13 100
 30 2 27 14 100
 30 2 27 15 100
 30 2 27 16 100
 30 2 27 17 100
 30 2 27 18 100
 30 2 27 19 100
 30 2 27 20 100
 30 2 27 21 100
 30 2 27 22 100
 30 2 27 23 100
 30 2 27 24 100
 30 2 27 25 100
 30 2 27 26 100
 30 2 27 27 100
 30 2 27 28 100
 30 2 27 29 100
 30 2 28 0 100
 30 2 28 1 100
 30 2 28 2 100
 30 2 28 3 100
 30 2 28 4 100
 30 2 28 5 100
 30 2 28 6 100
 30 2 28 7 100
 30 2 28 8 100
 30 2 28 9 100
 30 2 28 10 100
 30 2 28 11 100
 30 2 28 12 100
 30 2 28 13 100
 30 2 28 14 100
 30 2 28 15 100
 30 2 28 16 100
 30 2 28 17 100
 30 2 28 18 100
 30 2 28 19 100
 30 2 28 20 100
 30 2 28 21 100
 30 2 28 22 100
 30 2 28 23 100
 30 2 28 24 100
 30 2 28 25 100
 30 2 28 26 100
 30 2 28 27 100
 30 2 28 28 100
 30 2 28 29 100
 30 2 29 0 100
 30 2 29 1 100
 30 2 29 2 100
 30 2 29 3 100
 30 2 29 4 100
 30 2 29 5 100
 30 2 29 6 100
 30 2 29 7 100
 30 2 29 8 100
 30 2 29 9 100
 30 2 29 10 100
 30 2 29 11 100
 30 2 29 12 100
 30 2 29 13 100
 30 2 29 14 100
 30 2 29 15 100
 30 2 29 16 100
 30 2 29 17 100
 30 2 29 18 100
 30 2 29 19 100
 30 2 29 20 100
 30 2 29 21 100
 30 2 29 22 100
 30 2 29 23 100
 30 2 29 24 100
 30 2 29 25 100
 30 2 29 26 100
 30 2 29 27 100
 30 2 29 28 100
 30 2 29 29 100
