 13 0 0 50
 13 0 1 50
 13 0 2 50
 13 0 3 50
 13 0 4 50
 13 0 5 50
 13 0 6 50
 13 0 7 50
 13 0 8 50
 13 0 9 50
 13 0 10 50
 13 0 11 50
 13 0 12 50
 13 0 13 50
 13 0 14 50
 13 0 15 50
 13 0 16 50
 13 0 17 50
 13 0 18 50
 13 0 19 50
 13 0 20 50
 13 0 21 50
 13 0 22 50
 13 0 23 50
 13 0 24 50
 13 0 25 50
 13 0 26 50
 13 0 27 50
 13 0 28 50
 13 0 29 50
 13 1 0 50
 13 1 1 50
 13 1 2 50
 13 1 3 50
 13 1 4 50
 13 1 5 50
 13 1 6 50
 13 1 7 50
 13 1 8 50
 13 1 9 50
 13 1 10 50
 13 1 11 50
 13 1 12 50
 13 1 13 50
 13 1 14 50
 13 1 15 50
 13 1 16 50
 13 1 17 50
 13 1 18 50
 13 1 19 50
 13 1 20 50
 13 1 21 50
 13 1 22 50
 13 1 23 50
 13 1 24 50
 13 1 25 50
 13 1 26 50
 13 1 27 50
 13 1 28 50
 13 1 29 50
 13 2 0 50
 13 2 1 50
 13 2 2 50
 13 2 3 50
 13 2 4 50
 13 2 5 50
 13 2 6 50
 13 2 7 50
 13 2 8 50
 13 2 9 50
 13 2 10 50
 13 2 11 50
 13 2 12 50
 13 2 13 50
 13 2 14 50
 13 2 15 50
 13 2 16 50
 13 2 17 50
 13 2 18 50
 13 2 19 50
 13 2 20 50
 13 2 21 50
 13 2 22 50
 13 2 23 50
 13 2 24 50
 13 2 25 50
 13 2 26 50
 13 2 27 50
 13 2 28 50
 13 2 29 50
 13 3 0 50
 13 3 1 50
 13 3 2 50
 13 3 3 50
 13 3 4 50
 13 3 5 50
 13 3 6 50
 13 3 7 50
 13 3 8 50
 13 3 9 50
 13 3 10 50
 13 3 11 50
 13 3 12 50
 13 3 13 50
 13 3 14 50
 13 3 15 50
 13 3 16 50
 13 3 17 50
 13 3 18 50
 13 3 19 50
 13 3 20 50
 13 3 21 50
 13 3 22 50
 13 3 23 50
 13 3 24 50
 13 3 25 50
 13 3 26 50
 13 3 27 50
 13 3 28 50
 13 3 29 50
 13 4 0 50
 13 4 1 50
 13 4 2 50
 13 4 3 50
 13 4 4 50
 13 4 5 50
 13 4 6 50
 13 4 7 50
 13 4 8 50
 13 4 9 50
 13 4 10 50
 13 4 11 50
 13 4 12 50
 13 4 13 50
 13 4 14 50
 13 4 15 50
 13 4 16 50
 13 4 17 50
 13 4 18 50
 13 4 19 50
 13 4 20 50
 13 4 21 50
 13 4 22 50
 13 4 23 50
 13 4 24 50
 13 4 25 50
 13 4 26 50
 13 4 27 50
 13 4 28 50
 13 4 29 50
 13 5 0 50
 13 5 1 50
 13 5 2 50
 13 5 3 50
 13 5 4 50
 13 5 5 50
 13 5 6 50
 13 5 7 50
 13 5 8 50
 13 5 9 50
 13 5 10 50
 13 5 11 50
 13 5 12 50
 13 5 13 50
 13 5 14 50
 13 5 15 50
 13 5 16 50
 13 5 17 50
 13 5 18 50
 13 5 19 50
 13 5 20 50
 13 5 21 50
 13 5 22 50
 13 5 23 50
 13 5 24 50
 13 5 25 50
 13 5 26 50
 13 5 27 50
 13 5 28 50
 13 5 29 50
 13 6 0 50
 13 6 1 50
 13 6 2 50
 13 6 3 50
 13 6 4 50
 13 6 5 50
 13 6 6 50
 13 6 7 50
 13 6 8 50
 13 6 9 50
 13 6 10 50
 13 6 11 50
 13 6 12 50
 13 6 13 50
 13 6 14 50
 13 6 15 50
 13 6 16 50
 13 6 17 50
 13 6 18 50
 13 6 19 50
 13 6 20 50
 13 6 21 50
 13 6 22 50
 13 6 23 50
 13 6 24 50
 13 6 25 50
 13 6 26 50
 13 6 27 50
 13 6 28 50
 13 6 29 50
 13 7 0 50
 13 7 1 50
 13 7 2 50
 13 7 3 50
 13 7 4 50
 13 7 5 50
 13 7 6 50
 13 7 7 50
 13 7 8 50
 13 7 9 50
 13 7 10 50
 13 7 11 50
 13 7 12 50
 13 7 13 50
 13 7 14 50
 13 7 15 50
 13 7 16 50
 13 7 17 50
 13 7 18 50
 13 7 19 50
 13 7 20 50
 13 7 21 50
 13 7 22 50
 13 7 23 50
 13 7 24 50
 13 7 25 50
 13 7 26 50
 13 7 27 50
 13 7 28 50
 13 7 29 50
 13 8 0 50
 13 8 1 50
 13 8 2 50
 13 8 3 50
 13 8 4 50
 13 8 5 50
 13 8 6 50
 13 8 7 50
 13 8 8 50
 13 8 9 50
 13 8 10 50
 13 8 11 50
 13 8 12 50
 13 8 13 50
 13 8 14 50
 13 8 15 50
 13 8 16 50
 13 8 17 50
 13 8 18 50
 13 8 19 50
 13 8 20 50
 13 8 21 50
 13 8 22 50
 13 8 23 50
 13 8 24 50
 13 8 25 50
 13 8 26 50
 13 8 27 50
 13 8 28 50
 13 8 29 50
 13 9 0 50
 13 9 1 50
 13 9 2 50
 13 9 3 50
 13 9 4 50
 13 9 5 50
 13 9 6 50
 13 9 7 50
 13 9 8 50
 13 9 9 50
 13 9 10 50
 13 9 11 50
 13 9 12 50
 13 9 13 50
 13 9 14 50
 13 9 15 50
 13 9 16 50
 13 9 17 50
 13 9 18 50
 13 9 19 50
 13 9 20 50
 13 9 21 50
 13 9 22 50
 13 9 23 50
 13 9 24 50
 13 9 25 50
 13 9 26 50
 13 9 27 50
 13 9 28 50
 13 9 29 50
 13 10 0 50
 13 10 1 50
 13 10 2 50
 13 10 3 50
 13 10 4 50
 13 10 5 50
 13 10 6 50
 13 10 7 50
 13 10 8 50
 13 10 9 50
 13 10 10 50
 13 10 11 50
 13 10 12 50
 13 10 13 50
 13 10 14 50
 13 10 15 50
 13 10 16 50
 13 10 17 50
 13 10 18 50
 13 10 19 50
 13 10 20 50
 13 10 21 50
 13 10 22 50
 13 10 23 50
 13 10 24 50
 13 10 25 50
 13 10 26 50
 13 10 27 50
 13 10 28 50
 13 10 29 50
 13 11 0 50
 13 11 1 50
 13 11 2 50
 13 11 3 50
 13 11 4 50
 13 11 5 50
 13 11 6 50
 13 11 7 50
 13 11 8 50
 13 11 9 50
 13 11 10 50
 13 11 11 50
 13 11 12 50
 13 11 13 50
 13 11 14 50
 13 11 15 50
 13 11 16 50
 13 11 17 50
 13 11 18 50
 13 11 19 50
 13 11 20 50
 13 11 21 50
 13 11 22 50
 13 11 23 50
 13 11 24 50
 13 11 25 50
 13 11 26 50
 13 11 27 50
 13 11 28 50
 13 11 29 50
 13 12 0 50
 13 12 1 50
 13 12 2 50
 13 12 3 50
 13 12 4 50
 13 12 5 50
 13 12 6 50
 13 12 7 50
 13 12 8 50
 13 12 9 50
 13 12 10 50
 13 12 11 50
 13 12 12 50
 13 12 13 50
 13 12 14 50
 13 12 15 50
 13 12 16 50
 13 12 17 50
 13 12 18 50
 13 12 19 50
 13 12 20 50
 13 12 21 50
 13 12 22 50
 13 12 23 50
 13 12 24 50
 13 12 25 50
 13 12 26 50
 13 12 27 50
 13 12 28 50
 13 12 29 50
 13 13 0 50
 13 13 1 50
 13 13 2 50
 13 13 3 50
 13 13 4 50
 13 13 5 50
 13 13 6 50
 13 13 7 50
 13 13 8 50
 13 13 9 50
 13 13 10 50
 13 13 11 50
 13 13 12 50
 13 13 13 50
 13 13 14 50
 13 13 15 50
 13 13 16 50
 13 13 17 50
 13 13 18 50
 13 13 19 50
 13 13 20 50
 13 13 21 50
 13 13 22 50
 13 13 23 50
 13 13 24 50
 13 13 25 50
 13 13 26 50
 13 13 27 50
 13 13 28 50
 13 13 29 50
 13 14 0 50
 13 14 1 50
 13 14 2 50
 13 14 3 50
 13 14 4 50
 13 14 5 50
 13 14 6 50
 13 14 7 50
 13 14 8 50
 13 14 9 50
 13 14 10 50
 13 14 11 50
 13 14 12 50
 13 14 13 50
 13 14 14 50
 13 14 15 50
 13 14 16 50
 13 14 17 50
 13 14 18 50
 13 14 19 50
 13 14 20 50
 13 14 21 50
 13 14 22 50
 13 14 23 50
 13 14 24 50
 13 14 25 50
 13 14 26 50
 13 14 27 50
 13 14 28 50
 13 14 29 50
 13 15 0 50
 13 15 1 50
 13 15 2 50
 13 15 3 50
 13 15 4 50
 13 15 5 50
 13 15 6 50
 13 15 7 50
 13 15 8 50
 13 15 9 50
 13 15 10 50
 13 15 11 50
 13 15 12 50
 13 15 13 50
 13 15 14 50
 13 15 15 50
 13 15 16 50
 13 15 17 50
 13 15 18 50
 13 15 19 50
 13 15 20 50
 13 15 21 50
 13 15 22 50
 13 15 23 50
 13 15 24 50
 13 15 25 50
 13 15 26 50
 13 15 27 50
 13 15 28 50
 13 15 29 50
 13 16 0 50
 13 16 1 50
 13 16 2 50
 13 16 3 50
 13 16 4 50
 13 16 5 50
 13 16 6 50
 13 16 7 50
 13 16 8 50
 13 16 9 50
 13 16 10 50
 13 16 11 50
 13 16 12 50
 13 16 13 50
 13 16 14 50
 13 16 15 50
 13 16 16 50
 13 16 17 50
 13 16 18 50
 13 16 19 50
 13 16 20 50
 13 16 21 50
 13 16 22 50
 13 16 23 50
 13 16 24 50
 13 16 25 50
 13 16 26 50
 13 16 27 50
 13 16 28 50
 13 16 29 50
 13 17 0 50
 13 17 1 50
 13 17 2 50
 13 17 3 50
 13 17 4 50
 13 17 5 50
 13 17 6 50
 13 17 7 50
 13 17 8 50
 13 17 9 50
 13 17 10 50
 13 17 11 50
 13 17 12 50
 13 17 13 50
 13 17 14 50
 13 17 15 50
 13 17 16 50
 13 17 17 50
 13 17 18 50
 13 17 19 50
 13 17 20 50
 13 17 21 50
 13 17 22 50
 13 17 23 50
 13 17 24 50
 13 17 25 50
 13 17 26 50
 13 17 27 50
 13 17 28 50
 13 17 29 50
 13 18 0 50
 13 18 1 50
 13 18 2 50
 13 18 3 50
 13 18 4 50
 13 18 5 50
 13 18 6 50
 13 18 7 50
 13 18 8 50
 13 18 9 50
 13 18 10 50
 13 18 11 50
 13 18 12 50
 13 18 13 50
 13 18 14 50
 13 18 15 50
 13 18 16 50
 13 18 17 50
 13 18 18 50
 13 18 19 50
 13 18 20 50
 13 18 21 50
 13 18 22 50
 13 18 23 50
 13 18 24 50
 13 18 25 50
 13 18 26 50
 13 18 27 50
 13 18 28 50
 13 18 29 50
 13 19 0 50
 13 19 1 50
 13 19 2 50
 13 19 3 50
 13 19 4 50
 13 19 5 50
 13 19 6 50
 13 19 7 50
 13 19 8 50
 13 19 9 50
 13 19 10 50
 13 19 11 50
 13 19 12 50
 13 19 13 50
 13 19 14 50
 13 19 15 50
 13 19 16 50
 13 19 17 50
 13 19 18 50
 13 19 19 50
 13 19 20 50
 13 19 21 50
 13 19 22 50
 13 19 23 50
 13 19 24 50
 13 19 25 50
 13 19 26 50
 13 19 27 50
 13 19 28 50
 13 19 29 50
 13 20 0 50
 13 20 1 50
 13 20 2 50
 13 20 3 50
 13 20 4 50
 13 20 5 50
 13 20 6 50
 13 20 7 50
 13 20 8 50
 13 20 9 50
 13 20 10 50
 13 20 11 50
 13 20 12 50
 13 20 13 50
 13 20 14 50
 13 20 15 50
 13 20 16 50
 13 20 17 50
 13 20 18 50
 13 20 19 50
 13 20 20 50
 13 20 21 50
 13 20 22 50
 13 20 23 50
 13 20 24 50
 13 20 25 50
 13 20 26 50
 13 20 27 50
 13 20 28 50
 13 20 29 50
 13 21 0 50
 13 21 1 50
 13 21 2 50
 13 21 3 50
 13 21 4 50
 13 21 5 50
 13 21 6 50
 13 21 7 50
 13 21 8 50
 13 21 9 50
 13 21 10 50
 13 21 11 50
 13 21 12 50
 13 21 13 50
 13 21 14 50
 13 21 15 50
 13 21 16 50
 13 21 17 50
 13 21 18 50
 13 21 19 50
 13 21 20 50
 13 21 21 50
 13 21 22 50
 13 21 23 50
 13 21 24 50
 13 21 25 50
 13 21 26 50
 13 21 27 50
 13 21 28 50
 13 21 29 50
 13 22 0 50
 13 22 1 50
 13 22 2 50
 13 22 3 50
 13 22 4 50
 13 22 5 50
 13 22 6 50
 13 22 7 50
 13 22 8 50
 13 22 9 50
 13 22 10 50
 13 22 11 50
 13 22 12 50
 13 22 13 50
 13 22 14 50
 13 22 15 50
 13 22 16 50
 13 22 17 50
 13 22 18 50
 13 22 19 50
 13 22 20 50
 13 22 21 50
 13 22 22 50
 13 22 23 50
 13 22 24 50
 13 22 25 50
 13 22 26 50
 13 22 27 50
 13 22 28 50
 13 22 29 50
 13 23 0 50
 13 23 1 50
 13 23 2 50
 13 23 3 50
 13 23 4 50
 13 23 5 50
 13 23 6 50
 13 23 7 50
 13 23 8 50
 13 23 9 50
 13 23 10 50
 13 23 11 50
 13 23 12 50
 13 23 13 50
 13 23 14 50
 13 23 15 50
 13 23 16 50
 13 23 17 50
 13 23 18 50
 13 23 19 50
 13 23 20 50
 13 23 21 50
 13 23 22 50
 13 23 23 50
 13 23 24 50
 13 23 25 50
 13 23 26 50
 13 23 27 50
 13 23 28 50
 13 23 29 50
 13 24 0 50
 13 24 1 50
 13 24 2 50
 13 24 3 50
 13 24 4 50
 13 24 5 50
 13 24 6 50
 13 24 7 50
 13 24 8 50
 13 24 9 50
 13 24 10 50
 13 24 11 50
 13 24 12 50
 13 24 13 50
 13 24 14 50
 13 24 15 50
 13 24 16 50
 13 24 17 50
 13 24 18 50
 13 24 19 50
 13 24 20 50
 13 24 21 50
 13 24 22 50
 13 24 23 50
 13 24 24 50
 13 24 25 50
 13 24 26 50
 13 24 27 50
 13 24 28 50
 13 24 29 50
 13 25 0 50
 13 25 1 50
 13 25 2 50
 13 25 3 50
 13 25 4 50
 13 25 5 50
 13 25 6 50
 13 25 7 50
 13 25 8 50
 13 25 9 50
 13 25 10 50
 13 25 11 50
 13 25 12 50
 13 25 13 50
 13 25 14 50
 13 25 15 50
 13 25 16 50
 13 25 17 50
 13 25 18 50
 13 25 19 50
 13 25 20 50
 13 25 21 50
 13 25 22 50
 13 25 23 50
 13 25 24 50
 13 25 25 50
 13 25 26 50
 13 25 27 50
 13 25 28 50
 13 25 29 50
 13 26 0 50
 13 26 1 50
 13 26 2 50
 13 26 3 50
 13 26 4 50
 13 26 5 50
 13 26 6 50
 13 26 7 50
 13 26 8 50
 13 26 9 50
 13 26 10 50
 13 26 11 50
 13 26 12 50
 13 26 13 50
 13 26 14 50
 13 26 15 50
 13 26 16 50
 13 26 17 50
 13 26 18 50
 13 26 19 50
 13 26 20 50
 13 26 21 50
 13 26 22 50
 13 26 23 50
 13 26 24 50
 13 26 25 50
 13 26 26 50
 13 26 27 50
 13 26 28 50
 13 26 29 50
 13 27 0 50
 13 27 1 50
 13 27 2 50
 13 27 3 50
 13 27 4 50
 13 27 5 50
 13 27 6 50
 13 27 7 50
 13 27 8 50
 13 27 9 50
 13 27 10 50
 13 27 11 50
 13 27 12 50
 13 27 13 50
 13 27 14 50
 13 27 15 50
 13 27 16 50
 13 27 17 50
 13 27 18 50
 13 27 19 50
 13 27 20 50
 13 27 21 50
 13 27 22 50
 13 27 23 50
 13 27 24 50
 13 27 25 50
 13 27 26 50
 13 27 27 50
 13 27 28 50
 13 27 29 50
 13 28 0 50
 13 28 1 50
 13 28 2 50
 13 28 3 50
 13 28 4 50
 13 28 5 50
 13 28 6 50
 13 28 7 50
 13 28 8 50
 13 28 9 50
 13 28 10 50
 13 28 11 50
 13 28 12 50
 13 28 13 50
 13 28 14 50
 13 28 15 50
 13 28 16 50
 13 28 17 50
 13 28 18 50
 13 28 19 50
 13 28 20 50
 13 28 21 50
 13 28 22 50
 13 28 23 50
 13 28 24 50
 13 28 25 50
 13 28 26 50
 13 28 27 50
 13 28 28 50
 13 28 29 50
 13 29 0 50
 13 29 1 50
 13 29 2 50
 13 29 3 50
 13 29 4 50
 13 29 5 50
 13 29 6 50
 13 29 7 50
 13 29 8 50
 13 29 9 50
 13 29 10 50
 13 29 11 50
 13 29 12 50
 13 29 13 50
 13 29 14 50
 13 29 15 50
 13 29 16 50
 13 29 17 50
 13 29 18 50
 13 29 19 50
 13 29 20 50
 13 29 21 50
 13 29 22 50
 13 29 23 50
 13 29 24 50
 13 29 25 50
 13 29 26 50
 13 29 27 50
 13 29 28 50
 13 29 29 50
