 8 2 0 0 50
 8 2 0 1 50
 8 2 0 2 50
 8 2 0 3 50
 8 2 0 4 50
 8 2 0 5 50
 8 2 0 6 50
 8 2 0 7 50
 8 2 0 8 50
 8 2 0 9 50
 8 2 0 10 50
 8 2 0 11 50
 8 2 0 12 50
 8 2 0 13 50
 8 2 0 14 50
 8 2 0 15 50
 8 2 0 16 50
 8 2 0 17 50
 8 2 0 18 50
 8 2 0 19 50
 8 2 0 20 50
 8 2 0 21 50
 8 2 0 22 50
 8 2 0 23 50
 8 2 0 24 50
 8 2 0 25 50
 8 2 0 26 50
 8 2 0 27 50
 8 2 0 28 50
 8 2 0 29 50
 8 2 1 0 50
 8 2 1 1 50
 8 2 1 2 50
 8 2 1 3 50
 8 2 1 4 50
 8 2 1 5 50
 8 2 1 6 50
 8 2 1 7 50
 8 2 1 8 50
 8 2 1 9 50
 8 2 1 10 50
 8 2 1 11 50
 8 2 1 12 50
 8 2 1 13 50
 8 2 1 14 50
 8 2 1 15 50
 8 2 1 16 50
 8 2 1 17 50
 8 2 1 18 50
 8 2 1 19 50
 8 2 1 20 50
 8 2 1 21 50
 8 2 1 22 50
 8 2 1 23 50
 8 2 1 24 50
 8 2 1 25 50
 8 2 1 26 50
 8 2 1 27 50
 8 2 1 28 50
 8 2 1 29 50
 8 2 2 0 50
 8 2 2 1 50
 8 2 2 2 50
 8 2 2 3 50
 8 2 2 4 50
 8 2 2 5 50
 8 2 2 6 50
 8 2 2 7 50
 8 2 2 8 50
 8 2 2 9 50
 8 2 2 10 50
 8 2 2 11 50
 8 2 2 12 50
 8 2 2 13 50
 8 2 2 14 50
 8 2 2 15 50
 8 2 2 16 50
 8 2 2 17 50
 8 2 2 18 50
 8 2 2 19 50
 8 2 2 20 50
 8 2 2 21 50
 8 2 2 22 50
 8 2 2 23 50
 8 2 2 24 50
 8 2 2 25 50
 8 2 2 26 50
 8 2 2 27 50
 8 2 2 28 50
 8 2 2 29 50
 8 2 3 0 50
 8 2 3 1 50
 8 2 3 2 50
 8 2 3 3 50
 8 2 3 4 50
 8 2 3 5 50
 8 2 3 6 50
 8 2 3 7 50
 8 2 3 8 50
 8 2 3 9 50
 8 2 3 10 50
 8 2 3 11 50
 8 2 3 12 50
 8 2 3 13 50
 8 2 3 14 50
 8 2 3 15 50
 8 2 3 16 50
 8 2 3 17 50
 8 2 3 18 50
 8 2 3 19 50
 8 2 3 20 50
 8 2 3 21 50
 8 2 3 22 50
 8 2 3 23 50
 8 2 3 24 50
 8 2 3 25 50
 8 2 3 26 50
 8 2 3 27 50
 8 2 3 28 50
 8 2 3 29 50
 8 2 4 0 50
 8 2 4 1 50
 8 2 4 2 50
 8 2 4 3 50
 8 2 4 4 50
 8 2 4 5 50
 8 2 4 6 50
 8 2 4 7 50
 8 2 4 8 50
 8 2 4 9 50
 8 2 4 10 50
 8 2 4 11 50
 8 2 4 12 50
 8 2 4 13 50
 8 2 4 14 50
 8 2 4 15 50
 8 2 4 16 50
 8 2 4 17 50
 8 2 4 18 50
 8 2 4 19 50
 8 2 4 20 50
 8 2 4 21 50
 8 2 4 22 50
 8 2 4 23 50
 8 2 4 24 50
 8 2 4 25 50
 8 2 4 26 50
 8 2 4 27 50
 8 2 4 28 50
 8 2 4 29 50
 8 2 5 0 50
 8 2 5 1 50
 8 2 5 2 50
 8 2 5 3 50
 8 2 5 4 50
 8 2 5 5 50
 8 2 5 6 50
 8 2 5 7 50
 8 2 5 8 50
 8 2 5 9 50
 8 2 5 10 50
 8 2 5 11 50
 8 2 5 12 50
 8 2 5 13 50
 8 2 5 14 50
 8 2 5 15 50
 8 2 5 16 50
 8 2 5 17 50
 8 2 5 18 50
 8 2 5 19 50
 8 2 5 20 50
 8 2 5 21 50
 8 2 5 22 50
 8 2 5 23 50
 8 2 5 24 50
 8 2 5 25 50
 8 2 5 26 50
 8 2 5 27 50
 8 2 5 28 50
 8 2 5 29 50
 8 2 6 0 50
 8 2 6 1 50
 8 2 6 2 50
 8 2 6 3 50
 8 2 6 4 50
 8 2 6 5 50
 8 2 6 6 50
 8 2 6 7 50
 8 2 6 8 50
 8 2 6 9 50
 8 2 6 10 50
 8 2 6 11 50
 8 2 6 12 50
 8 2 6 13 50
 8 2 6 14 50
 8 2 6 15 50
 8 2 6 16 50
 8 2 6 17 50
 8 2 6 18 50
 8 2 6 19 50
 8 2 6 20 50
 8 2 6 21 50
 8 2 6 22 50
 8 2 6 23 50
 8 2 6 24 50
 8 2 6 25 50
 8 2 6 26 50
 8 2 6 27 50
 8 2 6 28 50
 8 2 6 29 50
 8 2 7 0 50
 8 2 7 1 50
 8 2 7 2 50
 8 2 7 3 50
 8 2 7 4 50
 8 2 7 5 50
 8 2 7 6 50
 8 2 7 7 50
 8 2 7 8 50
 8 2 7 9 50
 8 2 7 10 50
 8 2 7 11 50
 8 2 7 12 50
 8 2 7 13 50
 8 2 7 14 50
 8 2 7 15 50
 8 2 7 16 50
 8 2 7 17 50
 8 2 7 18 50
 8 2 7 19 50
 8 2 7 20 50
 8 2 7 21 50
 8 2 7 22 50
 8 2 7 23 50
 8 2 7 24 50
 8 2 7 25 50
 8 2 7 26 50
 8 2 7 27 50
 8 2 7 28 50
 8 2 7 29 50
 8 2 8 0 50
 8 2 8 1 50
 8 2 8 2 50
 8 2 8 3 50
 8 2 8 4 50
 8 2 8 5 50
 8 2 8 6 50
 8 2 8 7 50
 8 2 8 8 50
 8 2 8 9 50
 8 2 8 10 50
 8 2 8 11 50
 8 2 8 12 50
 8 2 8 13 50
 8 2 8 14 50
 8 2 8 15 50
 8 2 8 16 50
 8 2 8 17 50
 8 2 8 18 50
 8 2 8 19 50
 8 2 8 20 50
 8 2 8 21 50
 8 2 8 22 50
 8 2 8 23 50
 8 2 8 24 50
 8 2 8 25 50
 8 2 8 26 50
 8 2 8 27 50
 8 2 8 28 50
 8 2 8 29 50
 8 2 9 0 50
 8 2 9 1 50
 8 2 9 2 50
 8 2 9 3 50
 8 2 9 4 50
 8 2 9 5 50
 8 2 9 6 50
 8 2 9 7 50
 8 2 9 8 50
 8 2 9 9 50
 8 2 9 10 50
 8 2 9 11 50
 8 2 9 12 50
 8 2 9 13 50
 8 2 9 14 50
 8 2 9 15 50
 8 2 9 16 50
 8 2 9 17 50
 8 2 9 18 50
 8 2 9 19 50
 8 2 9 20 50
 8 2 9 21 50
 8 2 9 22 50
 8 2 9 23 50
 8 2 9 24 50
 8 2 9 25 50
 8 2 9 26 50
 8 2 9 27 50
 8 2 9 28 50
 8 2 9 29 50
 8 2 10 0 50
 8 2 10 1 50
 8 2 10 2 50
 8 2 10 3 50
 8 2 10 4 50
 8 2 10 5 50
 8 2 10 6 50
 8 2 10 7 50
 8 2 10 8 50
 8 2 10 9 50
 8 2 10 10 50
 8 2 10 11 50
 8 2 10 12 50
 8 2 10 13 50
 8 2 10 14 50
 8 2 10 15 50
 8 2 10 16 50
 8 2 10 17 50
 8 2 10 18 50
 8 2 10 19 50
 8 2 10 20 50
 8 2 10 21 50
 8 2 10 22 50
 8 2 10 23 50
 8 2 10 24 50
 8 2 10 25 50
 8 2 10 26 50
 8 2 10 27 50
 8 2 10 28 50
 8 2 10 29 50
 8 2 11 0 50
 8 2 11 1 50
 8 2 11 2 50
 8 2 11 3 50
 8 2 11 4 50
 8 2 11 5 50
 8 2 11 6 50
 8 2 11 7 50
 8 2 11 8 50
 8 2 11 9 50
 8 2 11 10 50
 8 2 11 11 50
 8 2 11 12 50
 8 2 11 13 50
 8 2 11 14 50
 8 2 11 15 50
 8 2 11 16 50
 8 2 11 17 50
 8 2 11 18 50
 8 2 11 19 50
 8 2 11 20 50
 8 2 11 21 50
 8 2 11 22 50
 8 2 11 23 50
 8 2 11 24 50
 8 2 11 25 50
 8 2 11 26 50
 8 2 11 27 50
 8 2 11 28 50
 8 2 11 29 50
 8 2 12 0 50
 8 2 12 1 50
 8 2 12 2 50
 8 2 12 3 50
 8 2 12 4 50
 8 2 12 5 50
 8 2 12 6 50
 8 2 12 7 50
 8 2 12 8 50
 8 2 12 9 50
 8 2 12 10 50
 8 2 12 11 50
 8 2 12 12 50
 8 2 12 13 50
 8 2 12 14 50
 8 2 12 15 50
 8 2 12 16 50
 8 2 12 17 50
 8 2 12 18 50
 8 2 12 19 50
 8 2 12 20 50
 8 2 12 21 50
 8 2 12 22 50
 8 2 12 23 50
 8 2 12 24 50
 8 2 12 25 50
 8 2 12 26 50
 8 2 12 27 50
 8 2 12 28 50
 8 2 12 29 50
 8 2 13 0 50
 8 2 13 1 50
 8 2 13 2 50
 8 2 13 3 50
 8 2 13 4 50
 8 2 13 5 50
 8 2 13 6 50
 8 2 13 7 50
 8 2 13 8 50
 8 2 13 9 50
 8 2 13 10 50
 8 2 13 11 50
 8 2 13 12 50
 8 2 13 13 50
 8 2 13 14 50
 8 2 13 15 50
 8 2 13 16 50
 8 2 13 17 50
 8 2 13 18 50
 8 2 13 19 50
 8 2 13 20 50
 8 2 13 21 50
 8 2 13 22 50
 8 2 13 23 50
 8 2 13 24 50
 8 2 13 25 50
 8 2 13 26 50
 8 2 13 27 50
 8 2 13 28 50
 8 2 13 29 50
 8 2 14 0 50
 8 2 14 1 50
 8 2 14 2 50
 8 2 14 3 50
 8 2 14 4 50
 8 2 14 5 50
 8 2 14 6 50
 8 2 14 7 50
 8 2 14 8 50
 8 2 14 9 50
 8 2 14 10 50
 8 2 14 11 50
 8 2 14 12 50
 8 2 14 13 50
 8 2 14 14 50
 8 2 14 15 50
 8 2 14 16 50
 8 2 14 17 50
 8 2 14 18 50
 8 2 14 19 50
 8 2 14 20 50
 8 2 14 21 50
 8 2 14 22 50
 8 2 14 23 50
 8 2 14 24 50
 8 2 14 25 50
 8 2 14 26 50
 8 2 14 27 50
 8 2 14 28 50
 8 2 14 29 50
 8 2 15 0 50
 8 2 15 1 50
 8 2 15 2 50
 8 2 15 3 50
 8 2 15 4 50
 8 2 15 5 50
 8 2 15 6 50
 8 2 15 7 50
 8 2 15 8 50
 8 2 15 9 50
 8 2 15 10 50
 8 2 15 11 50
 8 2 15 12 50
 8 2 15 13 50
 8 2 15 14 50
 8 2 15 15 50
 8 2 15 16 50
 8 2 15 17 50
 8 2 15 18 50
 8 2 15 19 50
 8 2 15 20 50
 8 2 15 21 50
 8 2 15 22 50
 8 2 15 23 50
 8 2 15 24 50
 8 2 15 25 50
 8 2 15 26 50
 8 2 15 27 50
 8 2 15 28 50
 8 2 15 29 50
 8 2 16 0 50
 8 2 16 1 50
 8 2 16 2 50
 8 2 16 3 50
 8 2 16 4 50
 8 2 16 5 50
 8 2 16 6 50
 8 2 16 7 50
 8 2 16 8 50
 8 2 16 9 50
 8 2 16 10 50
 8 2 16 11 50
 8 2 16 12 50
 8 2 16 13 50
 8 2 16 14 50
 8 2 16 15 50
 8 2 16 16 50
 8 2 16 17 50
 8 2 16 18 50
 8 2 16 19 50
 8 2 16 20 50
 8 2 16 21 50
 8 2 16 22 50
 8 2 16 23 50
 8 2 16 24 50
 8 2 16 25 50
 8 2 16 26 50
 8 2 16 27 50
 8 2 16 28 50
 8 2 16 29 50
 8 2 17 0 50
 8 2 17 1 50
 8 2 17 2 50
 8 2 17 3 50
 8 2 17 4 50
 8 2 17 5 50
 8 2 17 6 50
 8 2 17 7 50
 8 2 17 8 50
 8 2 17 9 50
 8 2 17 10 50
 8 2 17 11 50
 8 2 17 12 50
 8 2 17 13 50
 8 2 17 14 50
 8 2 17 15 50
 8 2 17 16 50
 8 2 17 17 50
 8 2 17 18 50
 8 2 17 19 50
 8 2 17 20 50
 8 2 17 21 50
 8 2 17 22 50
 8 2 17 23 50
 8 2 17 24 50
 8 2 17 25 50
 8 2 17 26 50
 8 2 17 27 50
 8 2 17 28 50
 8 2 17 29 50
 8 2 18 0 50
 8 2 18 1 50
 8 2 18 2 50
 8 2 18 3 50
 8 2 18 4 50
 8 2 18 5 50
 8 2 18 6 50
 8 2 18 7 50
 8 2 18 8 50
 8 2 18 9 50
 8 2 18 10 50
 8 2 18 11 50
 8 2 18 12 50
 8 2 18 13 50
 8 2 18 14 50
 8 2 18 15 50
 8 2 18 16 50
 8 2 18 17 50
 8 2 18 18 50
 8 2 18 19 50
 8 2 18 20 50
 8 2 18 21 50
 8 2 18 22 50
 8 2 18 23 50
 8 2 18 24 50
 8 2 18 25 50
 8 2 18 26 50
 8 2 18 27 50
 8 2 18 28 50
 8 2 18 29 50
 8 2 19 0 50
 8 2 19 1 50
 8 2 19 2 50
 8 2 19 3 50
 8 2 19 4 50
 8 2 19 5 50
 8 2 19 6 50
 8 2 19 7 50
 8 2 19 8 50
 8 2 19 9 50
 8 2 19 10 50
 8 2 19 11 50
 8 2 19 12 50
 8 2 19 13 50
 8 2 19 14 50
 8 2 19 15 50
 8 2 19 16 50
 8 2 19 17 50
 8 2 19 18 50
 8 2 19 19 50
 8 2 19 20 50
 8 2 19 21 50
 8 2 19 22 50
 8 2 19 23 50
 8 2 19 24 50
 8 2 19 25 50
 8 2 19 26 50
 8 2 19 27 50
 8 2 19 28 50
 8 2 19 29 50
 8 2 20 0 50
 8 2 20 1 50
 8 2 20 2 50
 8 2 20 3 50
 8 2 20 4 50
 8 2 20 5 50
 8 2 20 6 50
 8 2 20 7 50
 8 2 20 8 50
 8 2 20 9 50
 8 2 20 10 50
 8 2 20 11 50
 8 2 20 12 50
 8 2 20 13 50
 8 2 20 14 50
 8 2 20 15 50
 8 2 20 16 50
 8 2 20 17 50
 8 2 20 18 50
 8 2 20 19 50
 8 2 20 20 50
 8 2 20 21 50
 8 2 20 22 50
 8 2 20 23 50
 8 2 20 24 50
 8 2 20 25 50
 8 2 20 26 50
 8 2 20 27 50
 8 2 20 28 50
 8 2 20 29 50
 8 2 21 0 50
 8 2 21 1 50
 8 2 21 2 50
 8 2 21 3 50
 8 2 21 4 50
 8 2 21 5 50
 8 2 21 6 50
 8 2 21 7 50
 8 2 21 8 50
 8 2 21 9 50
 8 2 21 10 50
 8 2 21 11 50
 8 2 21 12 50
 8 2 21 13 50
 8 2 21 14 50
 8 2 21 15 50
 8 2 21 16 50
 8 2 21 17 50
 8 2 21 18 50
 8 2 21 19 50
 8 2 21 20 50
 8 2 21 21 50
 8 2 21 22 50
 8 2 21 23 50
 8 2 21 24 50
 8 2 21 25 50
 8 2 21 26 50
 8 2 21 27 50
 8 2 21 28 50
 8 2 21 29 50
 8 2 22 0 50
 8 2 22 1 50
 8 2 22 2 50
 8 2 22 3 50
 8 2 22 4 50
 8 2 22 5 50
 8 2 22 6 50
 8 2 22 7 50
 8 2 22 8 50
 8 2 22 9 50
 8 2 22 10 50
 8 2 22 11 50
 8 2 22 12 50
 8 2 22 13 50
 8 2 22 14 50
 8 2 22 15 50
 8 2 22 16 50
 8 2 22 17 50
 8 2 22 18 50
 8 2 22 19 50
 8 2 22 20 50
 8 2 22 21 50
 8 2 22 22 50
 8 2 22 23 50
 8 2 22 24 50
 8 2 22 25 50
 8 2 22 26 50
 8 2 22 27 50
 8 2 22 28 50
 8 2 22 29 50
 8 2 23 0 50
 8 2 23 1 50
 8 2 23 2 50
 8 2 23 3 50
 8 2 23 4 50
 8 2 23 5 50
 8 2 23 6 50
 8 2 23 7 50
 8 2 23 8 50
 8 2 23 9 50
 8 2 23 10 50
 8 2 23 11 50
 8 2 23 12 50
 8 2 23 13 50
 8 2 23 14 50
 8 2 23 15 50
 8 2 23 16 50
 8 2 23 17 50
 8 2 23 18 50
 8 2 23 19 50
 8 2 23 20 50
 8 2 23 21 50
 8 2 23 22 50
 8 2 23 23 50
 8 2 23 24 50
 8 2 23 25 50
 8 2 23 26 50
 8 2 23 27 50
 8 2 23 28 50
 8 2 23 29 50
 8 2 24 0 50
 8 2 24 1 50
 8 2 24 2 50
 8 2 24 3 50
 8 2 24 4 50
 8 2 24 5 50
 8 2 24 6 50
 8 2 24 7 50
 8 2 24 8 50
 8 2 24 9 50
 8 2 24 10 50
 8 2 24 11 50
 8 2 24 12 50
 8 2 24 13 50
 8 2 24 14 50
 8 2 24 15 50
 8 2 24 16 50
 8 2 24 17 50
 8 2 24 18 50
 8 2 24 19 50
 8 2 24 20 50
 8 2 24 21 50
 8 2 24 22 50
 8 2 24 23 50
 8 2 24 24 50
 8 2 24 25 50
 8 2 24 26 50
 8 2 24 27 50
 8 2 24 28 50
 8 2 24 29 50
 8 2 25 0 50
 8 2 25 1 50
 8 2 25 2 50
 8 2 25 3 50
 8 2 25 4 50
 8 2 25 5 50
 8 2 25 6 50
 8 2 25 7 50
 8 2 25 8 50
 8 2 25 9 50
 8 2 25 10 50
 8 2 25 11 50
 8 2 25 12 50
 8 2 25 13 50
 8 2 25 14 50
 8 2 25 15 50
 8 2 25 16 50
 8 2 25 17 50
 8 2 25 18 50
 8 2 25 19 50
 8 2 25 20 50
 8 2 25 21 50
 8 2 25 22 50
 8 2 25 23 50
 8 2 25 24 50
 8 2 25 25 50
 8 2 25 26 50
 8 2 25 27 50
 8 2 25 28 50
 8 2 25 29 50
 8 2 26 0 50
 8 2 26 1 50
 8 2 26 2 50
 8 2 26 3 50
 8 2 26 4 50
 8 2 26 5 50
 8 2 26 6 50
 8 2 26 7 50
 8 2 26 8 50
 8 2 26 9 50
 8 2 26 10 50
 8 2 26 11 50
 8 2 26 12 50
 8 2 26 13 50
 8 2 26 14 50
 8 2 26 15 50
 8 2 26 16 50
 8 2 26 17 50
 8 2 26 18 50
 8 2 26 19 50
 8 2 26 20 50
 8 2 26 21 50
 8 2 26 22 50
 8 2 26 23 50
 8 2 26 24 50
 8 2 26 25 50
 8 2 26 26 50
 8 2 26 27 50
 8 2 26 28 50
 8 2 26 29 50
 8 2 27 0 50
 8 2 27 1 50
 8 2 27 2 50
 8 2 27 3 50
 8 2 27 4 50
 8 2 27 5 50
 8 2 27 6 50
 8 2 27 7 50
 8 2 27 8 50
 8 2 27 9 50
 8 2 27 10 50
 8 2 27 11 50
 8 2 27 12 50
 8 2 27 13 50
 8 2 27 14 50
 8 2 27 15 50
 8 2 27 16 50
 8 2 27 17 50
 8 2 27 18 50
 8 2 27 19 50
 8 2 27 20 50
 8 2 27 21 50
 8 2 27 22 50
 8 2 27 23 50
 8 2 27 24 50
 8 2 27 25 50
 8 2 27 26 50
 8 2 27 27 50
 8 2 27 28 50
 8 2 27 29 50
 8 2 28 0 50
 8 2 28 1 50
 8 2 28 2 50
 8 2 28 3 50
 8 2 28 4 50
 8 2 28 5 50
 8 2 28 6 50
 8 2 28 7 50
 8 2 28 8 50
 8 2 28 9 50
 8 2 28 10 50
 8 2 28 11 50
 8 2 28 12 50
 8 2 28 13 50
 8 2 28 14 50
 8 2 28 15 50
 8 2 28 16 50
 8 2 28 17 50
 8 2 28 18 50
 8 2 28 19 50
 8 2 28 20 50
 8 2 28 21 50
 8 2 28 22 50
 8 2 28 23 50
 8 2 28 24 50
 8 2 28 25 50
 8 2 28 26 50
 8 2 28 27 50
 8 2 28 28 50
 8 2 28 29 50
 8 2 29 0 50
 8 2 29 1 50
 8 2 29 2 50
 8 2 29 3 50
 8 2 29 4 50
 8 2 29 5 50
 8 2 29 6 50
 8 2 29 7 50
 8 2 29 8 50
 8 2 29 9 50
 8 2 29 10 50
 8 2 29 11 50
 8 2 29 12 50
 8 2 29 13 50
 8 2 29 14 50
 8 2 29 15 50
 8 2 29 16 50
 8 2 29 17 50
 8 2 29 18 50
 8 2 29 19 50
 8 2 29 20 50
 8 2 29 21 50
 8 2 29 22 50
 8 2 29 23 50
 8 2 29 24 50
 8 2 29 25 50
 8 2 29 26 50
 8 2 29 27 50
 8 2 29 28 50
 8 2 29 29 50
