OptimalFront
unaryHyperVol 335
Optimal front is obtained by exact method
-------------------------
3
1 7
2 6
5 5
runNumber 0
genCount 10024
elapsedTime 616.307
unaryHyperVol 335
binaryHyperVol 0
additiveEps 0
entropy 0.270001
archive 0
3
5 5  100 0001101000011111011011110111010111111010000000101010111011000110001010001000100011100110011010101010
2 6  100 0001101000101111011011110111010111111010000000101010111011000110001010001000100011100110011010101010
1 7  100 0001101000101111011011110111010111111010000010101010111011000110001010001000100011100110011010101010
runNumber 1
genCount 12605
elapsedTime 599.991
unaryHyperVol 335
binaryHyperVol 0
additiveEps 0
entropy 0.270001
archive 1
3
5 5  100 0001101000011111011011110111010111111010000000101010111011000110001010001000100011100110011010101010
2 6  100 0001101000101111011011110111010111111010000000101010111011000110001010001000100011100110011010101010
1 7  100 0001101000101111011011110111010111111010000010101010111011000110001010001000100011100110011010101010
runNumber 2
genCount 12819
elapsedTime 599.964
unaryHyperVol 335
binaryHyperVol 0
additiveEps 0
entropy 0.270001
archive 2
3
5 5  100 0001101000011111011011110111010111111010000000101010111011000110001010001000100011100110011010101010
2 6  100 0001101000101111011011110111010111111010000000101010111011000110001010001000100011100110011010101010
1 7  100 0001101000101111011011110111010111111010000010101010111011000110001010001000100011100110011010101010
runNumber 3
genCount 12988
elapsedTime 600.025
unaryHyperVol 335
binaryHyperVol 0
additiveEps 0
entropy 0.270001
archive 3
3
5 5  100 0001101000011111011011110111010111111010000000101010111011000110001010001000100011100110011010101010
2 6  100 0001101000101111011011110111010111111010000000101010111011000110001010001000100011100110011010101010
1 7  100 0001101000101111011011110111010111111010000010101010111011000110001010001000100011100110011010101010
runNumber 4
genCount 12508
elapsedTime 599.893
unaryHyperVol 335
binaryHyperVol 0
additiveEps 0
entropy 0.270001
archive 4
3
5 5  100 0001101000011111011011110111010111111010000000101010111011000110001010001000100011100110011010101010
2 6  100 0001101000101111011011110111010111111010000000101010111011000110001010001000100011100110011010101010
1 7  100 0001101000101111011011110111010111111010000010101010111011000110001010001000100011100110011010101010
runNumber 5
genCount 13120
elapsedTime 599.783
unaryHyperVol 335
binaryHyperVol 0
additiveEps 0
entropy 0.270001
archive 5
3
5 5  100 0001101000011111011011110111010111111010000000101010111011000110001010001000100011100110011010101010
2 6  100 0001101000101111011011110111010111111010000000101010111011000110001010001000100011100110011010101010
1 7  100 0001101000101111011011110111010111111010000010101010111011000110001010001000100011100110011010101010
runNumber 6
genCount 12981
elapsedTime 599.951
unaryHyperVol 335
binaryHyperVol 0
additiveEps 0
entropy 0.270001
archive 6
3
5 5  100 0001101000011111011011110111010111111010000000101010111011000110001010001000100011100110011010101010
2 6  100 0001101000101111011011110111010111111010000000101010111011000110001010001000100011100110011010101010
1 7  100 0001101000101111011011110111010111111010000010101010111011000110001010001000100011100110011010101010
runNumber 7
genCount 12836
elapsedTime 599.974
unaryHyperVol 335
binaryHyperVol 0
additiveEps 0
entropy 0.270001
archive 7
3
5 5  100 0001101000011111011011110111010111111010000000101010111011000110001010001000100011100110011010101010
2 6  100 0001101000101111011011110111010111111010000000101010111011000110001010001000100011100110011010101010
1 7  100 0001101000101111011011110111010111111010000010101010111011000110001010001000100011100110011010101010
runNumber 8
genCount 12785
elapsedTime 599.988
unaryHyperVol 335
binaryHyperVol 0
additiveEps 0
entropy 0.270001
archive 8
3
5 5  100 0001101000011111011011110111010111111010000000101010111011000110001010001000100011100110011010101010
2 6  100 0001101000101111011011110111010111111010000000101010111011000110001010001000100011100110011010101010
1 7  100 0001101000101111011011110111010111111010000010101010111011000110001010001000100011100110011010101010
runNumber 9
genCount 13301
elapsedTime 599.945
unaryHyperVol 335
binaryHyperVol 0
additiveEps 0
entropy 0.270001
archive 9
3
5 5  100 0001101000011111011011110111010111111010000000101010111011000110001010001000100011100110011010101010
2 6  100 0001101000101111011011110111010111111010000000101010111011000110001010001000100011100110011010101010
1 7  100 0001101000101111011011110111010111111010000010101010111011000110001010001000100011100110011010101010
runNumber 10
genCount 12780
elapsedTime 599.985
unaryHyperVol 335
binaryHyperVol 0
additiveEps 0
entropy 0.270001
archive 10
3
5 5  100 0001101000011111011011110111010111111010000000101010111011000110001010001000100011100110011010101010
2 6  100 0001101000101111011011110111010111111010000000101010111011000110001010001000100011100110011010101010
1 7  100 0001101000101111011011110111010111111010000010101010111011000110001010001000100011100110011010101010
runNumber 11
genCount 12815
elapsedTime 599.96
unaryHyperVol 335
binaryHyperVol 0
additiveEps 0
entropy 0.270001
archive 11
3
5 5  100 0001101000011111011011110111010111111010000000101010111011000110001010001000100011100110011010101010
2 6  100 0001101000101111011011110111010111111010000000101010111011000110001010001000100011100110011010101010
1 7  100 0001101000101111011011110111010111111010000010101010111011000110001010001000100011100110011010101010
runNumber 12
genCount 13115
elapsedTime 599.958
unaryHyperVol 335
binaryHyperVol 0
additiveEps 0
entropy 0.270001
archive 12
3
5 5  100 0001101000011111011011110111010111111010000000101010111011000110001010001000100011100110011010101010
2 6  100 0001101000101111011011110111010111111010000000101010111011000110001010001000100011100110011010101010
1 7  100 0001101000101111011011110111010111111010000010101010111011000110001010001000100011100110011010101010
runNumber 13
genCount 12708
elapsedTime 600.028
unaryHyperVol 335
binaryHyperVol 0
additiveEps 0
entropy 0.270001
archive 13
3
5 5  100 0001101000011111011011110111010111111010000000101010111011000110001010001000100011100110011010101010
2 6  100 0001101000101111011011110111010111111010000000101010111011000110001010001000100011100110011010101010
1 7  100 0001101000101111011011110111010111111010000010101010111011000110001010001000100011100110011010101010
runNumber 14
genCount 13313
elapsedTime 599.838
unaryHyperVol 335
binaryHyperVol 0
additiveEps 0
entropy 0.270001
archive 14
3
5 5  100 0001101000011111011011110111010111111010000000101010111011000110001010001000100011100110011010101010
2 6  100 0001101000101111011011110111010111111010000000101010111011000110001010001000100011100110011010101010
1 7  100 0001101000101111011011110111010111111010000010101010111011000110001010001000100011100110011010101010
runNumber 15
genCount 12881
elapsedTime 599.939
unaryHyperVol 335
binaryHyperVol 0
additiveEps 0
entropy 0.270001
archive 15
3
5 5  100 0001101000011111011011110111010111111010000000101010111011000110001010001000100011100110011010101010
2 6  100 0001101000101111011011110111010111111010000000101010111011000110001010001000100011100110011010101010
1 7  100 0001101000101111011011110111010111111010000010101010111011000110001010001000100011100110011010101010
runNumber 16
genCount 12597
elapsedTime 599.901
unaryHyperVol 335
binaryHyperVol 0
additiveEps 0
entropy 0.270001
archive 16
3
5 5  100 0001101000011111011011110111010111111010000000101010111011000110001010001000100011100110011010101010
2 6  100 0001101000101111011011110111010111111010000000101010111011000110001010001000100011100110011010101010
1 7  100 0001101000101111011011110111010111111010000010101010111011000110001010001000100011100110011010101010
runNumber 17
genCount 13157
elapsedTime 599.926
unaryHyperVol 335
binaryHyperVol 0
additiveEps 0
entropy 0.270001
archive 17
3
5 5  100 0001101000011111011011110111010111111010000000101010111011000110001010001000100011100110011010101010
2 6  100 0001101000101111011011110111010111111010000000101010111011000110001010001000100011100110011010101010
1 7  100 0001101000101111011011110111010111111010000010101010111011000110001010001000100011100110011010101010
runNumber 18
genCount 12759
elapsedTime 599.964
unaryHyperVol 335
binaryHyperVol 0
additiveEps 0
entropy 0.270001
archive 18
3
5 5  100 0001101000011111011011110111010111111010000000101010111011000110001010001000100011100110011010101010
2 6  100 0001101000101111011011110111010111111010000000101010111011000110001010001000100011100110011010101010
1 7  100 0001101000101111011011110111010111111010000010101010111011000110001010001000100011100110011010101010
runNumber 19
genCount 13168
elapsedTime 599.923
unaryHyperVol 335
binaryHyperVol 0
additiveEps 0
entropy 0.270001
archive 19
3
5 5  100 0001101000011111011011110111010111111010000000101010111011000110001010001000100011100110011010101010
2 6  100 0001101000101111011011110111010111111010000000101010111011000110001010001000100011100110011010101010
1 7  100 0001101000101111011011110111010111111010000010101010111011000110001010001000100011100110011010101010
runNumber 20
genCount 12642
elapsedTime 599.923
unaryHyperVol 335
binaryHyperVol 0
additiveEps 0
entropy 0.270001
archive 20
3
5 5  100 0001101000011111011011110111010111111010000000101010111011000110001010001000100011100110011010101010
2 6  100 0001101000101111011011110111010111111010000000101010111011000110001010001000100011100110011010101010
1 7  100 0001101000101111011011110111010111111010000010101010111011000110001010001000100011100110011010101010
runNumber 21
genCount 12877
elapsedTime 599.896
unaryHyperVol 335
binaryHyperVol 0
additiveEps 0
entropy 0.270001
archive 21
3
5 5  100 0001101000011111011011110111010111111010000000101010111011000110001010001000100011100110011010101010
2 6  100 0001101000101111011011110111010111111010000000101010111011000110001010001000100011100110011010101010
1 7  100 0001101000101111011011110111010111111010000010101010111011000110001010001000100011100110011010101010
runNumber 22
genCount 12996
elapsedTime 599.945
unaryHyperVol 335
binaryHyperVol 0
additiveEps 0
entropy 0.270001
archive 22
3
5 5  100 0001101000011111011011110111010111111010000000101010111011000110001010001000100011100110011010101010
2 6  100 0001101000101111011011110111010111111010000000101010111011000110001010001000100011100110011010101010
1 7  100 0001101000101111011011110111010111111010000010101010111011000110001010001000100011100110011010101010
runNumber 23
genCount 12897
elapsedTime 600.016
unaryHyperVol 335
binaryHyperVol 0
additiveEps 0
entropy 0.270001
archive 23
3
5 5  100 0001101000011111011011110111010111111010000000101010111011000110001010001000100011100110011010101010
2 6  100 0001101000101111011011110111010111111010000000101010111011000110001010001000100011100110011010101010
1 7  100 0001101000101111011011110111010111111010000010101010111011000110001010001000100011100110011010101010
runNumber 24
genCount 12890
elapsedTime 599.946
unaryHyperVol 335
binaryHyperVol 0
additiveEps 0
entropy 0.270001
archive 24
3
5 5  100 0001101000011111011011110111010111111010000000101010111011000110001010001000100011100110011010101010
2 6  100 0001101000101111011011110111010111111010000000101010111011000110001010001000100011100110011010101010
1 7  100 0001101000101111011011110111010111111010000010101010111011000110001010001000100011100110011010101010
runNumber 25
genCount 12938
elapsedTime 599.973
unaryHyperVol 335
binaryHyperVol 0
additiveEps 0
entropy 0.270001
archive 25
3
5 5  100 0001101000011111011011110111010111111010000000101010111011000110001010001000100011100110011010101010
2 6  100 0001101000101111011011110111010111111010000000101010111011000110001010001000100011100110011010101010
1 7  100 0001101000101111011011110111010111111010000010101010111011000110001010001000100011100110011010101010
runNumber 26
genCount 13005
elapsedTime 600.011
unaryHyperVol 335
binaryHyperVol 0
additiveEps 0
entropy 0.270001
archive 26
3
5 5  100 0001101000011111011011110111010111111010000000101010111011000110001010001000100011100110011010101010
2 6  100 0001101000101111011011110111010111111010000000101010111011000110001010001000100011100110011010101010
1 7  100 0001101000101111011011110111010111111010000010101010111011000110001010001000100011100110011010101010
runNumber 27
genCount 12857
elapsedTime 599.919
unaryHyperVol 335
binaryHyperVol 0
additiveEps 0
entropy 0.270001
archive 27
3
5 5  100 0001101000011111011011110111010111111010000000101010111011000110001010001000100011100110011010101010
2 6  100 0001101000101111011011110111010111111010000000101010111011000110001010001000100011100110011010101010
1 7  100 0001101000101111011011110111010111111010000010101010111011000110001010001000100011100110011010101010
runNumber 28
genCount 12796
elapsedTime 599.924
unaryHyperVol 335
binaryHyperVol 0
additiveEps 0
entropy 0.270001
archive 28
3
5 5  100 0001101000011111011011110111010111111010000000101010111011000110001010001000100011100110011010101010
2 6  100 0001101000101111011011110111010111111010000000101010111011000110001010001000100011100110011010101010
1 7  100 0001101000101111011011110111010111111010000010101010111011000110001010001000100011100110011010101010
runNumber 29
genCount 13117
elapsedTime 599.974
unaryHyperVol 335
binaryHyperVol 0
additiveEps 0
entropy 0.270001
archive 29
3
5 5  100 0001101000011111011011110111010111111010000000101010111011000110001010001000100011100110011010101010
2 6  100 0001101000101111011011110111010111111010000000101010111011000110001010001000100011100110011010101010
1 7  100 0001101000101111011011110111010111111010000010101010111011000110001010001000100011100110011010101010
