OptimalFront
unaryHyperVol 275
Optimal front is obtained by exact method
-------------------------
3
2 9
3 7
5 6
runNumber 0
genCount 12870
elapsedTime 599.777
unaryHyperVol 275
binaryHyperVol 0
additiveEps 0
entropy 0.461903
archive 0
3
5 6  100 1000001000010100011010000010001100010101000101011001010100000011010000110001100010101000101111110111
3 7  100 1000001000010100011010000010001100010101000101011001010100000011011000110001100010101000101111110111
2 9  100 1000001000010001011010000010001100010101000101011001010100000011011000110000010010101000101111110111
runNumber 1
genCount 12811
elapsedTime 599.894
unaryHyperVol 266
binaryHyperVol 3.88889
additiveEps 0.333333
entropy 0.454958
archive 1
3
5 7  100 1000001000000100011010000010001100010101000101011001010100011011010000110000010010101000101111110111
3 8  100 1000001000000100011010000010001100010101000101011001010100011011011000110000010010101000101111110111
2 9  100 1000001000010001011010000010001100010101000101011001010100011011011000110000010010101000101111110111
runNumber 2
genCount 13416
elapsedTime 599.909
unaryHyperVol 259
binaryHyperVol 7.55556
additiveEps 0.666667
entropy 0.509891
archive 2
2
3 8  100 1000001000000100011010000010001100100101000101011001010100000011011000110000010010101000101111110111
2 9  100 1000001000010001011010000010001100100101000101011001010100000011011000110000010010101000101111110111
runNumber 3
genCount 12684
elapsedTime 599.863
unaryHyperVol 266
binaryHyperVol 3.88889
additiveEps 0.333333
entropy 0.454958
archive 3
3
5 7  100 1000001000000100011010000010001100010101000101011001010100000011010000110000010010101000101111110111
3 8  100 1000001000000100011010000010001100010101000101011001010100000011011000110000010010101000101111110111
2 9  100 1000001000010001011010000010001100010101000101011001010100000011011000110000010010101000101111110111
runNumber 4
genCount 13197
elapsedTime 599.774
unaryHyperVol 266
binaryHyperVol 3.88889
additiveEps 0.333333
entropy 0.454958
archive 4
3
5 7  100 1000001000000100011010000010001100010101000101011001010100011011010000110000010010101000101111110111
3 8  100 1000001000000100011010000010001100010101000101011001010100011011011000110000010010101000101111110111
2 9  100 1000001000010001011010000010001100010101000101011001010100011011011000110000010010101000101111110111
runNumber 5
genCount 12950
elapsedTime 601.334
unaryHyperVol 266
binaryHyperVol 3.88889
additiveEps 0.333333
entropy 0.454958
archive 5
3
5 7  100 1000001000000100011010000010001100010101000101011001010100011011010000110000010010101000101111110111
3 8  100 1000001000000100011010000010001100010101000101011001010100011011011000110000010010101000101111110111
2 9  100 1000001000010001011010000010001100010101000101011001010100011011011000110000010010101000101111110111
runNumber 6
genCount 13189
elapsedTime 599.645
unaryHyperVol 266
binaryHyperVol 3.88889
additiveEps 0.333333
entropy 0.454958
archive 6
3
5 7  100 1000001000000100010010000010001100010101000101011001010100000011010000110000010010101000101111110111
3 8  100 1000001000000100010010000010001100010101000101011001010100000011011000110000010010101000101111110111
2 9  100 1000001000010001011010000010001100010101000101011001010100000011011000110000010010101000101111110111
runNumber 7
genCount 12935
elapsedTime 599.409
unaryHyperVol 266
binaryHyperVol 3.88889
additiveEps 0.333333
entropy 0.454958
archive 7
3
5 7  100 1000001000000100011010000010001100010101000101011001010100011011010000110000010010101000101111110111
3 8  100 1000001000000100011010000010001100010101000101011001010100011011011000110000010010101000101111110111
2 9  100 1000001000010001011010000010001100010101000101011001010100011011011000110000010010101000101111110111
runNumber 8
genCount 13058
elapsedTime 599.363
unaryHyperVol 266
binaryHyperVol 3.88889
additiveEps 0.333333
entropy 0.454958
archive 8
3
5 7  100 1000001000000100011010000010001100010101000101011001010100000011010000110000010010101000101111110111
3 8  100 1000001000000100011010000010001100010101000101011001010100000011011000110000010010101000101111110111
2 9  100 1000001000010001011010000010001100010101000101011001010100000011011000110000010010101000101111110111
runNumber 9
genCount 12718
elapsedTime 599.757
unaryHyperVol 266
binaryHyperVol 3.88889
additiveEps 0.333333
entropy 0.454958
archive 9
3
5 7  100 1000001000000100010010000010001100010101000101011001010100011011010000110000010010101000101111110111
3 8  100 1000001000000100010010000010001100010101000101011001010100011011011000110000010010101000101111110111
2 9  100 1000001000010001011010000010001100010101000101011001010100011011011000110000010010101000101111110111
runNumber 10
genCount 12894
elapsedTime 600.003
unaryHyperVol 266
binaryHyperVol 3.88889
additiveEps 0.333333
entropy 0.454958
archive 10
3
5 7  100 1000001000000100011010000010001100010101000101011001010100011011010000110000010010101000101111110111
3 8  100 1000001000000100011010000010001100010101000101011001010100011011011000110000010010101000101111110111
2 9  100 1000001000010001011010000010001100010101000101011001010100011011011000110000010010101000101111110111
runNumber 11
genCount 12679
elapsedTime 599.752
unaryHyperVol 275
binaryHyperVol 0
additiveEps 0
entropy 0.461903
archive 11
3
5 6  100 1000001000010100010010000010001100010101000101011001010100011011010000110001100010101000101111110111
3 7  100 1000001000010100011010000010001100010101000101011001010100011011011000110001100010101000101111110111
2 9  100 1000001000010001011010000010001100010101000101011001010100011011011000110000010010101000101111110111
runNumber 12
genCount 12785
elapsedTime 599.662
unaryHyperVol 266
binaryHyperVol 3.88889
additiveEps 0.333333
entropy 0.454958
archive 12
3
5 7  100 1000001000000100011010000010001100010101000101011001010100011011010000110000010010101000101111110111
3 8  100 1000001000000100011010000010001100010101000101011001010100011011011000110000010010101000101111110111
2 9  100 1000001000010001011010000010001100010101000101011001010100011011011000110000010010101000101111110111
runNumber 13
genCount 12306
elapsedTime 609.858
unaryHyperVol 275
binaryHyperVol 0
additiveEps 0
entropy 0.461903
archive 13
3
5 6  100 1000001000010100011010000010001100010101000101011001010100000011010000110001100010101000101111110111
3 7  100 1000001000010100011010000010001100010101000101011001010100000011011000110001100010101000101111110111
2 9  100 1000001000010001011010000010001100010101000101011001010100000011011000110000010010101000101111110111
runNumber 14
genCount 13069
elapsedTime 599.88
unaryHyperVol 275
binaryHyperVol 0
additiveEps 0
entropy 0.461903
archive 14
3
5 6  100 1000001000010100011010000010001100010101000101011001010100011011010000110001100010101000101111110111
3 7  100 1000001000010100010010000010001100010101000101011001010100011011011000110001100010101000101111110111
2 9  100 1000001000010001011010000010001100010101000101011001010100011011011000110000010010101000101111110111
runNumber 15
genCount 12644
elapsedTime 599.679
unaryHyperVol 266
binaryHyperVol 3.88889
additiveEps 0.333333
entropy 0.454958
archive 15
3
5 7  100 1000001000000100011010000010001100010101000101011001010100000011010000110000010010101000101111110111
3 8  100 1000001000000100010010000010001100010101000101011001010100000011011000110000010010101000101111110111
2 9  100 1000001000010001011010000010001100010101000101011001010100000011011000110000010010101000101111110111
runNumber 16
genCount 13574
elapsedTime 599.794
unaryHyperVol 266
binaryHyperVol 3.88889
additiveEps 0.333333
entropy 0.454958
archive 16
3
5 7  100 1000001000000100010010000010001100010101000101011001010100000011010000110000010010101000101111110111
3 8  100 1000001000000100010010000010001100010101000101011001010100000011011000110000010010101000101111110111
2 9  100 1000001000010001011010000010001100010101000101011001010100000011011000110000010010101000101111110111
runNumber 17
genCount 12595
elapsedTime 599.944
unaryHyperVol 266
binaryHyperVol 3.88889
additiveEps 0.333333
entropy 0.454958
archive 17
3
5 7  100 1000001000000100010010000010001100010101000101011001010100011011010000110000010010101000101111110111
3 8  100 1000001000000100010010000010001100010101000101011001010100011011011000110000010010101000101111110111
2 9  100 1000001000010001011010000010001100010101000101011001010100011011011000110000010010101000101111110111
runNumber 18
genCount 13438
elapsedTime 600.007
unaryHyperVol 257
binaryHyperVol 7.77778
additiveEps 0.666667
entropy 0.509891
archive 18
2
5 8  100 1000001000010001011010000010001100010101000101011001010100011011010000110000010010101000101111110111
2 9  100 1000001000010001011010000010001100010101000101011001010100011011011000110000010010101000101111110111
runNumber 19
genCount 13078
elapsedTime 599.961
unaryHyperVol 257
binaryHyperVol 7.77778
additiveEps 0.666667
entropy 0.509891
archive 19
2
5 8  100 1000001000010001011010000010001100010101000101011001010100011011010000110000010010101000101111110111
2 9  100 1000001000010001011010000010001100010101000101011001010100011011011000110000010010101000101111110111
runNumber 20
genCount 12440
elapsedTime 599.899
unaryHyperVol 266
binaryHyperVol 3.88889
additiveEps 0.333333
entropy 0.454958
archive 20
3
5 7  100 1000001000000100011010000010001100010101000101011001010100011011010000110000010010101000101111110111
3 8  100 1000001000000100011010000010001100010101000101011001010100011011011000110000010010101000101111110111
2 9  100 1000001000010001011010000010001100010101000101011001010100011011011000110000010010101000101111110111
runNumber 21
genCount 12681
elapsedTime 599.979
unaryHyperVol 266
binaryHyperVol 3.88889
additiveEps 0.333333
entropy 0.454958
archive 21
3
5 7  100 1000001000000100011010000010001100010101000101011001010100000011010000110000010010101000101111110111
3 8  100 1000001000000100011010000010001100010101000101011001010100000011011000110000010010101000101111110111
2 9  100 1000001000010001011010000010001100010101000101011001010100000011011000110000010010101000101111110111
runNumber 22
genCount 13603
elapsedTime 599.983
unaryHyperVol 266
binaryHyperVol 3.88889
additiveEps 0.333333
entropy 0.454958
archive 22
3
5 7  100 1000001000000100011010000010001100010101000101011001010100011011010000110000010010101000101111110111
3 8  100 1000001000000100011010000010001100010101000101011001010100011011011000110000010010101000101111110111
2 9  100 1000001000010001011010000010001100010101000101011001010100011011011000110000010010101000101111110111
runNumber 23
genCount 12902
elapsedTime 599.837
unaryHyperVol 266
binaryHyperVol 3.88889
additiveEps 0.333333
entropy 0.454958
archive 23
3
5 7  100 1000001000000100011010000010001100010101000101011001010100011011010000110000010010101000101111110111
3 8  100 1000001000000100011010000010001100010101000101011001010100011011011000110000010010101000101111110111
2 9  100 1000001000010001011010000010001100010101000101011001010100011011011000110000010010101000101111110111
runNumber 24
genCount 12632
elapsedTime 599.711
unaryHyperVol 275
binaryHyperVol 0
additiveEps 0
entropy 0.461903
archive 24
3
5 6  100 1000001000010100011010000010001100010101000101011001010100000011010000110001100010101000101111110111
3 7  100 1000001000010100011010000010001100010101000101011001010100000011011000110001100010101000101111110111
2 9  100 1000001000010001011010000010001100010101000101011001010100000011011000110000010010101000101111110111
runNumber 25
genCount 13142
elapsedTime 599.757
unaryHyperVol 275
binaryHyperVol 0
additiveEps 0
entropy 0.461903
archive 25
3
5 6  100 1000001000010100011010000010001100010101000101011001010100011011010000110001100010101000101111110111
3 7  100 1000001000010100011010000010001100010101000101011001010100011011011000110001100010101000101111110111
2 9  100 1000001000010001011010000010001100010101000101011001010100011011011000110000010010101000101111110111
runNumber 26
genCount 13250
elapsedTime 599.94
unaryHyperVol 275
binaryHyperVol 0
additiveEps 0
entropy 0.461903
archive 26
3
5 6  100 1000001000010100011010000010001100010101000101011001010100011011010000110001100010101000101111110111
3 7  100 1000001000010100011010000010001100010101000101011001010100011011011000110001100010101000101111110111
2 9  100 1000001000010001011010000010001100010101000101011001010100011011011000110000010010101000101111110111
runNumber 27
genCount 12830
elapsedTime 599.948
unaryHyperVol 275
binaryHyperVol 0
additiveEps 0
entropy 0.461903
archive 27
3
5 6  100 1000001000010100011010000010001100010101000101011001010100000011010000110001100010101000101111110111
3 7  100 1000001000010100011010000010001100010101000101011001010100000011011000110001100010101000101111110111
2 9  100 1000001000010001011010000010001100010101000101011001010100000011011000110000010010101000101111110111
runNumber 28
genCount 12949
elapsedTime 599.375
unaryHyperVol 266
binaryHyperVol 3.88889
additiveEps 0.333333
entropy 0.454958
archive 28
3
5 7  100 1000001000000100011010000010001100010101000101011001010100000011010000110000010010101000101111110111
3 8  100 1000001000000100011010000010001100010101000101011001010100000011011000110000010010101000101111110111
2 9  100 1000001000010001011010000010001100010101000101011001010100000011011000110000010010101000101111110111
runNumber 29
genCount 12876
elapsedTime 599.876
unaryHyperVol 266
binaryHyperVol 3.88889
additiveEps 0.333333
entropy 0.454958
archive 29
3
5 7  100 1000001000000100011010000010001100010101000101011001010100011011010000110000010010101000101111110111
3 8  100 1000001000000100011010000010001100010101000101011001010100011011011000110000010010101000101111110111
2 9  100 1000001000010001011010000010001100010101000101011001010100011011011000110000010010101000101111110111
