OptimalFront
unaryHyperVol 238
3
6 6  100 1010110111101110101001000010100100101101011001110011011011001101001110000100010111010100010101101011
5 7  100 1010110111101110101001000010100100101101011001110011011011000001001110000100010111010100010101101011
3 8  100 1010110111101110100001000010100100101101011001110011011011001101001110000100010111101000010101101011
-------------------------
runNumber 0
genCount 13050
elapsedTime 599.78
unaryHyperVol 213
binaryHyperVol 10.6667
additiveEps 0.333333
entropy 0.482558
archive 0
3
6 6  100 1010110111101110101001000010100100101101011001110011011011001101001110000100010111010100010101101011
5 7  100 1010110111101110101001000010100100101101011001110011011011000001001110000100010111010100010101101011
4 8  100 1010110111101110101001000010100100101101011001110011011011001101000110000100010101010100010101101011
runNumber 1
genCount 14139
elapsedTime 599.949
unaryHyperVol 232
binaryHyperVol 5.5
additiveEps 0.5
entropy 0.488066
archive 1
2
5 7  100 1010110111101110101001000010100100101101011001110011011011011101001110000100010111100000010101101011
3 8  100 1010110111101110100001000010100100101101011001110011011011001101001110000100010111101000010101101011
runNumber 2
genCount 12825
elapsedTime 599.912
unaryHyperVol 238
binaryHyperVol 0
additiveEps 0
entropy 0.270001
archive 2
3
6 6  100 1010110111101110101001000010100100101101011001110011011011001101001110000100010111010100010101101011
5 7  100 1010110111101110101001000010100100101101011001110011011011000001001110000100010111010100010101101011
3 8  100 1010110111101110101001000010100100101101011001110011011011001101001110000100010111100001010101101001
runNumber 3
genCount 12908
elapsedTime 599.879
unaryHyperVol 238
binaryHyperVol 0
additiveEps 0
entropy 0.270001
archive 3
3
6 6  100 1010110111101110101001000010100100101101011001110011011011001101001110000100010111010100010101101011
5 7  100 1010110111101110101001000010100100101101011001110011011011000001001110000100010111010100010101101011
3 8  100 1010110111101110101001000010100100101101011001110011011011001101001110000100010111100001010101101001
runNumber 4
genCount 12731
elapsedTime 599.533
unaryHyperVol 238
binaryHyperVol 0
additiveEps 0
entropy 0.270001
archive 4
3
6 6  100 1010110111101110101001000010100100101101011001110011011011001101001110000100010111010100010101101011
5 7  100 1010110111101110101001000010100100101101011001110011011011000001001110000100010111010100010101101011
3 8  100 1010110111101110101001000010100100101101011001110011011011001101001110000100010111100001010101101001
runNumber 5
genCount 12703
elapsedTime 599.718
unaryHyperVol 238
binaryHyperVol 0
additiveEps 0
entropy 0.270001
archive 5
3
6 6  100 1010110111101110101001000010100100101101011001110011011011001101001110000100010111010100010101101011
5 7  100 1010110111101110101001000010100100101101011001110011011011000001001110000100010111010100010101101011
3 8  100 1010110111101110100001000010100100101101011001110011011011001101001110000100010111101000010101101011
runNumber 6
genCount 13014
elapsedTime 599.769
unaryHyperVol 238
binaryHyperVol 0
additiveEps 0
entropy 0.270001
archive 6
3
6 6  100 1010110111101110101001000010100100101101011001110011011011001101001110000100010111010100010101101011
5 7  100 1010110111101110101001000010100100101101011001110011011011011101001110000100010111100000010101101011
3 8  100 1010110111101110101001000010100100101101011001110011011011001101001110000100010111100001010101101001
runNumber 7
genCount 12880
elapsedTime 599.815
unaryHyperVol 238
binaryHyperVol 0
additiveEps 0
entropy 0.270001
archive 7
3
6 6  100 1010110111101110101001000010100100101101011001110011011011001101001110000100010111010100010101101011
5 7  100 1010110111101110101001000010100100101101011001110011011011000001001110000100010111010100010101101011
3 8  100 1010110111101110101001000010100100101101011001110011011011001101001110000100010111100001010101101001
runNumber 8
genCount 12938
elapsedTime 599.683
unaryHyperVol 238
binaryHyperVol 0
additiveEps 0
entropy 0.270001
archive 8
3
6 6  100 1010110111101110101001000010100100101101011001110011011011001101001110000100010111010100010101101011
5 7  100 1010110111101110101001000010100100101101011001110011011011011101001110000100010111100000010101101011
3 8  100 1010110111101110101001000010100100101101011001110011011011001101001110000100010111100001010101101001
runNumber 9
genCount 12498
elapsedTime 599.66
unaryHyperVol 238
binaryHyperVol 0
additiveEps 0
entropy 0.270001
archive 9
3
6 6  100 1010110111101110101001000010100100101101011001110011011011001101001110000100010111010100010101101011
5 7  100 1010110111101110101001000010100100101101011001110011011011000001001110000100010111010100010101101011
3 8  100 1010110111101110100001000010100100101101011001110011011011001101001110000100010111101000010101101011
runNumber 10
genCount 12973
elapsedTime 599.548
unaryHyperVol 238
binaryHyperVol 0
additiveEps 0
entropy 0.270001
archive 10
3
6 6  100 1010110111101110101001000010100100101101011001110011011011001101001110000100010111010100010101101011
5 7  100 1010110111101110101001000010100100101101011001110011011011000001001110000100010111010100010101101011
3 8  100 1010110111101110101001000010100100101101011001110011011011001101001110000100010111100001010101101001
runNumber 11
genCount 12251
elapsedTime 599.606
unaryHyperVol 238
binaryHyperVol 0
additiveEps 0
entropy 0.270001
archive 11
3
6 6  100 1010110111101110101001000010100100101101011001110011011011001101001110000100010111010100010101101011
5 7  100 1010110111101110101001000010100100101101011001110011011011000001001110000100010111010100010101101011
3 8  100 1010110111101110100001000010100100101101011001110011011011001101001110000100010111101000010101101011
runNumber 12
genCount 12839
elapsedTime 599.324
unaryHyperVol 238
binaryHyperVol 0
additiveEps 0
entropy 0.270001
archive 12
3
6 6  100 1010110111101110101001000010100100101101011001110011011011001101001110000100010111010100010101101011
5 7  100 1010110111101110101001000010100100101101011001110011011011000001001110000100010111010100010101101011
3 8  100 1010110111101110101001000010100100101101011001110011011011001101001110000100010111100001010101101001
runNumber 13
genCount 12003
elapsedTime 602.127
unaryHyperVol 229
binaryHyperVol 4
additiveEps 0.333333
entropy 0.466242
archive 13
3
6 7  100 0110110101010110101001000010100100101101011001110011011011001101001110000100100111010100010101101011
5 8  100 0110110101010110101001000010100100101101011001110011011011011101001110000100100111100000010101101011
3 9  100 0110110101010110101001000010100100101101011001110011011011001101001110000100100111100001010101101001
runNumber 14
genCount 12774
elapsedTime 599.654
unaryHyperVol 238
binaryHyperVol 0
additiveEps 0
entropy 0.270001
archive 14
3
6 6  100 1010110111101110101001000010100100101101011001110011011011001101001110000100010111010100010101101011
5 7  100 1010110111101110101001000010100100101101011001110011011011000001001110000100010111010100010101101011
3 8  100 1010110111101110100001000010100100101101011001110011011011001101001110000100010111101000010101101011
runNumber 15
genCount 14005
elapsedTime 599.889
unaryHyperVol 232
binaryHyperVol 5.5
additiveEps 0.5
entropy 0.488066
archive 15
2
5 7  100 1010110111101110101001000010100100101101011001110011011011011101001110000100010111100000010101101011
3 8  100 1010110111101110100001000010100100101101011001110011011011001101001110000100010111101000010101101011
runNumber 16
genCount 13448
elapsedTime 599.856
unaryHyperVol 232
binaryHyperVol 5.5
additiveEps 0.5
entropy 0.488066
archive 16
2
5 7  100 1010110111101110101001000010100100101101011001110011011011011101001110000100010111100000010101101011
3 8  100 1010110111101110101001000010100100101101011001110011011011001101001110000100010111100001010101101001
runNumber 17
genCount 12746
elapsedTime 599.864
unaryHyperVol 238
binaryHyperVol 0
additiveEps 0
entropy 0.270001
archive 17
3
6 6  100 1010110111101110101001000010100100101101011001110011011011001101001110000100010111010100010101101011
5 7  100 1010110111101110101001000010100100101101011001110011011011000001001110000100010111010100010101101011
3 8  100 1010110111101110101001000010100100101101011001110011011011001101001110000100010111100001010101101001
runNumber 18
genCount 12693
elapsedTime 599.785
unaryHyperVol 229
binaryHyperVol 4
additiveEps 0.333333
entropy 0.466242
archive 18
3
6 7  100 0110110101010110101001000010100100101101011001110011011011001101001110000100100111010100010101101011
5 8  100 0110110101010110101001000010100100101101011001110011011011000001001110000100100111010100010101101011
3 9  100 0110110101010110100001000010100100101101011001110011011011001101001110000100100111101000010101101011
runNumber 19
genCount 12878
elapsedTime 599.597
unaryHyperVol 238
binaryHyperVol 0
additiveEps 0
entropy 0.270001
archive 19
3
6 6  100 1010110111101110101001000010100100101101011001110011011011001101001110000100010111010100010101101011
5 7  100 1010110111101110101001000010100100101101011001110011011011011101001110000100010111100000010101101011
3 8  100 1010110111101110101001000010100100101101011001110011011011001101001110000100010111100001010101101001
runNumber 20
genCount 12920
elapsedTime 599.869
unaryHyperVol 238
binaryHyperVol 0
additiveEps 0
entropy 0.270001
archive 20
3
6 6  100 1010110111101110101001000010100100101101011001110011011011001101001110000100010111010100010101101011
5 7  100 1010110111101110101001000010100100101101011001110011011011000001001110000100010111010100010101101011
3 8  100 1010110111101110101001000010100100101101011001110011011011001101001110000100010111100001010101101001
runNumber 21
genCount 12972
elapsedTime 599.93
unaryHyperVol 238
binaryHyperVol 0
additiveEps 0
entropy 0.270001
archive 21
3
6 6  100 1010110111101110101001000010100100101101011001110011011011001101001110000100010111010100010101101011
5 7  100 1010110111101110101001000010100100101101011001110011011011000001001110000100010111010100010101101011
3 8  100 1010110111101110101001000010100100101101011001110011011011001101001110000100010111100001010101101001
runNumber 22
genCount 13056
elapsedTime 599.976
unaryHyperVol 238
binaryHyperVol 0
additiveEps 0
entropy 0.270001
archive 22
3
6 6  100 1010110111101110101001000010100100101101011001110011011011001101001110000100010111010100010101101011
5 7  100 1010110111101110101001000010100100101101011001110011011011000001001110000100010111010100010101101011
3 8  100 1010110111101110101001000010100100101101011001110011011011001101001110000100010111100001010101101001
runNumber 23
genCount 12865
elapsedTime 604.234
unaryHyperVol 238
binaryHyperVol 0
additiveEps 0
entropy 0.270001
archive 23
3
6 6  100 1010110111101110101001000010100100101101011001110011011011001101001110000100010111010100010101101011
5 7  100 1010110111101110101001000010100100101101011001110011011011000001001110000100010111010100010101101011
3 8  100 1010110111101110100001000010100100101101011001110011011011001101001110000100010111101000010101101011
runNumber 24
genCount 13186
elapsedTime 599.688
unaryHyperVol 238
binaryHyperVol 0
additiveEps 0
entropy 0.270001
archive 24
3
6 6  100 1010110111101110101001000010100100101101011001110011011011001101001110000100010111010100010101101011
5 7  100 1010110111101110101001000010100100101101011001110011011011000001001110000100010111010100010101101011
3 8  100 1010110111101110101001000010100100101101011001110011011011001101001110000100010111100001010101101001
runNumber 25
genCount 12844
elapsedTime 599.918
unaryHyperVol 238
binaryHyperVol 0
additiveEps 0
entropy 0.270001
archive 25
3
6 6  100 1010110111101110101001000010100100101101011001110011011011001101001110000100010111010100010101101011
5 7  100 1010110111101110101001000010100100101101011001110011011011000001001110000100010111010100010101101011
3 8  100 1010110111101110100001000010100100101101011001110011011011001101001110000100010111101000010101101011
runNumber 26
genCount 13245
elapsedTime 599.844
unaryHyperVol 238
binaryHyperVol 0
additiveEps 0
entropy 0.270001
archive 26
3
6 6  100 1010110111101110101001000010100100101101011001110011011011001101001110000100010111010100010101101011
5 7  100 1010110111101110101001000010100100101101011001110011011011000001001110000100010111010100010101101011
3 8  100 1010110111101110101001000010100100101101011001110011011011001101001110000100010111100001010101101001
runNumber 27
genCount 12881
elapsedTime 599.88
unaryHyperVol 238
binaryHyperVol 0
additiveEps 0
entropy 0.270001
archive 27
3
6 6  100 1010110111101110101001000010100100101101011001110011011011001101001110000100010111010100010101101011
5 7  100 1010110111101110101001000010100100101101011001110011011011000001001110000100010111010100010101101011
3 8  100 1010110111101110101001000010100100101101011001110011011011001101001110000100010111100001010101101001
runNumber 28
genCount 12634
elapsedTime 599.813
unaryHyperVol 238
binaryHyperVol 0
additiveEps 0
entropy 0.270001
archive 28
3
6 6  100 1010110111101110101001000010100100101101011001110011011011001101001110000100010111010100010101101011
5 7  100 1010110111101110101001000010100100101101011001110011011011000001001110000100010111010100010101101011
3 8  100 1010110111101110101001000010100100101101011001110011011011001101001110000100010111100001010101101001
runNumber 29
genCount 12763
elapsedTime 599.736
unaryHyperVol 238
binaryHyperVol 0
additiveEps 0
entropy 0.270001
archive 29
3
6 6  100 1010110111101110101001000010100100101101011001110011011011001101001110000100010111010100010101101011
5 7  100 1010110111101110101001000010100100101101011001110011011011000001001110000100010111010100010101101011
3 8  100 1010110111101110101001000010100100101101011001110011011011001101001110000100010111100001010101101001
