OptimalFront
unaryHyperVol 429
Optimal front is obtained by exact method
-------------------------
3
2 9
4 8
6 7
runNumber 0
genCount 12887
elapsedTime 602.941
unaryHyperVol 429
binaryHyperVol 0
additiveEps 0
entropy 0.461903
archive 0
3
6 7  100 0111001001101011100111110000000100101011110110010010010111111110000101100000011100010110110000101010
4 8  100 0111001001010011100111110000000100101011110110010010010111111110000101100000011100010110110000101010
2 9  100 0111001001010011100111110000100100101011110110010010010111111110000101100010011100010110110000101010
runNumber 1
genCount 12961
elapsedTime 599.852
unaryHyperVol 429
binaryHyperVol 0
additiveEps 0
entropy 0.461903
archive 1
3
6 7  100 0111001001101011100111110000100100101011110110010010010111111110000101100000011100010110110000101010
4 8  100 0111001001101011100111110000100100101011110110010010010111111110000101100000001100010110110000101010
2 9  100 0111001001010011100111110000100100101011110110010010010111111110000101100010011100010110110000101010
runNumber 2
genCount 13048
elapsedTime 599.971
unaryHyperVol 418
binaryHyperVol 8
additiveEps 0.5
entropy 0.488066
archive 2
2
4 8  100 0111001001010011100111110000000100101011110110010010010111111110000101100000011100010110110000101010
2 9  100 0111001001010011100111110000000100101011110110010010010111111110000101100010011100010110110000101010
runNumber 3
genCount 12625
elapsedTime 599.904
unaryHyperVol 428
binaryHyperVol 0.0833333
additiveEps 0.25
entropy 0.374379
archive 3
4
6 7  100 0111001001101011100111110000100100101011110000010010010111111110000101100000011100100001110000100101
4 8  100 0111001001010011100111110000000100101011110000010010010111111110000101100000011100100001110000100101
3 9  100 0111001001010011100111110000000100101011110000010010010111111110000101100010011100100001110000100101
2 10  100 0111001001010011100111110000100100101011110000010010010111111110000101100010011100010110110000100101
runNumber 4
genCount 12966
elapsedTime 599.934
unaryHyperVol 429
binaryHyperVol 0
additiveEps 0
entropy 0.461903
archive 4
3
6 7  100 0111001001101011100111110000000100101011110110010010010111111110000101100000011100010110110000101010
4 8  100 0111001001010011100111110000000100101011110110010010010111111110000101100000011100010110110000101010
2 9  100 0111001001010011100111110000100100101011110110010010010111111110000101100010011100010110110000101010
runNumber 5
genCount 12602
elapsedTime 599.965
unaryHyperVol 417
binaryHyperVol 5.41667
additiveEps 0.333333
entropy 0.466686
archive 5
3
4 8  100 0111001001010011100111110000100100101011110110010010010111111110000101100000011100100001110000100101
3 9  100 0111001001010011100111110000100100101011110110010010010111111110000101100010011100100001110000100101
2 10  100 0111001001010011100111110000100100101011110110010010010111111110000101100010011100010110110000100101
runNumber 6
genCount 13142
elapsedTime 599.984
unaryHyperVol 418
binaryHyperVol 8
additiveEps 0.5
entropy 0.488066
archive 6
2
4 8  100 0111001001010011100111110000000100101011110000010010010111111110000101100000011100010110110000101010
2 9  100 0111001001010011100111110000100100101011110000010010010111111110000101100010011100010110110000101010
runNumber 7
genCount 12725
elapsedTime 599.886
unaryHyperVol 429
binaryHyperVol 0
additiveEps 0
entropy 0.461903
archive 7
3
6 7  100 0111001001101011100111110000100100101011110000010010010111111110000101100000011100010110110000101010
4 8  100 0111001001010011100111110000100100101011110000010010010111111110000101100000011100010110110000101010
2 9  100 0111001001010011100111110000000100101011110000010010010111111110000101100010011100010110110000101010
runNumber 8
genCount 12436
elapsedTime 599.845
unaryHyperVol 417
binaryHyperVol 5.41667
additiveEps 0.333333
entropy 0.466686
archive 8
3
4 8  100 0111001001010011100111110000000100101011110110010010010111111110000101100000011100100001110000100101
3 9  100 0111001001010011100111110000000100101011110110010010010111111110000101100010011100100001110000100101
2 10  100 0111001001010011100111110000000100101011110000010010010111111110000101100010011100010110110000100101
runNumber 9
genCount 13190
elapsedTime 599.861
unaryHyperVol 429
binaryHyperVol 0
additiveEps 0
entropy 0.461903
archive 9
3
6 7  100 0111001001101011100111110000000100101011110000010010010111111110000101100000011100010110110000101010
4 8  100 0111001001010011100111110000100100101011110000010010010111111110000101100000011100010110110000101010
2 9  100 0111001001010011100111110000000100101011110000010010010111111110000101100010011100010110110000101010
runNumber 10
genCount 13543
elapsedTime 599.919
unaryHyperVol 429
binaryHyperVol 0
additiveEps 0
entropy 0.461903
archive 10
3
6 7  100 0111001001101011100111110000100100101011110110010010010111111110000101100000011100010110110000101010
4 8  100 0111001001010011100111110000100100101011110110010010010111111110000101100000011100010110110000101010
2 9  100 0111001001010011100111110000100100101011110110010010010111111110000101100010011100010110110000101010
runNumber 11
genCount 13014
elapsedTime 599.992
unaryHyperVol 429
binaryHyperVol 0
additiveEps 0
entropy 0.461903
archive 11
3
6 7  100 0111001001101011100111110000100100101011110110010010010111111110000101100000011100010110110000101010
4 8  100 0111001001010011100111110000100100101011110110010010010111111110000101100000011100010110110000101010
2 9  100 0111001001010011100111110000100100101011110110010010010111111110000101100010011100010110110000101010
runNumber 12
genCount 12854
elapsedTime 599.95
unaryHyperVol 429
binaryHyperVol 0
additiveEps 0
entropy 0.461903
archive 12
3
6 7  100 0111001001101011100111110000100100101011110000010010010111111110000101100000011100010110110000101010
4 8  100 0111001001010011100111110000000100101011110000010010010111111110000101100000011100010110110000101010
2 9  100 0111001001010011100111110000000100101011110000010010010111111110000101100010011100010110110000101010
runNumber 13
genCount 12928
elapsedTime 599.84
unaryHyperVol 418
binaryHyperVol 8
additiveEps 0.5
entropy 0.488066
archive 13
2
4 8  100 0111001001010011100111110000100100101011110000010010010111111110000101100000011100010110110000101010
2 9  100 0111001001010011100111110000000100101011110000010010010111111110000101100010011100010110110000101010
runNumber 14
genCount 13247
elapsedTime 599.867
unaryHyperVol 418
binaryHyperVol 8
additiveEps 0.5
entropy 0.488066
archive 14
2
4 8  100 0111001001010011100111110000100100101011110110010010010111111110000101100000011100010110110000101010
2 9  100 0111001001010011100111110000100100101011110110010010010111111110000101100010011100010110110000101010
runNumber 15
genCount 12636
elapsedTime 599.413
unaryHyperVol 429
binaryHyperVol 0
additiveEps 0
entropy 0.461903
archive 15
3
6 7  100 0111001001101011100111110000100100101011110110010010010111111110000101100000011100010110110000101010
4 8  100 0111001001010011100111110000100100101011110110010010010111111110000101100000011100010110110000101010
2 9  100 0111001001010011100111110000100100101011110110010010010111111110000101100010011100010110110000101010
runNumber 16
genCount 13067
elapsedTime 599.79
unaryHyperVol 429
binaryHyperVol 0
additiveEps 0
entropy 0.461903
archive 16
3
6 7  100 0111001001101011100111110000000100101011110000010010010111111110000101100000011100010110110000101010
4 8  100 0111001001010011100111110000100100101011110000010010010111111110000101100000011100010110110000101010
2 9  100 0111001001010011100111110000000100101011110000010010010111111110000101100010011100010110110000101010
runNumber 17
genCount 13065
elapsedTime 599.875
unaryHyperVol 418
binaryHyperVol 8
additiveEps 0.5
entropy 0.488066
archive 17
2
4 8  100 0111001001010011100111110000000100101011110110010010010111111110000101100000011100010110110000101010
2 9  100 0111001001010011100111110000100100101011110110010010010111111110000101100010011100010110110000101010
runNumber 18
genCount 12529
elapsedTime 599.833
unaryHyperVol 429
binaryHyperVol 0
additiveEps 0
entropy 0.461903
archive 18
3
6 7  100 0111001001101011100111110000000100101011110110010010010111111110000101100000011100010110110000101010
4 8  100 0111001001010011100111110000100100101011110110010010010111111110000101100000011100010110110000101010
2 9  100 0111001001010011100111110000000100101011110110010010010111111110000101100010011100010110110000101010
runNumber 19
genCount 13003
elapsedTime 599.607
unaryHyperVol 429
binaryHyperVol 0
additiveEps 0
entropy 0.461903
archive 19
3
6 7  100 0111001001101011100111110000000100101011110110010010010111111110000101100000011100010110110000101010
4 8  100 0111001001010011100111110000000100101011110110010010010111111110000101100000011100010110110000101010
2 9  100 0111001001010011100111110000000100101011110110010010010111111110000101100010011100010110110000101010
runNumber 20
genCount 12338
elapsedTime 599.605
unaryHyperVol 428
binaryHyperVol 0.0833333
additiveEps 0.25
entropy 0.374379
archive 20
4
6 7  100 0111001001101011100111110000100100101011110110010010010111111110000101100000011100100001110000100101
4 8  100 0111001001010011100111110000100100101011110110010010010111111110000101100000011100100001110000100101
3 9  100 0111001001010011100111110000100100101011110110010010010111111110000101100010011100100001110000100101
2 10  100 0111001001010011100111110000100100101011110110010010010111111110000101100010011100010110110000100101
runNumber 21
genCount 13127
elapsedTime 599.41
unaryHyperVol 418
binaryHyperVol 8
additiveEps 0.5
entropy 0.488066
archive 21
2
4 8  100 0111001001010011100111110000000100101011110000010010010111111110000101100000011100010110110000101010
2 9  100 0111001001010011100111110000000100101011110000010010010111111110000101100010011100010110110000101010
runNumber 22
genCount 13427
elapsedTime 599.692
unaryHyperVol 418
binaryHyperVol 8
additiveEps 0.5
entropy 0.488066
archive 22
2
4 8  100 0111001001010011100111110000100100101011110110010010010111111110000101100000011100010110110000101010
2 9  100 0111001001010011100111110000000100101011110110010010010111111110000101100010011100010110110000101010
runNumber 23
genCount 13020
elapsedTime 600.031
unaryHyperVol 429
binaryHyperVol 0
additiveEps 0
entropy 0.461903
archive 23
3
6 7  100 0111001001101011100111110000000100101011110000010010010111111110000101100000011100010110110000101010
4 8  100 0111001001110011100111110000000100101011110000010010010111111110000101100000011100010110110000101010
2 9  100 0111001001010011100111110000000100101011110000010010010111111110000101100010011100010110110000101010
runNumber 24
genCount 12827
elapsedTime 599.669
unaryHyperVol 429
binaryHyperVol 0
additiveEps 0
entropy 0.461903
archive 24
3
6 7  100 0111001001101011100111110000000100101011110000010010010111111110000101100000011100010110110000101010
4 8  100 0111001001010011100111110000000100101011110000010010010111111110000101100000011100010110110000101010
2 9  100 0111001001010011100111110000000100101011110000010010010111111110000101100010011100010110110000101010
runNumber 25
genCount 13070
elapsedTime 599.767
unaryHyperVol 429
binaryHyperVol 0
additiveEps 0
entropy 0.461903
archive 25
3
6 7  100 0111001001101011100111110000100100101011110110010010010111111110000101100000011100010110110000101010
4 8  100 0111001001010011100111110000100100101011110110010010010111111110000101100000011100010110110000101010
2 9  100 0111001001010011100111110000100100101011110110010010010111111110000101100010011100010110110000101010
runNumber 26
genCount 12721
elapsedTime 599.357
unaryHyperVol 429
binaryHyperVol 0
additiveEps 0
entropy 0.461903
archive 26
3
6 7  100 0111001001101011100111110000100100101011110110010010010111111110000101100000011100010110110000101010
4 8  100 0111001001010011100111110000000100101011110110010010010111111110000101100000011100010110110000101010
2 9  100 0111001001010011100111110000000100101011110110010010010111111110000101100010011100010110110000101010
runNumber 27
genCount 12979
elapsedTime 599.459
unaryHyperVol 429
binaryHyperVol 0
additiveEps 0
entropy 0.461903
archive 27
3
6 7  100 0111001001101011100111110000100100101011110000010010010111111110000101100000011100010110110000101010
4 8  100 0111001001010011100111110000000100101011110000010010010111111110000101100000011100010110110000101010
2 9  100 0111001001010011100111110000000100101011110000010010010111111110000101100010011100010110110000101010
runNumber 28
genCount 13143
elapsedTime 599.492
unaryHyperVol 429
binaryHyperVol 0
additiveEps 0
entropy 0.461903
archive 28
3
6 7  100 0111001001101011100111110000100100101011110000010010010111111110000101100000011100010110110000101010
4 8  100 0111001001010011100111110000100100101011110000010010010111111110000101100000011100010110110000101010
2 9  100 0111001001010011100111110000100100101011110000010010010111111110000101100010011100010110110000101010
runNumber 29
genCount 12833
elapsedTime 599.568
unaryHyperVol 429
binaryHyperVol 0
additiveEps 0
entropy 0.461903
archive 29
3
6 7  100 0111001001101011100111110000000100101011110110010010010111111110000101100000011100010110110000101010
4 8  100 0111001001010011100111110000000100101011110110010010010111111110000101100000011100010110110000101010
2 9  100 0111001001010011100111110000100100101011110110010010010111111110000101100010011100010110110000101010
