OptimalFront
unaryHyperVol 459
Optimal front is obtained by exact method
-------------------------
3
2 8
3 7
4 6
runNumber 0
genCount 7279
elapsedTime 604.918
unaryHyperVol 459
binaryHyperVol 0
additiveEps 0
entropy 0.461903
archive 0
3
4 6  100 1000011000010000001001111010101100111111111010101010111001000000001110101111101110101110010101100110
3 7  100 1000011000010100001001111010101100111111111010101010111001000000001110101111101110101110010101100110
2 8  100 1000011000010000001001111010101100111111111010101010111001000000001110101100011110101110010101100110
runNumber 1
genCount 12635
elapsedTime 599.955
unaryHyperVol 459
binaryHyperVol 0
additiveEps 0
entropy 0.461903
archive 1
3
4 6  100 1000011000010000001001111010101100111111111010101010111001001000001110101111101110101110010101100110
3 7  100 1000011000010100001001111010101100111111111010101010111001000000001110101111101110101110010101100110
2 8  100 1000011000010000001001111010101100111111111010101010111001000000001110101100011110101110010101100110
runNumber 2
genCount 12824
elapsedTime 599.916
unaryHyperVol 459
binaryHyperVol 0
additiveEps 0
entropy 0.461903
archive 2
3
4 6  100 1000011000010000001001111010101100111111111010101010111001000000001110101111101110101110010101100101
3 7  100 1000011000010100001001111010101100111111111010101010111001000000001110101111101110101110010101100101
2 8  100 1000011000010000001001111010101100111111111010101010111001000000001110101100011110101110010101100101
runNumber 3
genCount 12061
elapsedTime 599.943
unaryHyperVol 459
binaryHyperVol 0
additiveEps 0
entropy 0.461903
archive 3
3
4 6  100 1000011000010000001001111010101100111111111010101010111001000000001110101111101110101110010101100110
3 7  100 1000011000010100001001111010101100111111111010101010111001001000001110101111101110101110010101100110
2 8  100 1000011000010000001001111010101100111111111010101010111001001000001110101100011110101110010101100110
runNumber 4
genCount 12527
elapsedTime 600
unaryHyperVol 459
binaryHyperVol 0
additiveEps 0
entropy 0.461903
archive 4
3
4 6  100 1000010100010000001001111010101100111111111010101010111001000000001110101111101110101110010101100110
3 7  100 1000010100010100001001111010101100111111111010101010111001001000001110101111101110101110010101100110
2 8  100 1000010100010000001001111010101100111111111010101010111001001000001110101100011110101110010101100110
runNumber 5
genCount 12483
elapsedTime 599.91
unaryHyperVol 459
binaryHyperVol 0
additiveEps 0
entropy 0.461903
archive 5
3
4 6  100 1000011000010000001001111010101100111111111010101010111001001000001110101111101110101110010101100110
3 7  100 1000011000010100001001111010101100111111111010101010111001001000001110101111101110101110010101100110
2 8  100 1000011000010000001001111010101100111111111010101010111001001000001110101100011110101110010101100110
runNumber 6
genCount 12889
elapsedTime 599.899
unaryHyperVol 459
binaryHyperVol 0
additiveEps 0
entropy 0.461903
archive 6
3
4 6  100 1000010100010000001001111010101100111111111010101010111001000000001110101111101110101110010101100101
3 7  100 1000010100010100001001111010101100111111111010101010111001000000001110101111101110101110010101100101
2 8  100 1000010100010000001001111010101100111111111010101010111001000000001110101100011110101110010101100101
runNumber 7
genCount 13027
elapsedTime 600.004
unaryHyperVol 459
binaryHyperVol 0
additiveEps 0
entropy 0.461903
archive 7
3
4 6  100 1000010100010000001001111010101100111111111010101010111001001000001110101111101110101110010101100101
3 7  100 1000010100010100001001111010101100111111111010101010111001000000001110101111101110101110010101100101
2 8  100 1000010100010000001001111010101100111111111010101010111001000000001110101100011110101110010101100101
runNumber 8
genCount 12979
elapsedTime 599.988
unaryHyperVol 459
binaryHyperVol 0
additiveEps 0
entropy 0.461903
archive 8
3
4 6  100 1000011000010000001001111010101100111111111010101010111001000000001110101111101110101110010101100110
3 7  100 1000011000010100001001111010101100111111111010101010111001000000001110101111101110101110010101100110
2 8  100 1000011000010000001001111010101100111111111010101010111001000000001110101100011110101110010101100110
runNumber 9
genCount 12619
elapsedTime 599.803
unaryHyperVol 459
binaryHyperVol 0
additiveEps 0
entropy 0.461903
archive 9
3
4 6  100 1000011000010000001001111010101100111111111010101010111001001000001110101111101110101110010101100101
3 7  100 1000011000010100001001111010101100111111111010101010111001001000001110101111101110101110010101100101
2 8  100 1000011000010000001001111010101100111111111010101010111001000000001110101100011110101110010101100101
runNumber 10
genCount 12479
elapsedTime 599.828
unaryHyperVol 459
binaryHyperVol 0
additiveEps 0
entropy 0.461903
archive 10
3
4 6  100 1000010100010000001001111010101100111111111010101010111001001000001110101111101110101110010101100110
3 7  100 1000010100010100001001111010101100111111111010101010111001001000001110101111101110101110010101100110
2 8  100 1000010100010000001001111010101100111111111010101010111001000000001110101100011110101110010101100110
runNumber 11
genCount 12727
elapsedTime 599.882
unaryHyperVol 459
binaryHyperVol 0
additiveEps 0
entropy 0.461903
archive 11
3
4 6  100 1000010100010000001001111010101100111111111010101010111001001000001110101111101110101110010101100110
3 7  100 1000010100010100001001111010101100111111111010101010111001001000001110101111101110101110010101100110
2 8  100 1000010100010000001001111010101100111111111010101010111001001000001110101100011110101110010101100110
runNumber 12
genCount 12984
elapsedTime 599.871
unaryHyperVol 459
binaryHyperVol 0
additiveEps 0
entropy 0.461903
archive 12
3
4 6  100 1000011000010000001001111010101100111111111010101010111001000000001110101111101110101110010101100110
3 7  100 1000011000010100001001111010101100111111111010101010111001000000001110101111101110101110010101100110
2 8  100 1000011000010000001001111010101100111111111010101010111001000000001110101100011110101110010101100110
runNumber 13
genCount 12968
elapsedTime 599.989
unaryHyperVol 459
binaryHyperVol 0
additiveEps 0
entropy 0.461903
archive 13
3
4 6  100 1000011000010000001001111010101100111111111010101010111001001000001110101111101110101110010101100101
3 7  100 1000011000010100001001111010101100111111111010101010111001001000001110101111101110101110010101100101
2 8  100 1000011000010000001001111010101100111111111010101010111001000000001110101100011110101110010101100101
runNumber 14
genCount 12663
elapsedTime 599.934
unaryHyperVol 459
binaryHyperVol 0
additiveEps 0
entropy 0.461903
archive 14
3
4 6  100 1000010100010000001001111010101100111111111010101010111001000000001110101111101110101110010101100101
3 7  100 1000010100010100001001111010101100111111111010101010111001000000001110101111101110101110010101100101
2 8  100 1000010100010000001001111010101100111111111010101010111001000000001110101100011110101110010101100101
runNumber 15
genCount 12600
elapsedTime 600.037
unaryHyperVol 459
binaryHyperVol 0
additiveEps 0
entropy 0.461903
archive 15
3
4 6  100 1000011000010000001001111010101100111111111010101010111001000000001110101111101110101110010101100110
3 7  100 1000011000010100001001111010101100111111111010101010111001000000001110101111101110101110010101100110
2 8  100 1000011000010000001001111010101100111111111010101010111001001000001110101100011110101110010101100110
runNumber 16
genCount 12029
elapsedTime 599.915
unaryHyperVol 459
binaryHyperVol 0
additiveEps 0
entropy 0.461903
archive 16
3
4 6  100 1000010100010000001001111010101100111111111010101010111001001000001110101111101110101110010101100101
3 7  100 1000010100010100001001111010101100111111111010101010111001001000001110101111101110101110010101100101
2 8  100 1000010100010000001001111010101100111111111010101010111001000000001110101100011110101110010101100101
runNumber 17
genCount 12388
elapsedTime 599.894
unaryHyperVol 459
binaryHyperVol 0
additiveEps 0
entropy 0.461903
archive 17
3
4 6  100 1000011000010000001001111010101100111111111010101010111001001000001110101111101110101110010101100101
3 7  100 1000011000010100001001111010101100111111111010101010111001001000001110101111101110101110010101100101
2 8  100 1000011000010000001001111010101100111111111010101010111001000000001110101100011110101110010101100101
runNumber 18
genCount 12965
elapsedTime 599.958
unaryHyperVol 459
binaryHyperVol 0
additiveEps 0
entropy 0.461903
archive 18
3
4 6  100 1000011000010000001001111010101100111111111010101010111001000000001110101111101110101110010101100110
3 7  100 1000011000010100001001111010101100111111111010101010111001000000001110101111101110101110010101100110
2 8  100 1000011000010000001001111010101100111111111010101010111001001000001110101100011110101110010101100110
runNumber 19
genCount 12780
elapsedTime 599.906
unaryHyperVol 459
binaryHyperVol 0
additiveEps 0
entropy 0.461903
archive 19
3
4 6  100 1000011000010000001001111010101100111111111010101010111001001000001110101111101110101110010101100110
3 7  100 1000010100010100001001111010101100111111111010101010111001001000001110101111101110101110010101100110
2 8  100 1000011000010000001001111010101100111111111010101010111001001000001110101100011110101110010101100110
runNumber 20
genCount 12624
elapsedTime 599.831
unaryHyperVol 459
binaryHyperVol 0
additiveEps 0
entropy 0.461903
archive 20
3
4 6  100 1000011000010000001001111010101100111111111010101010111001001000001110101111101110101110010101100101
3 7  100 1000011000010100001001111010101100111111111010101010111001001000001110101111101110101110010101100101
2 8  100 1000011000010000001001111010101100111111111010101010111001001000001110101100011110101110010101100101
runNumber 21
genCount 12735
elapsedTime 599.892
unaryHyperVol 459
binaryHyperVol 0
additiveEps 0
entropy 0.461903
archive 21
3
4 6  100 1000011000010000001001111010101100111111111010101010111001001000001110101111101110101110010101100110
3 7  100 1000011000010100001001111010101100111111111010101010111001001000001110101111101110101110010101100110
2 8  100 1000011000010000001001111010101100111111111010101010111001001000001110101100011110101110010101100110
runNumber 22
genCount 12668
elapsedTime 599.954
unaryHyperVol 459
binaryHyperVol 0
additiveEps 0
entropy 0.461903
archive 22
3
4 6  100 1000011000010000001001111010101100111111111010101010111001001000001110101111101110101110010101100110
3 7  100 1000011000010100001001111010101100111111111010101010111001000000001110101111101110101110010101100110
2 8  100 1000011000010000001001111010101100111111111010101010111001001000001110101100011110101110010101100110
runNumber 23
genCount 12518
elapsedTime 599.957
unaryHyperVol 459
binaryHyperVol 0
additiveEps 0
entropy 0.461903
archive 23
3
4 6  100 1000010100010000001001111010101100111111111010101010111001001000001110101111101110101110010101100110
3 7  100 1000010100010100001001111010101100111111111010101010111001000000001110101111101110101110010101100110
2 8  100 1000010100010000001001111010101100111111111010101010111001000000001110101100011110101110010101100110
runNumber 24
genCount 12627
elapsedTime 599.97
unaryHyperVol 459
binaryHyperVol 0
additiveEps 0
entropy 0.461903
archive 24
3
4 6  100 1000010100010000001001111010101100111111111010101010111001001000001110101111101110101110010101100110
3 7  100 1000010100010100001001111010101100111111111010101010111001001000001110101111101110101110010101100110
2 8  100 1000010100010000001001111010101100111111111010101010111001000000001110101100011110101110010101100110
runNumber 25
genCount 12118
elapsedTime 599.946
unaryHyperVol 459
binaryHyperVol 0
additiveEps 0
entropy 0.461903
archive 25
3
4 6  100 1000011000010000001001111010101100111111111010101010111001000000001110101111101110101110010101100110
3 7  100 1000011000010100001001111010101100111111111010101010111001000000001110101111101110101110010101100110
2 8  100 1000011000010000001001111010101100111111111010101010111001000000001110101100011110101110010101100110
runNumber 26
genCount 12483
elapsedTime 599.987
unaryHyperVol 459
binaryHyperVol 0
additiveEps 0
entropy 0.461903
archive 26
3
4 6  100 1000011000010000001001111010101100111111111010101010111001000000001110101111101110101110010101100110
3 7  100 1000011000010100001001111010101100111111111010101010111001000000001110101111101110101110010101100110
2 8  100 1000011000010000001001111010101100111111111010101010111001000000001110101100011110101110010101100110
runNumber 27
genCount 12827
elapsedTime 599.855
unaryHyperVol 459
binaryHyperVol 0
additiveEps 0
entropy 0.461903
archive 27
3
4 6  100 1000011000010000001001111010101100111111111010101010111001001000001110101111101110101110010101100110
3 7  100 1000011000010100001001111010101100111111111010101010111001001000001110101111101110101110010101100110
2 8  100 1000011000010000001001111010101100111111111010101010111001001000001110101100011110101110010101100110
runNumber 28
genCount 12423
elapsedTime 599.931
unaryHyperVol 459
binaryHyperVol 0
additiveEps 0
entropy 0.461903
archive 28
3
4 6  100 1000010100010000001001111010101100111111111010101010111001000000001110101111101110101110010101100101
3 7  100 1000010100010100001001111010101100111111111010101010111001001000001110101111101110101110010101100101
2 8  100 1000010100010000001001111010101100111111111010101010111001001000001110101100011110101110010101100101
runNumber 29
genCount 12529
elapsedTime 599.874
unaryHyperVol 459
binaryHyperVol 0
additiveEps 0
entropy 0.461903
archive 29
3
4 6  100 1000011000010000001001111010101100111111111010101010111001000000001110101111101110101110010101100110
3 7  100 1000011000010100001001111010101100111111111010101010111001000000001110101111101110101110010101100110
2 8  100 1000011000010000001001111010101100111111111010101010111001000000001110101100011110101110010101100110
