OptimalFront
unaryHyperVol 344
Optimal front is obtained by exact method
-------------------------
3
1 6
2 5
4 4
runNumber 0
genCount 12580
elapsedTime 600.058
unaryHyperVol 344
binaryHyperVol 0
additiveEps 0
entropy 0.270001
archive 0
3
4 4  100 0111001001101111101011110010100100101111110100010010010111111010000101100000011100100010110000101011
2 5  100 0111001001101111101011110010100100101111110100010010010111111010000101100010011100100010110000101011
1 6  100 0111001001101111101011110010100100101111110100010010010111111010001001100010011100100010110000101011
runNumber 1
genCount 12906
elapsedTime 599.92
unaryHyperVol 344
binaryHyperVol 0
additiveEps 0
entropy 0.270001
archive 1
3
4 4  100 0111001001101111101011110010100100101111110100010010010111111010000101100000011100100010110000101011
2 5  100 0111001001101111101011110010100100101111110100010010010111111010000101100010011100100010110000101011
1 6  100 0111001001101111101011110010100100101111110100010010010111111010001001100010011100100010110000101011
runNumber 2
genCount 12937
elapsedTime 599.869
unaryHyperVol 344
binaryHyperVol 0
additiveEps 0
entropy 0.270001
archive 2
3
4 4  100 0111001001101111101011110010100100101111110100010010010111111010000101100000011100100010110000101011
2 5  100 0111001001101111101011110010100100101111110100010010010111111010000101100010011100100010110000101011
1 6  100 0111001001101111101011110010100100101111110100010010010111111010001001100010011100100010110000101011
runNumber 3
genCount 12842
elapsedTime 599.969
unaryHyperVol 344
binaryHyperVol 0
additiveEps 0
entropy 0.270001
archive 3
3
4 4  100 0111001001101111101011110010100100101111110100010010010111111010000101100000011100100010110000101011
2 5  100 0111001001101111101011110010100100101111110100010010010111111010000101100010011100100010110000101011
1 6  100 0111001001101111101011110010100100101111110100010010010111111010001001100010011100100010110000101011
runNumber 4
genCount 12746
elapsedTime 599.841
unaryHyperVol 344
binaryHyperVol 0
additiveEps 0
entropy 0.270001
archive 4
3
4 4  100 0111001001101111101011110010100100101111110100010010010111111010000101100000011100100010110000101011
2 5  100 0111001001101111101011110010100100101111110100010010010111111010000101100010011100100010110000101011
1 6  100 0111001001101111101011110010100100101111110100010010010111111010001001100010011100100010110000101011
runNumber 5
genCount 12973
elapsedTime 599.79
unaryHyperVol 344
binaryHyperVol 0
additiveEps 0
entropy 0.270001
archive 5
3
4 4  100 0111001001101111101011110010100100101111110100010010010111111010000101100000011100100010110000101011
2 5  100 0111001001101111101011110010100100101111110100010010010111111010000101100010011100100010110000101011
1 6  100 0111001001101111101011110010100100101111110100010010010111111010001001100010011100100010110000101011
runNumber 6
genCount 12896
elapsedTime 599.928
unaryHyperVol 344
binaryHyperVol 0
additiveEps 0
entropy 0.270001
archive 6
3
4 4  100 0111001001101111101011110010100100101111110100010010010111111010000101100000011100100010110000101011
2 5  100 0111001001101111101011110010100100101111110100010010010111111010000101100010011100100010110000101011
1 6  100 0111001001101111101011110010100100101111110100010010010111111010001001100010011100100010110000101011
runNumber 7
genCount 12893
elapsedTime 599.86
unaryHyperVol 344
binaryHyperVol 0
additiveEps 0
entropy 0.270001
archive 7
3
4 4  100 0111001001101111101011110010100100101111110100010010010111111010000101100000011100100010110000101011
2 5  100 0111001001101111101011110010100100101111110100010010010111111010000101100010011100100010110000101011
1 6  100 0111001001101111101011110010100100101111110100010010010111111010001001100010011100100010110000101011
runNumber 8
genCount 12747
elapsedTime 599.953
unaryHyperVol 344
binaryHyperVol 0
additiveEps 0
entropy 0.270001
archive 8
3
4 4  100 0111001001101111101011110010100100101111110100010010010111111010000101100000011100100010110000101011
2 5  100 0111001001101111101011110010100100101111110100010010010111111010000101100010011100100010110000101011
1 6  100 0111001001101111101011110010100100101111110100010010010111111010001001100010011100100010110000101011
runNumber 9
genCount 12836
elapsedTime 599.983
unaryHyperVol 344
binaryHyperVol 0
additiveEps 0
entropy 0.270001
archive 9
3
4 4  100 0111001001101111101011110010100100101111110100010010010111111010000101100000011100100010110000101011
2 5  100 0111001001101111101011110010100100101111110100010010010111111010000101100010011100100010110000101011
1 6  100 0111001001101111101011110010100100101111110100010010010111111010001001100010011100100010110000101011
runNumber 10
genCount 12961
elapsedTime 599.836
unaryHyperVol 344
binaryHyperVol 0
additiveEps 0
entropy 0.270001
archive 10
3
4 4  100 0111001001101111101011110010100100101111110100010010010111111010000101100000011100100010110000101011
2 5  100 0111001001101111101011110010100100101111110100010010010111111010000101100010011100100010110000101011
1 6  100 0111001001101111101011110010100100101111110100010010010111111010001001100010011100100010110000101011
runNumber 11
genCount 12861
elapsedTime 599.84
unaryHyperVol 344
binaryHyperVol 0
additiveEps 0
entropy 0.270001
archive 11
3
4 4  100 0111001001101111101011110010100100101111110100010010010111111010000101100000011100100010110000101011
2 5  100 0111001001101111101011110010100100101111110100010010010111111010000101100010011100100010110000101011
1 6  100 0111001001101111101011110010100100101111110100010010010111111010001001100010011100100010110000101011
runNumber 12
genCount 12849
elapsedTime 599.839
unaryHyperVol 344
binaryHyperVol 0
additiveEps 0
entropy 0.270001
archive 12
3
4 4  100 0111001001101111101011110010100100101111110100010010010111111010000101100000011100100010110000101011
2 5  100 0111001001101111101011110010100100101111110100010010010111111010000101100010011100100010110000101011
1 6  100 0111001001101111101011110010100100101111110100010010010111111010001001100010011100100010110000101011
runNumber 13
genCount 12694
elapsedTime 599.759
unaryHyperVol 344
binaryHyperVol 0
additiveEps 0
entropy 0.270001
archive 13
3
4 4  100 0111001001101111101011110010100100101111110100010010010111111010000101100000011100100010110000101011
2 5  100 0111001001101111101011110010100100101111110100010010010111111010000101100010011100100010110000101011
1 6  100 0111001001101111101011110010100100101111110100010010010111111010001001100010011100100010110000101011
runNumber 14
genCount 12811
elapsedTime 599.924
unaryHyperVol 344
binaryHyperVol 0
additiveEps 0
entropy 0.270001
archive 14
3
4 4  100 0111001001101111101011110010100100101111110100010010010111111010000101100000011100100010110000101011
2 5  100 0111001001101111101011110010100100101111110100010010010111111010000101100010011100100010110000101011
1 6  100 0111001001101111101011110010100100101111110100010010010111111010001001100010011100100010110000101011
runNumber 15
genCount 13133
elapsedTime 599.899
unaryHyperVol 344
binaryHyperVol 0
additiveEps 0
entropy 0.270001
archive 15
3
4 4  100 0111001001101111101011110010100100101111110100010010010111111010000101100000011100100010110000101011
2 5  100 0111001001101111101011110010100100101111110100010010010111111010000101100010011100100010110000101011
1 6  100 0111001001101111101011110010100100101111110100010010010111111010001001100010011100100010110000101011
runNumber 16
genCount 12681
elapsedTime 599.961
unaryHyperVol 344
binaryHyperVol 0
additiveEps 0
entropy 0.270001
archive 16
3
4 4  100 0111001001101111101011110010100100101111110100010010010111111010000101100000011100100010110000101011
2 5  100 0111001001101111101011110010100100101111110100010010010111111010000101100010011100100010110000101011
1 6  100 0111001001101111101011110010100100101111110100010010010111111010001001100010011100100010110000101011
runNumber 17
genCount 12961
elapsedTime 599.908
unaryHyperVol 344
binaryHyperVol 0
additiveEps 0
entropy 0.270001
archive 17
3
4 4  100 0111001001101111101011110010100100101111110100010010010111111010000101100000011100100010110000101011
2 5  100 0111001001101111101011110010100100101111110100010010010111111010000101100010011100100010110000101011
1 6  100 0111001001101111101011110010100100101111110100010010010111111010001001100010011100100010110000101011
runNumber 18
genCount 12974
elapsedTime 599.948
unaryHyperVol 344
binaryHyperVol 0
additiveEps 0
entropy 0.270001
archive 18
3
4 4  100 0111001001101111101011110010100100101111110100010010010111111010000101100000011100100010110000101011
2 5  100 0111001001101111101011110010100100101111110100010010010111111010000101100010011100100010110000101011
1 6  100 0111001001101111101011110010100100101111110100010010010111111010001001100010011100100010110000101011
runNumber 19
genCount 12846
elapsedTime 599.879
unaryHyperVol 344
binaryHyperVol 0
additiveEps 0
entropy 0.270001
archive 19
3
4 4  100 0111001001101111101011110010100100101111110100010010010111111010000101100000011100100010110000101011
2 5  100 0111001001101111101011110010100100101111110100010010010111111010000101100010011100100010110000101011
1 6  100 0111001001101111101011110010100100101111110100010010010111111010001001100010011100100010110000101011
runNumber 20
genCount 12783
elapsedTime 599.984
unaryHyperVol 344
binaryHyperVol 0
additiveEps 0
entropy 0.270001
archive 20
3
4 4  100 0111001001101111101011110010100100101111110100010010010111111010000101100000011100100010110000101011
2 5  100 0111001001101111101011110010100100101111110100010010010111111010000101100010011100100010110000101011
1 6  100 0111001001101111101011110010100100101111110100010010010111111010001001100010011100100010110000101011
runNumber 21
genCount 12991
elapsedTime 599.64
unaryHyperVol 344
binaryHyperVol 0
additiveEps 0
entropy 0.270001
archive 21
3
4 4  100 0111001001101111101011110010100100101111110100010010010111111010000101100000011100100010110000101011
2 5  100 0111001001101111101011110010100100101111110100010010010111111010000101100010011100100010110000101011
1 6  100 0111001001101111101011110010100100101111110100010010010111111010001001100010011100100010110000101011
runNumber 22
genCount 12989
elapsedTime 599.968
unaryHyperVol 344
binaryHyperVol 0
additiveEps 0
entropy 0.270001
archive 22
3
4 4  100 0111001001101111101011110010100100101111110100010010010111111010000101100000011100100010110000101011
2 5  100 0111001001101111101011110010100100101111110100010010010111111010000101100010011100100010110000101011
1 6  100 0111001001101111101011110010100100101111110100010010010111111010001001100010011100100010110000101011
runNumber 23
genCount 12637
elapsedTime 599.66
unaryHyperVol 344
binaryHyperVol 0
additiveEps 0
entropy 0.270001
archive 23
3
4 4  100 0111001001101111101011110010100100101111110100010010010111111010000101100000011100100010110000101011
2 5  100 0111001001101111101011110010100100101111110100010010010111111010000101100010011100100010110000101011
1 6  100 0111001001101111101011110010100100101111110100010010010111111010001001100010011100100010110000101011
runNumber 24
genCount 12674
elapsedTime 599.619
unaryHyperVol 344
binaryHyperVol 0
additiveEps 0
entropy 0.270001
archive 24
3
4 4  100 0111001001101111101011110010100100101111110100010010010111111010000101100000011100100010110000101011
2 5  100 0111001001101111101011110010100100101111110100010010010111111010000101100010011100100010110000101011
1 6  100 0111001001101111101011110010100100101111110100010010010111111010001001100010011100100010110000101011
runNumber 25
genCount 12989
elapsedTime 599.808
unaryHyperVol 344
binaryHyperVol 0
additiveEps 0
entropy 0.270001
archive 25
3
4 4  100 0111001001101111101011110010100100101111110100010010010111111010000101100000011100100010110000101011
2 5  100 0111001001101111101011110010100100101111110100010010010111111010000101100010011100100010110000101011
1 6  100 0111001001101111101011110010100100101111110100010010010111111010001001100010011100100010110000101011
runNumber 26
genCount 12781
elapsedTime 599.943
unaryHyperVol 344
binaryHyperVol 0
additiveEps 0
entropy 0.270001
archive 26
3
4 4  100 0111001001101111101011110010100100101111110100010010010111111010000101100000011100100010110000101011
2 5  100 0111001001101111101011110010100100101111110100010010010111111010000101100010011100100010110000101011
1 6  100 0111001001101111101011110010100100101111110100010010010111111010001001100010011100100010110000101011
runNumber 27
genCount 13432
elapsedTime 599.646
unaryHyperVol 344
binaryHyperVol 0
additiveEps 0
entropy 0.270001
archive 27
3
4 4  100 0111001001101111101011110010100100101111110100010010010111111010000101100000011100100010110000101011
2 5  100 0111001001101111101011110010100100101111110100010010010111111010000101100010011100100010110000101011
1 6  100 0111001001101111101011110010100100101111110100010010010111111010001001100010011100100010110000101011
runNumber 28
genCount 12831
elapsedTime 599.949
unaryHyperVol 344
binaryHyperVol 0
additiveEps 0
entropy 0.270001
archive 28
3
4 4  100 0111001001101111101011110010100100101111110100010010010111111010000101100000011100100010110000101011
2 5  100 0111001001101111101011110010100100101111110100010010010111111010000101100010011100100010110000101011
1 6  100 0111001001101111101011110010100100101111110100010010010111111010001001100010011100100010110000101011
runNumber 29
genCount 12673
elapsedTime 599.844
unaryHyperVol 344
binaryHyperVol 0
additiveEps 0
entropy 0.270001
archive 29
3
4 4  100 0111001001101111101011110010100100101111110100010010010111111010000101100000011100100010110000101011
2 5  100 0111001001101111101011110010100100101111110100010010010111111010000101100010011100100010110000101011
1 6  100 0111001001101111101011110010100100101111110100010010010111111010001001100010011100100010110000101011
