OptimalFront
unaryHyperVol 355
Optimal front is obtained by exact method
-------------------------
4
2 7
3 6
4 5
7 4
runNumber 0
genCount 12927
elapsedTime 599.542
unaryHyperVol 349
binaryHyperVol 4
additiveEps 0.333333
entropy 0.482558
archive 0
3
4 5  100 1000000111101101110001111100101001101010110101000010110111011001101000011101100011101000011101111000
3 6  100 1000000111101101110001111100101001101010110101000010110111011001101000011101100011101000011101111010
2 7  100 1000000111101101110000111100101001101010110101000010110111011001101000011101100011010100011101111010
runNumber 1
genCount 13080
elapsedTime 599.851
unaryHyperVol 349
binaryHyperVol 4
additiveEps 0.333333
entropy 0.482558
archive 1
3
4 5  100 1000000111101101110001111100101001101010110101000010110111011001101000011101100011101000011101111000
3 6  100 1000000111101101110001111100101001101010110101000010110111011001101000011101100011101000011101111010
2 7  100 1000000111101101110000111100101001101010110101000010110111011001101000011101100011010100011101111010
runNumber 2
genCount 13306
elapsedTime 599.967
unaryHyperVol 349
binaryHyperVol 4
additiveEps 0.333333
entropy 0.482558
archive 2
3
4 5  100 1000000111101101110001111100101001101010110101000010110111011001101000011101100011101000011101111000
3 6  100 1000000111101101110001111100101001101010110101000010110111011001101000011101100011101000011101111010
2 7  100 1000000111101101110000111100101001101010110101000010110111011001101000011101100011010100011101111010
runNumber 3
genCount 12577
elapsedTime 599.989
unaryHyperVol 355
binaryHyperVol 0
additiveEps 0
entropy 0.326045
archive 3
4
7 4  100 1000000111011101110000001100101001101010110101000010110111011001101000011101100011101000011101111000
4 5  100 1000000111101101110001111100101001101010110101000010110111011001101000011101100011101000011101111000
3 6  100 1000000111101101110001111100101001101010110101000010110111011001101000011101100011101000011101111010
2 7  100 1000000111101101110000111100101001101010110101000010110111011001101000011101100011010100011101111010
runNumber 4
genCount 13535
elapsedTime 599.875
unaryHyperVol 349
binaryHyperVol 4
additiveEps 0.333333
entropy 0.482558
archive 4
3
4 5  100 1000000111101101110001111100101001101010110101000010110111011001101000011101100011101000011101111000
3 6  100 1000000111101101110001111100101001101010110101000010110111011001101000011101100011101000011101111010
2 7  100 1000000111101101110000111100101001101010110101000010110111011001101000011101100011010100011101111010
runNumber 5
genCount 13430
elapsedTime 599.178
unaryHyperVol 349
binaryHyperVol 4
additiveEps 0.333333
entropy 0.482558
archive 5
3
4 5  100 1000000111101101110001111100101001101010110101000010110111011001101000011101100011101000011101111000
3 6  100 1000000111101101110001111100101001101010110101000010110111011001101000011101100011101000011101111010
2 7  100 1000000111101101110000111100101001101010110101000010110111011001101000011101100011010100011101111010
runNumber 6
genCount 13013
elapsedTime 599.566
unaryHyperVol 349
binaryHyperVol 4
additiveEps 0.333333
entropy 0.482558
archive 6
3
4 5  100 1000000111101101110001111100101001101010110101000010110111011001101000011101100011101000011101111000
3 6  100 1000000111101101110001111100101001101010110101000010110111011001101000011101100011101000011101111010
2 7  100 1000000111101101110000111100101001101010110101000010110111011001101000011101100011010100011101111010
runNumber 7
genCount 12799
elapsedTime 599.883
unaryHyperVol 349
binaryHyperVol 4
additiveEps 0.333333
entropy 0.482558
archive 7
3
4 5  100 1000000111101101110001111100101001101010110101000010110111011001101000011101100011101000011101111000
3 6  100 1000000111101101110001111100101001101010110101000010110111011001101000011101100011101000011101111010
2 7  100 1000000111101101110000111100101001101010110101000010110111011001101000011101100011010100011101111010
runNumber 8
genCount 12974
elapsedTime 599.744
unaryHyperVol 349
binaryHyperVol 4
additiveEps 0.333333
entropy 0.482558
archive 8
3
4 5  100 1000000111101101110001111100101001101010110101000010110111000001101000011101100011101000011101111000
3 6  100 1000000111101101110001111100101001101010110101000010110111000001101000011101100011101000011101111010
2 7  100 1000000111101101110000111100101001101010110101000010110111000001101000011101100011010100011101111010
runNumber 9
genCount 13392
elapsedTime 600.2
unaryHyperVol 349
binaryHyperVol 4
additiveEps 0.333333
entropy 0.482558
archive 9
3
4 5  100 1000000111101101110001111100101001101010110101000010110111000001101000011101100011101000011101111000
3 6  100 1000000111101101110001111100101001101010110101000010110111000001101000011101100011101000011101111010
2 7  100 1000000111101101110000111100101001101010110101000010110111000001101000011101100011010100011101111010
runNumber 10
genCount 13038
elapsedTime 599.916
unaryHyperVol 349
binaryHyperVol 4
additiveEps 0.333333
entropy 0.482558
archive 10
3
4 5  100 1000000111101101110001111100101001101010110101000010110111000001101000011101100011101000011101111000
3 6  100 1000000111101101110001111100101001101010110101000010110111000001101000011101100011101000011101111010
2 7  100 1000000111101101110000111100101001101010110101000010110111000001101000011101100011010100011101111010
runNumber 11
genCount 12641
elapsedTime 599.447
unaryHyperVol 349
binaryHyperVol 4
additiveEps 0.333333
entropy 0.482558
archive 11
3
4 5  100 1000000111101101110001111100101001101010110101000010110111011001101000011101100011101000011101111000
3 6  100 1000000111101101110001111100101001101010110101000010110111011001101000011101100011101000011101111010
2 7  100 1000000111101101110000111100101001101010110101000010110111011001101000011101100011010100011101111010
runNumber 12
genCount 12692
elapsedTime 599.655
unaryHyperVol 349
binaryHyperVol 4
additiveEps 0.333333
entropy 0.482558
archive 12
3
4 5  100 1000000111101101110001111100101001101010110101000010110111000001101000011101100011101000011101111000
3 6  100 1000000111101101110001111100101001101010110101000010110111000001101000011101100011101000011101111010
2 7  100 1000000111101101110000111100101001101010110101000010110111000001101000011101100011010100011101111010
runNumber 13
genCount 12273
elapsedTime 599.523
unaryHyperVol 349
binaryHyperVol 4
additiveEps 0.333333
entropy 0.482558
archive 13
3
4 5  100 1000000111101101110001111100101001101010110101000010110111000001101000011101100011101000011101111000
3 6  100 1000000111101101110001111100101001101010110101000010110111000001101000011101100011101000011101111010
2 7  100 1000000111101101110000111100101001101010110101000010110111000001101000011101100011010100011101111010
runNumber 14
genCount 12994
elapsedTime 599.574
unaryHyperVol 349
binaryHyperVol 4
additiveEps 0.333333
entropy 0.482558
archive 14
3
4 5  100 1000000111101101110001111100101001101010110101000010110111011001101000011101100011101000011101111000
3 6  100 1000000111101101110001111100101001101010110101000010110111011001101000011101100011101000011101111010
2 7  100 1000000111101101110000111100101001101010110101000010110111011001101000011101100011010100011101111010
runNumber 15
genCount 13031
elapsedTime 599.994
unaryHyperVol 349
binaryHyperVol 4
additiveEps 0.333333
entropy 0.482558
archive 15
3
4 5  100 1000000111101101110001111100101001101010110101000010110111011001101000011101100011101000011101111000
3 6  100 1000000111101101110001111100101001101010110101000010110111011001101000011101100011101000011101111010
2 7  100 1000000111101101110000111100101001101010110101000010110111011001101000011101100011010100011101111010
runNumber 16
genCount 12890
elapsedTime 599.812
unaryHyperVol 349
binaryHyperVol 4
additiveEps 0.333333
entropy 0.482558
archive 16
3
4 5  100 1000000111101101110001111100101001101010110101000010110111011001101000011101100011101000011101111000
3 6  100 1000000111101101110001111100101001101010110101000010110111011001101000011101100011101000011101111010
2 7  100 1000000111101101110000111100101001101010110101000010110111011001101000011101100011010100011101111010
runNumber 17
genCount 13135
elapsedTime 599.694
unaryHyperVol 349
binaryHyperVol 4
additiveEps 0.333333
entropy 0.482558
archive 17
3
4 5  100 1000000111101101110001111100101001101010110101000010110111011001101000011101100011101000011101111000
3 6  100 1000000111101101110001111100101001101010110101000010110111011001101000011101100011101000011101111010
2 7  100 1000000111101101110000111100101001101010110101000010110111011001101000011101100011010100011101111010
runNumber 18
genCount 13574
elapsedTime 599.905
unaryHyperVol 349
binaryHyperVol 4
additiveEps 0.333333
entropy 0.482558
archive 18
3
4 5  100 1000000111101101110001111100101001101010110101000010110111011001101000011101100011101000011101111000
3 6  100 1000000111101101110001111100101001101010110101000010110111011001101000011101100011101000011101111010
2 7  100 1000000111101101110000111100101001101010110101000010110111011001101000011101100011010100011101111010
runNumber 19
genCount 13082
elapsedTime 599.56
unaryHyperVol 349
binaryHyperVol 4
additiveEps 0.333333
entropy 0.482558
archive 19
3
4 5  100 1000000111101101110001111100101001101010110101000010110111011001101000011101100011101000011101111000
3 6  100 1000000111101101110001111100101001101010110101000010110111011001101000011101100011101000011101111010
2 7  100 1000000111101101110000111100101001101010110101000010110111011001101000011101100011010100011101111010
runNumber 20
genCount 12731
elapsedTime 599.794
unaryHyperVol 349
binaryHyperVol 4
additiveEps 0.333333
entropy 0.482558
archive 20
3
4 5  100 1000000111101101110001111100101001101010110101000010110111011001101000011101100011101000011101111000
3 6  100 1000000111101101110001111100101001101010110101000010110111011001101000011101100011101000011101111010
2 7  100 1000000111101101110000111100101001101010110101000010110111011001101000011101100011010100011101111010
runNumber 21
genCount 12945
elapsedTime 599.988
unaryHyperVol 349
binaryHyperVol 4
additiveEps 0.333333
entropy 0.482558
archive 21
3
4 5  100 1000000111101101110001111100101001101010110101000010110111000001101000011101100011101000011101111000
3 6  100 1000000111101101110001111100101001101010110101000010110111000001101000011101100011101000011101111010
2 7  100 1000000111101101110000111100101001101010110101000010110111000001101000011101100011010100011101111010
runNumber 22
genCount 13208
elapsedTime 599.977
unaryHyperVol 349
binaryHyperVol 4
additiveEps 0.333333
entropy 0.482558
archive 22
3
4 5  100 1000000111101101110001111100101001101010110101000010110111000001101000011101100011101000011101111000
3 6  100 1000000111101101110001111100101001101010110101000010110111000001101000011101100011101000011101111010
2 7  100 1000000111101101110000111100101001101010110101000010110111000001101000011101100011010100011101111010
runNumber 23
genCount 13122
elapsedTime 601.456
unaryHyperVol 349
binaryHyperVol 4
additiveEps 0.333333
entropy 0.482558
archive 23
3
4 5  100 1000000111101101110001111100101001101010110101000010110111011001101000011101100011101000011101111000
3 6  100 1000000111101101110001111100101001101010110101000010110111011001101000011101100011101000011101111010
2 7  100 1000000111101101110000111100101001101010110101000010110111011001101000011101100011010100011101111010
runNumber 24
genCount 12928
elapsedTime 600.337
unaryHyperVol 349
binaryHyperVol 4
additiveEps 0.333333
entropy 0.482558
archive 24
3
4 5  100 1000000111101101110001111100101001101010110101000010110111000001101000011101100011101000011101111000
3 6  100 1000000111101101110001111100101001101010110101000010110111000001101000011101100011101000011101111010
2 7  100 1000000111101101110000111100101001101010110101000010110111000001101000011101100011010100011101111010
runNumber 25
genCount 13144
elapsedTime 600.138
unaryHyperVol 349
binaryHyperVol 4
additiveEps 0.333333
entropy 0.482558
archive 25
3
4 5  100 1000000111101101110001111100101001101010110101000010110111000001101000011101100011101000011101111000
3 6  100 1000000111101101110001111100101001101010110101000010110111000001101000011101100011101000011101111010
2 7  100 1000000111101101110000111100101001101010110101000010110111000001101000011101100011010100011101111010
runNumber 26
genCount 13198
elapsedTime 599.986
unaryHyperVol 349
binaryHyperVol 4
additiveEps 0.333333
entropy 0.482558
archive 26
3
4 5  100 1000000111101101110001111100101001101010110101000010110111000001101000011101100011101000011101111000
3 6  100 1000000111101101110001111100101001101010110101000010110111000001101000011101100011101000011101111010
2 7  100 1000000111101101110000111100101001101010110101000010110111000001101000011101100011010100011101111010
runNumber 27
genCount 12945
elapsedTime 599.913
unaryHyperVol 349
binaryHyperVol 4
additiveEps 0.333333
entropy 0.482558
archive 27
3
4 5  100 1000000111101101110001111100101001101010110101000010110111000001101000011101100011101000011101111000
3 6  100 1000000111101101110001111100101001101010110101000010110111000001101000011101100011101000011101111010
2 7  100 1000000111101101110000111100101001101010110101000010110111000001101000011101100011010100011101111010
runNumber 28
genCount 12805
elapsedTime 599.951
unaryHyperVol 349
binaryHyperVol 4
additiveEps 0.333333
entropy 0.482558
archive 28
3
4 5  100 1000000111101101110001111100101001101010110101000010110111000001101000011101100011101000011101111000
3 6  100 1000000111101101110001111100101001101010110101000010110111000001101000011101100011101000011101111010
2 7  100 1000000111101101110000111100101001101010110101000010110111000001101000011101100011010100011101111010
runNumber 29
genCount 12687
elapsedTime 599.963
unaryHyperVol 355
binaryHyperVol 0
additiveEps 0
entropy 0.326045
archive 29
4
7 4  100 1000000111011101110000011100101001101010110101000010110111011001101000011101100011101000011101111000
4 5  100 1000000111011101110001011100101001101010110101000010110111011001101000011101100011101000011101111000
3 6  100 1000000111101101110001111100101001101010110101000010110111011001101000011101100011101000011101111010
2 7  100 1000000111101101110000111100101001101010110101000010110111011001101000011101100011010100011101111010
