OptimalFront
unaryHyperVol 390
Optimal front is obtained by exact method
-------------------------
3
2 7
3 5
6 4
runNumber 0
genCount 33873
elapsedTime 599.426
unaryHyperVol 390
binaryHyperVol 0
additiveEps 0
entropy 0.461903
archive 0
3
6 4  100 1000011001000100100011111100000000100100100000000101101010001001001010110110111010110101100011001111
3 5  100 1000101001000100100011111100000000100100100000000101101010001001001010110110111010110101100011001111
2 7  100 1000101001010000100011111100000000100100100000000101101010001001001010110110111010110101100011001111
runNumber 1
genCount 12950
elapsedTime 600.048
unaryHyperVol 390
binaryHyperVol 0
additiveEps 0
entropy 0.461903
archive 1
3
6 4  100 1000011001000100100011111100000000100100100000000101101010001001001010110110111010110101100011001111
3 5  100 1000101001000100100011111100000000100100100000000101101010001001001010110110111010110101100011001111
2 7  100 1000101001010000100011111100000000100100100000000101101010001001001010110110111010110101100011001111
runNumber 2
genCount 13156
elapsedTime 599.951
unaryHyperVol 390
binaryHyperVol 0
additiveEps 0
entropy 0.461903
archive 2
3
6 4  100 1000011001000100100011111100000000100100100000000101101010001001001010110110111010110101100011001111
3 5  100 1000101001000100100011111100000000100100100000000101101010001001001010110110111010110101100011001111
2 7  100 1000101001010000100011111100000000100100100000000101101010001001001010110110111010110101100011001111
runNumber 3
genCount 12848
elapsedTime 599.976
unaryHyperVol 390
binaryHyperVol 0
additiveEps 0
entropy 0.461903
archive 3
3
6 4  100 1000011001000100100011111100000000100100100000000101101010001001001010110110111010110101100011001111
3 5  100 1000101001000100100011111100000000100100100000000101101010001001001010110110111010110101100011001111
2 7  100 1000101001010000100011111100000000100100100000000101101010001001001010110110111010110101100011001111
runNumber 4
genCount 13129
elapsedTime 599.932
unaryHyperVol 390
binaryHyperVol 0
additiveEps 0
entropy 0.461903
archive 4
3
6 4  100 1000011001000100100011111100000000100100100000000101101010001001001010110110111010110101100011001111
3 5  100 1000101001000100100011111100000000100100100000000101101010001001001010110110111010110101100011001111
2 7  100 1000101001010000100011111100000000100100100000000101101010001001001010110110111010110101100011001111
runNumber 5
genCount 13438
elapsedTime 599.977
unaryHyperVol 390
binaryHyperVol 0
additiveEps 0
entropy 0.461903
archive 5
3
6 4  100 1000011001000100100011111100000000100100100000000101101010001001001010110110111010110101100011001111
3 5  100 1000101001000100100011111100000000100100100000000101101010001001001010110110111010110101100011001111
2 7  100 1000101001010000100011111100000000100100100000000101101010001001001010110110111010110101100011001111
runNumber 6
genCount 13321
elapsedTime 599.966
unaryHyperVol 390
binaryHyperVol 0
additiveEps 0
entropy 0.461903
archive 6
3
6 4  100 1000011001000100100011111100000000100100100000000101101010001001001010110110111010110101100011001111
3 5  100 1000101001000100100011111100000000100100100000000101101010001001001010110110111010110101100011001111
2 7  100 1000101001010000100011111100000000100100100000000101101010001001001010110110111010110101100011001111
runNumber 7
genCount 12961
elapsedTime 599.991
unaryHyperVol 390
binaryHyperVol 0
additiveEps 0
entropy 0.461903
archive 7
3
6 4  100 1000011001000100100011111100000000100100100000000101101010001001001010110110111010110101100011001111
3 5  100 1000101001000100100011111100000000100100100000000101101010001001001010110110111010110101100011001111
2 7  100 1000101001010000100011111100000000100100100000000101101010001001001010110110111010110101100011001111
runNumber 8
genCount 12329
elapsedTime 599.94
unaryHyperVol 390
binaryHyperVol 0
additiveEps 0
entropy 0.461903
archive 8
3
6 4  100 1000011001000100100011111100000000100100100000000101101010001001001010110110111010110101100011001111
3 5  100 1000101001000100100011111100000000100100100000000101101010001001001010110110111010110101100011001111
2 7  100 1000101001010000100011111100000000100100100000000101101010001001001010110110111010110101100011001111
runNumber 9
genCount 12981
elapsedTime 599.91
unaryHyperVol 390
binaryHyperVol 0
additiveEps 0
entropy 0.461903
archive 9
3
6 4  100 1000011001000100100011111100000000100100100000000101101010001001001010110110111010110101100011001111
3 5  100 1000101001000100100011111100000000100100100000000101101010001001001010110110111010110101100011001111
2 7  100 1000101001010000100011111100000000100100100000000101101010001001001010110110111010110101100011001111
runNumber 10
genCount 12878
elapsedTime 599.958
unaryHyperVol 390
binaryHyperVol 0
additiveEps 0
entropy 0.461903
archive 10
3
6 4  100 1000011001000100100011111100000000100100100000000101101010001001001010110110111010110101100011001111
3 5  100 1000101001000100100011111100000000100100100000000101101010001001001010110110111010110101100011001111
2 7  100 1000101001010000100011111100000000100100100000000101101010001001001010110110111010110101100011001111
runNumber 11
genCount 13364
elapsedTime 599.964
unaryHyperVol 390
binaryHyperVol 0
additiveEps 0
entropy 0.461903
archive 11
3
6 4  100 1000011001000100100011111100000000100100100000000101101010001001001010110110111010110101100011001111
3 5  100 1000101001000100100011111100000000100100100000000101101010001001001010110110111010110101100011001111
2 7  100 1000101001010000100011111100000000100100100000000101101010001001001010110110111010110101100011001111
runNumber 12
genCount 12974
elapsedTime 600.007
unaryHyperVol 390
binaryHyperVol 0
additiveEps 0
entropy 0.461903
archive 12
3
6 4  100 1000011001000100100011111100000000100100100000000101101010001001001010110110111010110101100011001111
3 5  100 1000101001000100100011111100000000100100100000000101101010001001001010110110111010110101100011001111
2 7  100 1000101001010000100011111100000000100100100000000101101010001001001010110110111010110101100011001111
runNumber 13
genCount 12781
elapsedTime 599.966
unaryHyperVol 390
binaryHyperVol 0
additiveEps 0
entropy 0.461903
archive 13
3
6 4  100 1000011001000100100011111100000000100100100000000101101010001001001010110110111010110101100011001111
3 5  100 1000101001000100100011111100000000100100100000000101101010001001001010110110111010110101100011001111
2 7  100 1000101001010000100011111100000000100100100000000101101010001001001010110110111010110101100011001111
runNumber 14
genCount 12725
elapsedTime 599.983
unaryHyperVol 390
binaryHyperVol 0
additiveEps 0
entropy 0.461903
archive 14
3
6 4  100 1000011001000100100011111100000000100100100000000101101010001001001010110110111010110101100011001111
3 5  100 1000101001000100100011111100000000100100100000000101101010001001001010110110111010110101100011001111
2 7  100 1000101001010000100011111100000000100100100000000101101010001001001010110110111010110101100011001111
runNumber 15
genCount 12609
elapsedTime 599.927
unaryHyperVol 390
binaryHyperVol 0
additiveEps 0
entropy 0.461903
archive 15
3
6 4  100 1000011001000100100011111100000000100100100000000101101010001001001010110110111010110101100011001111
3 5  100 1000101001000100100011111100000000100100100000000101101010001001001010110110111010110101100011001111
2 7  100 1000101001010000100011111100000000100100100000000101101010001001001010110110111010110101100011001111
runNumber 16
genCount 12702
elapsedTime 599.975
unaryHyperVol 390
binaryHyperVol 0
additiveEps 0
entropy 0.461903
archive 16
3
6 4  100 1000011001000100100011111100000000100100100000000101101010001001001010110110111010110101100011001111
3 5  100 1000101001000100100011111100000000100100100000000101101010001001001010110110111010110101100011001111
2 7  100 1000101001010000100011111100000000100100100000000101101010001001001010110110111010110101100011001111
runNumber 17
genCount 12847
elapsedTime 599.96
unaryHyperVol 390
binaryHyperVol 0
additiveEps 0
entropy 0.461903
archive 17
3
6 4  100 1000011001000100100011111100000000100100100000000101101010001001001010110110111010110101100011001111
3 5  100 1000101001000100100011111100000000100100100000000101101010001001001010110110111010110101100011001111
2 7  100 1000101001010000100011111100000000100100100000000101101010001001001010110110111010110101100011001111
runNumber 18
genCount 12730
elapsedTime 599.972
unaryHyperVol 390
binaryHyperVol 0
additiveEps 0
entropy 0.461903
archive 18
3
6 4  100 1000011001000100100011111100000000100100100000000101101010001001001010110110111010110101100011001111
3 5  100 1000101001000100100011111100000000100100100000000101101010001001001010110110111010110101100011001111
2 7  100 1000101001010000100011111100000000100100100000000101101010001001001010110110111010110101100011001111
runNumber 19
genCount 12975
elapsedTime 599.929
unaryHyperVol 390
binaryHyperVol 0
additiveEps 0
entropy 0.461903
archive 19
3
6 4  100 1000011001000100100011111100000000100100100000000101101010001001001010110110111010110101100011001111
3 5  100 1000101001000100100011111100000000100100100000000101101010001001001010110110111010110101100011001111
2 7  100 1000101001010000100011111100000000100100100000000101101010001001001010110110111010110101100011001111
runNumber 20
genCount 12927
elapsedTime 599.935
unaryHyperVol 390
binaryHyperVol 0
additiveEps 0
entropy 0.461903
archive 20
3
6 4  100 1000011001000100100011111100000000100100100000000101101010001001001010110110111010110101100011001111
3 5  100 1000101001000100100011111100000000100100100000000101101010001001001010110110111010110101100011001111
2 7  100 1000101001010000100011111100000000100100100000000101101010001001001010110110111010110101100011001111
runNumber 21
genCount 12912
elapsedTime 599.946
unaryHyperVol 390
binaryHyperVol 0
additiveEps 0
entropy 0.461903
archive 21
3
6 4  100 1000011001000100100011111100000000100100100000000101101010001001001010110110111010110101100011001111
3 5  100 1000101001000100100011111100000000100100100000000101101010001001001010110110111010110101100011001111
2 7  100 1000101001010000100011111100000000100100100000000101101010001001001010110110111010110101100011001111
runNumber 22
genCount 12903
elapsedTime 599.92
unaryHyperVol 390
binaryHyperVol 0
additiveEps 0
entropy 0.461903
archive 22
3
6 4  100 1000011001000100100011111100000000100100100000000101101010001001001010110110111010110101100011001111
3 5  100 1000101001000100100011111100000000100100100000000101101010001001001010110110111010110101100011001111
2 7  100 1000101001010000100011111100000000100100100000000101101010001001001010110110111010110101100011001111
runNumber 23
genCount 12759
elapsedTime 599.95
unaryHyperVol 390
binaryHyperVol 0
additiveEps 0
entropy 0.461903
archive 23
3
6 4  100 1000011001000100100011111100000000100100100000000101101010001001001010110110111010110101100011001111
3 5  100 1000101001000100100011111100000000100100100000000101101010001001001010110110111010110101100011001111
2 7  100 1000101001010000100011111100000000100100100000000101101010001001001010110110111010110101100011001111
runNumber 24
genCount 13065
elapsedTime 599.986
unaryHyperVol 390
binaryHyperVol 0
additiveEps 0
entropy 0.461903
archive 24
3
6 4  100 1000011001000100100011111100000000100100100000000101101010001001001010110110111010110101100011001111
3 5  100 1000101001000100100011111100000000100100100000000101101010001001001010110110111010110101100011001111
2 7  100 1000101001010000100011111100000000100100100000000101101010001001001010110110111010110101100011001111
runNumber 25
genCount 12962
elapsedTime 599.988
unaryHyperVol 390
binaryHyperVol 0
additiveEps 0
entropy 0.461903
archive 25
3
6 4  100 1000011001000100100011111100000000100100100000000101101010001001001010110110111010110101100011001111
3 5  100 1000101001000100100011111100000000100100100000000101101010001001001010110110111010110101100011001111
2 7  100 1000101001010000100011111100000000100100100000000101101010001001001010110110111010110101100011001111
runNumber 26
genCount 12850
elapsedTime 599.904
unaryHyperVol 390
binaryHyperVol 0
additiveEps 0
entropy 0.461903
archive 26
3
6 4  100 1000011001000100100011111100000000100100100000000101101010001001001010110110111010110101100011001111
3 5  100 1000101001000100100011111100000000100100100000000101101010001001001010110110111010110101100011001111
2 7  100 1000101001010000100011111100000000100100100000000101101010001001001010110110111010110101100011001111
runNumber 27
genCount 13015
elapsedTime 599.972
unaryHyperVol 390
binaryHyperVol 0
additiveEps 0
entropy 0.461903
archive 27
3
6 4  100 1000011001000100100011111100000000100100100000000101101010001001001010110110111010110101100011001111
3 5  100 1000101001000100100011111100000000100100100000000101101010001001001010110110111010110101100011001111
2 7  100 1000101001010000100011111100000000100100100000000101101010001001001010110110111010110101100011001111
runNumber 28
genCount 12916
elapsedTime 599.984
unaryHyperVol 390
binaryHyperVol 0
additiveEps 0
entropy 0.461903
archive 28
3
6 4  100 1000011001000100100011111100000000100100100000000101101010001001001010110110111010110101100011001111
3 5  100 1000101001000100100011111100000000100100100000000101101010001001001010110110111010110101100011001111
2 7  100 1000101001010000100011111100000000100100100000000101101010001001001010110110111010110101100011001111
runNumber 29
genCount 12824
elapsedTime 599.928
unaryHyperVol 390
binaryHyperVol 0
additiveEps 0
entropy 0.461903
archive 29
3
6 4  100 1000011001000100100011111100000000100100100000000101101010001001001010110110111010110101100011001111
3 5  100 1000101001000100100011111100000000100100100000000101101010001001001010110110111010110101100011001111
2 7  100 1000101001010000100011111100000000100100100000000101101010001001001010110110111010110101100011001111
