OptimalFront
unaryHyperVol 286
Optimal front is obtained by exact method
-------------------------
4
2 7
4 6
6 5
7 4
runNumber 0
genCount 12365
elapsedTime 599.234
unaryHyperVol 286
binaryHyperVol 0
additiveEps 0
entropy 0.424747
archive 0
4
7 4  100 1010100110110001000000111111110001110101000100001010011010000011010000111011000100011001110100111011
6 5  100 1010100110110001000000111111110001110101000100001010011010000011011010111011000100011001110100111011
4 6  100 1010100110110001000000111111110001110101000100001010011010000011011010111011000100011001010100111011
2 7  100 1010100110110001000000111111110001110101000100001010011010000011011010111000010100011001010100111011
runNumber 1
genCount 12843
elapsedTime 600.021
unaryHyperVol 286
binaryHyperVol 0
additiveEps 0
entropy 0.424747
archive 1
4
7 4  100 1010100110110001000000111111110001110101000100001010011010000011010000111011000100011001110100111011
6 5  100 1010100110110001000000111111110001110101000100001010011010000011011010111011000100011001110100111011
4 6  100 1010100110110001000000111111110001110101000100001010011010000011011010111011000100011001010100111011
2 7  100 1010100110110001000000111111110001110101000100001010011010000011011010111000010100011001010100111011
runNumber 2
genCount 12130
elapsedTime 599.976
unaryHyperVol 286
binaryHyperVol 0
additiveEps 0
entropy 0.424747
archive 2
4
7 4  100 1010100110110001000000111111110001110101000100001010011010000011010000111011000100011001110100111011
6 5  100 1010100110110001000000111111110001110101000100001010011010000011011010111011000100011001110100111011
4 6  100 1010100110110001000000111111110001110101000100001010011010000011011010111011000100011001010100111011
2 7  100 1010100110110001000000111111110001110101000100001010011010000011011010111000010100011001010100111011
runNumber 3
genCount 12339
elapsedTime 599.981
unaryHyperVol 286
binaryHyperVol 0
additiveEps 0
entropy 0.424747
archive 3
4
7 4  100 1010100110110001000000111111110001110101000100001010011010000011010000111011000100011001110100111011
6 5  100 1010100110110001000000111111110001110101000100001010011010000011011010111011000100011001110100111011
4 6  100 1010100110110001000000111111110001110101000100001010011010000011011010111011000100011001010100111011
2 7  100 1010100110110001000000111111110001110101000100001010011010000011011010111000010100011001010100111011
runNumber 4
genCount 12357
elapsedTime 599.947
unaryHyperVol 286
binaryHyperVol 0
additiveEps 0
entropy 0.424747
archive 4
4
7 4  100 1010100110110001000000111111110001110101000100001010011010000011010000111011000100011001110100111011
6 5  100 1010100110110001000000111111110001110101000100001010011010000011011010111011000100011001110100111011
4 6  100 1010100110110001000000111111110001110101000100001010011010000011011010111011000100011001010100111011
2 7  100 1010100110110001000000111111110001110101000100001010011010000011011010111000010100011001010100111011
runNumber 5
genCount 12306
elapsedTime 600.01
unaryHyperVol 286
binaryHyperVol 0
additiveEps 0
entropy 0.424747
archive 5
4
7 4  100 1010100110110001000000111111110001110101000100001010011010000011010000111011000100011001110100111011
6 5  100 1010100110110001000000111111110001110101000100001010011010000011011010111011000100011001110100111011
4 6  100 1010100110110001000000111111110001110101000100001010011010000011011010111011000100011001010100111011
2 7  100 1010100110110001000000111111110001110101000100001010011010000011011010111000010100011001010100111011
runNumber 6
genCount 12714
elapsedTime 599.95
unaryHyperVol 286
binaryHyperVol 0
additiveEps 0
entropy 0.424747
archive 6
4
7 4  100 1010100110110001000000111111110001110101000100001010011010000011010000111011000100011001110100111011
6 5  100 1010100110110001000000111111110001110101000100001010011010000011011010111011000100011001110100111011
4 6  100 1010100110110001000000111111110001110101000100001010011010000011011010111011000100011001010100111011
2 7  100 1010100110110001000000111111110001110101000100001010011010000011011010111000010100011001010100111011
runNumber 7
genCount 12365
elapsedTime 599.96
unaryHyperVol 286
binaryHyperVol 0
additiveEps 0
entropy 0.424747
archive 7
4
7 4  100 1010100110110001000000111111110001110101000100001010011010000011010000111011000100011001110100111011
6 5  100 1010100110110001000000111111110001110101000100001010011010000011011010111011000100011001110100111011
4 6  100 1010100110110001000000111111110001110101000100001010011010000011011010111011000100011001010100111011
2 7  100 1010100110110001000000111111110001110101000100001010011010000011011010111000010100011001010100111011
runNumber 8
genCount 12512
elapsedTime 599.98
unaryHyperVol 286
binaryHyperVol 0
additiveEps 0
entropy 0.424747
archive 8
4
7 4  100 1010100110110001000000111111110001110101000100001010011010000011010000111011000100011001110100111011
6 5  100 1010100110110001000000111111110001110101000100001010011010000011011010111011000100011001110100111011
4 6  100 1010100110110001000000111111110001110101000100001010011010000011011010111011000100011001010100111011
2 7  100 1010100110110001000000111111110001110101000100001010011010000011011010111000010100011001010100111011
runNumber 9
genCount 12276
elapsedTime 599.995
unaryHyperVol 286
binaryHyperVol 0
additiveEps 0
entropy 0.424747
archive 9
4
7 4  100 1010100110110001000000111111110001110101000100001010011010000011010000111011000100011001110100111011
6 5  100 1010100110110001000000111111110001110101000100001010011010000011011010111011000100011001110100111011
4 6  100 1010100110110001000000111111110001110101000100001010011010000011011010111011000100011001010100111011
2 7  100 1010100110110001000000111111110001110101000100001010011010000011011010111000010100011001010100111011
runNumber 10
genCount 12563
elapsedTime 600.001
unaryHyperVol 286
binaryHyperVol 0
additiveEps 0
entropy 0.424747
archive 10
4
7 4  100 1010100110110001000000111111110001110101000100001010011010000011010000111011000100011001110100111011
6 5  100 1010100110110001000000111111110001110101000100001010011010000011011010111011000100011001110100111011
4 6  100 1010100110110001000000111111110001110101000100001010011010000011011010111011000100011001010100111011
2 7  100 1010100110110001000000111111110001110101000100001010011010000011011010111000010100011001010100111011
runNumber 11
genCount 12606
elapsedTime 599.94
unaryHyperVol 286
binaryHyperVol 0
additiveEps 0
entropy 0.424747
archive 11
4
7 4  100 1010100110110001000000111111110001110101000100001010011010000011010000111011000100011001110100111011
6 5  100 1010100110110001000000111111110001110101000100001010011010000011011010111011000100011001110100111011
4 6  100 1010100110110001000000111111110001110101000100001010011010000011011010111011000100011001010100111011
2 7  100 1010100110110001000000111111110001110101000100001010011010000011011010111000010100011001010100111011
runNumber 12
genCount 12069
elapsedTime 599.964
unaryHyperVol 286
binaryHyperVol 0
additiveEps 0
entropy 0.424747
archive 12
4
7 4  100 1010100110110001000000111111110001110101000100001010011010000011010000111011000100011001110100111011
6 5  100 1010100110110001000000111111110000110101000100001010011010000011010000111011000100011001110100111011
4 6  100 1010100110110001000000111111110001110101000100001010011010000011011010111011000100011001010100111011
2 7  100 1010100110110001000000111111110001110101000100001010011010000011011010111000010100011001010100111011
runNumber 13
genCount 12687
elapsedTime 600.001
unaryHyperVol 286
binaryHyperVol 0
additiveEps 0
entropy 0.424747
archive 13
4
7 4  100 1010100110110001000000111111110001110101000100001010011010000011010000111011000100011001110100111011
6 5  100 1010100110110001000000111111110001110101000100001010011010000011011010111011000100011001110100111011
4 6  100 1010100110110001000000111111110001110101000100001010011010000011011010111011000100011001010100111011
2 7  100 1010100110110001000000111111110001110101000100001010011010000011011010111000010100011001010100111011
runNumber 14
genCount 12593
elapsedTime 599.993
unaryHyperVol 286
binaryHyperVol 0
additiveEps 0
entropy 0.424747
archive 14
4
7 4  100 1010100110110001000000111111110001110101000100001010011010000011010000111011000100011001110100111011
6 5  100 1010100110110001000000111111110001110101000100001010011010000011011010111011000100011001110100111011
4 6  100 1010100110110001000000111111110001110101000100001010011010000011011010111011000100011001010100111011
2 7  100 1010100110110001000000111111110001110101000100001010011010000011011010111000010100011001010100111011
runNumber 15
genCount 12264
elapsedTime 599.944
unaryHyperVol 286
binaryHyperVol 0
additiveEps 0
entropy 0.424747
archive 15
4
7 4  100 1010100110110001000000111111110001110101000100001010011010000011010000111011000100011001110100111011
6 5  100 1010100110110001000000111111110001110101000100001010011010000011011010111011000100011001110100111011
4 6  100 1010100110110001000000111111110001110101000100001010011010000011011010111011000100011001010100111011
2 7  100 1010100110110001000000111111110001110101000100001010011010000011011010111000010100011001010100111011
runNumber 16
genCount 12514
elapsedTime 599.997
unaryHyperVol 286
binaryHyperVol 0
additiveEps 0
entropy 0.424747
archive 16
4
7 4  100 1010100110110001000000111111110001110101000100001010011010000011010000111011000100011001110100111011
6 5  100 1010100110110001000000111111110001110101000100001010011010000011011010111011000100011001110100111011
4 6  100 1010100110110001000000111111110001110101000100001010011010000011011010111011000100011001010100111011
2 7  100 1010100110110001000000111111110001110101000100001010011010000011011010111000010100011001010100111011
runNumber 17
genCount 12582
elapsedTime 599.942
unaryHyperVol 286
binaryHyperVol 0
additiveEps 0
entropy 0.424747
archive 17
4
7 4  100 1010100110110001000000111111110001110101000100001010011010000011010000111011000100011001110100111011
6 5  100 1010100110110001000000111111110001110101000100001010011010000011011010111011000100011001110100111011
4 6  100 1010100110110001000000111111110001110101000100001010011010000011011010111011000100011001010100111011
2 7  100 1010100110110001000000111111110001110101000100001010011010000011011010111000010100011001010100111011
runNumber 18
genCount 12920
elapsedTime 600.005
unaryHyperVol 286
binaryHyperVol 0
additiveEps 0
entropy 0.424747
archive 18
4
7 4  100 1010100110110001000000111111110001110101000100001010011010000011010000111011000100011001110100111011
6 5  100 1010100110110001000000111111110001110101000100001010011010000011011010111011000100011001110100111011
4 6  100 1010100110110001000000111111110001110101000100001010011010000011011010111011000100011001010100111011
2 7  100 1010100110110001000000111111110001110101000100001010011010000011011010111000010100011001010100111011
runNumber 19
genCount 12404
elapsedTime 599.958
unaryHyperVol 286
binaryHyperVol 0
additiveEps 0
entropy 0.424747
archive 19
4
7 4  100 1010100110110001000000111111110001110101000100001010011010000011010000111011000100011001110100111011
6 5  100 1010100110110001000000111111110001110101000100001010011010000011011010111011000100011001110100111011
4 6  100 1010100110110001000000111111110001110101000100001010011010000011011010111011000100011001010100111011
2 7  100 1010100110110001000000111111110001110101000100001010011010000011011010111000010100011001010100111011
runNumber 20
genCount 12696
elapsedTime 599.948
unaryHyperVol 286
binaryHyperVol 0
additiveEps 0
entropy 0.424747
archive 20
4
7 4  100 1010100110110001000000111111110001110101000100001010011010000011010000111011000100011001110100111011
6 5  100 1010100110110001000000111111110001110101000100001010011010000011011010111011000100011001110100111011
4 6  100 1010100110110001000000111111110001110101000100001010011010000011110000111011000100011001010100111011
2 7  100 1010100110110001000000111111110001110101000100001010011010000011011010111000010100011001010100111011
runNumber 21
genCount 12060
elapsedTime 600.005
unaryHyperVol 286
binaryHyperVol 0
additiveEps 0
entropy 0.424747
archive 21
4
7 4  100 1010100110110001000000111111110001110101000100001010011010000011010000111011000100011001110100111011
6 5  100 1010100110110001000000111111110001110101000100001010011010000011011010111011000100011001110100111011
4 6  100 1010100110110001000000111111110001110101000100001010011010000011011010111011000100011001010100111011
2 7  100 1010100110110001000000111111110001110101000100001010011010000011011010111000010100011001010100111011
runNumber 22
genCount 12345
elapsedTime 599.946
unaryHyperVol 262
binaryHyperVol 6
additiveEps 0.2
entropy 0.4315
archive 22
4
7 4  100 1010100110110001000000111111110001110101000100001010011010000011010000111011000100011001110100111011
6 5  100 1010100110110001000000111111110001110101000100001010011010000011011010111011000100011001110100111011
4 6  100 1010100110110001000000111111110001110101000100001010011010000011011010111011000100011001010100111011
3 7  100 1010100110010101000000111111110001110101000100001010011010000011011010111011100100011001010100111011
runNumber 23
genCount 12582
elapsedTime 599.98
unaryHyperVol 286
binaryHyperVol 0
additiveEps 0
entropy 0.424747
archive 23
4
7 4  100 1010100110110001000000111111110001110101000100001010011010000011010000111011000100011001110100111011
6 5  100 1010100110110001000000111111110001110101000100001010011010000011011010111011000100011001110100111011
4 6  100 1010100110110001000000111111110001110101000100001010011010000011011010111011000100011001010100111011
2 7  100 1010100110110001000000111111110001110101000100001010011010000011011010111000010100011001010100111011
runNumber 24
genCount 12183
elapsedTime 599.974
unaryHyperVol 286
binaryHyperVol 0
additiveEps 0
entropy 0.424747
archive 24
4
7 4  100 1010100110110001000000111111110001110101000100001010011010000011010000111011000100011001110100111011
6 5  100 1010100110110001000000111111110001110101000100001010011010000011011010111011000100011001110100111011
4 6  100 1010100110110001000000111111110001110101000100001010011010000011011010111011000100011001010100111011
2 7  100 1010100110110001000000111111110001110101000100001010011010000011011010111000010100011001010100111011
runNumber 25
genCount 12370
elapsedTime 599.959
unaryHyperVol 286
binaryHyperVol 0
additiveEps 0
entropy 0.424747
archive 25
4
7 4  100 1010100110110001000000111111110001110101000100001010011010000011010000111011000100011001110100111011
6 5  100 1010100110110001000000111111110001110101000100001010011010000011011010111011000100011001110100111011
4 6  100 1010100110110001000000111111110001110101000100001010011010000011011010111011000100011001010100111011
2 7  100 1010100110110001000000111111110001110101000100001010011010000011011010111000010100011001010100111011
runNumber 26
genCount 12590
elapsedTime 600.04
unaryHyperVol 286
binaryHyperVol 0
additiveEps 0
entropy 0.424747
archive 26
4
7 4  100 1010100110110001000000111111110001110101000100001010011010000011010000111011000100011001110100111011
6 5  100 1010100110110001000000111111110001110101000100001010011010000011011010111011000100011001110100111011
4 6  100 1010100110110001000000111111110001110101000100001010011010000011011010111011000100011001010100111011
2 7  100 1010100110110001000000111111110001110101000100001010011010000011011010111000010100011001010100111011
runNumber 27
genCount 12592
elapsedTime 599.806
unaryHyperVol 286
binaryHyperVol 0
additiveEps 0
entropy 0.424747
archive 27
4
7 4  100 1010100110110001000000111111110001110101000100001010011010000011010000111011000100011001110100111011
6 5  100 1010100110110001000000111111110001110101000100001010011010000011011010111011000100011001110100111011
4 6  100 1010100110110001000000111111110001110101000100001010011010000011011010111011000100011001010100111011
2 7  100 1010100110110001000000111111110001110101000100001010011010000011011010111000010100011001010100111011
runNumber 28
genCount 12463
elapsedTime 600.018
unaryHyperVol 286
binaryHyperVol 0
additiveEps 0
entropy 0.424747
archive 28
4
7 4  100 1010100110110001000000111111110001110101000100001010011010000011010000111011000100011001110100111011
6 5  100 1010100110110001000000111111110001110101000100001010011010000011011010111011000100011001110100111011
4 6  100 1010100110110001000000111111110001110101000100001010011010000011011010111011000100011001010100111011
2 7  100 1010100110110001000000111111110001110101000100001010011010000011011010111000010100011001010100111011
runNumber 29
genCount 12641
elapsedTime 599.944
unaryHyperVol 286
binaryHyperVol 0
additiveEps 0
entropy 0.424747
archive 29
4
7 4  100 1010100110110001000000111111110001110101000100001010011010000011010000111011000100011001110100111011
6 5  100 1010100110110001000000111111110001110101000100001010011010000011011010111011000100011001110100111011
4 6  100 1010100110110001000000111111110001110101000100001010011010000011011010111011000100011001010100111011
2 7  100 1010100110110001000000111111110001110101000100001010011010000011011010111000010100011001010100111011
