OptimalFront
unaryHyperVol 492
3
8 6  100 1010111001100000001100111001011111010111101101000111101101010000001110101111000001101011011001001110
4 8  100 0000111001100000001100111001011111010111101101000111101101011000001110101101100001100011011001001110
3 10  100 1010111001100000001100111001101111010111101101000111101101011000001110101100010001100001011001001101
-------------------------
runNumber 0
genCount 12750
elapsedTime 599.205
unaryHyperVol 481
binaryHyperVol 4.1
additiveEps 0.25
entropy 0.434912
archive 0
4
8 7  100 1010111001100000001100111001011111010111101101000111101101011000001110101100010001101011011001001110
6 8  100 1010111001100000001100110101011111010111101101000111101101011000001110101100010001101011011001001110
4 9  100 1010111001100000001100111001011111010111101101000111101101011000001110101100010001100001011001001101
3 10  100 1010111001100000001100111001101111010111101101000111101101011000001110101100010001100001011001001101
runNumber 1
genCount 12944
elapsedTime 600.048
unaryHyperVol 468
binaryHyperVol 8.3
additiveEps 0.5
entropy 0.454958
archive 1
3
8 8  100 1010111001100000001100111001101111100111101101000111101101011000001110101100010001101011011001001110
6 9  100 1010111001100000001100110101101111100111101101000111101101011000001110101100010001101011011001001110
3 10  100 1010111001100000001100111001101111100111101101000111101101011000001110101100010001100001011001001101
runNumber 2
genCount 12813
elapsedTime 599.984
unaryHyperVol 481
binaryHyperVol 4.1
additiveEps 0.25
entropy 0.434912
archive 2
4
8 7  100 1010111001100000001100111001011111010111101101000111101101011000001110101100010001101011011001001110
6 8  100 1010111001100000001100110101011111010111101101000111101101011000001110101100010001101011011001001110
4 9  100 1010111001100000000001111001011111010111101101000111101101011000001110101100010001101011011001001110
3 10  100 1010111001100000000001111001101111010111101101000111101101011000001110101100010001101011011001001110
runNumber 3
genCount 13139
elapsedTime 599.992
unaryHyperVol 425
binaryHyperVol 20.6
additiveEps 0.75
entropy 0.49717
archive 3
2
8 9  100 1010111001100000001100111001101111100111101101000111101101011000001110101111000101101011010100001110
4 10  100 1010111001100000001100111001101111100111101101000111101101011000001110101101000101100011010100001110
runNumber 4
genCount 12838
elapsedTime 599.967
unaryHyperVol 481
binaryHyperVol 4.1
additiveEps 0.25
entropy 0.434912
archive 4
4
8 7  100 1010111001100000001100111001011111010111101101000111101101011000001110101100010001101011011001001110
6 8  100 1010111001100000001100110101011111010111101101000111101101011000001110101100010001101011011001001110
4 9  100 1010111001100000001100111001011111010111101101000111101101011000001110101100010001100001011001001101
3 10  100 1010111001100000001100111001101111010111101101000111101101011000001110101100010001100001011001001101
runNumber 5
genCount 13035
elapsedTime 599.956
unaryHyperVol 481
binaryHyperVol 4.1
additiveEps 0.25
entropy 0.434912
archive 5
4
8 7  100 1010111001100000001100111001011111010111101101000111101101011000001110101100010001101011011001001110
6 8  100 1010111001100000001100110101011111010111101101000111101101011000001110101100010001101011011001001110
4 9  100 1010111001100000001100111001011111010111101101000111101101011000001110101100010001100001011001001101
3 10  100 1010111001100000001100111001101111010111101101000111101101011000001110101100010001100001011001001101
runNumber 6
genCount 12768
elapsedTime 599.985
unaryHyperVol 468
binaryHyperVol 8.3
additiveEps 0.5
entropy 0.454958
archive 6
3
8 8  100 1010111001100000001100111001101111100111101101000111101101011000001110101100010001101011011001001110
6 9  100 1010111001100000001100110101101111100111101101000111101101011000001110101100010001101011011001001110
3 10  100 1010111001100000001100111001101111100111101101000111101101011000001110101100010001100001011001001101
runNumber 7
genCount 12801
elapsedTime 599.976
unaryHyperVol 468
binaryHyperVol 8.3
additiveEps 0.5
entropy 0.454958
archive 7
3
8 8  100 1010111001100000001100111001101111100111101101000111101101011000001110101100010001101011011001001110
6 9  100 1010111001100000001100110101101111100111101101000111101101011000001110101100010001101011011001001110
3 10  100 1010111001100000001100111001101111100111101101000111101101011000001110101100010001100001011001001101
runNumber 8
genCount 12795
elapsedTime 599.937
unaryHyperVol 468
binaryHyperVol 8.3
additiveEps 0.5
entropy 0.454958
archive 8
3
8 8  100 1010111001100000001100111001101111100111101101000111101101011000001110101100010001101011011001001110
6 9  100 1010111001100000001100110101101111100111101101000111101101011000001110101100010001101011011001001110
3 10  100 1010111001100000000001111001101111100111101101000111101101011000001110101100010001101011011001001110
runNumber 9
genCount 12749
elapsedTime 599.97
unaryHyperVol 481
binaryHyperVol 4.1
additiveEps 0.25
entropy 0.434912
archive 9
4
8 7  100 1010111001100000001100111001011111010111101101000111101101011000001110101100010001101011011001001110
6 8  100 1010111001100000001100110101011111010111101101000111101101011000001110101100010001101011011001001110
4 9  100 1010111001100000001100111001011111010111101101000111101101011000001110101100010001100001011001001101
3 10  100 1010111001100000001100111001101111010111101101000111101101011000001110101100010001100001011001001101
runNumber 10
genCount 12872
elapsedTime 600.001
unaryHyperVol 481
binaryHyperVol 4.1
additiveEps 0.25
entropy 0.434912
archive 10
4
8 7  100 1010111001100000001100111001011111010111101101000111101101011000001110101100010001101011011001001110
6 8  100 1010111001100000001100110101011111010111101101000111101101011000001110101100010001101011011001001110
4 9  100 1010111001100000001100111001011111010111101101000111101101011000001110101100010001100001011001001101
3 10  100 1010111001100000001100111001101111010111101101000111101101011000001110101100010001100001011001001101
runNumber 11
genCount 13517
elapsedTime 599.99
unaryHyperVol 468
binaryHyperVol 8.3
additiveEps 0.5
entropy 0.454958
archive 11
3
8 8  100 1010111001100000001100111001101111100111101101000111101101011000001110101100010001101011011001001110
6 9  100 1010111001100000001100110101101111100111101101000111101101011000001110101100010001101011011001001110
3 10  100 1010111001100000001100111001101111100111101101000111101101011000001110101100010001100001011001001101
runNumber 12
genCount 13336
elapsedTime 599.978
unaryHyperVol 468
binaryHyperVol 8.3
additiveEps 0.5
entropy 0.454958
archive 12
3
8 8  100 1010111001100000001100111001101111100111101101000111101101011000001110101100010001101011011001001110
6 9  100 1010111001100000001100110101101111100111101101000111101101011000001110101100010001101011011001001110
3 10  100 1010111001100000001100111001101111100111101101000111101101011000001110101100010001100001011001001101
runNumber 13
genCount 12394
elapsedTime 599.941
unaryHyperVol 481
binaryHyperVol 4.1
additiveEps 0.25
entropy 0.434912
archive 13
4
8 7  100 1010111001100000001100111001011111010111101101000111101101011000001110101100010001101011011001001110
6 8  100 1010111001100000001100110101011111010111101101000111101101011000001110101100010001101011011001001110
4 9  100 1010111001100000000001111001011111010111101101000111101101011000001110101100010001101011011001001110
3 10  100 1010111001100000000001111001101111010111101101000111101101011000001110101100010001101011011001001110
runNumber 14
genCount 12561
elapsedTime 600.037
unaryHyperVol 468
binaryHyperVol 8.3
additiveEps 0.5
entropy 0.454958
archive 14
3
8 8  100 1010111001100000001100111001101111100111101101000111101101011000001110101100010001101011011001001110
6 9  100 1010111001100000001100110101101111100111101101000111101101011000001110101100010001101011011001001110
3 10  100 1010111001100000001100111001101111100111101101000111101101011000001110101100010001100001011001001101
runNumber 15
genCount 12356
elapsedTime 599.956
unaryHyperVol 481
binaryHyperVol 4.1
additiveEps 0.25
entropy 0.434912
archive 15
4
8 7  100 1010111001100000001100111001011111010111101101000111101101011000001110101100010001101011011001001110
6 8  100 1010111001100000001100110101011111010111101101000111101101011000001110101100010001101011011001001110
4 9  100 1010111001100000001100111001011111010111101101000111101101011000001110101100010001100001011001001101
3 10  100 1010111001100000001100111001101111010111101101000111101101011000001110101100010001100001011001001101
runNumber 16
genCount 12690
elapsedTime 599.995
unaryHyperVol 468
binaryHyperVol 8.3
additiveEps 0.5
entropy 0.454958
archive 16
3
8 8  100 1010111001100000001100111001101111100111101101000111101101011000001110101100010001101011011001001110
6 9  100 1010111001100000001100110101101111100111101101000111101101011000001110101100010001101011011001001110
3 10  100 1010111001100000001100111001101111100111101101000111101101011000001110101100010001100001011001001101
runNumber 17
genCount 12570
elapsedTime 599.931
unaryHyperVol 481
binaryHyperVol 4.1
additiveEps 0.25
entropy 0.434912
archive 17
4
8 7  100 1010111001100000001100111001011111010111101101000111101101011000001110101100010001101011011001001110
6 8  100 1010111001100000001100110101011111010111101101000111101101011000001110101100010001101011011001001110
4 9  100 1010111001100000001100111001011111010111101101000111101101011000001110101100010001100001011001001101
3 10  100 1010111001100000001100111001101111010111101101000111101101011000001110101100010001100001011001001101
runNumber 18
genCount 13102
elapsedTime 600.008
unaryHyperVol 436
binaryHyperVol 16.5
additiveEps 0.5
entropy 0.449615
archive 18
3
8 8  100 1010111001100000001100111001101111100111101101000111101101011000001110101100010001101011011001001110
6 9  100 1010111001100000001100110101101111100111101101000111101101011000001110101100010001101011011001001110
4 10  100 1010111001100000001100111001101111100111101101000111101101011000001110100100010001100011001001001110
runNumber 19
genCount 13335
elapsedTime 599.987
unaryHyperVol 468
binaryHyperVol 8.3
additiveEps 0.5
entropy 0.454958
archive 19
3
8 8  100 1010111001100000001100111001101111100111101101000111101101011000001110101100010001101011011001001110
6 9  100 1010111001100000001100110101101111100111101101000111101101011000001110101100010001101011011001001110
3 10  100 1010111001100000000001111001101111100111101101000111101101011000001110101100010001101011011001001110
runNumber 20
genCount 12331
elapsedTime 599.954
unaryHyperVol 427
binaryHyperVol 12.0208
additiveEps 0.583333
entropy 0.45071
archive 20
3
15 8  100 1001111001100000001100111001101111100111101101000111101101010000000110101111000001010111011001001110
8 9  100 1010111001100000001100111001101111100111101101000111101101010000000110101111000001010111011001001110
4 10  100 1010111001100000001100111001101111100111101101000111101101010001000110101111000001010111011001001110
runNumber 21
genCount 12635
elapsedTime 599.965
unaryHyperVol 481
binaryHyperVol 4.1
additiveEps 0.25
entropy 0.434912
archive 21
4
8 7  100 1010111001100000001100111001011111010111101101000111101101011000001110101100010001101011011001001110
6 8  100 1010111001100000001100110101011111010111101101000111101101011000001110101100010001101011011001001110
4 9  100 1010111001100000001100111001011111010111101101000111101101011000001110101100010001100001011001001101
3 10  100 1010111001100000001100111001101111010111101101000111101101011000001110101100010001100001011001001101
runNumber 22
genCount 12797
elapsedTime 599.988
unaryHyperVol 468
binaryHyperVol 8.3
additiveEps 0.5
entropy 0.454958
archive 22
3
8 8  100 1010111001100000001100111001101111100111101101000111101101011000001110101100010001101011011001001110
6 9  100 1010111001100000001100110101101111100111101101000111101101011000001110101100010001101011011001001110
3 10  100 1010111001100000001100111001101111100111101101000111101101011000001110101100010001100001011001001101
runNumber 23
genCount 12791
elapsedTime 599.984
unaryHyperVol 468
binaryHyperVol 8.3
additiveEps 0.5
entropy 0.454958
archive 23
3
8 8  100 1010111001100000001100111001101111100111101101000111101101011000001110101100010001101011011001001110
6 9  100 1010111001100000001100110101101111100111101101000111101101011000001110101100010001101011011001001110
3 10  100 1010111001100000000001111001101111100111101101000111101101011000001110101100010001101011011001001110
runNumber 24
genCount 12829
elapsedTime 599.97
unaryHyperVol 447
binaryHyperVol 12.4
additiveEps 0.4
entropy 0.45071
archive 24
3
8 7  100 1010111001100000001100111001011111010111101101000111101101011000001110101100010001101011011001001110
6 8  100 1010111001100000001100110101011111010111101101000111101101011000001110101100010001101011011001001110
4 10  100 1010111001100000001100111001011111010111101101000111101101011000000000011100010001100000011001001110
runNumber 25
genCount 13174
elapsedTime 599.949
unaryHyperVol 468
binaryHyperVol 8.3
additiveEps 0.5
entropy 0.454958
archive 25
3
8 8  100 1010111001100000001100111001101111100111101101000111101101011000001110101100010001101011011001001110
6 9  100 1010111001100000001100110101101111100111101101000111101101011000001110101100010001101011011001001110
3 10  100 1010111001100000001100111001101111100111101101000111101101011000001110101100010001100001011001001101
runNumber 26
genCount 12263
elapsedTime 600.003
unaryHyperVol 440
binaryHyperVol 7.79167
additiveEps 0.5
entropy 0.455617
archive 26
3
15 7  100 1001111001100000001100111001011111010111101101000111101101010000000110101111000001010111011001001110
8 8  100 1010111001100000001100111001011111010111101101000111101101010000000110101111000001010111011001001110
4 9  100 1010111001100000001100111001011111010111101101000111101101010001000110101111000001010111011001001110
runNumber 27
genCount 13192
elapsedTime 599.961
unaryHyperVol 468
binaryHyperVol 8.3
additiveEps 0.5
entropy 0.454958
archive 27
3
8 8  100 1010111001100000001100111001101111100111101101000111101101011000001110101100010001101011011001001110
6 9  100 1010111001100000001100110101101111100111101101000111101101011000001110101100010001101011011001001110
3 10  100 1010111001100000000001111001101111100111101101000111101101011000001110101100010001101011011001001110
runNumber 28
genCount 13172
elapsedTime 599.967
unaryHyperVol 468
binaryHyperVol 8.3
additiveEps 0.5
entropy 0.454958
archive 28
3
8 8  100 1010111001100000001100111001101111100111101101000111101101011000001110101100010001101011011001001110
6 9  100 1010111001100000001100110101101111100111101101000111101101011000001110101100010001101011011001001110
3 10  100 1010111001100000000001111001101111100111101101000111101101011000001110101100010001101011011001001110
runNumber 29
genCount 12665
elapsedTime 600.009
unaryHyperVol 481
binaryHyperVol 4.1
additiveEps 0.25
entropy 0.434912
archive 29
4
8 7  100 1010111001100000001100111001011111010111101101000111101101011000001110101100010001101011011001001110
6 8  100 1010111001100000001100110101011111010111101101000111101101011000001110101100010001101011011001001110
4 9  100 1010111001100000001100111001011111010111101101000111101101011000001110101100010001100001011001001101
3 10  100 1010111001100000001100111001101111010111101101000111101101011000001110101100010001100001011001001101
