OptimalFront
unaryHyperVol 335
Optimal front is obtained by exact method
-------------------------
4
2 8
3 7
4 6
5 5
runNumber 0
genCount 13456
elapsedTime 599.335
unaryHyperVol 327
binaryHyperVol 4
additiveEps 0.333333
entropy 0.482558
archive 0
3
4 6  100 1000101000000100010110000010001100100101000101011001010100000011110000110010100010001000101111110111
3 7  100 1000101000000100010110000010001100100101000101011001010100000011011010110010100010001000101111110111
2 8  100 1000101000010001010110000010001100100101000101011001010100000011011010110010100010001000101111110111
runNumber 1
genCount 13048
elapsedTime 599.8
unaryHyperVol 335
binaryHyperVol 0
additiveEps 0
entropy 0.168124
archive 1
4
5 5  100 1000101000000100010110000010001100010101000101011001010100011011010000110010100010001000101111110111
4 6  100 1000101000000100010110000010001100010101000101010001010100011011010000110010100010001000101111110111
3 7  100 1000101000000100010110000010001100010101000101011001010100011011011010110010100010001000101111110111
2 8  100 1000101000010001010110000010001100010101000101011001010100011011011010110010100010001000101111110111
runNumber 2
genCount 12984
elapsedTime 599.798
unaryHyperVol 335
binaryHyperVol 0
additiveEps 0
entropy 0.168124
archive 2
4
5 5  100 1000101000000100010110000010001100010101000101011001010100000011010000110010100010001000101111110111
4 6  100 1000101000000100010110000010001100010101000101011001010100000011110000110010100010001000101111110111
3 7  100 1000101000000100010110000010001100010101000101011001010100000011011010110010100010001000101111110111
2 8  100 1000101000010001010110000010001100010101000101011001010100000011011010110010100010001000101111110111
runNumber 3
genCount 12780
elapsedTime 599.888
unaryHyperVol 335
binaryHyperVol 0
additiveEps 0
entropy 0.168124
archive 3
4
5 5  100 1000101000000100010110000010001100010101000101011001010100011011010000110010100010001000101111110111
4 6  100 1000101000000100010110000010001100010101000101010001010100011011010000110010100010001000101111110111
3 7  100 1000101000000100010110000010001100010101000101011001010100011011011010110010100010001000101111110111
2 8  100 1000101000010001010110000010001100010101000101011001010100011011011010110010100010001000101111110111
runNumber 4
genCount 13200
elapsedTime 599.485
unaryHyperVol 335
binaryHyperVol 0
additiveEps 0
entropy 0.168124
archive 4
4
5 5  100 1000101000000100010110000010001100010101000101011001010100000011010000110010100010001000101111110111
4 6  100 1000101000000100010110000010001100010101000101011001010100000011110000110010100010001000101111110111
3 7  100 1000101000000100010110000010001100010101000101011001010100000011011010110010100010001000101111110111
2 8  100 1000101000010001010110000010001100010101000101011001010100000011011010110010100010001000101111110111
runNumber 5
genCount 12899
elapsedTime 600.56
unaryHyperVol 335
binaryHyperVol 0
additiveEps 0
entropy 0.168124
archive 5
4
5 5  100 1000101000000100010110000010001100010101000101011001010100011011010000110010100010001000101111110111
4 6  100 1000101000000100010110000010001100010101000101010001010100011011010000110010100010001000101111110111
3 7  100 1000101000000100010110000010001100010101000101011001010100011011011010110010100010001000101111110111
2 8  100 1000101000010001010110000010001100010101000101011001010100011011011010110010100010001000101111110111
runNumber 6
genCount 12357
elapsedTime 599.673
unaryHyperVol 335
binaryHyperVol 0
additiveEps 0
entropy 0.168124
archive 6
4
5 5  100 1000101000000100010110000010001100010101000101011001010100000011010000110010100010001000101111110111
4 6  100 1000101000000100010110000010001100010101000101011001010100000011110000110010100010001000101111110111
3 7  100 1000101000000100010110000010001100010101000101011001010100000011011010110010100010001000101111110111
2 8  100 1000101000010001010110000010001100010101000101011001010100000011011010110010100010001000101111110111
runNumber 7
genCount 12898
elapsedTime 599.557
unaryHyperVol 335
binaryHyperVol 0
additiveEps 0
entropy 0.168124
archive 7
4
5 5  100 1000101000000100010110000010001100010101000101011001010100000011010000110010100010001000101111110111
4 6  100 1000101000000100010110000010001100010101000101010001010100000011010000110010100010001000101111110111
3 7  100 1000101000000100010110000010001100010101000101011001010100000011011010110010100010001000101111110111
2 8  100 1000101000010001010110000010001100010101000101011001010100000011011010110010100010001000101111110111
runNumber 8
genCount 12745
elapsedTime 599.563
unaryHyperVol 335
binaryHyperVol 0
additiveEps 0
entropy 0.168124
archive 8
4
5 5  100 1000101000000100010110000010001100010101000101011001010100011011010000110010100010001000101111110111
4 6  100 1000101000000100010110000010001100010101000101010001010100011011010000110010100010001000101111110111
3 7  100 1000101000000100010110000010001100010101000101011001010100011011011010110010100010001000101111110111
2 8  100 1000101000010001010110000010001100010101000101011001010100011011011010110010100010001000101111110111
runNumber 9
genCount 12881
elapsedTime 599.911
unaryHyperVol 335
binaryHyperVol 0
additiveEps 0
entropy 0.168124
archive 9
4
5 5  100 1000101000000100010110000010001100010101000101011001010100011011010000110010100010001000101111110111
4 6  100 1000101000000100010110000010001100010101000101010001010100011011010000110010100010001000101111110111
3 7  100 1000101000000100010110000010001100010101000101011001010100011011011010110010100010001000101111110111
2 8  100 1000101000010001010110000010001100010101000101011001010100011011011010110010100010001000101111110111
runNumber 10
genCount 12828
elapsedTime 599.143
unaryHyperVol 335
binaryHyperVol 0
additiveEps 0
entropy 0.168124
archive 10
4
5 5  100 1000101000000100010110000010001100010101000101011001010100000011010000110010100010001000101111110111
4 6  100 1000101000000100010110000010001100010101000101010001010100000011010000110010100010001000101111110111
3 7  100 1000101000000100010110000010001100010101000101011001010100000011011010110010100010001000101111110111
2 8  100 1000101000010001010110000010001100010101000101011001010100000011011010110010100010001000101111110111
runNumber 11
genCount 12656
elapsedTime 600.802
unaryHyperVol 335
binaryHyperVol 0
additiveEps 0
entropy 0.168124
archive 11
4
5 5  100 1000101000000100010110000010001100010101000101011001010100000011010000110010100010001000101111110111
4 6  100 1000101000000100010110000010001100010101000101011001010100000011110000110010100010001000101111110111
3 7  100 1000101000000100010110000010001100010101000101011001010100000011011010110010100010001000101111110111
2 8  100 1000101000010001010110000010001100010101000101011001010100000011011010110010100010001000101111110111
runNumber 12
genCount 13354
elapsedTime 600.853
unaryHyperVol 335
binaryHyperVol 0
additiveEps 0
entropy 0.168124
archive 12
4
5 5  100 1000101000000100010110000010001100010101000101011001010100000011010000110010100010001000101111110111
4 6  100 1000101000000100010110000010001100010101000101011001010100000011110000110010100010001000101111110111
3 7  100 1000101000000100010110000010001100010101000101011001010100000011011010110010100010001000101111110111
2 8  100 1000101000010001010110000010001100010101000101011001010100000011011010110010100010001000101111110111
runNumber 13
genCount 12485
elapsedTime 599.523
unaryHyperVol 335
binaryHyperVol 0
additiveEps 0
entropy 0.168124
archive 13
4
5 5  100 1000101000000100010110000010001100010101000101011001010100011011010000110010100010001000101111110111
4 6  100 1000101000000100010110000010001100010101000101010001010100011011010000110010100010001000101111110111
3 7  100 1000101000000100010110000010001100010101000101011001010100011011011010110010100010001000101111110111
2 8  100 1000101000010001010110000010001100010101000101011001010100011011011010110010100010001000101111110111
runNumber 14
genCount 12812
elapsedTime 599.943
unaryHyperVol 335
binaryHyperVol 0
additiveEps 0
entropy 0.168124
archive 14
4
5 5  100 1000101000000100010110000010001100010101000101011001010100011011010000110010100010001000101111110111
4 6  100 1000101000000100010110000010001100010101000101010001010100011011010000110010100010001000101111110111
3 7  100 1000101000000100010110000010001100010101000101011001010100011011011010110010100010001000101111110111
2 8  100 1000101000010001010110000010001100010101000101011001010100011011011010110010100010001000101111110111
runNumber 15
genCount 13066
elapsedTime 599.914
unaryHyperVol 335
binaryHyperVol 0
additiveEps 0
entropy 0.168124
archive 15
4
5 5  100 1000101000000100010110000010001100010101000101011001010100011011010000110010100010001000101111110111
4 6  100 1000101000000100010110000010001100010101000101010001010100011011010000110010100010001000101111110111
3 7  100 1000101000000100010110000010001100010101000101011001010100011011011010110010100010001000101111110111
2 8  100 1000101000010001010110000010001100010101000101011001010100011011011010110010100010001000101111110111
runNumber 16
genCount 12446
elapsedTime 599.907
unaryHyperVol 335
binaryHyperVol 0
additiveEps 0
entropy 0.168124
archive 16
4
5 5  100 1000101000000100010110000010001100010101000101011001010100011011010000110010100010001000101111110111
4 6  100 1000101000000100010110000010001100010101000101010001010100011011010000110010100010001000101111110111
3 7  100 1000101000000100010110000010001100010101000101011001010100011011011010110010100010001000101111110111
2 8  100 1000101000010001010110000010001100010101000101011001010100011011011010110010100010001000101111110111
runNumber 17
genCount 12501
elapsedTime 599.688
unaryHyperVol 335
binaryHyperVol 0
additiveEps 0
entropy 0.168124
archive 17
4
5 5  100 1000101000000100010110000010001100010101000101011001010100000011010000110010100010001000101111110111
4 6  100 1000101000000100010110000010001100010101000101011001010100000011110000110010100010001000101111110111
3 7  100 1000101000000100010110000010001100010101000101011001010100000011011010110010100010001000101111110111
2 8  100 1000101000010001010110000010001100010101000101011001010100000011011010110010100010001000101111110111
runNumber 18
genCount 12936
elapsedTime 599.821
unaryHyperVol 335
binaryHyperVol 0
additiveEps 0
entropy 0.168124
archive 18
4
5 5  100 1000101000000100010110000010001100010101000101011001010100000011010000110010100010001000101111110111
4 6  100 1000101000000100010110000010001100010101000101011001010100000011110000110010100010001000101111110111
3 7  100 1000101000000100010110000010001100010101000101011001010100000011011010110010100010001000101111110111
2 8  100 1000101000010001010110000010001100010101000101011001010100000011011010110010100010001000101111110111
runNumber 19
genCount 12903
elapsedTime 599.917
unaryHyperVol 335
binaryHyperVol 0
additiveEps 0
entropy 0.168124
archive 19
4
5 5  100 1000101000000100010110000010001100010101000101011001010100000011010000110010100010001000101111110111
4 6  100 1000101000000100010110000010001100010101000101011001010100000011110000110010100010001000101111110111
3 7  100 1000101000000100010110000010001100010101000101011001010100000011011010110010100010001000101111110111
2 8  100 1000101000010001010110000010001100010101000101011001010100000011011010110010100010001000101111110111
runNumber 20
genCount 13803
elapsedTime 599.79
unaryHyperVol 335
binaryHyperVol 0
additiveEps 0
entropy 0.168124
archive 20
4
5 5  100 1000101000000100010110000010001100010101000101011001010100000011010000110010100010001000101111110111
4 6  100 1000101000000100010110000010001100010101000101011001010100000011110000110010100010001000101111110111
3 7  100 1000101000000100010110000010001100010101000101011001010100000011011010110010100010001000101111110111
2 8  100 1000101000010001010110000010001100010101000101011001010100000011011010110010100010001000101111110111
runNumber 21
genCount 13243
elapsedTime 599.936
unaryHyperVol 335
binaryHyperVol 0
additiveEps 0
entropy 0.168124
archive 21
4
5 5  100 1000101000000100010110000010001100010101000101011001010100000011010000110010100010001000101111110111
4 6  100 1000101000000100010110000010001100010101000101011001010100000011110000110010100010001000101111110111
3 7  100 1000101000000100010110000010001100010101000101011001010100000011011010110010100010001000101111110111
2 8  100 1000101000010001010110000010001100010101000101011001010100000011011010110010100010001000101111110111
runNumber 22
genCount 13315
elapsedTime 599.987
unaryHyperVol 335
binaryHyperVol 0
additiveEps 0
entropy 0.168124
archive 22
4
5 5  100 1000101000000100010110000010001100010101000101011001010100011011010000110010100010001000101111110111
4 6  100 1000101000000100010110000010001100010101000101010001010100011011010000110010100010001000101111110111
3 7  100 1000101000000100010110000010001100010101000101011001010100011011011010110010100010001000101111110111
2 8  100 1000101000010001010110000010001100010101000101011001010100011011011010110010100010001000101111110111
runNumber 23
genCount 12793
elapsedTime 599.681
unaryHyperVol 335
binaryHyperVol 0
additiveEps 0
entropy 0.168124
archive 23
4
5 5  100 1000101000000100010110000010001100010101000101011001010100000011010000110010100010001000101111110111
4 6  100 1000101000000100010110000010001100010101000101011001010100000011110000110010100010001000101111110111
3 7  100 1000101000000100010110000010001100010101000101011001010100000011011010110010100010001000101111110111
2 8  100 1000101000010001010110000010001100010101000101011001010100000011011010110010100010001000101111110111
runNumber 24
genCount 13040
elapsedTime 600.559
unaryHyperVol 335
binaryHyperVol 0
additiveEps 0
entropy 0.168124
archive 24
4
5 5  100 1000101000000100010110000010001100010101000101011001010100000011010000110010100010001000101111110111
4 6  100 1000101000000100010110000010001100010101000101011001010100000011110000110010100010001000101111110111
3 7  100 1000101000000100010110000010001100010101000101011001010100000011011010110010100010001000101111110111
2 8  100 1000101000010001010110000010001100010101000101011001010100000011011010110010100010001000101111110111
runNumber 25
genCount 12707
elapsedTime 600.412
unaryHyperVol 335
binaryHyperVol 0
additiveEps 0
entropy 0.168124
archive 25
4
5 5  100 1000101000000100010110000010001100010101000101011001010100000011010000110010100010001000101111110111
4 6  100 1000101000000100010110000010001100010101000101010001010100011011010000110010100010001000101111110111
3 7  100 1000101000000100010110000010001100010101000101011001010100011011011010110010100010001000101111110111
2 8  100 1000101000010001010110000010001100010101000101011001010100011011011010110010100010001000101111110111
runNumber 26
genCount 13300
elapsedTime 599.902
unaryHyperVol 335
binaryHyperVol 0
additiveEps 0
entropy 0.168124
archive 26
4
5 5  100 1000101000000100010110000010001100010101000101011001010100011011010000110010100010001000101111110111
4 6  100 1000101000000100010110000010001100010101000101010001010100011011010000110010100010001000101111110111
3 7  100 1000101000000100010110000010001100010101000101011001010100011011011010110010100010001000101111110111
2 8  100 1000101000010001010110000010001100010101000101011001010100011011011010110010100010001000101111110111
runNumber 27
genCount 13567
elapsedTime 599.853
unaryHyperVol 335
binaryHyperVol 0
additiveEps 0
entropy 0.168124
archive 27
4
5 5  100 1000101000000100010110000010001100010101000101011001010100000011010000110010100010001000101111110111
4 6  100 1000101000000100010110000010001100010101000101011001010100000011110000110010100010001000101111110111
3 7  100 1000101000000100010110000010001100010101000101011001010100000011011010110010100010001000101111110111
2 8  100 1000101000010001010110000010001100010101000101011001010100000011011010110010100010001000101111110111
runNumber 28
genCount 12962
elapsedTime 599.637
unaryHyperVol 335
binaryHyperVol 0
additiveEps 0
entropy 0.168124
archive 28
4
5 5  100 1000101000000100010110000010001100010101000101011001010100011011010000110010100010001000101111110111
4 6  100 1000101000000100010110000010001100010101000101010001010100011011010000110010100010001000101111110111
3 7  100 1000101000000100010110000010001100010101000101011001010100011011011010110010100010001000101111110111
2 8  100 1000101000010001010110000010001100010101000101011001010100011011011010110010100010001000101111110111
runNumber 29
genCount 12782
elapsedTime 600.017
unaryHyperVol 335
binaryHyperVol 0
additiveEps 0
entropy 0.168124
archive 29
4
5 5  100 1000101000000100010110000010001100010101000101011001010100000011010000110010100010001000101111110111
4 6  100 1000101000000100010110000010001100010101000101011001010100000011110000110010100010001000101111110111
3 7  100 1000101000000100010110000010001100010101000101011001010100000011011010110010100010001000101111110111
2 8  100 1000101000010001010110000010001100010101000101011001010100000011011010110010100010001000101111110111
