OptimalFront
unaryHyperVol 413
4
6 7  100 1000101000010101010000000010001100110101000101011010010100010011010000110001100010001000101011111011
4 8  100 1000101000010101010000000010001100110101000101011010010100010011110000110001100010001000101011111011
3 9  100 1000101000010101010000000010001100110101000101011010010100010011011010110001100010001000101011111011
2 10  100 1000000000000101010000000010001100110101000101011010010100010011011010110000010010001000101011111011
-------------------------
runNumber 0
genCount 13229
elapsedTime 599.242
unaryHyperVol 386
binaryHyperVol 9
additiveEps 0.25
entropy 0.482558
archive 0
3
6 7  100 1000101000010101010000000010001100110101000101011010010100010011010000110001100010001000101011111011
4 8  100 1000101000010101010000000010001100110101000101011010010100010011110000110001100010001000101011111011
3 9  100 1000101000010101010000000010001100110101000101011010010100010011011010110001100010001000101011111011
runNumber 1
genCount 12752
elapsedTime 599.916
unaryHyperVol 400
binaryHyperVol 5.25
additiveEps 0.333333
entropy 0.449615
archive 1
3
6 8  100 1000000000000101010000000010001100110101000101011010010100010011010000110000010010001000101011111011
4 9  100 1000000000000101010000000010001100110101000101011010010100010011110000110000010010001000101011111011
2 10  100 1000000000000101010000000010001100110101000101011010010100010011011010110000010010001000101011111011
runNumber 2
genCount 12739
elapsedTime 599.856
unaryHyperVol 400
binaryHyperVol 5.25
additiveEps 0.333333
entropy 0.449615
archive 2
3
6 8  100 1000101000000101010000000010001100110101000101011010010100010011010000110000010010001000101011111011
4 9  100 1000101000000101010000000010001100110101000101011010010100010011110000110000010010001000101011111011
2 10  100 1000101000000101010000000010001100110101000101011010010100010011011010110000010010001000101011111011
runNumber 3
genCount 12803
elapsedTime 599.83
unaryHyperVol 400
binaryHyperVol 5.25
additiveEps 0.333333
entropy 0.449615
archive 3
3
6 8  100 1000101000000101010000000010001100110101000101011010010100010011010000110000010010001000101011111011
4 9  100 1000101000000101010000000010001100110101000101011010010100010011110000110000010010001000101011111011
2 10  100 1000101000000101010000000010001100110101000101011010010100010011011010110000010010001000101011111011
runNumber 4
genCount 12487
elapsedTime 599.778
unaryHyperVol 400
binaryHyperVol 5.25
additiveEps 0.333333
entropy 0.449615
archive 4
3
6 8  100 1000000000000101010000000010001100110101000101011010010100010011010000110000010010001000101011111011
4 9  100 1000000000000101010000000010001100110101000101011010010100010011110000110000010010001000101011111011
2 10  100 1000000000000101010000000010001100110101000101011010010100010011011010110000010010001000101011111011
runNumber 5
genCount 12801
elapsedTime 601.087
unaryHyperVol 400
binaryHyperVol 5.25
additiveEps 0.333333
entropy 0.449615
archive 5
3
6 8  100 1000000000000101010000000010001100110101000101011010010100010011010000110000010010001000101011111011
4 9  100 1000000000000101010000000010001100110101000101011010010100010011110000110000010010001000101011111011
2 10  100 1000000000000101010000000010001100110101000101011010010100010011011010110000010010001000101011111011
runNumber 6
genCount 12914
elapsedTime 599.547
unaryHyperVol 400
binaryHyperVol 5.25
additiveEps 0.333333
entropy 0.449615
archive 6
3
6 8  100 1000101000000101010000000010001100110101000101011010010100010011010000110000010010001000101011111011
4 9  100 1000101000000101010000000010001100110101000101011010010100010011110000110000010010001000101011111011
2 10  100 1000101000000101010000000010001100110101000101011010010100010011011010110000010010001000101011111011
runNumber 7
genCount 12605
elapsedTime 599.596
unaryHyperVol 400
binaryHyperVol 5.25
additiveEps 0.333333
entropy 0.449615
archive 7
3
6 8  100 1000101000000101010000000010001100110101000101011010010100010011010000110000010010001000101011111011
4 9  100 1000101000000101010000000010001100110101000101011010010100010011110000110000010010001000101011111011
2 10  100 1000101000000101010000000010001100110101000101011010010100010011011010110000010010001000101011111011
runNumber 8
genCount 12681
elapsedTime 599.401
unaryHyperVol 413
binaryHyperVol 0
additiveEps 0
entropy 0.326045
archive 8
4
6 7  100 1000000000010101010000000010001100110101000101011010010100010011010000110001100010001000101011111011
4 8  100 1000000000010101010000000010001100110101000101011010010100010011110000110001100010001000101011111011
3 9  100 1000000000010101010000000010001100110101000101011010010100010011011010110001100010001000101011111011
2 10  100 1000000000000101010000000010001100110101000101011010010100010011011010110000010010001000101011111011
runNumber 9
genCount 12808
elapsedTime 600.763
unaryHyperVol 400
binaryHyperVol 5.25
additiveEps 0.333333
entropy 0.449615
archive 9
3
6 8  100 1000101000000101010000000010001100110101000101011010010100010011010000110000010010001000101011111011
4 9  100 1000101000000101010000000010001100110101000101011010010100010011110000110000010010001000101011111011
2 10  100 1000101000000101010000000010001100110101000101011010010100010011011010110000010010001000101011111011
runNumber 10
genCount 12739
elapsedTime 599.51
unaryHyperVol 400
binaryHyperVol 5.25
additiveEps 0.333333
entropy 0.449615
archive 10
3
6 8  100 1000000000000101010000000010001100110101000101011010010100010011010000110000010010001000101011111011
4 9  100 1000000000000101010000000010001100110101000101011010010100010011110000110000010010001000101011111011
2 10  100 1000000000000101010000000010001100110101000101011010010100010011011010110000010010001000101011111011
runNumber 11
genCount 12636
elapsedTime 602.211
unaryHyperVol 386
binaryHyperVol 9
additiveEps 0.25
entropy 0.482558
archive 11
3
6 7  100 1000101000010101010000000010001100110101000101011010010100010011010000110001100010001000101011111011
4 8  100 1000101000010101010000000010001100110101000101011010010100010011110000110001100010001000101011111011
3 9  100 1000101000010101010000000010001100110101000101011010010100010011011010110001100010001000101011111011
runNumber 12
genCount 13738
elapsedTime 600.572
unaryHyperVol 400
binaryHyperVol 5.25
additiveEps 0.333333
entropy 0.449615
archive 12
3
6 8  100 1000000000000101010000000010001100110101000101011010010100010011010000110000010010001000101011111011
4 9  100 1000000000000101010000000010001100110101000101011010010100010011110000110000010010001000101011111011
2 10  100 1000000000000101010000000010001100110101000101011010010100010011011010110000010010001000101011111011
runNumber 13
genCount 12523
elapsedTime 607.428
unaryHyperVol 400
binaryHyperVol 5.25
additiveEps 0.333333
entropy 0.449615
archive 13
3
6 8  100 1000000000000101010000000010001100110101000101011010010100010011010000110000010010001000101011111011
4 9  100 1000000000000101010000000010001100110101000101011010010100010011110000110000010010001000101011111011
2 10  100 1000000000000101010000000010001100110101000101011010010100010011011010110000010010001000101011111011
runNumber 14
genCount 12621
elapsedTime 599.825
unaryHyperVol 400
binaryHyperVol 5.25
additiveEps 0.333333
entropy 0.449615
archive 14
3
6 8  100 1000101000000101010000000010001100110101000101011010010100010011010000110000010010001000101011111011
4 9  100 1000101000000101010000000010001100110101000101011010010100010011110000110000010010001000101011111011
2 10  100 1000101000000101010000000010001100110101000101011010010100010011011010110000010010001000101011111011
runNumber 15
genCount 12276
elapsedTime 599.95
unaryHyperVol 386
binaryHyperVol 9
additiveEps 0.25
entropy 0.482558
archive 15
3
6 7  100 1000000000010101010110000010001100110101000101011010010100010011010000110001100010010000101011111011
4 8  100 1000000000010101010110000010001100110101000101011010010100010011110000110001100010010000101011111011
3 9  100 1000000000010101010110000010001100110101000101011010010100010011011010110001100010010000101011111011
runNumber 16
genCount 12688
elapsedTime 599.742
unaryHyperVol 400
binaryHyperVol 5.25
additiveEps 0.333333
entropy 0.449615
archive 16
3
6 8  100 1000101000000101010000000010001100110101000101011010010100010011010000110000010010001000101011111011
4 9  100 1000101000000101010000000010001100110101000101011010010100010011110000110000010010001000101011111011
2 10  100 1000101000000101010000000010001100110101000101011010010100010011011010110000010010001000101011111011
runNumber 17
genCount 12803
elapsedTime 599.919
unaryHyperVol 400
binaryHyperVol 5.25
additiveEps 0.333333
entropy 0.449615
archive 17
3
6 8  100 1000101000000101010000000010001100110101000101011010010100010011010000110000010010001000101011111011
4 9  100 1000101000000101010000000010001100110101000101011010010100010011110000110000010010001000101011111011
2 10  100 1000101000000101010000000010001100110101000101011010010100010011011010110000010010001000101011111011
runNumber 18
genCount 12850
elapsedTime 599.728
unaryHyperVol 400
binaryHyperVol 5.25
additiveEps 0.333333
entropy 0.449615
archive 18
3
6 8  100 1000101000000101010000000010001100110101000101011010010100010011010000110000010010001000101011111011
4 9  100 1000101000000101010000000010001100110101000101011010010100010011110000110000010010001000101011111011
2 10  100 1000101000000101010000000010001100110101000101011010010100010011011010110000010010001000101011111011
runNumber 19
genCount 12935
elapsedTime 599.881
unaryHyperVol 400
binaryHyperVol 5.25
additiveEps 0.333333
entropy 0.449615
archive 19
3
6 8  100 1000101000000101010000000010001100110101000101011010010100010011010000110000010010001000101011111011
4 9  100 1000101000000101010000000010001100110101000101011010010100010011110000110000010010001000101011111011
2 10  100 1000101000000101010000000010001100110101000101011010010100010011011010110000010010001000101011111011
runNumber 20
genCount 13085
elapsedTime 599.941
unaryHyperVol 400
binaryHyperVol 5.25
additiveEps 0.333333
entropy 0.449615
archive 20
3
6 8  100 1000101000000101010000000010001100110101000101011010010100010011010000110000010010001000101011111011
4 9  100 1000101000000101010000000010001100110101000101011010010100010011110000110000010010001000101011111011
2 10  100 1000101000000101010000000010001100110101000101011010010100010011011010110000010010001000101011111011
runNumber 21
genCount 13038
elapsedTime 599.964
unaryHyperVol 413
binaryHyperVol 0
additiveEps 0
entropy 0.326045
archive 21
4
6 7  100 1000000000010101010000000010001100110101000101011010010100010011010000110001100010001000101011111011
4 8  100 1000000000010101010000000010001100110101000101011010010100010011110000110001100010001000101011111011
3 9  100 1000000000010101010000000010001100110101000101011010010100010011011010110001100010001000101011111011
2 10  100 1000000000000101010000000010001100110101000101011010010100010011011010110000010010001000101011111011
runNumber 22
genCount 13236
elapsedTime 599.953
unaryHyperVol 400
binaryHyperVol 5.25
additiveEps 0.333333
entropy 0.449615
archive 22
3
6 8  100 1000101000000101010000000010001100110101000101011010010100010011010000110000010010001000101011111011
4 9  100 1000101000000101010000000010001100110101000101011010010100010011110000110000010010001000101011111011
2 10  100 1000101000000101010000000010001100110101000101011010010100010011011010110000010010001000101011111011
runNumber 23
genCount 13473
elapsedTime 599.656
unaryHyperVol 400
binaryHyperVol 5.25
additiveEps 0.333333
entropy 0.449615
archive 23
3
6 8  100 1000101000000101010000000010001100110101000101011010010100010011010000110000010010001000101011111011
4 9  100 1000101000000101010000000010001100110101000101011010010100010011110000110000010010001000101011111011
2 10  100 1000101000000101010000000010001100110101000101011010010100010011011010110000010010001000101011111011
runNumber 24
genCount 13076
elapsedTime 599.91
unaryHyperVol 400
binaryHyperVol 5.25
additiveEps 0.333333
entropy 0.449615
archive 24
3
6 8  100 1000101000000101010000000010001100110101000101011010010100010011010000110000010010001000101011111011
4 9  100 1000101000000101010000000010001100110101000101011010010100010011110000110000010010001000101011111011
2 10  100 1000101000000101010000000010001100110101000101011010010100010011011010110000010010001000101011111011
runNumber 25
genCount 12618
elapsedTime 599.726
unaryHyperVol 400
binaryHyperVol 5.25
additiveEps 0.333333
entropy 0.449615
archive 25
3
6 8  100 1000101000000101010000000010001100110101000101011010010100010011010000110000010010001000101011111011
4 9  100 1000101000000101010000000010001100110101000101011010010100010011110000110000010010001000101011111011
2 10  100 1000101000000101010000000010001100110101000101011010010100010011011010110000010010001000101011111011
runNumber 26
genCount 12574
elapsedTime 600.993
unaryHyperVol 400
binaryHyperVol 5.25
additiveEps 0.333333
entropy 0.449615
archive 26
3
6 8  100 1000000000000101010000000010001100110101000101011010010100010011010000110000010010001000101011111011
4 9  100 1000000000000101010000000010001100110101000101011010010100010011110000110000010010001000101011111011
2 10  100 1000000000000101010000000010001100110101000101011010010100010011011010110000010010001000101011111011
runNumber 27
genCount 12642
elapsedTime 599.859
unaryHyperVol 413
binaryHyperVol 0
additiveEps 0
entropy 0.326045
archive 27
4
6 7  100 1000000000010101010000000010001100110101000101011010010100010011010000110001100010001000101011111011
4 8  100 1000000000010101010000000010001100110101000101011010010100010011110000110001100010001000101011111011
3 9  100 1000000000010101010000000010001100110101000101011010010100010011011010110001100010001000101011111011
2 10  100 1000000000000101010000000010001100110101000101011010010100010011011010110000010010001000101011111011
runNumber 28
genCount 12974
elapsedTime 599.927
unaryHyperVol 400
binaryHyperVol 5.25
additiveEps 0.333333
entropy 0.449615
archive 28
3
6 8  100 1000000000000101010000000010001100110101000101011010010100010011010000110000010010001000101011111011
4 9  100 1000000000000101010000000010001100110101000101011010010100010011110000110000010010001000101011111011
2 10  100 1000000000000101010000000010001100110101000101011010010100010011011010110000010010001000101011111011
runNumber 29
genCount 12769
elapsedTime 599.838
unaryHyperVol 400
binaryHyperVol 5.25
additiveEps 0.333333
entropy 0.449615
archive 29
3
6 8  100 1000101000000101010000000010001100110101000101011010010100010011010000110000010010001000101011111011
4 9  100 1000101000000101010000000010001100110101000101011010010100010011110000110000010010001000101011111011
2 10  100 1000101000000101010000000010001100110101000101011010010100010011011010110000010010001000101011111011
