OptimalFront
unaryHyperVol 305
Optimal front is obtained by exact method
-------------------------
3
3 8
4 7
5 6
runNumber 0
genCount 12541
elapsedTime 599.357
unaryHyperVol 305
binaryHyperVol 0
additiveEps 0
entropy 0.461903
archive 0
3
5 6  100 1010100110110001000000111110110001110101000100001010011010000011010101111011100100010001100100110101
4 7  100 1010100110110001000000111110110001010101000100001010011010000011010101111011100100010001100100110101
3 8  100 1010100110110001001010111110110001110101000100001010011010000011010101111011100100010001100100110101
runNumber 1
genCount 12595
elapsedTime 599.993
unaryHyperVol 305
binaryHyperVol 0
additiveEps 0
entropy 0.461903
archive 1
3
5 6  100 1010100110110001000000111110110001110101000100001010011010000011011000111011100100010101100100110110
4 7  100 1010100110110001000000111110110001010101000100001010011010000011011000111011100100010101100100110110
3 8  100 1010000110110001010000111110110001110101000100001010011010000011011000111011100100010101100100110110
runNumber 2
genCount 12694
elapsedTime 600.015
unaryHyperVol 305
binaryHyperVol 0
additiveEps 0
entropy 0.461903
archive 2
3
5 6  100 1010100110110001000000111110110001110101000100001010011010000011011000111011100100010001100100110101
4 7  100 1010100110110001000000111110110001010101000100001010011010000011011000111011100100010001100100110101
3 8  100 1010000110110001010000111110110001110101000100001010011010000011011000111011100100010001100100110101
runNumber 3
genCount 12698
elapsedTime 599.972
unaryHyperVol 305
binaryHyperVol 0
additiveEps 0
entropy 0.461903
archive 3
3
5 6  100 1010100110110001000000111110110001110101000100001010011010000011011000111011100100010001100100110101
4 7  100 1010100110110001000000111110110001010101000100001010011010000011011000111011100100010001100100110101
3 8  100 1010000110110001010000111110110001110101000100001010011010000011011000111011100100010001100100110101
runNumber 4
genCount 12319
elapsedTime 599.955
unaryHyperVol 305
binaryHyperVol 0
additiveEps 0
entropy 0.461903
archive 4
3
5 6  100 1010100110110001000000111110110001110101000100001010011010000011011000111011100100010001100100110101
4 7  100 1010100110110001000000111110110001010101000100001010011010000011011000111011100100010001100100110101
3 8  100 1010000110110001010000111110110001110101000100001010011010000011011000111011100100010101100100110101
runNumber 5
genCount 12534
elapsedTime 599.994
unaryHyperVol 305
binaryHyperVol 0
additiveEps 0
entropy 0.461903
archive 5
3
5 6  100 1010100110110001000000111110110001110101000100001010011010000011011000111011100100010001100100110101
4 7  100 1010100110110001000000111110110001010101000100001010011010000011011000111011100100010001100100110101
3 8  100 1010100110110001001010111110110001110101000100001010011010000011011000111011100100010001100100110101
runNumber 6
genCount 12940
elapsedTime 599.934
unaryHyperVol 305
binaryHyperVol 0
additiveEps 0
entropy 0.461903
archive 6
3
5 6  100 1010100110110001000000111110110001110101000100001010011010000011011000111011100100010101100100110110
4 7  100 1010100110110001000000111110110001010101000100001010011010000011011000111011100100010101100100110110
3 8  100 1010000110110001010000111110110001110101000100001010011010000011011000111011100100010101100100110110
runNumber 7
genCount 12722
elapsedTime 600.012
unaryHyperVol 305
binaryHyperVol 0
additiveEps 0
entropy 0.461903
archive 7
3
5 6  100 1010100110110001000000111110110001110101000100001010011010000011011000111011100100010001100100110101
4 7  100 1010100110110001000000111110110001010101000100001010011010000011011000111011100100010001100100110101
3 8  100 1010100110110001001010111110110001110101000100001010011010000011011000111011100100010001100100110101
runNumber 8
genCount 12664
elapsedTime 599.981
unaryHyperVol 305
binaryHyperVol 0
additiveEps 0
entropy 0.461903
archive 8
3
5 6  100 1010100110110001000000111110110001110101000100001010011010000011010101111011100100010101100100110101
4 7  100 1010100110110001000000111110110001010101000100001010011010000011010101111011100100010101100100110101
3 8  100 1010000110110001010000111110110001110101000100001010011010000011010101111011100100010001100100110101
runNumber 9
genCount 12733
elapsedTime 599.952
unaryHyperVol 305
binaryHyperVol 0
additiveEps 0
entropy 0.461903
archive 9
3
5 6  100 1010100110110001000000111110110001110101000100001010011010000011010101111011100100010101100100110110
4 7  100 1010100110110001000000111110110001010101000100001010011010000011010101111011100100010101100100110110
3 8  100 1010000110110001010000111110110001110101000100001010011010000011010101111011100100010101100100110110
runNumber 10
genCount 12910
elapsedTime 600.005
unaryHyperVol 305
binaryHyperVol 0
additiveEps 0
entropy 0.461903
archive 10
3
5 6  100 1010100110110001000000111110110001110101000100001010011010000011011000111011100100010101100100110101
4 7  100 1010100110110001000000111110110001010101000100001010011010000011011000111011100100010101100100110101
3 8  100 1010000110110001010000111110110001110101000100001010011010000011011000111011100100010101100100110101
runNumber 11
genCount 13238
elapsedTime 599.96
unaryHyperVol 305
binaryHyperVol 0
additiveEps 0
entropy 0.461903
archive 11
3
5 6  100 1010100110110001000000111110110001110101000100001010011010000011011000111011100100010001100100110101
4 7  100 1010100110110001000000111110110001010101000100001010011010000011011000111011100100010001100100110101
3 8  100 1010100110110001001010111110110001110101000100001010011010000011011000111011100100010001100100110101
runNumber 12
genCount 12779
elapsedTime 599.964
unaryHyperVol 305
binaryHyperVol 0
additiveEps 0
entropy 0.461903
archive 12
3
5 6  100 1010100110110001000000111110110001110101000100001010011010000011010101111011100100010101100100110110
4 7  100 1010100110110001000000111110110001010101000100001010011010000011010101111011100100010101100100110110
3 8  100 1010000110110001010000111110110001110101000100001010011010000011010101111011100100010101100100110110
runNumber 13
genCount 12483
elapsedTime 599.976
unaryHyperVol 305
binaryHyperVol 0
additiveEps 0
entropy 0.461903
archive 13
3
5 6  100 1010100110110001000000111110110001110101000100001010011010000011010101111011100100010001100100110101
4 7  100 1010100110110001000000111110110001010101000100001010011010000011010101111011100100010001100100110101
3 8  100 1010000110110001010000111110110001110101000100001010011010000011010101111011100100010001100100110101
runNumber 14
genCount 12571
elapsedTime 599.992
unaryHyperVol 305
binaryHyperVol 0
additiveEps 0
entropy 0.461903
archive 14
3
5 6  100 1010100110110001000000111110110001110101000100001010011010000011010101111011100100010101100100110101
4 7  100 1010100110110001000000111110110001010101000100001010011010000011010101111011100100010001100100110101
3 8  100 1010000110110001010000111110110001110101000100001010011010000011010101111011100100010101100100110101
runNumber 15
genCount 13025
elapsedTime 599.949
unaryHyperVol 305
binaryHyperVol 0
additiveEps 0
entropy 0.461903
archive 15
3
5 6  100 1010100110110001000000111110110001110101000100001010011010000011011000111011100100010001100100110101
4 7  100 1010100110110001000000111110110001010101000100001010011010000011011000111011100100010001100100110101
3 8  100 1010000110110001010000111110110001110101000100001010011010000011011000111011100100010101100100110101
runNumber 16
genCount 12585
elapsedTime 600.008
unaryHyperVol 305
binaryHyperVol 0
additiveEps 0
entropy 0.461903
archive 16
3
5 6  100 1010100110110001000000111110110001110101000100001010011010000011010101111011100100010101100100110101
4 7  100 1010100110110001000000111110110001010101000100001010011010000011010101111011100100010101100100110101
3 8  100 1010000110110001010000111110110001110101000100001010011010000011010101111011100100010001100100110101
runNumber 17
genCount 12686
elapsedTime 599.978
unaryHyperVol 305
binaryHyperVol 0
additiveEps 0
entropy 0.461903
archive 17
3
5 6  100 1010100110110001000000111110110001110101000100001010011010000011011000111011100100010001100100110101
4 7  100 1010100110110001000000111110110001010101000100001010011010000011011000111011100100010101100100110101
3 8  100 1010000110110001010000111110110001110101000100001010011010000011011000111011100100010001100100110101
runNumber 18
genCount 12562
elapsedTime 599.912
unaryHyperVol 305
binaryHyperVol 0
additiveEps 0
entropy 0.461903
archive 18
3
5 6  100 1010100110110001000000111110110001110101000100001010011010000011011000111011100100010001100100110101
4 7  100 1010100110110001000000111110110001010101000100001010011010000011011000111011100100010101100100110101
3 8  100 1010000110110001010000111110110001110101000100001010011010000011011000111011100100010101100100110101
runNumber 19
genCount 12438
elapsedTime 600.026
unaryHyperVol 305
binaryHyperVol 0
additiveEps 0
entropy 0.461903
archive 19
3
5 6  100 1010100110110001000000111110110001110101000100001010011010000011011000111011100100010001100100110101
4 7  100 1010100110110001000000111110110001010101000100001010011010000011011000111011100100010001100100110101
3 8  100 1010100110110001001010111110110001110101000100001010011010000011011000111011100100010001100100110101
runNumber 20
genCount 12436
elapsedTime 599.964
unaryHyperVol 305
binaryHyperVol 0
additiveEps 0
entropy 0.461903
archive 20
3
5 6  100 1010100110110001000000111110110001110101000100001010011010000011010101111011100100010001100100110101
4 7  100 1010100110110001000000111110110001010101000100001010011010000011010101111011100100010001100100110101
3 8  100 1010100110110001001010111110110001110101000100001010011010000011010101111011100100010001100100110101
runNumber 21
genCount 12446
elapsedTime 599.965
unaryHyperVol 305
binaryHyperVol 0
additiveEps 0
entropy 0.461903
archive 21
3
5 6  100 1010100110110001000000111110110001110101000100001010011010000011010101111011100100010001100100110101
4 7  100 1010100110110001000000111110110001010101000100001010011010000011010101111011100100010001100100110101
3 8  100 1010000110110001010000111110110001110101000100001010011010000011010101111011100100010001100100110101
runNumber 22
genCount 12800
elapsedTime 600.012
unaryHyperVol 305
binaryHyperVol 0
additiveEps 0
entropy 0.461903
archive 22
3
5 6  100 1010100110110001000000111110110001110101000100001010011010000011011000111011100100010001100100110101
4 7  100 1010100110110001000000111110110001010101000100001010011010000011011000111011100100010001100100110101
3 8  100 1010100110110001001010111110110001110101000100001010011010000011011000111011100100010001100100110101
runNumber 23
genCount 12233
elapsedTime 599.973
unaryHyperVol 304
binaryHyperVol 0.166667
additiveEps 0.333333
entropy 0.431512
archive 23
3
5 6  100 1010100110110001000000001110110001110101000100001010011010000011010101111011100100011001100100110101
4 7  100 1010100110110001000000001110110001010101000100001010011010000011010101111011100100011001100100110101
3 9  100 1010100110110001001001001110110001110101000100001010011010000011010101111011100100010001100100110101
runNumber 24
genCount 12766
elapsedTime 599.972
unaryHyperVol 305
binaryHyperVol 0
additiveEps 0
entropy 0.461903
archive 24
3
5 6  100 1010100110110001000000111110110001110101000100001010011010000011011000111011100100010001100100110101
4 7  100 1010100110110001000000111110110001010101000100001010011010000011011000111011100100010001100100110101
3 8  100 1010100110110001001010111110110001110101000100001010011010000011011000111011100100010001100100110101
runNumber 25
genCount 12420
elapsedTime 599.949
unaryHyperVol 305
binaryHyperVol 0
additiveEps 0
entropy 0.461903
archive 25
3
5 6  100 1010100110110001000000111110110001110101000100001010011010000011011000111011100100010001100100110101
4 7  100 1010100110110001000000111110110001010101000100001010011010000011011000111011100100010001100100110101
3 8  100 1010100110110001001010111110110001110101000100001010011010000011011000111011100100010001100100110101
runNumber 26
genCount 12546
elapsedTime 600.021
unaryHyperVol 305
binaryHyperVol 0
additiveEps 0
entropy 0.461903
archive 26
3
5 6  100 1010100110110001000000111110110001110101000100001010011010000011011000111011100100010101100100110110
4 7  100 1010100110110001000000111110110001010101000100001010011010000011011000111011100100010101100100110110
3 8  100 1010000110110001010000111110110001110101000100001010011010000011011000111011100100010101100100110110
runNumber 27
genCount 12807
elapsedTime 599.942
unaryHyperVol 305
binaryHyperVol 0
additiveEps 0
entropy 0.461903
archive 27
3
5 6  100 1010100110110001000000111110110001110101000100001010011010000011011000111011100100010101100100110101
4 7  100 1010100110110001000000111110110001010101000100001010011010000011011000111011100100010001100100110101
3 8  100 1010000110110001010000111110110001110101000100001010011010000011011000111011100100010101100100110101
runNumber 28
genCount 12722
elapsedTime 599.971
unaryHyperVol 305
binaryHyperVol 0
additiveEps 0
entropy 0.461903
archive 28
3
5 6  100 1010100110110001000000111110110001110101000100001010011010000011011000111011100100010101100100110110
4 7  100 1010100110110001000000111110110001010101000100001010011010000011011000111011100100010101100100110110
3 8  100 1010000110110001010000111110110001110101000100001010011010000011011000111011100100010101100100110110
runNumber 29
genCount 13065
elapsedTime 599.913
unaryHyperVol 305
binaryHyperVol 0
additiveEps 0
entropy 0.461903
archive 29
3
5 6  100 1010100110110001000000111110110001110101000100001010011010000011011000111011100100010101100100110110
4 7  100 1010100110110001000000111110110001010101000100001010011010000011011000111011100100010101100100110110
3 8  100 1010000110110001010000111110110001110101000100001010011010000011011000111011100100010101100100110110
