OptimalFront
unaryHyperVol 412
Optimal front is obtained by exact method
-------------------------
4
2 7
3 6
5 5
6 4
runNumber 0
genCount 8743
elapsedTime 600.003
unaryHyperVol 391
binaryHyperVol 10.0833
additiveEps 0.666667
entropy 0.509891
archive 0
2
3 6  100 1010000111010101110000111100101001111010111010000010110111010001101000011101100011101000101101111000
2 7  100 1010000111011101110000111100101001111010111010000010110111010001101000011100010011101000101101111000
runNumber 1
genCount 9720
elapsedTime 599.881
unaryHyperVol 391
binaryHyperVol 10.0833
additiveEps 0.666667
entropy 0.509891
archive 1
2
3 6  100 1010000111010101110000111100101001111010111010000010110111010001101000011101100011101000101101111000
2 7  100 1010000111011101110000111100101001111010111010000010110111010001101000011100010011101000101101111000
runNumber 2
genCount 8532
elapsedTime 599.718
unaryHyperVol 385
binaryHyperVol 8.25
additiveEps 0.25
entropy 0.482558
archive 2
3
6 4  100 0000000111011101110000111100101001111010110101000010110111010001101000010001000011101000011101111000
5 5  100 0000000111011110110000111100101001111010110101000010110111010001101000010001000011101000011101111000
3 6  100 0000000111010101110000111100101001111010111010000010110111010001101000010001100011101000011101111000
runNumber 3
genCount 8507
elapsedTime 599.9
unaryHyperVol 412
binaryHyperVol 0
additiveEps 0
entropy 0.326634
archive 3
4
6 4  100 0000000111011101110000111100101001111010110101000010110111010001101000011101000011101000101101111000
5 5  100 0000000111011110110000111100101001111010110101000010110111010001101000011101000011101000101101111000
3 6  100 0000000111010101110000111100101001111010111010000010110111010001101000011101100011101000101101111000
2 7  100 0000000111011101110000111100101001111010111010000010110111010001101000011100010011101000101101111000
runNumber 4
genCount 8611
elapsedTime 599.8
unaryHyperVol 412
binaryHyperVol 0
additiveEps 0
entropy 0.326634
archive 4
4
6 4  100 0000000111011101110000111100101001111010110101000010110111010001101000011101000011101000101101111000
5 5  100 0000000111010110110000111100101001111010110101000010110111010001101000011101100011101000101101111000
3 6  100 0000000111010101110000111100101001111010111010000010110111010001101000011101100011101000101101111000
2 7  100 0000000111011101110000111100101001111010111010000010110111010001101000011100010011101000101101111000
runNumber 5
genCount 8770
elapsedTime 599.957
unaryHyperVol 391
binaryHyperVol 10.0833
additiveEps 0.666667
entropy 0.509891
archive 5
2
3 6  100 1010000111010101110000111100101001111010111010000010110111010001101000011101100011101000101101111000
2 7  100 1010000111011101110000111100101001111010111010000010110111010001101000011100010011101000101101111000
runNumber 6
genCount 8463
elapsedTime 599.972
unaryHyperVol 412
binaryHyperVol 0
additiveEps 0
entropy 0.326634
archive 6
4
6 4  100 0000000111011101110000111100101001111010110101000010110111010001101000011101000011101000101101111000
5 5  100 0000000111011110110000111100101001111010110101000010110111010001101000011101000011101000101101111000
3 6  100 0000000111010101110000111100101001111010111010000010110111010001101000011101100011101000101101111000
2 7  100 0000000111011101110000111100101001111010111010000010110111010001101000011100010011101000101101111000
runNumber 7
genCount 8612
elapsedTime 599.925
unaryHyperVol 356
binaryHyperVol 16.6667
additiveEps 0.5
entropy 0.49717
archive 7
2
6 4  100 1010000111011101110000111100101001111010110101000010110111010001101000011101000011101000101101111000
4 6  100 1010000111010101110000111100101001111010110101010010110111010000101000011101100011101000101101111000
runNumber 8
genCount 8497
elapsedTime 600.032
unaryHyperVol 411
binaryHyperVol 0.0833333
additiveEps 0.25
entropy 0.418262
archive 8
3
6 4  100 1010000111011101110000111100101001111010110101000010110111010001101000011101000011101000101101111000
3 6  100 1010000111010101110000111100101001111010111010000010110111010001101000011101100011101000101101111000
2 7  100 1010000111011101110000111100101001111010111010000010110111010001101000011100010011101000101101111000
runNumber 9
genCount 9187
elapsedTime 599.924
unaryHyperVol 364
binaryHyperVol 18.3333
additiveEps 0.666667
entropy 0
archive 9
1
3 6  100 0000000111010101110000111100101001111010111010000010110111010001101000011101100011101000101101111000
runNumber 10
genCount 8409
elapsedTime 599.984
unaryHyperVol 412
binaryHyperVol 0
additiveEps 0
entropy 0.326634
archive 10
4
6 4  100 0000000111011101110000111100101001111010110101000010110111010001101000011101000011101000101101111000
5 5  100 0000000111011110110000111100101001111010110101000010110111010001101000011101000011101000101101111000
3 6  100 0000000111010101110000111100101001111010111010000010110111010001101000011101100011101000101101111000
2 7  100 0000000111011101110000111100101001111010111010000010110111010001101000011100010011101000101101111000
runNumber 11
genCount 8600
elapsedTime 599.98
unaryHyperVol 412
binaryHyperVol 0
additiveEps 0
entropy 0.326634
archive 11
4
6 4  100 0000000111011101110000111100101001111010110101000010110111010001101000011101000011101000101101111000
5 5  100 0000000111011110110000111100101001111010110101000010110111010001101000011101000011101000101101111000
3 6  100 0000000111010101110000111100101001111010111010000010110111010001101000011101100011101000101101111000
2 7  100 0000000111011101110000111100101001111010111010000010110111010001101000011100010011101000101101111000
runNumber 12
genCount 8417
elapsedTime 600
unaryHyperVol 411
binaryHyperVol 0.0833333
additiveEps 0.25
entropy 0.418262
archive 12
3
6 4  100 1010000111011101110000111100101001111010110101000010110111010001101000011101000011101000101101111000
3 6  100 1010000111010101110000111100101001111010111010000010110111010001101000011101100011101000101101111000
2 7  100 1010000111011101110000111100101001111010111010000010110111010001101000011100010011101000101101111000
runNumber 13
genCount 8671
elapsedTime 599.999
unaryHyperVol 412
binaryHyperVol 0
additiveEps 0
entropy 0.326634
archive 13
4
6 4  100 0000000111011101110000111100101001111010110101000010110111010001101000011101000011101000101101111000
5 5  100 0000000111010110110000111100101001111010110101000010110111010001101000011101100011101000101101111000
3 6  100 0000000111010101110000111100101001111010111010000010110111010001101000011101100011101000101101111000
2 7  100 0000000111011101110000111100101001111010111010000010110111010001101000011100010011101000101101111000
runNumber 14
genCount 8995
elapsedTime 599.878
unaryHyperVol 391
binaryHyperVol 10.0833
additiveEps 0.666667
entropy 0.509891
archive 14
2
3 6  100 1010000111010101110000111100101001111010111010000010110111010001101000011101100011101000101101111000
2 7  100 1010000111011101110000111100101001111010111010000010110111010001101000011100010011101000101101111000
runNumber 15
genCount 9192
elapsedTime 599.971
unaryHyperVol 364
binaryHyperVol 18.3333
additiveEps 0.666667
entropy 0
archive 15
1
3 6  100 0000000111010101110000111100101001111010111010000010110111010001101000010001100011101000011101111000
runNumber 16
genCount 8469
elapsedTime 599.977
unaryHyperVol 411
binaryHyperVol 0.0833333
additiveEps 0.25
entropy 0.418262
archive 16
3
6 4  100 0000000111011101110000111100101001111010110101000010110111010001101000011101000011101000101101111000
3 6  100 0000000111010101110000111100101001111010111010000010110111010001101000011101100011101000101101111000
2 7  100 0000000111011101110000111100101001111010111010000010110111010001101000011100010011101000101101111000
runNumber 17
genCount 8878
elapsedTime 599.894
unaryHyperVol 336
binaryHyperVol 26.6667
additiveEps 0.666667
entropy 0
archive 17
1
4 6  100 0000000111010101110000111100101001111010110101010010110111010000101000011101100011101000101101111000
runNumber 18
genCount 8659
elapsedTime 600.012
unaryHyperVol 391
binaryHyperVol 10.0833
additiveEps 0.666667
entropy 0.509891
archive 18
2
3 6  100 0000000111010101110000111100101001111010111010000010110111010001101000011101100011101000101101111000
2 7  100 0000000111011101110000111100101001111010111010000010110111010001101000011100010011101000101101111000
runNumber 19
genCount 8768
elapsedTime 599.861
unaryHyperVol 391
binaryHyperVol 10.0833
additiveEps 0.666667
entropy 0.509891
archive 19
2
3 6  100 0000000111010101110000111100101001111010111010000010110111010001101000011101100011101000101101111000
2 7  100 0000000111011101110000111100101001111010111010000010110111010001101000011100010011101000101101111000
runNumber 20
genCount 8537
elapsedTime 599.968
unaryHyperVol 411
binaryHyperVol 0.0833333
additiveEps 0.25
entropy 0.418262
archive 20
3
6 4  100 1010000111011101110000111100101001111010110101000010110111010001101000011101000011101000101101111000
3 6  100 1010000111010101110000111100101001111010111010000010110111010001101000011101100011101000101101111000
2 7  100 1010000111011101110000111100101001111010111010000010110111010001101000011100010011101000101101111000
runNumber 21
genCount 8420
elapsedTime 599.946
unaryHyperVol 412
binaryHyperVol 0
additiveEps 0
entropy 0.326634
archive 21
4
6 4  100 0000000111011101110000111100101001111010110101000010110111010001101000011101000011101000101101111000
5 5  100 0000000111011110110000111100101001111010110101000010110111010001101000011101000011101000101101111000
3 6  100 0000000111010101110000111100101001111010111010000010110111010001101000011101100011101000101101111000
2 7  100 0000000111011101110000111100101001111010111010000010110111010001101000011100010011101000101101111000
runNumber 22
genCount 8787
elapsedTime 600.008
unaryHyperVol 364
binaryHyperVol 18.3333
additiveEps 0.666667
entropy 0
archive 22
1
3 6  100 0000000111010101110000111100101001111010111010000010110111010001101000011101100011101000101101111000
runNumber 23
genCount 8607
elapsedTime 599.971
unaryHyperVol 411
binaryHyperVol 0.0833333
additiveEps 0.25
entropy 0.418262
archive 23
3
6 4  100 1010000111011101110000111100101001111010110101000010110111010001101000011101000011101000101101111000
3 6  100 1010000111010101110000111100101001111010111010000010110111010001101000011101100011101000101101111000
2 7  100 1010000111011101110000111100101001111010111010000010110111010001101000011100010011101000101101111000
runNumber 24
genCount 8476
elapsedTime 599.862
unaryHyperVol 412
binaryHyperVol 0
additiveEps 0
entropy 0.326634
archive 24
4
6 4  100 0000000111011101110000111100101001111010110101000010110111010001101000011101000011101000101101111000
5 5  100 0000000111010110110000111100101001111010110101000010110111010001101000011101100011101000101101111000
3 6  100 0000000111010101110000111100101001111010111010000010110111010001101000011101100011101000101101111000
2 7  100 0000000111011101110000111100101001111010111010000010110111010001101000011100010011101000101101111000
runNumber 25
genCount 8541
elapsedTime 599.996
unaryHyperVol 411
binaryHyperVol 0.0833333
additiveEps 0.25
entropy 0.418262
archive 25
3
6 4  100 1010000111011101110000111100101001111010110101000010110111010001101000011101000011101000101101111000
3 6  100 1010000111010101110000111100101001111010111010000010110111010001101000011101100011101000101101111000
2 7  100 1010000111011101110000111100101001111010111010000010110111010001101000011100010011101000101101111000
runNumber 26
genCount 8349
elapsedTime 599.947
unaryHyperVol 412
binaryHyperVol 0
additiveEps 0
entropy 0.326634
archive 26
4
6 4  100 0000000111011101110000111100101001111010110101000010110111010001101000011101000011101000101101111000
5 5  100 0000000111011110110000111100101001111010110101000010110111010001101000011101000011101000101101111000
3 6  100 0000000111010101110000111100101001111010111010000010110111010001101000011101100011101000101101111000
2 7  100 0000000111011101110000111100101001111010111010000010110111010001101000011100010011101000101101111000
runNumber 27
genCount 8362
elapsedTime 599.878
unaryHyperVol 412
binaryHyperVol 0
additiveEps 0
entropy 0.326634
archive 27
4
6 4  100 0000000111011101110000111100101001111010110101000010110111010001101000011101000011101000101101111000
5 5  100 0000000111010110110000111100101001111010110101000010110111010001101000011101100011101000101101111000
3 6  100 0000000111010101110000111100101001111010111010000010110111010001101000011101100011101000101101111000
2 7  100 0000000111011101110000111100101001111010111010000010110111010001101000011100010011101000101101111000
runNumber 28
genCount 8321
elapsedTime 600.04
unaryHyperVol 412
binaryHyperVol 0
additiveEps 0
entropy 0.326634
archive 28
4
6 4  100 0000000111011101110000111100101001111010110101000010110111010001101000011101000011101000101101111000
5 5  100 0000000111011110110000111100101001111010110101000010110111010001101000011101000011101000101101111000
3 6  100 0000000111010101110000111100101001111010111010000010110111010001101000011101100011101000101101111000
2 7  100 0000000111011101110000111100101001111010111010000010110111010001101000011100010011101000101101111000
runNumber 29
genCount 8524
elapsedTime 599.871
unaryHyperVol 411
binaryHyperVol 0.0833333
additiveEps 0.25
entropy 0.418262
archive 29
3
6 4  100 1010000111011101110000111100101001111010110101000010110111010001101000011101000011101000101101111000
3 6  100 1010000111010101110000111100101001111010111010000010110111010001101000011101100011101000101101111000
2 7  100 1010000111011101110000111100101001111010111010000010110111010001101000011100010011101000101101111000
