OptimalFront
unaryHyperVol 344
Optimal front is obtained by exact method
-------------------------
3
1 6
2 5
4 4
runNumber 0
genCount 8487
elapsedTime 599.819
unaryHyperVol 344
binaryHyperVol 0
additiveEps 0
entropy 0.270001
archive 0
3
4 4  100 0111001001101111101011110010100100101111110100010010010111111010000101100000011100100010110000101011
2 5  100 0111001001101111101011110010100100101111110100010010010111111010000101100010011100100010110000101011
1 6  100 0111001001101111101011110010100100101111110100010010010111111010001001100010011100100010110000101011
runNumber 1
genCount 8666
elapsedTime 599.653
unaryHyperVol 344
binaryHyperVol 0
additiveEps 0
entropy 0.270001
archive 1
3
4 4  100 0111001001101111101011110010100100101111110100010010010111111010000101100000011100100010110000101011
2 5  100 0111001001101111101011110010100100101111110100010010010111111010000101100010011100100010110000101011
1 6  100 0111001001101111101011110010100100101111110100010010010111111010001001100010011100100010110000101011
runNumber 2
genCount 8573
elapsedTime 599.808
unaryHyperVol 344
binaryHyperVol 0
additiveEps 0
entropy 0.270001
archive 2
3
4 4  100 0111001001101111101011110010100100101111110100010010010111111010000101100000011100100010110000101011
2 5  100 0111001001101111101011110010100100101111110100010010010111111010000101100010011100100010110000101011
1 6  100 0111001001101111101011110010100100101111110100010010010111111010001001100010011100100010110000101011
runNumber 3
genCount 8397
elapsedTime 599.953
unaryHyperVol 344
binaryHyperVol 0
additiveEps 0
entropy 0.270001
archive 3
3
4 4  100 0111001001101111101011110010100100101111110100010010010111111010000101100000011100100010110000101011
2 5  100 0111001001101111101011110010100100101111110100010010010111111010000101100010011100100010110000101011
1 6  100 0111001001101111101011110010100100101111110100010010010111111010001001100010011100100010110000101011
runNumber 4
genCount 8791
elapsedTime 599.74
unaryHyperVol 344
binaryHyperVol 0
additiveEps 0
entropy 0.270001
archive 4
3
4 4  100 0111001001101111101011110010100100101111110100010010010111111010000101100000011100100010110000101011
2 5  100 0111001001101111101011110010100100101111110100010010010111111010000101100010011100100010110000101011
1 6  100 0111001001101111101011110010100100101111110100010010010111111010001001100010011100100010110000101011
runNumber 5
genCount 8534
elapsedTime 599.918
unaryHyperVol 344
binaryHyperVol 0
additiveEps 0
entropy 0.270001
archive 5
3
4 4  100 0111001001101111101011110010100100101111110100010010010111111010000101100000011100100010110000101011
2 5  100 0111001001101111101011110010100100101111110100010010010111111010000101100010011100100010110000101011
1 6  100 0111001001101111101011110010100100101111110100010010010111111010001001100010011100100010110000101011
runNumber 6
genCount 8760
elapsedTime 599.924
unaryHyperVol 344
binaryHyperVol 0
additiveEps 0
entropy 0.270001
archive 6
3
4 4  100 0111001001101111101011110010100100101111110100010010010111111010000101100000011100100010110000101011
2 5  100 0111001001101111101011110010100100101111110100010010010111111010000101100010011100100010110000101011
1 6  100 0111001001101111101011110010100100101111110100010010010111111010001001100010011100100010110000101011
runNumber 7
genCount 8610
elapsedTime 599.978
unaryHyperVol 344
binaryHyperVol 0
additiveEps 0
entropy 0.270001
archive 7
3
4 4  100 0111001001101111101011110010100100101111110100010010010111111010000101100000011100100010110000101011
2 5  100 0111001001101111101011110010100100101111110100010010010111111010000101100010011100100010110000101011
1 6  100 0111001001101111101011110010100100101111110100010010010111111010001001100010011100100010110000101011
runNumber 8
genCount 8463
elapsedTime 599.99
unaryHyperVol 344
binaryHyperVol 0
additiveEps 0
entropy 0.270001
archive 8
3
4 4  100 0111001001101111101011110010100100101111110100010010010111111010000101100000011100100010110000101011
2 5  100 0111001001101111101011110010100100101111110100010010010111111010000101100010011100100010110000101011
1 6  100 0111001001101111101011110010100100101111110100010010010111111010001001100010011100100010110000101011
runNumber 9
genCount 8602
elapsedTime 599.954
unaryHyperVol 344
binaryHyperVol 0
additiveEps 0
entropy 0.270001
archive 9
3
4 4  100 0111001001101111101011110010100100101111110100010010010111111010000101100000011100100010110000101011
2 5  100 0111001001101111101011110010100100101111110100010010010111111010000101100010011100100010110000101011
1 6  100 0111001001101111101011110010100100101111110100010010010111111010001001100010011100100010110000101011
runNumber 10
genCount 8569
elapsedTime 599.799
unaryHyperVol 344
binaryHyperVol 0
additiveEps 0
entropy 0.270001
archive 10
3
4 4  100 0111001001101111101011110010100100101111110100010010010111111010000101100000011100100010110000101011
2 5  100 0111001001101111101011110010100100101111110100010010010111111010000101100010011100100010110000101011
1 6  100 0111001001101111101011110010100100101111110100010010010111111010001001100010011100100010110000101011
runNumber 11
genCount 8819
elapsedTime 599.949
unaryHyperVol 344
binaryHyperVol 0
additiveEps 0
entropy 0.270001
archive 11
3
4 4  100 0111001001101111101011110010100100101111110100010010010111111010000101100000011100100010110000101011
2 5  100 0111001001101111101011110010100100101111110100010010010111111010000101100010011100100010110000101011
1 6  100 0111001001101111101011110010100100101111110100010010010111111010001001100010011100100010110000101011
runNumber 12
genCount 8725
elapsedTime 599.907
unaryHyperVol 344
binaryHyperVol 0
additiveEps 0
entropy 0.270001
archive 12
3
4 4  100 0111001001101111101011110010100100101111110100010010010111111010000101100000011100100010110000101011
2 5  100 0111001001101111101011110010100100101111110100010010010111111010000101100010011100100010110000101011
1 6  100 0111001001101111101011110010100100101111110100010010010111111010001001100010011100100010110000101011
runNumber 13
genCount 8756
elapsedTime 599.999
unaryHyperVol 344
binaryHyperVol 0
additiveEps 0
entropy 0.270001
archive 13
3
4 4  100 0111001001101111101011110010100100101111110100010010010111111010000101100000011100100010110000101011
2 5  100 0111001001101111101011110010100100101111110100010010010111111010000101100010011100100010110000101011
1 6  100 0111001001101111101011110010100100101111110100010010010111111010001001100010011100100010110000101011
runNumber 14
genCount 8599
elapsedTime 599.585
unaryHyperVol 344
binaryHyperVol 0
additiveEps 0
entropy 0.270001
archive 14
3
4 4  100 0111001001101111101011110010100100101111110100010010010111111010000101100000011100100010110000101011
2 5  100 0111001001101111101011110010100100101111110100010010010111111010000101100010011100100010110000101011
1 6  100 0111001001101111101011110010100100101111110100010010010111111010001001100010011100100010110000101011
runNumber 15
genCount 8656
elapsedTime 599.864
unaryHyperVol 344
binaryHyperVol 0
additiveEps 0
entropy 0.270001
archive 15
3
4 4  100 0111001001101111101011110010100100101111110100010010010111111010000101100000011100100010110000101011
2 5  100 0111001001101111101011110010100100101111110100010010010111111010000101100010011100100010110000101011
1 6  100 0111001001101111101011110010100100101111110100010010010111111010001001100010011100100010110000101011
runNumber 16
genCount 8534
elapsedTime 599.777
unaryHyperVol 344
binaryHyperVol 0
additiveEps 0
entropy 0.270001
archive 16
3
4 4  100 0111001001101111101011110010100100101111110100010010010111111010000101100000011100100010110000101011
2 5  100 0111001001101111101011110010100100101111110100010010010111111010000101100010011100100010110000101011
1 6  100 0111001001101111101011110010100100101111110100010010010111111010001001100010011100100010110000101011
runNumber 17
genCount 8486
elapsedTime 599.891
unaryHyperVol 344
binaryHyperVol 0
additiveEps 0
entropy 0.270001
archive 17
3
4 4  100 0111001001101111101011110010100100101111110100010010010111111010000101100000011100100010110000101011
2 5  100 0111001001101111101011110010100100101111110100010010010111111010000101100010011100100010110000101011
1 6  100 0111001001101111101011110010100100101111110100010010010111111010001001100010011100100010110000101011
runNumber 18
genCount 8728
elapsedTime 599.951
unaryHyperVol 344
binaryHyperVol 0
additiveEps 0
entropy 0.270001
archive 18
3
4 4  100 0111001001101111101011110010100100101111110100010010010111111010000101100000011100100010110000101011
2 5  100 0111001001101111101011110010100100101111110100010010010111111010000101100010011100100010110000101011
1 6  100 0111001001101111101011110010100100101111110100010010010111111010001001100010011100100010110000101011
runNumber 19
genCount 8702
elapsedTime 599.86
unaryHyperVol 344
binaryHyperVol 0
additiveEps 0
entropy 0.270001
archive 19
3
4 4  100 0111001001101111101011110010100100101111110100010010010111111010000101100000011100100010110000101011
2 5  100 0111001001101111101011110010100100101111110100010010010111111010000101100010011100100010110000101011
1 6  100 0111001001101111101011110010100100101111110100010010010111111010001001100010011100100010110000101011
runNumber 20
genCount 8615
elapsedTime 599.948
unaryHyperVol 344
binaryHyperVol 0
additiveEps 0
entropy 0.270001
archive 20
3
4 4  100 0111001001101111101011110010100100101111110100010010010111111010000101100000011100100010110000101011
2 5  100 0111001001101111101011110010100100101111110100010010010111111010000101100010011100100010110000101011
1 6  100 0111001001101111101011110010100100101111110100010010010111111010001001100010011100100010110000101011
runNumber 21
genCount 8632
elapsedTime 599.964
unaryHyperVol 344
binaryHyperVol 0
additiveEps 0
entropy 0.270001
archive 21
3
4 4  100 0111001001101111101011110010100100101111110100010010010111111010000101100000011100100010110000101011
2 5  100 0111001001101111101011110010100100101111110100010010010111111010000101100010011100100010110000101011
1 6  100 0111001001101111101011110010100100101111110100010010010111111010001001100010011100100010110000101011
runNumber 22
genCount 8823
elapsedTime 600.031
unaryHyperVol 344
binaryHyperVol 0
additiveEps 0
entropy 0.270001
archive 22
3
4 4  100 0111001001101111101011110010100100101111110100010010010111111010000101100000011100100010110000101011
2 5  100 0111001001101111101011110010100100101111110100010010010111111010000101100010011100100010110000101011
1 6  100 0111001001101111101011110010100100101111110100010010010111111010001001100010011100100010110000101011
runNumber 23
genCount 8864
elapsedTime 599.72
unaryHyperVol 252
binaryHyperVol 38.3333
additiveEps 1
entropy 0
archive 23
1
4 5  100 0111001001101111100101110000100100101111010100010010010111111010000101100000011100010010110000101011
runNumber 24
genCount 8707
elapsedTime 599.553
unaryHyperVol 344
binaryHyperVol 0
additiveEps 0
entropy 0.270001
archive 24
3
4 4  100 0111001001101111101011110010100100101111110100010010010111111010000101100000011100100010110000101011
2 5  100 0111001001101111101011110010100100101111110100010010010111111010000101100010011100100010110000101011
1 6  100 0111001001101111101011110010100100101111110100010010010111111010001001100010011100100010110000101011
runNumber 25
genCount 8578
elapsedTime 599.947
unaryHyperVol 344
binaryHyperVol 0
additiveEps 0
entropy 0.270001
archive 25
3
4 4  100 0111001001101111101011110010100100101111110100010010010111111010000101100000011100100010110000101011
2 5  100 0111001001101111101011110010100100101111110100010010010111111010000101100010011100100010110000101011
1 6  100 0111001001101111101011110010100100101111110100010010010111111010001001100010011100100010110000101011
runNumber 26
genCount 8844
elapsedTime 600.008
unaryHyperVol 344
binaryHyperVol 0
additiveEps 0
entropy 0.270001
archive 26
3
4 4  100 0111001001101111101011110010100100101111110100010010010111111010000101100000011100100010110000101011
2 5  100 0111001001101111101011110010100100101111110100010010010111111010000101100010011100100010110000101011
1 6  100 0111001001101111101011110010100100101111110100010010010111111010001001100010011100100010110000101011
runNumber 27
genCount 8566
elapsedTime 599.782
unaryHyperVol 344
binaryHyperVol 0
additiveEps 0
entropy 0.270001
archive 27
3
4 4  100 0111001001101111101011110010100100101111110100010010010111111010000101100000011100100010110000101011
2 5  100 0111001001101111101011110010100100101111110100010010010111111010000101100010011100100010110000101011
1 6  100 0111001001101111101011110010100100101111110100010010010111111010001001100010011100100010110000101011
runNumber 28
genCount 8683
elapsedTime 599.718
unaryHyperVol 344
binaryHyperVol 0
additiveEps 0
entropy 0.270001
archive 28
3
4 4  100 0111001001101111101011110010100100101111110100010010010111111010000101100000011100100010110000101011
2 5  100 0111001001101111101011110010100100101111110100010010010111111010000101100010011100100010110000101011
1 6  100 0111001001101111101011110010100100101111110100010010010111111010001001100010011100100010110000101011
runNumber 29
genCount 8704
elapsedTime 599.943
unaryHyperVol 344
binaryHyperVol 0
additiveEps 0
entropy 0.270001
archive 29
3
4 4  100 0111001001101111101011110010100100101111110100010010010111111010000101100000011100100010110000101011
2 5  100 0111001001101111101011110010100100101111110100010010010111111010000101100010011100100010110000101011
1 6  100 0111001001101111101011110010100100101111110100010010010111111010001001100010011100100010110000101011
