OptimalFront
unaryHyperVol 437
Optimal front is obtained by exact method
-------------------------
3
1 4
2 3
5 2
runNumber 0
genCount 8799
elapsedTime 599.985
unaryHyperVol 437
binaryHyperVol 0
additiveEps 0
entropy 0.270001
archive 0
3
5 2  100 1011100011010000101010110010101001000101110111010000011010000011001000100010011000101111010111101001
2 3  100 1011100011010000101010110010101001000101110111010010011010000011001000100010011000101111010111101001
1 4  100 1011100011010000101010110010101001000101110111010010011010001011001000100010011000101111010111101001
runNumber 1
genCount 8829
elapsedTime 599.975
unaryHyperVol 437
binaryHyperVol 0
additiveEps 0
entropy 0.270001
archive 1
3
5 2  100 1011100011010000101010110010101001000101110111010000011010000011001000100010011000101111010111101001
2 3  100 1011100011010000101010110010101001000101110111010010011010000011001000100010011000101111010111101001
1 4  100 1011100011010000101010110010101001000101110111010010011010001011001000100010011000101111010111101001
runNumber 2
genCount 8997
elapsedTime 599.768
unaryHyperVol 437
binaryHyperVol 0
additiveEps 0
entropy 0.270001
archive 2
3
5 2  100 1011100011010000101010110010101001000101110111010000011010000011001000100010011000101111010111101001
2 3  100 1011100011010000101010110010101001000101110111010010011010000011001000100010011000101111010111101001
1 4  100 1011100011010000101010110010101001000101110111010010011010001011001000100010011000101111010111101001
runNumber 3
genCount 8948
elapsedTime 599.873
unaryHyperVol 437
binaryHyperVol 0
additiveEps 0
entropy 0.270001
archive 3
3
5 2  100 1011100011010000101010110010101001000101110111010000011010000011001000100010011000101111010111101001
2 3  100 1011100011010000101010110010101001000101110111010010011010000011001000100010011000101111010111101001
1 4  100 1011100011010000101010110010101001000101110111010010011010001011001000100010011000101111010111101001
runNumber 4
genCount 8524
elapsedTime 599.812
unaryHyperVol 437
binaryHyperVol 0
additiveEps 0
entropy 0.270001
archive 4
3
5 2  100 1011100011010000101010110010101001000101110111010000011010000011001000100010011000101111010111101001
2 3  100 1011100011010000101010110010101001000101110111010010011010000011001000100010011000101111010111101001
1 4  100 1011100011010000101010110010101001000101110111010010011010001011001000100010011000101111010111101001
runNumber 5
genCount 8775
elapsedTime 600.019
unaryHyperVol 437
binaryHyperVol 0
additiveEps 0
entropy 0.270001
archive 5
3
5 2  100 1011100011010000101010110010101001000101110111010000011010000011001000100010011000101111010111101001
2 3  100 1011100011010000101010110010101001000101110111010010011010000011001000100010011000101111010111101001
1 4  100 1011100011010000101010110010101001000101110111010010011010001011001000100010011000101111010111101001
runNumber 6
genCount 8927
elapsedTime 599.798
unaryHyperVol 309
binaryHyperVol 36.6875
additiveEps 0.75
entropy 0.49717
archive 6
2
5 5  100 1011100011010000101010110001011111010101110111010000011010000011001000100010011000101111010111101001
4 6  100 1011100011010000101010110001011111010101110111010010011010000011001000100010011000101111010111101001
runNumber 7
genCount 8969
elapsedTime 599.867
unaryHyperVol 437
binaryHyperVol 0
additiveEps 0
entropy 0.270001
archive 7
3
5 2  100 1011100011010000101010110010101001000101110111010000011010000011001000100010011000101111010111101001
2 3  100 1011100011010000101010110010101001000101110111010010011010000011001000100010011000101111010111101001
1 4  100 1011100011010000101010110010101001000101110111010010011010001011001000100010011000101111010111101001
runNumber 8
genCount 8685
elapsedTime 599.711
unaryHyperVol 309
binaryHyperVol 36.6875
additiveEps 0.75
entropy 0.49717
archive 8
2
5 5  100 1000100011010010101010110001010001000101110111010000011010000011001000100010011000101111010111101001
4 6  100 1000100011010010101010110001010001000101110111010010011010000011001000100010011000101111010111101001
runNumber 9
genCount 8784
elapsedTime 599.991
unaryHyperVol 437
binaryHyperVol 0
additiveEps 0
entropy 0.270001
archive 9
3
5 2  100 1011100011010000101010110010101001000101110111010000011010000011001000100010011000101111010111101001
2 3  100 1011100011010000101010110010101001000101110111010010011010000011001000100010011000101111010111101001
1 4  100 1011100011010000101010110010101001000101110111010010011010001011001000100010011000101111010111101001
runNumber 10
genCount 8789
elapsedTime 599.89
unaryHyperVol 437
binaryHyperVol 0
additiveEps 0
entropy 0.270001
archive 10
3
5 2  100 1011100011010000101010110010101001000101110111010000011010000011001000100010011000101111010111101001
2 3  100 1011100011010000101010110010101001000101110111010010011010000011001000100010011000101111010111101001
1 4  100 1011100011010000101010110010101001000101110111010010011010001011001000100010011000101111010111101001
runNumber 11
genCount 8937
elapsedTime 599.924
unaryHyperVol 437
binaryHyperVol 0
additiveEps 0
entropy 0.270001
archive 11
3
5 2  100 1011100011010000101010110010101001000101110111010000011010000011001000100010011000101111010111101001
2 3  100 1011100011010000101010110010101001000101110111010010011010000011001000100010011000101111010111101001
1 4  100 1011100011010000101010110010101001000101110111010010011010001011001000100010011000101111010111101001
runNumber 12
genCount 8761
elapsedTime 599.906
unaryHyperVol 437
binaryHyperVol 0
additiveEps 0
entropy 0.270001
archive 12
3
5 2  100 1011100011010000101010110010101001000101110111010000011010000011001000100010011000101111010111101001
2 3  100 1011100011010000101010110010101001000101110111010010011010000011001000100010011000101111010111101001
1 4  100 1011100011010000101010110010101001000101110111010010011010001011001000100010011000101111010111101001
runNumber 13
genCount 8852
elapsedTime 599.975
unaryHyperVol 437
binaryHyperVol 0
additiveEps 0
entropy 0.270001
archive 13
3
5 2  100 1011100011010000101010110010101001000101110111010000011010000011001000100010011000101111010111101001
2 3  100 1011100011010000101010110010101001000101110111010010011010000011001000100010011000101111010111101001
1 4  100 1011100011010000101010110010101001000101110111010010011010001011001000100010011000101111010111101001
runNumber 14
genCount 8526
elapsedTime 599.9
unaryHyperVol 437
binaryHyperVol 0
additiveEps 0
entropy 0.270001
archive 14
3
5 2  100 1011100011010000101010110010101001000101110111010000011010000011001000100010011000101111010111101001
2 3  100 1011100011010000101010110010101001000101110111010010011010000011001000100010011000101111010111101001
1 4  100 1011100011010000101010110010101001000101110111010010011010001011001000100010011000101111010111101001
runNumber 15
genCount 8810
elapsedTime 599.745
unaryHyperVol 437
binaryHyperVol 0
additiveEps 0
entropy 0.270001
archive 15
3
5 2  100 1011100011010000101010110010101001000101110111010000011010000011001000100010011000101111010111101001
2 3  100 1011100011010000101010110010101001000101110111010010011010000011001000100010011000101111010111101001
1 4  100 1011100011010000101010110010101001000101110111010010011010001011001000100010011000101111010111101001
runNumber 16
genCount 8644
elapsedTime 600.031
unaryHyperVol 437
binaryHyperVol 0
additiveEps 0
entropy 0.270001
archive 16
3
5 2  100 1011100011010000101010110010101001000101110111010000011010000011001000100010011000101111010111101001
2 3  100 1011100011010000101010110010101001000101110111010010011010000011001000100010011000101111010111101001
1 4  100 1011100011010000101010110010101001000101110111010010011010001011001000100010011000101111010111101001
runNumber 17
genCount 8772
elapsedTime 599.94
unaryHyperVol 437
binaryHyperVol 0
additiveEps 0
entropy 0.270001
archive 17
3
5 2  100 1011100011010000101010110010101001000101110111010000011010000011001000100010011000101111010111101001
2 3  100 1011100011010000101010110010101001000101110111010010011010000011001000100010011000101111010111101001
1 4  100 1011100011010000101010110010101001000101110111010010011010001011001000100010011000101111010111101001
runNumber 18
genCount 8895
elapsedTime 599.949
unaryHyperVol 437
binaryHyperVol 0
additiveEps 0
entropy 0.270001
archive 18
3
5 2  100 1011100011010000101010110010101001000101110111010000011010000011001000100010011000101111010111101001
2 3  100 1011100011010000101010110010101001000101110111010010011010000011001000100010011000101111010111101001
1 4  100 1011100011010000101010110010101001000101110111010010011010001011001000100010011000101111010111101001
runNumber 19
genCount 8752
elapsedTime 599.983
unaryHyperVol 437
binaryHyperVol 0
additiveEps 0
entropy 0.270001
archive 19
3
5 2  100 1011100011010000101010110010101001000101110111010000011010000011001000100010011000101111010111101001
2 3  100 1011100011010000101010110010101001000101110111010010011010000011001000100010011000101111010111101001
1 4  100 1011100011010000101010110010101001000101110111010010011010001011001000100010011000101111010111101001
runNumber 20
genCount 8951
elapsedTime 599.916
unaryHyperVol 437
binaryHyperVol 0
additiveEps 0
entropy 0.270001
archive 20
3
5 2  100 1011100011010000101010110010101001000101110111010000011010000011001000100010011000101111010111101001
2 3  100 1011100011010000101010110010101001000101110111010010011010000011001000100010011000101111010111101001
1 4  100 1011100011010000101010110010101001000101110111010010011010001011001000100010011000101111010111101001
runNumber 21
genCount 8989
elapsedTime 600
unaryHyperVol 437
binaryHyperVol 0
additiveEps 0
entropy 0.270001
archive 21
3
5 2  100 1011100011010000101010110010101001000101110111010000011010000011001000100010011000101111010111101001
2 3  100 1011100011010000101010110010101001000101110111010010011010000011001000100010011000101111010111101001
1 4  100 1011100011010000101010110010101001000101110111010010011010001011001000100010011000101111010111101001
runNumber 22
genCount 8872
elapsedTime 600.033
unaryHyperVol 437
binaryHyperVol 0
additiveEps 0
entropy 0.270001
archive 22
3
5 2  100 1011100011010000101010110010101001000101110111010000011010000011001000100010011000101111010111101001
2 3  100 1011100011010000101010110010101001000101110111010010011010000011001000100010011000101111010111101001
1 4  100 1011100011010000101010110010101001000101110111010010011010001011001000100010011000101111010111101001
runNumber 23
genCount 8902
elapsedTime 599.854
unaryHyperVol 437
binaryHyperVol 0
additiveEps 0
entropy 0.270001
archive 23
3
5 2  100 1011100011010000101010110010101001000101110111010000011010000011001000100010011000101111010111101001
2 3  100 1011100011010000101010110010101001000101110111010010011010000011001000100010011000101111010111101001
1 4  100 1011100011010000101010110010101001000101110111010010011010001011001000100010011000101111010111101001
runNumber 24
genCount 8883
elapsedTime 600.043
unaryHyperVol 437
binaryHyperVol 0
additiveEps 0
entropy 0.270001
archive 24
3
5 2  100 1011100011010000101010110010101001000101110111010000011010000011001000100010011000101111010111101001
2 3  100 1011100011010000101010110010101001000101110111010010011010000011001000100010011000101111010111101001
1 4  100 1011100011010000101010110010101001000101110111010010011010001011001000100010011000101111010111101001
runNumber 25
genCount 9019
elapsedTime 599.824
unaryHyperVol 279
binaryHyperVol 48.5833
additiveEps 1
entropy 0
archive 25
1
5 5  100 1011000011010000001010110001010001000101110111010000011010000011001000100010011000101111010111101001
runNumber 26
genCount 8954
elapsedTime 599.891
unaryHyperVol 437
binaryHyperVol 0
additiveEps 0
entropy 0.270001
archive 26
3
5 2  100 1011100011010000101010110010101001000101110111010000011010000011001000100010011000101111010111101001
2 3  100 1011100011010000101010110010101001000101110111010010011010000011001000100010011000101111010111101001
1 4  100 1011100011010000101010110010101001000101110111010010011010001011001000100010011000101111010111101001
runNumber 27
genCount 8858
elapsedTime 599.898
unaryHyperVol 437
binaryHyperVol 0
additiveEps 0
entropy 0.270001
archive 27
3
5 2  100 1011100011010000101010110010101001000101110111010000011010000011001000100010011000101111010111101001
2 3  100 1011100011010000101010110010101001000101110111010010011010000011001000100010011000101111010111101001
1 4  100 1011100011010000101010110010101001000101110111010010011010001011001000100010011000101111010111101001
runNumber 28
genCount 8746
elapsedTime 599.971
unaryHyperVol 309
binaryHyperVol 36.6875
additiveEps 0.75
entropy 0.49717
archive 28
2
5 5  100 1011100011010000101010110001011111010101110111010000011010000011001000100010011000101111010111101001
4 6  100 1011100011010000101010110001011111010101110111010010011010000011001000100010011000101111010111101001
runNumber 29
genCount 8793
elapsedTime 599.965
unaryHyperVol 437
binaryHyperVol 0
additiveEps 0
entropy 0.270001
archive 29
3
5 2  100 1011100011010000101010110010101001000101110111010000011010000011001000100010011000101111010111101001
2 3  100 1011100011010000101010110010101001000101110111010010011010000011001000100010011000101111010111101001
1 4  100 1011100011010000101010110010101001000101110111010010011010001011001000100010011000101111010111101001
