OptimalFront
unaryHyperVol 367
Optimal front is obtained by exact method
-------------------------
3
1 5
4 4
8 3
runNumber 0
genCount 9005
elapsedTime 599.654
unaryHyperVol 367
binaryHyperVol 0
additiveEps 0
entropy 0.270001
archive 0
3
8 3  100 0110000010111110001111010100010001000000010110001010000010101100111010110101000111000110110001100110
4 4  100 0110000010111110001111010100010001101000010110001010000010101100111010110101000111000110110001100110
1 5  100 0110000010111110001111010110010001101000010110001010000010101100111010110101000111000110110001100110
runNumber 1
genCount 8806
elapsedTime 599.72
unaryHyperVol 367
binaryHyperVol 0
additiveEps 0
entropy 0.270001
archive 1
3
8 3  100 0110000010111110001111010100010001000000010110001010000010101100111010110101000111000110110001100110
4 4  100 0110000010111110101111010100010001000000010110001010000010101100111010110101000111000110110001100110
1 5  100 0110000010111110001111010110010001101000010110001010000010101100111010110101000111000110110001100110
runNumber 2
genCount 8889
elapsedTime 600.027
unaryHyperVol 367
binaryHyperVol 0
additiveEps 0
entropy 0.270001
archive 2
3
8 3  100 0110000010111110001111010100010001000000010110001010000010101100111010110101000111000110110001100110
4 4  100 0110000010111110001111010100010001101000010110001010000010101100111010110101000111000110110001100110
1 5  100 0110000010111110001111010110010001101000010110001010000010101100111010110101000111000110110001100110
runNumber 3
genCount 8732
elapsedTime 599.846
unaryHyperVol 367
binaryHyperVol 0
additiveEps 0
entropy 0.270001
archive 3
3
8 3  100 0110000010111110001111010100010001000000010110001010000010101100111010110101000111000110110001100110
4 4  100 0110000010111110001111010100010001101000010110001010000010101100111010110101000111000110110001100110
1 5  100 0110000010111110001111010110010001101000010110001010000010101100111010110101000111000110110001100110
runNumber 4
genCount 8732
elapsedTime 599.73
unaryHyperVol 367
binaryHyperVol 0
additiveEps 0
entropy 0.270001
archive 4
3
8 3  100 0110000010111110001111010100010001000000010110001010000010101100111010110101000111000110110001100110
4 4  100 0110000010111110001111010100010001101000010110001010000010101100111010110101000111000110110001100110
1 5  100 0110000010111110001111010110010001101000010110001010000010101100111010110101000111000110110001100110
runNumber 5
genCount 8979
elapsedTime 599.933
unaryHyperVol 367
binaryHyperVol 0
additiveEps 0
entropy 0.270001
archive 5
3
8 3  100 0110000010111110001111010100010001000000010110001010000010101100111010110101000111000110110001100110
4 4  100 0110000010111110001111010100010001101000010110001010000010101100111010110101000111000110110001100110
1 5  100 0110000010111110001111010110010001101000010110001010000010101100111010110101000111000110110001100110
runNumber 6
genCount 8489
elapsedTime 599.991
unaryHyperVol 367
binaryHyperVol 0
additiveEps 0
entropy 0.270001
archive 6
3
8 3  100 0110000010111110001111010100010001000000010110001010000010101100111010110101000111000110110001100110
4 4  100 0110000010111110001111010100010001101000010110001010000010101100111010110101000111000110110001100110
1 5  100 0110000010111110001111010110010001101000010110001010000010101100111010110101000111000110110001100110
runNumber 7
genCount 8700
elapsedTime 599.783
unaryHyperVol 367
binaryHyperVol 0
additiveEps 0
entropy 0.270001
archive 7
3
8 3  100 0110000010111110001111010100010001000000010110001010000010101100111010110101000111000110110001100110
4 4  100 0110000010111110001111010100010001101000010110001010000010101100111010110101000111000110110001100110
1 5  100 0110000010111110001111010110010001101000010110001010000010101100111010110101000111000110110001100110
runNumber 8
genCount 8774
elapsedTime 599.836
unaryHyperVol 367
binaryHyperVol 0
additiveEps 0
entropy 0.270001
archive 8
3
8 3  100 0110000010111110001111010100010001000000010110001010000010101100111010110101000111000110110001100110
4 4  100 0110000010111110001111010100010001101000010110001010000010101100111010110101000111000110110001100110
1 5  100 0110000010111110001111010110010001101000010110001010000010101100111010110101000111000110110001100110
runNumber 9
genCount 8820
elapsedTime 599.912
unaryHyperVol 367
binaryHyperVol 0
additiveEps 0
entropy 0.270001
archive 9
3
8 3  100 0110000010111110001111010100010001000000010110001010000010101100111010110101000111000110110001100110
4 4  100 0110000010111110001111010100010001101000010110001010000010101100111010110101000111000110110001100110
1 5  100 0110000010111110001111010110010001101000010110001010000010101100111010110101000111000110110001100110
runNumber 10
genCount 8704
elapsedTime 599.851
unaryHyperVol 367
binaryHyperVol 0
additiveEps 0
entropy 0.270001
archive 10
3
8 3  100 0110000010111110001111010100010001000000010110001010000010101100111010110101000111000110110001100110
4 4  100 0110000010111110001111010100010001101000010110001010000010101100111010110101000111000110110001100110
1 5  100 0110000010111110001111010110010001101000010110001010000010101100111010110101000111000110110001100110
runNumber 11
genCount 8548
elapsedTime 599.877
unaryHyperVol 367
binaryHyperVol 0
additiveEps 0
entropy 0.270001
archive 11
3
8 3  100 0110000010111110001111010100010001000000010110001010000010101100111010110101000111000110110001100110
4 4  100 0110000010111110001111010100010001101000010110001010000010101100111010110101000111000110110001100110
1 5  100 0110000010111110001111010110010001101000010110001010000010101100111010110101000111000110110001100110
runNumber 12
genCount 8678
elapsedTime 599.873
unaryHyperVol 367
binaryHyperVol 0
additiveEps 0
entropy 0.270001
archive 12
3
8 3  100 0110000010111110001111010100010001000000010110001010000010101100111010110101000111000110110001100110
4 4  100 0110000010111110001111010100010001101000010110001010000010101100111010110101000111000110110001100110
1 5  100 0110000010111110001111010110010001101000010110001010000010101100111010110101000111000110110001100110
runNumber 13
genCount 8857
elapsedTime 599.86
unaryHyperVol 367
binaryHyperVol 0
additiveEps 0
entropy 0.270001
archive 13
3
8 3  100 0110000010111110001111010100010001000000010110001010000010101100111010110101000111000110110001100110
4 4  100 0110000010111110001111010100010001101000010110001010000010101100111010110101000111000110110001100110
1 5  100 0110000010111110001111010110010001101000010110001010000010101100111010110101000111000110110001100110
runNumber 14
genCount 8929
elapsedTime 599.934
unaryHyperVol 367
binaryHyperVol 0
additiveEps 0
entropy 0.270001
archive 14
3
8 3  100 0110000010111110001111010100010001000000010110001010000010101100111010110101000111000110110001100110
4 4  100 0110000010111110000111010100010001000000010110001010000010101100111010110101000111000110110001100110
1 5  100 0110000010111110001111010110010001101000010110001010000010101100111010110101000111000110110001100110
runNumber 15
genCount 8683
elapsedTime 599.825
unaryHyperVol 367
binaryHyperVol 0
additiveEps 0
entropy 0.270001
archive 15
3
8 3  100 0110000010111110001111010100010001000000010110001010000010101100111010110101000111000110110001100110
4 4  100 0110000010111110001111010100010001101000010110001010000010101100111010110101000111000110110001100110
1 5  100 0110000010111110001111010110010001101000010110001010000010101100111010110101000111000110110001100110
runNumber 16
genCount 8649
elapsedTime 599.628
unaryHyperVol 367
binaryHyperVol 0
additiveEps 0
entropy 0.270001
archive 16
3
8 3  100 0110000010111110001111010100010001000000010110001010000010101100111010110101000111000110110001100110
4 4  100 0110000010111110001111010100010001101000010110001010000010101100111010110101000111000110110001100110
1 5  100 0110000010111110001111010110010001101000010110001010000010101100111010110101000111000110110001100110
runNumber 17
genCount 8753
elapsedTime 599.945
unaryHyperVol 367
binaryHyperVol 0
additiveEps 0
entropy 0.270001
archive 17
3
8 3  100 0110000010111110001111010100010001000000010110001010000010101100111010110101000111000110110001100110
4 4  100 0110000010111110000111010100010001000000010110001010000010101100111010110101000111000110110001100110
1 5  100 0110000010111110001111010110010001101000010110001010000010101100111010110101000111000110110001100110
runNumber 18
genCount 8743
elapsedTime 599.932
unaryHyperVol 367
binaryHyperVol 0
additiveEps 0
entropy 0.270001
archive 18
3
8 3  100 0110000010111110001111010100010001000000010110001010000010101100111010110101000111000110110001100110
4 4  100 0110000010111110001111010100010001101000010110001010000010101100111010110101000111000110110001100110
1 5  100 0110000010111110001111010110010001101000010110001010000010101100111010110101000111000110110001100110
runNumber 19
genCount 8878
elapsedTime 599.979
unaryHyperVol 367
binaryHyperVol 0
additiveEps 0
entropy 0.270001
archive 19
3
8 3  100 0110000010111110001111010100010001000000010110001010000010101100111010110101000111000110110001100110
4 4  100 0110000010111110000111010100010001000000010110001010000010101100111010110101000111000110110001100110
1 5  100 0110000010111110001111010110010001101000010110001010000010101100111010110101000111000110110001100110
runNumber 20
genCount 8720
elapsedTime 600.029
unaryHyperVol 286
binaryHyperVol 13.2857
additiveEps 0.428571
entropy 0.488066
archive 20
2
8 3  100 0110000010111110001111010100010001000000010110001010000000001100111010110101000111000110110001100110
4 4  100 0110000010111110000111010100010001000000010110001010000000001100111010110101000111000110110001100110
runNumber 21
genCount 8677
elapsedTime 599.858
unaryHyperVol 367
binaryHyperVol 0
additiveEps 0
entropy 0.270001
archive 21
3
8 3  100 0110000010111110001111010100010001000000010110001010000010101100111010110101000111000110110001100110
4 4  100 0110000010111110001111010100010001101000010110001010000010101100111010110101000111000110110001100110
1 5  100 0110000010111110001111010110010001101000010110001010000010101100111010110101000111000110110001100110
runNumber 22
genCount 8510
elapsedTime 600.033
unaryHyperVol 367
binaryHyperVol 0
additiveEps 0
entropy 0.270001
archive 22
3
8 3  100 0110000010111110001111010100010001000000010110001010000010101100111010110101000111000110110001100110
4 4  100 0110000010111110001111010100010001101000010110001010000010101100111010110101000111000110110001100110
1 5  100 0110000010111110001111010110010001101000010110001010000010101100111010110101000111000110110001100110
runNumber 23
genCount 8632
elapsedTime 599.751
unaryHyperVol 286
binaryHyperVol 13.2857
additiveEps 0.428571
entropy 0.488066
archive 23
2
8 3  100 0110000010111110001111010100010001000000010110001010000000001100111010110101000111000110110001100110
4 4  100 0110000010111110000111010100010001000000010110001010000000001100111010110101000111000110110001100110
runNumber 24
genCount 8923
elapsedTime 599.875
unaryHyperVol 367
binaryHyperVol 0
additiveEps 0
entropy 0.270001
archive 24
3
8 3  100 0110000010111110001111010100010001000000010110001010000010101100111010110101000111000110110001100110
4 4  100 0110000010111110001111010100010001101000010110001010000010101100111010110101000111000110110001100110
1 5  100 0110000010111110001111010110010001101000010110001010000010101100111010110101000111000110110001100110
runNumber 25
genCount 8857
elapsedTime 599.955
unaryHyperVol 367
binaryHyperVol 0
additiveEps 0
entropy 0.270001
archive 25
3
8 3  100 0110000010111110001111010100010001000000010110001010000010101100111010110101000111000110110001100110
4 4  100 0110000010111110001111010100010001101000010110001010000010101100111010110101000111000110110001100110
1 5  100 0110000010111110001111010110010001101000010110001010000010101100111010110101000111000110110001100110
runNumber 26
genCount 8763
elapsedTime 599.895
unaryHyperVol 367
binaryHyperVol 0
additiveEps 0
entropy 0.270001
archive 26
3
8 3  100 0110000010111110001111010100010001000000010110001010000010101100111010110101000111000110110001100110
4 4  100 0110000010111110001111010100010001101000010110001010000010101100111010110101000111000110110001100110
1 5  100 0110000010111110001111010110010001101000010110001010000010101100111010110101000111000110110001100110
runNumber 27
genCount 8645
elapsedTime 599.942
unaryHyperVol 367
binaryHyperVol 0
additiveEps 0
entropy 0.270001
archive 27
3
8 3  100 0110000010111110001111010100010001000000010110001010000010101100111010110101000111000110110001100110
4 4  100 0110000010111110001111010100010001101000010110001010000010101100111010110101000111000110110001100110
1 5  100 0110000010111110001111010110010001101000010110001010000010101100111010110101000111000110110001100110
runNumber 28
genCount 8246
elapsedTime 599.926
unaryHyperVol 367
binaryHyperVol 0
additiveEps 0
entropy 0.270001
archive 28
3
8 3  100 0110000010111110001111010100010001000000010110001010000010101100111010110101000111000110110001100110
4 4  100 0110000010111110000111010100010001000000010110001010000010101100111010110101000111000110110001100110
1 5  100 0110000010111110001111010110010001101000010110001010000010101100111010110101000111000110110001100110
runNumber 29
genCount 8753
elapsedTime 599.972
unaryHyperVol 367
binaryHyperVol 0
additiveEps 0
entropy 0.270001
archive 29
3
8 3  100 0110000010111110001111010100010001000000010110001010000010101100111010110101000111000110110001100110
4 4  100 0110000010111110001111010100010001101000010110001010000010101100111010110101000111000110110001100110
1 5  100 0110000010111110001111010110010001101000010110001010000010101100111010110101000111000110110001100110
