OptimalFront
unaryHyperVol 305
Optimal front is obtained by exact method
-------------------------
3
3 8
4 7
5 6
runNumber 0
genCount 8311
elapsedTime 599.975
unaryHyperVol 305
binaryHyperVol 0
additiveEps 0
entropy 0.461903
archive 0
3
5 6  100 1010100110110001000000111110110001110101000100001010011010000011011000111011100100010101100100110101
4 7  100 1010100110110001000000111110110001010101000100001010011010000011011000111011100100010101100100110101
3 8  100 1010000110110001010000111110110001110101000100001010011010000011011000111011100100010101100100110101
runNumber 1
genCount 8465
elapsedTime 600.003
unaryHyperVol 305
binaryHyperVol 0
additiveEps 0
entropy 0.461903
archive 1
3
5 6  100 1010100110110001000000111110110001110101000100001010011010000011011000111011100100010001100100110101
4 7  100 1010100110110001000000111110110001010101000100001010011010000011011000111011100100010001100100110101
3 8  100 1010100110110001001010111110110001110101000100001010011010000011011000111011100100010001100100110101
runNumber 2
genCount 8622
elapsedTime 599.961
unaryHyperVol 304
binaryHyperVol 0.166667
additiveEps 0.333333
entropy 0.431512
archive 2
3
5 6  100 1010100110110001000000001110110001110101000100001010011010000011011000111011100100011001100100110110
4 7  100 1010100110110001000000001110110001010101000100001010011010000011011000111011100100011001100100110110
3 9  100 1010100110110001001001001110110001110101000100001010011010000011011000111011100100010101100100110110
runNumber 3
genCount 8432
elapsedTime 599.986
unaryHyperVol 294
binaryHyperVol 4.66667
additiveEps 0.333333
entropy 0.456965
archive 3
3
5 7  100 1010100110110001000000111101010001110101000100001010011010000011010101111011100100010101100100110110
4 8  100 1010100110110001000000111101010001010101000100001010011010000011010101111011100100010101100100110110
3 9  100 1010000110110001010000111101010001110101000100001010011010000011010101111011100100010101100100110110
runNumber 4
genCount 8539
elapsedTime 599.996
unaryHyperVol 305
binaryHyperVol 0
additiveEps 0
entropy 0.461903
archive 4
3
5 6  100 1010100110110001000000111110110001110101000100001010011010000011011000111011100100010101100100110110
4 7  100 1010100110110001000000111110110001010101000100001010011010000011011000111011100100010101100100110110
3 8  100 1010000110110001010000111110110001110101000100001010011010000011011000111011100100010101100100110110
runNumber 5
genCount 8480
elapsedTime 599.918
unaryHyperVol 268
binaryHyperVol 21.3333
additiveEps 0.5
entropy 0.49717
archive 5
2
5 7  100 0110100100110001000000111110110001110101000100001010011010000011011000111011100100011001100100110110
4 9  100 0110100100110001000001111110110001010101000100001010011010000011011000111011100100011001100100110110
runNumber 6
genCount 8641
elapsedTime 599.976
unaryHyperVol 305
binaryHyperVol 0
additiveEps 0
entropy 0.461903
archive 6
3
5 6  100 1010100110110001000000111110110001110101000100001010011010000011011000111011100100010101100100110101
4 7  100 1010100110110001000000111110110001010101000100001010011010000011011000111011100100010101100100110101
3 8  100 1010000110110001010000111110110001110101000100001010011010000011011000111011100100010001100100110101
runNumber 7
genCount 8328
elapsedTime 599.995
unaryHyperVol 305
binaryHyperVol 0
additiveEps 0
entropy 0.461903
archive 7
3
5 6  100 1010100110110001000000111110110001110101000100001010011010000011011000111011100100010101100100110101
4 7  100 1010100110110001000000111110110001010101000100001010011010000011011000111011100100010101100100110101
3 8  100 1010000110110001010000111110110001110101000100001010011010000011011000111011100100010101100100110101
runNumber 8
genCount 8492
elapsedTime 599.985
unaryHyperVol 305
binaryHyperVol 0
additiveEps 0
entropy 0.461903
archive 8
3
5 6  100 1010100110110001000000111110110001110101000100001010011010000011011000111011100100010101100100110110
4 7  100 1010100110110001000000111110110001010101000100001010011010000011011000111011100100010101100100110110
3 8  100 1010000110110001010000111110110001110101000100001010011010000011011000111011100100010101100100110110
runNumber 9
genCount 8369
elapsedTime 600.014
unaryHyperVol 305
binaryHyperVol 0
additiveEps 0
entropy 0.461903
archive 9
3
5 6  100 1010100110110001000000111110110001110101000100001010011010000011011000111011100100010001100100110101
4 7  100 1010100110110001000000111110110001010101000100001010011010000011011000111011100100010001100100110101
3 8  100 1010000110110001010000111110110001110101000100001010011010000011011000111011100100010001100100110101
runNumber 10
genCount 8549
elapsedTime 599.927
unaryHyperVol 305
binaryHyperVol 0
additiveEps 0
entropy 0.461903
archive 10
3
5 6  100 1010100110110001000000111110110001110101000100001010011010000011010101111011100100010001100100110101
4 7  100 1010100110110001000000111110110001010101000100001010011010000011010101111011100100010101100100110101
3 8  100 1010000110110001010000111110110001110101000100001010011010000011010101111011100100010001100100110101
runNumber 11
genCount 8401
elapsedTime 599.964
unaryHyperVol 305
binaryHyperVol 0
additiveEps 0
entropy 0.461903
archive 11
3
5 6  100 1010100110110001000000111110110001110101000100001010011010000011011000111011100100010001100100110101
4 7  100 1010100110110001000000111110110001010101000100001010011010000011011000111011100100010101100100110101
3 8  100 1010100110110001001010111110110001110101000100001010011010000011011000111011100100010001100100110101
runNumber 12
genCount 8379
elapsedTime 599.974
unaryHyperVol 305
binaryHyperVol 0
additiveEps 0
entropy 0.461903
archive 12
3
5 6  100 1010100110110001000000111110110001110101000100001010011010000011011000111011100100010101100100110110
4 7  100 1010100110110001000000111110110001010101000100001010011010000011011000111011100100010101100100110110
3 8  100 1010000110110001010000111110110001110101000100001010011010000011011000111011100100010101100100110110
runNumber 13
genCount 8379
elapsedTime 599.983
unaryHyperVol 304
binaryHyperVol 0.166667
additiveEps 0.333333
entropy 0.431512
archive 13
3
5 6  100 1010100110110001000000001110110001110101000100001010011010000011010101111011100100011001100100110110
4 7  100 1010100110110001000000001110110001010101000100001010011010000011010101111011100100011001100100110110
3 9  100 1010000110110001010001001110110001110101000100001010011010000011010101111011100100011001100100110110
runNumber 14
genCount 8440
elapsedTime 599.977
unaryHyperVol 305
binaryHyperVol 0
additiveEps 0
entropy 0.461903
archive 14
3
5 6  100 1010100110110001000000111110110001110101000100001010011010000011010101111011100100010001100100110101
4 7  100 1010100110110001000000111110110001010101000100001010011010000011010101111011100100010001100100110101
3 8  100 1010100110110001001010111110110001110101000100001010011010000011010101111011100100010001100100110101
runNumber 15
genCount 8456
elapsedTime 599.916
unaryHyperVol 305
binaryHyperVol 0
additiveEps 0
entropy 0.461903
archive 15
3
5 6  100 1010100110110001000000111110110001110101000100001010011010000011011000111011100100010001100100110101
4 7  100 1010100110110001000000111110110001010101000100001010011010000011011000111011100100010001100100110101
3 8  100 1010000110110001010000111110110001110101000100001010011010000011011000111011100100010001100100110101
runNumber 16
genCount 8476
elapsedTime 600.016
unaryHyperVol 305
binaryHyperVol 0
additiveEps 0
entropy 0.461903
archive 16
3
5 6  100 1010100110110001000000111110110001110101000100001010011010000011010101111011100100010101100100110101
4 7  100 1010100110110001000000111110110001010101000100001010011010000011010101111011100100010101100100110101
3 8  100 1010000110110001010000111110110001110101000100001010011010000011010101111011100100010101100100110101
runNumber 17
genCount 8405
elapsedTime 599.905
unaryHyperVol 305
binaryHyperVol 0
additiveEps 0
entropy 0.461903
archive 17
3
5 6  100 1010100110110001000000111110110001110101000100001010011010000011011000111011100100010101100100110110
4 7  100 1010100110110001000000111110110001010101000100001010011010000011011000111011100100010101100100110110
3 8  100 1010000110110001010000111110110001110101000100001010011010000011011000111011100100010101100100110110
runNumber 18
genCount 8372
elapsedTime 600.016
unaryHyperVol 305
binaryHyperVol 0
additiveEps 0
entropy 0.461903
archive 18
3
5 6  100 1010100110110001000000111110110001110101000100001010011010000011011000111011100100010001100100110101
4 7  100 1010100110110001000000111110110001010101000100001010011010000011011000111011100100010001100100110101
3 8  100 1010000110110001010000111110110001110101000100001010011010000011011000111011100100010001100100110101
runNumber 19
genCount 8508
elapsedTime 599.933
unaryHyperVol 305
binaryHyperVol 0
additiveEps 0
entropy 0.461903
archive 19
3
5 6  100 1010100110110001000000111110110001110101000100001010011010000011011000111011100100010101100100110101
4 7  100 1010100110110001000000111110110001010101000100001010011010000011011000111011100100010101100100110101
3 8  100 1010000110110001010000111110110001110101000100001010011010000011011000111011100100010101100100110101
runNumber 20
genCount 8318
elapsedTime 599.998
unaryHyperVol 305
binaryHyperVol 0
additiveEps 0
entropy 0.461903
archive 20
3
5 6  100 1010100110110001000000111110110001110101000100001010011010000011011000111011100100010101100100110101
4 7  100 1010100110110001000000111110110001010101000100001010011010000011011000111011100100010101100100110101
3 8  100 1010000110110001010000111110110001110101000100001010011010000011011000111011100100010101100100110101
runNumber 21
genCount 8459
elapsedTime 599.95
unaryHyperVol 305
binaryHyperVol 0
additiveEps 0
entropy 0.461903
archive 21
3
5 6  100 1010100110110001000000111110110001110101000100001010011010000011010101111011100100010101100100110101
4 7  100 1010100110110001000000111110110001010101000100001010011010000011010101111011100100010001100100110101
3 8  100 1010000110110001010000111110110001110101000100001010011010000011010101111011100100010101100100110101
runNumber 22
genCount 8363
elapsedTime 600.013
unaryHyperVol 305
binaryHyperVol 0
additiveEps 0
entropy 0.461903
archive 22
3
5 6  100 1010100110110001000000111110110001110101000100001010011010000011011000111011100100010001100100110101
4 7  100 1010100110110001000000111110110001010101000100001010011010000011011000111011100100010001100100110101
3 8  100 1010100110110001001010111110110001110101000100001010011010000011011000111011100100010001100100110101
runNumber 23
genCount 8862
elapsedTime 599.942
unaryHyperVol 305
binaryHyperVol 0
additiveEps 0
entropy 0.461903
archive 23
3
5 6  100 1010100110110001000000111110110001110101000100001010011010000011011000111011100100010101100100110110
4 7  100 1010100110110001000000111110110001010101000100001010011010000011011000111011100100010101100100110110
3 8  100 1010000110110001010000111110110001110101000100001010011010000011011000111011100100010101100100110110
runNumber 24
genCount 8588
elapsedTime 599.963
unaryHyperVol 305
binaryHyperVol 0
additiveEps 0
entropy 0.461903
archive 24
3
5 6  100 1010100110110001000000111110110001110101000100001010011010000011011000111011100100010101100100110110
4 7  100 1010100110110001000000111110110001010101000100001010011010000011011000111011100100010101100100110110
3 8  100 1010000110110001010000111110110001110101000100001010011010000011011000111011100100010101100100110110
runNumber 25
genCount 8483
elapsedTime 599.997
unaryHyperVol 268
binaryHyperVol 21.3333
additiveEps 0.5
entropy 0.49717
archive 25
2
5 7  100 1010100111000001000000111110110001110101000100001010011010000011010101111011100100011001100100110110
4 9  100 1010100111000001000001111110110001010101000100001010011010000011010101111011100100011001100100110110
runNumber 26
genCount 8485
elapsedTime 599.946
unaryHyperVol 305
binaryHyperVol 0
additiveEps 0
entropy 0.461903
archive 26
3
5 6  100 1010100110110001000000111110110001110101000100001010011010000011011000111011100100010101100100110110
4 7  100 1010100110110001000000111110110001010101000100001010011010000011011000111011100100010101100100110110
3 8  100 1010000110110001010000111110110001110101000100001010011010000011011000111011100100010101100100110110
runNumber 27
genCount 8399
elapsedTime 599.95
unaryHyperVol 305
binaryHyperVol 0
additiveEps 0
entropy 0.461903
archive 27
3
5 6  100 1010100110110001000000111110110001110101000100001010011010000011010101111011100100010101100100110101
4 7  100 1010100110110001000000111110110001010101000100001010011010000011010101111011100100010101100100110101
3 8  100 1010000110110001010000111110110001110101000100001010011010000011010101111011100100010101100100110101
runNumber 28
genCount 8343
elapsedTime 600.019
unaryHyperVol 305
binaryHyperVol 0
additiveEps 0
entropy 0.461903
archive 28
3
5 6  100 1010100110110001000000111110110001110101000100001010011010000011010101111011100100010001100100110101
4 7  100 1010100110110001000000111110110001010101000100001010011010000011010101111011100100010001100100110101
3 8  100 1010000110110001010000111110110001110101000100001010011010000011010101111011100100010001100100110101
runNumber 29
genCount 8353
elapsedTime 599.966
unaryHyperVol 305
binaryHyperVol 0
additiveEps 0
entropy 0.461903
archive 29
3
5 6  100 1010100110110001000000111110110001110101000100001010011010000011011000111011100100010101100100110101
4 7  100 1010100110110001000000111110110001010101000100001010011010000011011000111011100100010101100100110101
3 8  100 1010000110110001010000111110110001110101000100001010011010000011011000111011100100010101100100110101
