OptimalFront
unaryHyperVol 460
Optimal front is obtained by exact method
-------------------------
3
1 4
2 3
5 2
runNumber 0
genCount 8676
elapsedTime 599.998
unaryHyperVol 460
binaryHyperVol 0
additiveEps 0
entropy 0.270001
archive 0
3
5 2  100 0001001000011111011011110111010111110110000000101010111011000110001110001000100011010110101010101010
2 3  100 0001001000101111011011110111010111110110000000101010111011000110001110001000100011010110101010101010
1 4  100 0001001000101111011011110111010111110110000010101010111011000110001110001000100011010110101010101010
runNumber 1
genCount 8566
elapsedTime 599.947
unaryHyperVol 460
binaryHyperVol 0
additiveEps 0
entropy 0.270001
archive 1
3
5 2  100 0001001000011111011011110111010111110110000000101010111011000110001110001000100011010110101010101010
2 3  100 0001001000101111011011110111010111110110000000101010111011000110001110001000100011010110101010101010
1 4  100 0001001000101111011011110111010111110110000010101010111011000110001110001000100011010110101010101010
runNumber 2
genCount 8732
elapsedTime 599.947
unaryHyperVol 460
binaryHyperVol 0
additiveEps 0
entropy 0.270001
archive 2
3
5 2  100 0001001000011111011011110111010111110110000000101010111011000110001110001000100011010110101010101010
2 3  100 0001001000101111011011110111010111110110000000101010111011000110001110001000100011010110101010101010
1 4  100 0001001000101111011011110111010111110110000010101010111011000110001110001000100011010110101010101010
runNumber 3
genCount 8360
elapsedTime 600.022
unaryHyperVol 460
binaryHyperVol 0
additiveEps 0
entropy 0.270001
archive 3
3
5 2  100 0001001000011111011011110111010111110110000000101010111011000110001110001000100011010110101010101010
2 3  100 0001001000101111011011110111010111110110000000101010111011000110001110001000100011010110101010101010
1 4  100 0001001000101111011011110111010111110110000010101010111011000110001110001000100011010110101010101010
runNumber 4
genCount 9081
elapsedTime 599.93
unaryHyperVol 460
binaryHyperVol 0
additiveEps 0
entropy 0.270001
archive 4
3
5 2  100 0001001000011111011011110111010111110110000000101010111011000110001110001000100011010110101010101010
2 3  100 0001001000101111011011110111010111110110000000101010111011000110001110001000100011010110101010101010
1 4  100 0001001000101111011011110111010111110110000010101010111011000110001110001000100011010110101010101010
runNumber 5
genCount 8857
elapsedTime 599.986
unaryHyperVol 460
binaryHyperVol 0
additiveEps 0
entropy 0.270001
archive 5
3
5 2  100 0001001000011111011011110111010111110110000000101010111011000110001110001000100011010110101010101010
2 3  100 0001001000101111011011110111010111110110000000101010111011000110001110001000100011010110101010101010
1 4  100 0001001000101111011011110111010111110110000010101010111011000110001110001000100011010110101010101010
runNumber 6
genCount 8780
elapsedTime 599.96
unaryHyperVol 460
binaryHyperVol 0
additiveEps 0
entropy 0.270001
archive 6
3
5 2  100 0001001000011111011011110111010111110110000000101010111011000110001110001000100011010110101010101010
2 3  100 0001001000101111011011110111010111110110000000101010111011000110001110001000100011010110101010101010
1 4  100 0001001000101111011011110111010111110110000010101010111011000110001110001000100011010110101010101010
runNumber 7
genCount 9052
elapsedTime 599.993
unaryHyperVol 460
binaryHyperVol 0
additiveEps 0
entropy 0.270001
archive 7
3
5 2  100 0001001000011111011011110111010111110110000000101010111011000110001110001000100011010110101010101010
2 3  100 0001001000101111011011110111010111110110000000101010111011000110001110001000100011010110101010101010
1 4  100 0001001000101111011011110111010111110110000010101010111011000110001110001000100011010110101010101010
runNumber 8
genCount 8757
elapsedTime 599.945
unaryHyperVol 460
binaryHyperVol 0
additiveEps 0
entropy 0.270001
archive 8
3
5 2  100 0001001000011111011011110111010111110110000000101010111011000110001110001000100011010110101010101010
2 3  100 0001001000101111011011110111010111110110000000101010111011000110001110001000100011010110101010101010
1 4  100 0001001000101111011011110111010111110110000010101010111011000110001110001000100011010110101010101010
runNumber 9
genCount 8767
elapsedTime 599.967
unaryHyperVol 460
binaryHyperVol 0
additiveEps 0
entropy 0.270001
archive 9
3
5 2  100 0001001000011111011011110111010111110110000000101010111011000110001110001000100011010110101010101010
2 3  100 0001001000101111011011110111010111110110000000101010111011000110001110001000100011010110101010101010
1 4  100 0001001000101111011011110111010111110110000010101010111011000110001110001000100011010110101010101010
runNumber 10
genCount 8873
elapsedTime 599.974
unaryHyperVol 460
binaryHyperVol 0
additiveEps 0
entropy 0.270001
archive 10
3
5 2  100 0001001000011111011011110111010111110110000000101010111011000110001110001000100011010110101010101010
2 3  100 0001001000101111011011110111010111110110000000101010111011000110001110001000100011010110101010101010
1 4  100 0001001000101111011011110111010111110110000010101010111011000110001110001000100011010110101010101010
runNumber 11
genCount 8575
elapsedTime 599.985
unaryHyperVol 460
binaryHyperVol 0
additiveEps 0
entropy 0.270001
archive 11
3
5 2  100 0001001000011111011011110111010111110110000000101010111011000110001110001000100011010110101010101010
2 3  100 0001001000101111011011110111010111110110000000101010111011000110001110001000100011010110101010101010
1 4  100 0001001000101111011011110111010111110110000010101010111011000110001110001000100011010110101010101010
runNumber 12
genCount 8796
elapsedTime 599.997
unaryHyperVol 460
binaryHyperVol 0
additiveEps 0
entropy 0.270001
archive 12
3
5 2  100 0001001000011111011011110111010111110110000000101010111011000110001110001000100011010110101010101010
2 3  100 0001001000101111011011110111010111110110000000101010111011000110001110001000100011010110101010101010
1 4  100 0001001000101111011011110111010111110110000010101010111011000110001110001000100011010110101010101010
runNumber 13
genCount 8924
elapsedTime 599.952
unaryHyperVol 460
binaryHyperVol 0
additiveEps 0
entropy 0.270001
archive 13
3
5 2  100 0001001000011111011011110111010111110110000000101010111011000110001110001000100011010110101010101010
2 3  100 0001001000101111011011110111010111110110000000101010111011000110001110001000100011010110101010101010
1 4  100 0001001000101111011011110111010111110110000010101010111011000110001110001000100011010110101010101010
runNumber 14
genCount 8838
elapsedTime 599.959
unaryHyperVol 460
binaryHyperVol 0
additiveEps 0
entropy 0.270001
archive 14
3
5 2  100 0001001000011111011011110111010111110110000000101010111011000110001110001000100011010110101010101010
2 3  100 0001001000101111011011110111010111110110000000101010111011000110001110001000100011010110101010101010
1 4  100 0001001000101111011011110111010111110110000010101010111011000110001110001000100011010110101010101010
runNumber 15
genCount 8558
elapsedTime 599.973
unaryHyperVol 460
binaryHyperVol 0
additiveEps 0
entropy 0.270001
archive 15
3
5 2  100 0001001000011111011011110111010111110110000000101010111011000110001110001000100011010110101010101010
2 3  100 0001001000101111011011110111010111110110000000101010111011000110001110001000100011010110101010101010
1 4  100 0001001000101111011011110111010111110110000010101010111011000110001110001000100011010110101010101010
runNumber 16
genCount 8848
elapsedTime 600.003
unaryHyperVol 460
binaryHyperVol 0
additiveEps 0
entropy 0.270001
archive 16
3
5 2  100 0001001000011111011011110111010111110110000000101010111011000110001110001000100011010110101010101010
2 3  100 0001001000101111011011110111010111110110000000101010111011000110001110001000100011010110101010101010
1 4  100 0001001000101111011011110111010111110110000010101010111011000110001110001000100011010110101010101010
runNumber 17
genCount 8960
elapsedTime 599.973
unaryHyperVol 460
binaryHyperVol 0
additiveEps 0
entropy 0.270001
archive 17
3
5 2  100 0001001000011111011011110111010111110110000000101010111011000110001110001000100011010110101010101010
2 3  100 0001001000101111011011110111010111110110000000101010111011000110001110001000100011010110101010101010
1 4  100 0001001000101111011011110111010111110110000010101010111011000110001110001000100011010110101010101010
runNumber 18
genCount 8794
elapsedTime 599.936
unaryHyperVol 460
binaryHyperVol 0
additiveEps 0
entropy 0.270001
archive 18
3
5 2  100 0001001000011111011011110111010111110110000000101010111011000110001110001000100011010110101010101010
2 3  100 0001001000101111011011110111010111110110000000101010111011000110001110001000100011010110101010101010
1 4  100 0001001000101111011011110111010111110110000010101010111011000110001110001000100011010110101010101010
runNumber 19
genCount 8600
elapsedTime 599.993
unaryHyperVol 460
binaryHyperVol 0
additiveEps 0
entropy 0.270001
archive 19
3
5 2  100 0001001000011111011011110111010111110110000000101010111011000110001110001000100011010110101010101010
2 3  100 0001001000101111011011110111010111110110000000101010111011000110001110001000100011010110101010101010
1 4  100 0001001000101111011011110111010111110110000010101010111011000110001110001000100011010110101010101010
runNumber 20
genCount 8543
elapsedTime 600.038
unaryHyperVol 460
binaryHyperVol 0
additiveEps 0
entropy 0.270001
archive 20
3
5 2  100 0001001000011111011011110111010111110110000000101010111011000110001110001000100011010110101010101010
2 3  100 0001001000101111011011110111010111110110000000101010111011000110001110001000100011010110101010101010
1 4  100 0001001000101111011011110111010111110110000010101010111011000110001110001000100011010110101010101010
runNumber 21
genCount 8756
elapsedTime 599.966
unaryHyperVol 460
binaryHyperVol 0
additiveEps 0
entropy 0.270001
archive 21
3
5 2  100 0001001000011111011011110111010111110110000000101010111011000110001110001000100011010110101010101010
2 3  100 0001001000101111011011110111010111110110000000101010111011000110001110001000100011010110101010101010
1 4  100 0001001000101111011011110111010111110110000010101010111011000110001110001000100011010110101010101010
runNumber 22
genCount 8651
elapsedTime 599.965
unaryHyperVol 460
binaryHyperVol 0
additiveEps 0
entropy 0.270001
archive 22
3
5 2  100 0001001000011111011011110111010111110110000000101010111011000110001110001000100011010110101010101010
2 3  100 0001001000101111011011110111010111110110000000101010111011000110001110001000100011010110101010101010
1 4  100 0001001000101111011011110111010111110110000010101010111011000110001110001000100011010110101010101010
runNumber 23
genCount 8886
elapsedTime 599.964
unaryHyperVol 460
binaryHyperVol 0
additiveEps 0
entropy 0.270001
archive 23
3
5 2  100 0001001000011111011011110111010111110110000000101010111011000110001110001000100011010110101010101010
2 3  100 0001001000101111011011110111010111110110000000101010111011000110001110001000100011010110101010101010
1 4  100 0001001000101111011011110111010111110110000010101010111011000110001110001000100011010110101010101010
runNumber 24
genCount 8948
elapsedTime 599.955
unaryHyperVol 460
binaryHyperVol 0
additiveEps 0
entropy 0.270001
archive 24
3
5 2  100 0001001000011111011011110111010111110110000000101010111011000110001110001000100011010110101010101010
2 3  100 0001001000101111011011110111010111110110000000101010111011000110001110001000100011010110101010101010
1 4  100 0001001000101111011011110111010111110110000010101010111011000110001110001000100011010110101010101010
runNumber 25
genCount 8877
elapsedTime 599.966
unaryHyperVol 460
binaryHyperVol 0
additiveEps 0
entropy 0.270001
archive 25
3
5 2  100 0001001000011111011011110111010111110110000000101010111011000110001110001000100011010110101010101010
2 3  100 0001001000101111011011110111010111110110000000101010111011000110001110001000100011010110101010101010
1 4  100 0001001000101111011011110111010111110110000010101010111011000110001110001000100011010110101010101010
runNumber 26
genCount 8735
elapsedTime 600.022
unaryHyperVol 460
binaryHyperVol 0
additiveEps 0
entropy 0.270001
archive 26
3
5 2  100 0001001000011111011011110111010111110110000000101010111011000110001110001000100011010110101010101010
2 3  100 0001001000101111011011110111010111110110000000101010111011000110001110001000100011010110101010101010
1 4  100 0001001000101111011011110111010111110110000010101010111011000110001110001000100011010110101010101010
runNumber 27
genCount 8939
elapsedTime 600.009
unaryHyperVol 460
binaryHyperVol 0
additiveEps 0
entropy 0.270001
archive 27
3
5 2  100 0001001000011111011011110111010111110110000000101010111011000110001110001000100011010110101010101010
2 3  100 0001001000101111011011110111010111110110000000101010111011000110001110001000100011010110101010101010
1 4  100 0001001000101111011011110111010111110110000010101010111011000110001110001000100011010110101010101010
runNumber 28
genCount 9119
elapsedTime 599.94
unaryHyperVol 460
binaryHyperVol 0
additiveEps 0
entropy 0.270001
archive 28
3
5 2  100 0001001000011111011011110111010111110110000000101010111011000110001110001000100011010110101010101010
2 3  100 0001001000101111011011110111010111110110000000101010111011000110001110001000100011010110101010101010
1 4  100 0001001000101111011011110111010111110110000010101010111011000110001110001000100011010110101010101010
runNumber 29
genCount 8925
elapsedTime 599.956
unaryHyperVol 460
binaryHyperVol 0
additiveEps 0
entropy 0.270001
archive 29
3
5 2  100 0001001000011111011011110111010111110110000000101010111011000110001110001000100011010110101010101010
2 3  100 0001001000101111011011110111010111110110000000101010111011000110001110001000100011010110101010101010
1 4  100 0001001000101111011011110111010111110110000010101010111011000110001110001000100011010110101010101010
