OptimalFront
unaryHyperVol 431
Optimal front is obtained by exact method
-------------------------
3
2 7
3 6
5 5
runNumber 0
genCount 47994
elapsedTime 600.001
unaryHyperVol 431
binaryHyperVol 0
additiveEps 0
entropy 0.270001
archive 0
3
5 5  100 0110011101110110101110000110011111011101001001000110010001100111001001111001100001100010101011111010
3 6  100 0110011101010110101110000110011111011101001001000110010001100111001001111001100001100010101011111010
2 7  100 0110011101110110101110000110011111011101001001000110010001100111001001111000010001100010101011111010
runNumber 1
genCount 47484
elapsedTime 599.992
unaryHyperVol 431
binaryHyperVol 0
additiveEps 0
entropy 0.270001
archive 1
3
5 5  100 0110011101110110101110000110011111011101001001000110010001100111001001111001100001100010101011111010
3 6  100 0110011101010110101110000110011111011101001001000110010001100111001001111001100001100010101011111010
2 7  100 0110011101110110101110000110011111011101001001000110010001100111001001111000010001100010101011111010
runNumber 2
genCount 47974
elapsedTime 600
unaryHyperVol 431
binaryHyperVol 0
additiveEps 0
entropy 0.270001
archive 2
3
5 5  100 0110011101110110101110000101011111011101001001000110010001100111001001111001100001100010101011111010
3 6  100 0110011101010110101110000101011111011101001001000110010001100111001001111001100001100010101011111010
2 7  100 0110011101110110101110000101011111011101001001000110010001100111001001111000010001100010101011111010
runNumber 3
genCount 47909
elapsedTime 600.008
unaryHyperVol 431
binaryHyperVol 0
additiveEps 0
entropy 0.270001
archive 3
3
5 5  100 0110011101110110101110000101011111011101001001000110010001100111001001111001100001100010101011111010
3 6  100 0110011101010110101110000101011111011101001001000110010001100111001001111001100001100010101011111010
2 7  100 0110011101110110101110000101011111011101001001000110010001100111001001111000010001100010101011111010
runNumber 4
genCount 48008
elapsedTime 599.998
unaryHyperVol 431
binaryHyperVol 0
additiveEps 0
entropy 0.270001
archive 4
3
5 5  100 0110011101110110101110000110011111011101001001000110010001100111001001111001100001100010101011111010
3 6  100 0110011101010110101110000110011111011101001001000110010001100111001001111001100001100010101011111010
2 7  100 0110011101110110101110000110011111011101001001000110010001100111001001111000010001100010101011111010
runNumber 5
genCount 47142
elapsedTime 599.993
unaryHyperVol 403
binaryHyperVol 11.1667
additiveEps 0.333333
entropy 0.461709
archive 5
3
5 5  100 0110011101110110101110000101011111011101001001000110010001100111001001110001100001100010010111110110
4 6  100 0110011101010110101110000101011111011101001001000110010001100111001001110001100001100010010111110110
3 7  100 0110011101010110101110000101011111011101001001000110010001100111001001110001100001100010010111111010
runNumber 6
genCount 48118
elapsedTime 599.999
unaryHyperVol 431
binaryHyperVol 0
additiveEps 0
entropy 0.270001
archive 6
3
5 5  100 0110011101110110101110000110011111011101001001000110010001100111001001111001100001100010101011111010
3 6  100 0110011101010110101110000110011111011101001001000110010001100111001001111001100001100010101011111010
2 7  100 0110011101110110101110000110011111011101001001000110010001100111001001111000010001100010101011111010
runNumber 7
genCount 47915
elapsedTime 600.001
unaryHyperVol 431
binaryHyperVol 0
additiveEps 0
entropy 0.270001
archive 7
3
5 5  100 0110011101110110101110000110011111011101001001000110010001100111001001111001100001100010101011111010
3 6  100 0110011101010110101110000110011111011101001001000110010001100111001001111001100001100010101011111010
2 7  100 0110011101110110101110000110011111011101001001000110010001100111001001111000010001100010101011111010
runNumber 8
genCount 48001
elapsedTime 599.993
unaryHyperVol 431
binaryHyperVol 0
additiveEps 0
entropy 0.270001
archive 8
3
5 5  100 0110011101110110101110000101011111011101001001000110010001100111001001111001100001100010101011111010
3 6  100 0110011101010110101110000101011111011101001001000110010001100111001001111001100001100010101011111010
2 7  100 0110011101110110101110000101011111011101001001000110010001100111001001111000010001100010101011111010
runNumber 9
genCount 47981
elapsedTime 600.008
unaryHyperVol 431
binaryHyperVol 0
additiveEps 0
entropy 0.270001
archive 9
3
5 5  100 0110011101110110101110000110011111011101001001000110010001100111001001111001100001100010101011111010
3 6  100 0110011101010110101110000110011111011101001001000110010001100111001001111001100001100010101011111010
2 7  100 0110011101110110101110000110011111011101001001000110010001100111001001111000010001100010101011111010
runNumber 10
genCount 47384
elapsedTime 599.984
unaryHyperVol 431
binaryHyperVol 0
additiveEps 0
entropy 0.270001
archive 10
3
5 5  100 0110011101110110101110000101011111011101001001000110010001100111001001111001100001100010101011111010
3 6  100 0110011101010110101110000101011111011101001001000110010001100111001001111001100001100010101011111010
2 7  100 0110011101110110101110000101011111011101001001000110010001100111001001111000010001100010101011111010
runNumber 11
genCount 48100
elapsedTime 599.99
unaryHyperVol 431
binaryHyperVol 0
additiveEps 0
entropy 0.270001
archive 11
3
5 5  100 0110011101110110101110000110011111011101001001000110010001100111001001111001100001100010101011111010
3 6  100 0110011101010110101110000110011111011101001001000110010001100111001001111001100001100010101011111010
2 7  100 0110011101110110101110000110011111011101001001000110010001100111001001111000010001100010101011111010
runNumber 12
genCount 47171
elapsedTime 600.005
unaryHyperVol 403
binaryHyperVol 11.1667
additiveEps 0.333333
entropy 0.461709
archive 12
3
5 5  100 0110011101110110101110000101011111011101001001000110010001100111001001110001100001100010010111110110
4 6  100 0110011101010110101110000101011111011101001001000110010001100111001001110001100001100010010111110110
3 7  100 0110011101010110101110000101011111011101001001000110010001100111001001110001100001100010010111111010
runNumber 13
genCount 47976
elapsedTime 599.999
unaryHyperVol 431
binaryHyperVol 0
additiveEps 0
entropy 0.270001
archive 13
3
5 5  100 0110011101110110101110000110011111011101001001000110010001100111001001111001100001100010101011111010
3 6  100 0110011101010110101110000110011111011101001001000110010001100111001001111001100001100010101011111010
2 7  100 0110011101110110101110000110011111011101001001000110010001100111001001111000010001100010101011111010
runNumber 14
genCount 47909
elapsedTime 599.988
unaryHyperVol 431
binaryHyperVol 0
additiveEps 0
entropy 0.270001
archive 14
3
5 5  100 0110011101110110101110000101011111011101001001000110010001100111001001111001100001100010101011111010
3 6  100 0110011101010110101110000101011111011101001001000110010001100111001001111001100001100010101011111010
2 7  100 0110011101110110101110000101011111011101001001000110010001100111001001111000010001100010101011111010
runNumber 15
genCount 47810
elapsedTime 599.995
unaryHyperVol 431
binaryHyperVol 0
additiveEps 0
entropy 0.270001
archive 15
3
5 5  100 0110011101110110101110000101011111011101001001000110010001100111001001111001100001100010101011111010
3 6  100 0110011101010110101110000101011111011101001001000110010001100111001001111001100001100010101011111010
2 7  100 0110011101110110101110000101011111011101001001000110010001100111001001111000010001100010101011111010
runNumber 16
genCount 47881
elapsedTime 600.002
unaryHyperVol 431
binaryHyperVol 0
additiveEps 0
entropy 0.270001
archive 16
3
5 5  100 0110011101110110101110000101011111011101001001000110010001100111001001111001100001100010101011111010
3 6  100 0110011101010110101110000101011111011101001001000110010001100111001001111001100001100010101011111010
2 7  100 0110011101110110101110000101011111011101001001000110010001100111001001111000010001100010101011111010
runNumber 17
genCount 47277
elapsedTime 599.995
unaryHyperVol 403
binaryHyperVol 11.1667
additiveEps 0.333333
entropy 0.461709
archive 17
3
5 5  100 0110011101110110101110000110011111011101001001000110010001100111001001110001100001100010010111110110
4 6  100 0110011101010110101110000110011111011101001001000110010001100111001001110001100001100010010111110110
3 7  100 0110011101010110101110000110011111011101001001000110010001100111001001110001100001100010010111111010
runNumber 18
genCount 47892
elapsedTime 600.005
unaryHyperVol 431
binaryHyperVol 0
additiveEps 0
entropy 0.270001
archive 18
3
5 5  100 0110011101110110101110000101011111011101001001000110010001100111001001111001100001100010101011111010
3 6  100 0110011101010110101110000101011111011101001001000110010001100111001001111001100001100010101011111010
2 7  100 0110011101110110101110000101011111011101001001000110010001100111001001111000010001100010101011111010
runNumber 19
genCount 48679
elapsedTime 599.992
unaryHyperVol 431
binaryHyperVol 0
additiveEps 0
entropy 0.270001
archive 19
3
5 5  100 0110011101110110101110000110011111011101001001000110010001100111001001111001100001100010101011111010
3 6  100 0110011101010110101110000110011111011101001001000110010001100111001001111001100001100010101011111010
2 7  100 0110011101110110101110000110011111011101001001000110010001100111001001111000010001100010101011111010
runNumber 20
genCount 47924
elapsedTime 599.988
unaryHyperVol 431
binaryHyperVol 0
additiveEps 0
entropy 0.270001
archive 20
3
5 5  100 0110011101110110101110000110011111011101001001000110010001100111001001111001100001100010101011111010
3 6  100 0110011101010110101110000110011111011101001001000110010001100111001001111001100001100010101011111010
2 7  100 0110011101110110101110000110011111011101001001000110010001100111001001111000010001100010101011111010
runNumber 21
genCount 48007
elapsedTime 600.009
unaryHyperVol 431
binaryHyperVol 0
additiveEps 0
entropy 0.270001
archive 21
3
5 5  100 0110011101110110101110000110011111011101001001000110010001100111001001111001100001100010101011111010
3 6  100 0110011101010110101110000110011111011101001001000110010001100111001001111001100001100010101011111010
2 7  100 0110011101110110101110000110011111011101001001000110010001100111001001111000010001100010101011111010
runNumber 22
genCount 47707
elapsedTime 599.998
unaryHyperVol 431
binaryHyperVol 0
additiveEps 0
entropy 0.270001
archive 22
3
5 5  100 0110011101110110101110000110011111011101001001000110010001100111001001111001100001100010101011111010
3 6  100 0110011101010110101110000110011111011101001001000110010001100111001001111001100001100010101011111010
2 7  100 0110011101110110101110000110011111011101001001000110010001100111001001111000010001100010101011111010
runNumber 23
genCount 47869
elapsedTime 599.997
unaryHyperVol 431
binaryHyperVol 0
additiveEps 0
entropy 0.270001
archive 23
3
5 5  100 0110011101110110101110000101011111011101001001000110010001100111001001111001100001100010101011111010
3 6  100 0110011101010110101110000101011111011101001001000110010001100111001001111001100001100010101011111010
2 7  100 0110011101110110101110000101011111011101001001000110010001100111001001111000010001100010101011111010
runNumber 24
genCount 47862
elapsedTime 599.998
unaryHyperVol 431
binaryHyperVol 0
additiveEps 0
entropy 0.270001
archive 24
3
5 5  100 0110011101110110101110000110011111011101001001000110010001100111001001111001100001100010101011111010
3 6  100 0110011101010110101110000110011111011101001001000110010001100111001001111001100001100010101011111010
2 7  100 0110011101110110101110000110011111011101001001000110010001100111001001111000010001100010101011111010
runNumber 25
genCount 47294
elapsedTime 599.993
unaryHyperVol 403
binaryHyperVol 11.1667
additiveEps 0.333333
entropy 0.461709
archive 25
3
5 5  100 0110011101110110101110000110011111011101001001000110010001100111001001110001100001100010010111110110
4 6  100 0110011101010110101110000110011111011101001001000110010001100111001001110001100001100010010111110110
3 7  100 0110011101010110101110000110011111011101001001000110010001100111001001110001100001100010010111111010
runNumber 26
genCount 47896
elapsedTime 600.001
unaryHyperVol 431
binaryHyperVol 0
additiveEps 0
entropy 0.270001
archive 26
3
5 5  100 0110011101110110101110000101011111011101001001000110010001100111001001111001100001100010101011111010
3 6  100 0110011101010110101110000101011111011101001001000110010001100111001001111001100001100010101011111010
2 7  100 0110011101110110101110000101011111011101001001000110010001100111001001111000010001100010101011111010
runNumber 27
genCount 47774
elapsedTime 600
unaryHyperVol 431
binaryHyperVol 0
additiveEps 0
entropy 0.270001
archive 27
3
5 5  100 0110011101110110101110000101011111011101001001000110010001100111001001111001100001100010101011111010
3 6  100 0110011101010110101110000101011111011101001001000110010001100111001001111001100001100010101011111010
2 7  100 0110011101110110101110000101011111011101001001000110010001100111001001111000010001100010101011111010
runNumber 28
genCount 48063
elapsedTime 599.995
unaryHyperVol 431
binaryHyperVol 0
additiveEps 0
entropy 0.270001
archive 28
3
5 5  100 0110011101110110101110000101011111011101001001000110010001100111001001111001100001100010101011111010
3 6  100 0110011101010110101110000101011111011101001001000110010001100111001001111001100001100010101011111010
2 7  100 0110011101110110101110000101011111011101001001000110010001100111001001111000010001100010101011111010
runNumber 29
genCount 48936
elapsedTime 600.003
unaryHyperVol 431
binaryHyperVol 0
additiveEps 0
entropy 0.270001
archive 29
3
5 5  100 0110011101110110101110000101011111011101001001000110010001100111001001111001100001100010101011111010
3 6  100 0110011101010110101110000101011111011101001001000110010001100111001001111001100001100010101011111010
2 7  100 0110011101110110101110000101011111011101001001000110010001100111001001111000010001100010101011111010
