OptimalFront
unaryHyperVol 286
Optimal front is obtained by exact method
-------------------------
4
2 7
4 6
6 5
7 4
runNumber 0
genCount 8482
elapsedTime 600.006
unaryHyperVol 286
binaryHyperVol 0
additiveEps 0
entropy 0.424747
archive 0
4
7 4  100 1010100110110001000000111111110001110101000100001010011010000011010000111011000100011001110100111011
6 5  100 1010100110110001000000111111110001110101000100001010011010000011011010111011000100011001110100111011
4 6  100 1010100110110001000000111111110001110101000100001010011010000011011010111011000100011001010100111011
2 7  100 1010100110110001000000111111110001110101000100001010011010000011011010111000010100011001010100111011
runNumber 1
genCount 8445
elapsedTime 599.94
unaryHyperVol 286
binaryHyperVol 0
additiveEps 0
entropy 0.424747
archive 1
4
7 4  100 1010100110110001000000111111110001110101000100001010011010000011010000111011000100011001110100111011
6 5  100 1010100110110001000000111111110001110101000100001010011010000011011010111011000100011001110100111011
4 6  100 1010100110110001000000111111110001110101000100001010011010000011011010111011000100011001010100111011
2 7  100 1010100110110001000000111111110001110101000100001010011010000011011010111000010100011001010100111011
runNumber 2
genCount 8428
elapsedTime 599.963
unaryHyperVol 286
binaryHyperVol 0
additiveEps 0
entropy 0.424747
archive 2
4
7 4  100 1010100110110001000000111111110001110101000100001010011010000011010000111011000100011001110100111011
6 5  100 1010100110110001000000111111110001110101000100001010011010000011110000111011000100011001110100111011
4 6  100 1010100110110001000000111111110001110101000100001010011010000011110000111011000100011001010100111011
2 7  100 1010100110110001000000111111110001110101000100001010011010000011011010111000010100011001010100111011
runNumber 3
genCount 8475
elapsedTime 600.032
unaryHyperVol 286
binaryHyperVol 0
additiveEps 0
entropy 0.424747
archive 3
4
7 4  100 1010100110110001000000111111110001110101000100001010011010000011010000111011000100011001110100111011
6 5  100 1010100110110001000000111111110001110101000100001010011010000011011010111011000100011001110100111011
4 6  100 1010100110110001000000111111110001110101000100001010011010000011011010111011000100011001010100111011
2 7  100 1010100110110001000000111111110001110101000100001010011010000011011010111000010100011001010100111011
runNumber 4
genCount 8361
elapsedTime 599.994
unaryHyperVol 286
binaryHyperVol 0
additiveEps 0
entropy 0.424747
archive 4
4
7 4  100 1010100110110001000000111111110001110101000100001010011010000011010000111011000100011001110100111011
6 5  100 1010100110110001000000111111110001110101000100001010011010000011011010111011000100011001110100111011
4 6  100 1010100110110001000000111111110001110101000100001010011010000011011010111011000100011001010100111011
2 7  100 1010100110110001000000111111110001110101000100001010011010000011011010111000010100011001010100111011
runNumber 5
genCount 8429
elapsedTime 599.936
unaryHyperVol 262
binaryHyperVol 6
additiveEps 0.2
entropy 0.4315
archive 5
4
7 4  100 1010100110110001000000111111110001110101000100001010011010000011010000111011000100011001110100111011
6 5  100 1010100110110001000000111111110001110101000100001010011010000011110000111011000100011001110100111011
4 6  100 1010100110110001000000111111110001110101000100001010011010000011110000111011000100011001010100111011
3 7  100 1010100110010101000000111111110001110101000100001010011010000011011010111011100100011001010100111011
runNumber 6
genCount 8884
elapsedTime 599.969
unaryHyperVol 220
binaryHyperVol 18.4
additiveEps 0.5
entropy 0.427067
archive 6
3
7 6  100 1010100110110001000000111111110001110101000100001010011010000011010000110111010100011001111000111011
6 7  100 1010100110110001000000111111110001110101000100001010011010000011110000110111010100011001111000111011
4 8  100 1010100110110001000000111111110001110101000100001010011010000011110000110011010100011001001000111011
runNumber 7
genCount 8713
elapsedTime 599.919
unaryHyperVol 214
binaryHyperVol 21.4
additiveEps 0.75
entropy 0.475082
archive 7
2
6 7  100 1010100110110001000000111111111001110101000100001010011011010011010101111011100100011001111000111011
4 8  100 1010100110010101000000111111110001110101000100001010011011010011010101111011100100011001111000111011
runNumber 8
genCount 8436
elapsedTime 599.971
unaryHyperVol 286
binaryHyperVol 0
additiveEps 0
entropy 0.424747
archive 8
4
7 4  100 1010100110110001000000111111110001110101000100001010011010000011010000111011000100011001110100111011
6 5  100 1010100110110001000000111111110001110101000100001010011010000011011010111011000100011001110100111011
4 6  100 1010100110110001000000111111110001110101000100001010011010000011011010111011000100011001010100111011
2 7  100 1010100110110001000000111111110001110101000100001010011010000011011010111000010100011001010100111011
runNumber 9
genCount 8347
elapsedTime 600.046
unaryHyperVol 286
binaryHyperVol 0
additiveEps 0
entropy 0.424747
archive 9
4
7 4  100 1010100110110001000000111111110001110101000100001010011010000011010000111011000100011001110100111011
6 5  100 1010100110110001000000111111110001110101000100001010011010000011011010111011000100011001110100111011
4 6  100 1010100110110001000000111111110001110101000100001010011010000011011010111011000100011001010100111011
2 7  100 1010100110110001000000111111110001110101000100001010011010000011011010111000010100011001010100111011
runNumber 10
genCount 8476
elapsedTime 599.969
unaryHyperVol 286
binaryHyperVol 0
additiveEps 0
entropy 0.424747
archive 10
4
7 4  100 1010100110110001000000111111110001110101000100001010011010000011010000111011000100011001110100111011
6 5  100 1010100110110001000000111111110001110101000100001010011010000011011010111011000100011001110100111011
4 6  100 1010100110110001000000111111110001110101000100001010011010000011011010111011000100011001010100111011
2 7  100 1010100110110001000000111111110001110101000100001010011010000011011010111000010100011001010100111011
runNumber 11
genCount 8473
elapsedTime 599.937
unaryHyperVol 262
binaryHyperVol 6
additiveEps 0.2
entropy 0.4315
archive 11
4
7 4  100 1010100110110001000000111111110001110101000100001010011010000011010000111011000100011001110100111011
6 5  100 1010100110110001000000111111110001110101000100001010011010000011110000111011000100011001110100111011
4 6  100 1010100110110001000000111111110001110101000100001010011010000011110000111011000100011001010100111011
3 7  100 1010100110010101000000111111110001110101000100001010011010000011011010111011100100011001010100111011
runNumber 12
genCount 8454
elapsedTime 599.993
unaryHyperVol 286
binaryHyperVol 0
additiveEps 0
entropy 0.424747
archive 12
4
7 4  100 1010100110110001000000111111110001110101000100001010011010000011010000111011000100011001110100111011
6 5  100 1010100110110001000000111111110001110101000100001010011010000011011010111011000100011001110100111011
4 6  100 1010100110110001000000111111110001110101000100001010011010000011011010111011000100011001010100111011
2 7  100 1010100110110001000000111111110001110101000100001010011010000011011010111000010100011001010100111011
runNumber 13
genCount 8366
elapsedTime 599.958
unaryHyperVol 286
binaryHyperVol 0
additiveEps 0
entropy 0.424747
archive 13
4
7 4  100 1010100110110001000000111111110001110101000100001010011010000011010000111011000100011001110100111011
6 5  100 1010100110110001000000111111110001110101000100001010011010000011011010111011000100011001110100111011
4 6  100 1010100110110001000000111111110001110101000100001010011010000011011010111011000100011001010100111011
2 7  100 1010100110110001000000111111110001110101000100001010011010000011011010111000010100011001010100111011
runNumber 14
genCount 8455
elapsedTime 599.972
unaryHyperVol 286
binaryHyperVol 0
additiveEps 0
entropy 0.424747
archive 14
4
7 4  100 1010100110110001000000111111110001110101000100001010011010000011010000111011000100011001110100111011
6 5  100 1010100110110001000000111111110001110101000100001010011010000011110000111011000100011001110100111011
4 6  100 1010100110110001000000111111110001110101000100001010011010000011110000111011000100011001010100111011
2 7  100 1010100110110001000000111111110001110101000100001010011010000011011010111000010100011001010100111011
runNumber 15
genCount 8311
elapsedTime 599.95
unaryHyperVol 286
binaryHyperVol 0
additiveEps 0
entropy 0.424747
archive 15
4
7 4  100 1010100110110001000000111111110001110101000100001010011010000011010000111011000100011001110100111011
6 5  100 1010100110110001000000111111110001110101000100001010011010000011011010111011000100011001110100111011
4 6  100 1010100110110001000000111111110001110101000100001010011010000011011010111011000100011001010100111011
2 7  100 1010100110110001000000111111110001110101000100001010011010000011011010111000010100011001010100111011
runNumber 16
genCount 8413
elapsedTime 599.973
unaryHyperVol 262
binaryHyperVol 6
additiveEps 0.2
entropy 0.4315
archive 16
4
7 4  100 1010100110110001000000111111110001110101000100001010011010000011010000111011000100011001110100111011
6 5  100 1010100110110001000000111111110001110101000100001010011010000011011010111011000100011001110100111011
4 6  100 1010100110110001000000111111110001110101000100001010011010000011011010111011000100011001010100111011
3 7  100 1010100110010101000000111111110001110101000100001010011010000011011010111011100100011001010100111011
runNumber 17
genCount 8353
elapsedTime 599.976
unaryHyperVol 286
binaryHyperVol 0
additiveEps 0
entropy 0.424747
archive 17
4
7 4  100 1010100110110001000000111111110001110101000100001010011010000011010000111011000100011001110100111011
6 5  100 1010100110110001000000111111110001110101000100001010011010000011011010111011000100011001110100111011
4 6  100 1010100110110001000000111111110001110101000100001010011010000011011010111011000100011001010100111011
2 7  100 1010100110110001000000111111110001110101000100001010011010000011011010111000010100011001010100111011
runNumber 18
genCount 8544
elapsedTime 599.958
unaryHyperVol 238
binaryHyperVol 12
additiveEps 0.4
entropy 0.482558
archive 18
3
7 4  100 1010100110110001000000111111110001110101000100001010011010000011010000111011000100011001110100111011
6 5  100 1010100110110001000000111111110001110101000100001010011010000011110000111011000100011001110100111011
4 6  100 1010100110110001000000111111110001110101000100001010011010000011110000111011000100011001010100111011
runNumber 19
genCount 8760
elapsedTime 599.957
unaryHyperVol 238
binaryHyperVol 12
additiveEps 0.4
entropy 0.482558
archive 19
3
7 4  100 1010100110110001000000111111110001110101000100001010011010000011010000111011000100011001110100111011
6 5  100 1010100110110001000000111111110001110101000100001010011010000011110000111011000100011001110100111011
4 6  100 1010100110110001000000111111110001110101000100001010011010000011110000111011000100011001010100111011
runNumber 20
genCount 8468
elapsedTime 599.968
unaryHyperVol 286
binaryHyperVol 0
additiveEps 0
entropy 0.424747
archive 20
4
7 4  100 1010100110110001000000111111110001110101000100001010011010000011010000111011000100011001110100111011
6 5  100 1010100110110001000000111111110001110101000100001010011010000011011010111011000100011001110100111011
4 6  100 1010100110110001000000111111110001110101000100001010011010000011011010111011000100011001010100111011
2 7  100 1010100110110001000000111111110001110101000100001010011010000011011010111000010100011001010100111011
runNumber 21
genCount 8426
elapsedTime 599.844
unaryHyperVol 238
binaryHyperVol 12
additiveEps 0.4
entropy 0.482558
archive 21
3
7 4  100 1010100110110001000000111111110001110101000100001010011010000011010000111011000100011001110100111011
6 5  100 1010100110110001000000111111110001110101000100001010011010000011110000111011000100011001110100111011
4 6  100 1010100110110001000000111111110001110101000100001010011010000011110000111011000100011001010100111011
runNumber 22
genCount 8427
elapsedTime 599.954
unaryHyperVol 262
binaryHyperVol 6
additiveEps 0.2
entropy 0.4315
archive 22
4
7 4  100 1010100110110001000000111111110001110101000100001010011010000011010000111011000100011001110100111011
6 5  100 1010100110110001000000111111110001110101000100001010011010000011011010111011000100011001110100111011
4 6  100 1010100110110001000000111111110001110101000100001010011010000011011010111011000100011001010100111011
3 7  100 1010100110010101000000111111110001110101000100001010011010000011011010111011100100011001010100111011
runNumber 23
genCount 8832
elapsedTime 600.032
unaryHyperVol 200
binaryHyperVol 26.1333
additiveEps 0.666667
entropy 0
archive 23
1
5 6  100 1010100110110001000000111111000001110101000100001010011000000011010101111011100100011001111000111011
runNumber 24
genCount 8442
elapsedTime 599.927
unaryHyperVol 286
binaryHyperVol 0
additiveEps 0
entropy 0.424747
archive 24
4
7 4  100 1010100110110001000000111111110001110101000100001010011010000011010000111011000100011001110100111011
6 5  100 1010100110110001000000111111110001110101000100001010011010000011011010111011000100011001110100111011
4 6  100 1010100110110001000000111111110001110101000100001010011010000011011010111011000100011001010100111011
2 7  100 1010100110110001000000111111110001110101000100001010011010000011011010111000010100011001010100111011
runNumber 25
genCount 8452
elapsedTime 599.979
unaryHyperVol 286
binaryHyperVol 0
additiveEps 0
entropy 0.424747
archive 25
4
7 4  100 1010100110110001000000111111110001110101000100001010011010000011010000111011000100011001110100111011
6 5  100 1010100110110001000000111111110001110101000100001010011010000011011010111011000100011001110100111011
4 6  100 1010100110110001000000111111110001110101000100001010011010000011011010111011000100011001010100111011
2 7  100 1010100110110001000000111111110001110101000100001010011010000011011010111000010100011001010100111011
runNumber 26
genCount 8535
elapsedTime 599.983
unaryHyperVol 286
binaryHyperVol 0
additiveEps 0
entropy 0.424747
archive 26
4
7 4  100 1010100110110001000000111111110001110101000100001010011010000011010000111011000100011001110100111011
6 5  100 1010100110110001000000111111110001110101000100001010011010000011011010111011000100011001110100111011
4 6  100 1010100110110001000000111111110001110101000100001010011010000011011010111011000100011001010100111011
2 7  100 1010100110110001000000111111110001110101000100001010011010000011011010111000010100011001010100111011
runNumber 27
genCount 8555
elapsedTime 600.012
unaryHyperVol 286
binaryHyperVol 0
additiveEps 0
entropy 0.424747
archive 27
4
7 4  100 1010100110110001000000111111110001110101000100001010011010000011010000111011000100011001110100111011
6 5  100 1010100110110001000000111111110001110101000100001010011010000011011010111011000100011001110100111011
4 6  100 1010100110110001000000111111110001110101000100001010011010000011011010111011000100011001010100111011
2 7  100 1010100110110001000000111111110001110101000100001010011010000011011010111000010100011001010100111011
runNumber 28
genCount 8547
elapsedTime 599.928
unaryHyperVol 286
binaryHyperVol 0
additiveEps 0
entropy 0.424747
archive 28
4
7 4  100 1010100110110001000000111111110001110101000100001010011010000011010000111011000100011001110100111011
6 5  100 1010100110110001000000111111110001110101000100001010011010000011011010111011000100011001110100111011
4 6  100 1010100110110001000000111111110001110101000100001010011010000011011010111011000100011001010100111011
2 7  100 1010100110110001000000111111110001110101000100001010011010000011011010111000010100011001010100111011
runNumber 29
genCount 8747
elapsedTime 600.02
unaryHyperVol 199
binaryHyperVol 26.2
additiveEps 0.666667
entropy 0.475082
archive 29
2
6 6  100 1010100110110001000000111111000001110001000100001010011010000011010101001011100100011001110100111011
5 7  100 1010100110110001000000111111000001110001000100001010011010000011010101001011100100011001010100111011
