OptimalFront
unaryHyperVol 44
4
7 17  200 11100101011010111100000110101000011000110100001011001101110000011111100100000010001000010010100001011011011100100110010011000111010011011101000001111101101000101010001101101011101101001101011011111110
6 18  200 11100101011010111100000110101000011000110100001011001101110000011111100100000010001000010010100001011011011110100110010011000111010011011101000001111101101000101010001101101011101101001101011011111110
5 20  200 11100101011010111100000110101000011000110110101011001101111010011111100100000010001000010010100001011011011110100110010011000111010011011101000001111101101000101010001101101011101101001101011011111110
4 21  200 01100101010100111100000110101000011000110110101011001101111010011111100100100110001000010010100001011011011110101010010011000001010011011101000000001101101000100100011100010111101101001101011011111110
-------------------------
runNumber 0
genCount 5659
elapsedTime 599.44
unaryHyperVol 37
binaryHyperVol 3.13333
additiveEps 0.4
entropy 0.45474
archive 0
3
7 19  200 11100001011001110000000110101000011000110100101011001101110000011111100100100110001000010010100001011011011100101010010011000001010011011101000000001101101000100100011100010111101101001101011011111110
6 20  200 11100001011001110000000110101000011000110100101011001101110000011111100100100110001000010010100001011011011110101010010011000001010011011101000000001101101000100100011100010111101101001101011011111110
4 22  200 11100001011001110000000110101000011000110110101011001101111010011111100100100110001000010010100001011011011110101010010011000001010011011101000000001101101000100100011100010111101101001101011011111110
runNumber 1
genCount 5792
elapsedTime 599.923
unaryHyperVol 32
binaryHyperVol 7.46667
additiveEps 1
entropy 0
archive 1
1
4 22  200 11100101110100111100010110101000011000000110101011000001111010011111100100100110001010100010100001011011011110101010010011000001010011011101000001111101000000101010001101010111101101001101011011111110
runNumber 2
genCount 5646
elapsedTime 599.759
unaryHyperVol 18
binaryHyperVol 18.5
additiveEps 0.5
entropy 0.475082
archive 2
2
8 19  200 01100101010100111100000110101000011000110100101011001101110000011111100100100110001000010010100001011011101110101010000011000001010011011101000001111101101000101010101100010111101101001101011011111110
6 21  200 01100101010100111100000110101000011000110100001011001101110000011111100100100110001000010001010001011011101110101010000011000001010011011101000001111101101000101010101100010111101101001101011011111110
runNumber 3
genCount 5684
elapsedTime 599.721
unaryHyperVol 26
binaryHyperVol 15.6667
additiveEps 0.8
entropy 0.475082
archive 3
2
6 21  200 11100101011010111100000010101000011000110110101011001101110000011111100100100100001010100010100001011011011110101010010011000001010011011101000001011101101000101010000000010111101101001101011011111110
5 22  200 11100101011010111100000010101000011000110110101011001101110000011111100000100100001010100010100001011011011110101010010011000001010011011101000001011101101000101010000000010111101101001101011011111110
runNumber 4
genCount 5463
elapsedTime 599.938
unaryHyperVol 26
binaryHyperVol 13.6111
additiveEps 0.5
entropy 0.427067
archive 4
3
7 20  200 00000101011001001100000110101000011000110100001011001101110000011111100100100110001000010010100001011011011100100110010011000111010011011101000001111101101000101010001111000001101100111101011011111110
6 21  200 00000101011001001100000110101000011000110100001011001101110000011111100100100110001000010010100001011011011110100110010011000111010011011101000001111101101000101010001111000001101100111101011011111110
5 23  200 00000101011001001100000110101000011000110110101011001101111010011111100100100110001000010010100001011011011110100110010011000111010011011101000001111101101000101010001111000001101100111101011011111110
runNumber 5
genCount 6340
elapsedTime 599.676
unaryHyperVol 14
binaryHyperVol 19.8333
additiveEps 0.666667
entropy 0.475082
archive 5
2
8 21  200 01100101010100111100000010101000011000110110101011001101110000011111100100100110001010100010100001011011101110101010000011000001010011011101000001111101101000101010101101100001101100111101011011111110
6 23  200 01100101010100111100000010101000011000110110101011001101110000011111100100100110001010100001010001011011101110101010000011000001010011011101000001111101101000101010101101100001101100111101011011111110
runNumber 6
genCount 5465
elapsedTime 599.883
unaryHyperVol 29
binaryHyperVol 12.8
additiveEps 0.4
entropy 0.427067
archive 6
3
7 19  200 11100101011001011100100110100000011000110100001011001101110000011111100100100110000100010001010001011011011100100110010011000111010011011101000001111101101000101010001101101011101101001101011011111110
6 20  200 11100101011001011100100110100000011000110100001011001101110000011111100100100110000100010001110001011011011110100110010011000111010011011101000001111101101000101010001101101011101101001101011011111110
5 22  200 11100101011001011100100110100000011000110110101011001101111010011111100100100110000100010001110001011011011110100110010011000111010011011101000001111101101000101010001101101011101101001101011011111110
runNumber 7
genCount 5683
elapsedTime 599.928
unaryHyperVol 28
binaryHyperVol 14.2
additiveEps 0.6
entropy 0.475082
archive 7
2
6 20  200 01100101010100111100000110101000011000110100101011000101111010011111100100100110000101100001110001011011011110101010010011000101010011011101000001111101101000101010001101101011101101001101011011111110
5 22  200 01100101010100111100000110101000011000110110101011001101111010011111100100100110000101100001110001011011011110100110010011000111010011011101000001111101101000101010001101101011101101001101011011111110
runNumber 8
genCount 5671
elapsedTime 599.726
unaryHyperVol 32
binaryHyperVol 11.5833
additiveEps 0.333333
entropy 0.427067
archive 8
3
7 18  200 01100101010100111100000110101000011000110100001011001101110000011111100100100110001000010010100001011011011100101010010011000001010011011101000001011101101000101010000001100001101100111101011011111110
6 19  200 01100101010100111100000110101000011000110100001011001101110000011111100100100110001000010010100001011011011110101010010011000001010011011101000001011101101000101010000001100001101100111101011011111110
5 21  200 01100101010100111100000110101000011000110110101011001101111010011111100100100110001000010010100001011011011110101010010011000001010011011101000001011101101000101010000001100001101100111101011011111110
runNumber 9
genCount 5609
elapsedTime 599.772
unaryHyperVol 32
binaryHyperVol 11.5833
additiveEps 0.333333
entropy 0.427067
archive 9
3
7 18  200 01100101010100111100000110101000011000110100101011001101110000011111100100100110001000010010100001011011011100101010010011000001010011011101000001011101101000101010000000010111101101001101011011111110
6 19  200 01100101010100111100000110101000011000110100001011001101110000011111100100100110001000010010100001011011011110101010010011000001010011011101000001011101101000101010000000010111101101001101011011111110
5 21  200 01100101010100111100000110101000011000110110101011001101111010011111100100100110001000010010100001011011011110101010010011000001010011011101000001011101101000101010000000010111101101001101011011111110
runNumber 10
genCount 5546
elapsedTime 599.797
unaryHyperVol 18
binaryHyperVol 15.5417
additiveEps 0.75
entropy 0.427067
archive 10
3
7 23  200 11100101110001110100001110101000010101110110101011001101110000011111100100000010001010100010100001011011011100101010010011000101110011011101000101011101101000101010000001101011101110001101011011111110
6 24  200 11100101110001110100001110101000010101110110101011001101110000011111100100000010001010100010100001011011011110101010010011000101110011011101000101011101101000101010000001101011101110001101011011111110
5 25  200 11100101110001110100001110101000010101110110101011001101110000011111100000000010001010100010100001011011011110101010010011000101110011011101000101011101101000101010000001101011101110001101011011111110
runNumber 11
genCount 5482
elapsedTime 600.329
unaryHyperVol 37
binaryHyperVol 3.13333
additiveEps 0.4
entropy 0.45474
archive 11
3
7 19  200 11100001011001110000000110101000011000110100101011001101110000011111100100100110001000010010100001011011011100101010010011000001010011011101000000001101101000100100011100010111101101001101011011111110
6 20  200 11100001011001110000000110101000011000110100101011001101110000011111100100100110001000010010100001011011011110101010010011000001010011011101000000001101101000100100011100010111101101001101011011111110
4 22  200 11100001011001110000000110101000011000110110101011001101111010011111100100100110001000010010100001011011011110101010010011000001010011011101000000001101101000100100011100010111101101001101011011111110
runNumber 12
genCount 5542
elapsedTime 599.772
unaryHyperVol 20
binaryHyperVol 5.33333
additiveEps 0.666667
entropy 0.427067
archive 12
3
7 23  200 11100101011010111100010010100001011000110101010011001101110000011111100100000010001010100010100001011011011100101010010011000001010011011101000001001101101000101100011101100000101100111101011011111110
6 25  200 11100101011010111100010010100001011000110101010011001101110000011111100100000010001010100010100001011011011110101010010011000001010011011101000000001101101000100100011101100001101100111101011011111110
4 26  200 11100101011010111100010010100001011000110101010011001101111010011111100100000010001010100010100001011011011110101010010011000001010011011101000000001101101000100100011101100001101100111101011011111110
runNumber 13
genCount 5453
elapsedTime 599.98
unaryHyperVol 38
binaryHyperVol 1.73333
additiveEps 0.333333
entropy 0.425201
archive 13
3
7 18  200 11100101011010111100000110101000011000110100001011001101110000011111100100000010001000010010100001011011011100101010010011000001010011011101000001001101101000101100011101100000101100111101011011111110
6 20  200 11100101011010111100000110101000011000110100001011001101110000011111100100000010001000010010100001011011011110101010010011000001010011011101000000001101101000100100011101100001101100111101011011111110
4 22  200 11100101011010111100000110101000011000110110101011001101111010011111100100000010001000010010100001011011011110101010010011000001010011011101000000001101101000100100011101100001101100111101011011111110
runNumber 14
genCount 5403
elapsedTime 599.741
unaryHyperVol 17
binaryHyperVol 6.92593
additiveEps 0.888889
entropy 0.475082
archive 14
2
7 25  200 00000101011001001100010010101000011000110110011111011101111010011111100100100110001010100010100001011011011110101010010011000001010011011101000001001101101000101100011101100000101100111101011011111110
4 26  200 00000101011001001100000010101000011000110110011111011101111010011111100100100110001010100010100001011011011110101010010011000001010011011101000000001101101000100100011101100001101100111101011011111110
runNumber 15
genCount 5627
elapsedTime 599.871
unaryHyperVol 22
binaryHyperVol 15.1905
additiveEps 0.714286
entropy 0.475082
archive 15
2
6 22  200 11100101011010111100000110101000011000110100001011000101111010010001100100000010010101100010100001011011011110101010010011000101010011011101000001111101101000101010001101101011101101001101011011111110
5 24  200 11100101011010111100000110101000011000110110101011001101111010010001100100000010010101100010100001011011011110100110010011000111010011011101000001111101101000101010001101101011101101001101011011111110
runNumber 16
genCount 5790
elapsedTime 599.897
unaryHyperVol 19
binaryHyperVol 15.5
additiveEps 0.75
entropy 0.475082
archive 16
2
6 23  200 01100101010100111100000110101000011000110100101011000101111010011111100100100100110101100001000001011011011110101010010011000101010011011101000001011101101000101010000001101011101110001101011011111110
5 25  200 01100101010100111100000110101000011000110110101011001101111010011111100100100100110101100001000001011011011110100110010011000111010011011101000001011101101000101010000001101011101110001101011011111110
runNumber 17
genCount 5485
elapsedTime 599.75
unaryHyperVol 26
binaryHyperVol 13.0952
additiveEps 0.428571
entropy 0.475082
archive 17
2
6 20  200 01100101010100111100000110101000011000110100101011001101110000011111100100100101110101100010100001011011011110101010010011000001110011011101000001111101101000101010001101100000101101001101011011111110
5 24  200 01100101010100111100000110101000011000110110101011001101110000011111100000100101110101100010100001011011011110101010010011000001010011011101000011001101101000001010001101100000101101001101011011111110
runNumber 18
genCount 5522
elapsedTime 599.809
unaryHyperVol 28
binaryHyperVol 4.57143
additiveEps 0.571429
entropy 0.427067
archive 18
3
7 21  200 00000101011001001100010010101000011000110110101011001101110000011111100100100110001010100010100001011011011100101010010011000001010011011101000001001101101000101100011101100000101100111101011011111110
6 23  200 00000101011001001100010010101000011000110110101011001101110000011111100100100110001010100010100001011011011110101010010011000001010011011101000000001101101000100100011101100001101100111101011011111110
4 24  200 00000101011001001100010010101000011000110110101011001101111010011111100100100110001010100010100001011011011110101010010011000001010011011101000000001101101000100100011101100001101100111101011011111110
runNumber 19
genCount 5532
elapsedTime 599.957
unaryHyperVol 24
binaryHyperVol 4.44444
additiveEps 0.555556
entropy 0.509891
archive 19
4
7 22  200 11100101011010111100000110101000011000110100101011001101110000011111100100000010000101100010010000101011010100111010010011000100010011011101000001111101101000101010001101101011101101001101011011111110
6 23  200 11100101011010111100000110101000011000110100101011001101110000011111100100000010000101100001110000101011010100111010010011000100010011011101000001111101101000101010001101101011101101001101011011111110
5 25  200 11100101011010111100000110101000011000110110101011001101111010011111100100000010000101100001110000101011010100111010010011000100010011011101000001111101101000101010001101101011101101001101011011111110
4 26  200 11100101011010111100000110101000011000110110101011001101111010010001100100000010010101100010100000101011010100111010010011000100010011011101000001111101101000101010001101101011101101001101011011111110
runNumber 20
genCount 5479
elapsedTime 600.028
unaryHyperVol 41
binaryHyperVol 1.91667
additiveEps 0.25
entropy 0.492564
archive 20
3
7 18  200 01100101010100111100000110101000011000110100001011001101110000011111100100100110001000010010100001011011011100101010010011000001010011011101000000001101101000100100011100010111101101001101011011111110
6 19  200 01100101010100111100000110101000011000110100101011001101110000011111100100100110001000010010100001011011011110101010010011000001010011011101000000001101101000100100011100010111101101001101011011111110
4 21  200 01100101010100111100000110101000011000110110101011001101111010011111100100100110001000010010100001011011011110101010010011000001010011011101000000001101101000100100011100010111101101001101011011111110
runNumber 21
genCount 5503
elapsedTime 599.791
unaryHyperVol 23
binaryHyperVol 14.1905
additiveEps 0.571429
entropy 0.427067
archive 21
3
7 21  200 00000101011001001100010110101000011000000100101011001101110000011111100100100110001010100010100001011011011100101010010011000001010011011101000001011101101000101010000001100001101100111101011011111110
6 22  200 00000101011001001100000110101000011000000100101011001101110000011111100100100110001010100010100001011011011110101010010011000001010011011101000001011101101000101010000001100001101100111101011011111110
5 24  200 00000101011001001100010110101000011000000110101011001101111010011111100100100110001010100010100001011011011110101010010011000001010011011101000001011101101000101010000001100001101100111101011011111110
runNumber 22
genCount 5484
elapsedTime 599.833
unaryHyperVol 33
binaryHyperVol 3.94444
additiveEps 0.5
entropy 0.458861
archive 22
3
7 20  200 11100101011010111100000010101000011000110110101011001101110000011111100100000010001010100010100001011011011100101010010011000101010011011101000101001101101000101100011100010111101101001101011011111110
6 21  200 11100101011010111100010010101000011000110110101011001101110000011111100100000010001010100010100001011011011110101010010011000101010011011101000101001101101000101100011100010111101101001101011011111110
4 23  200 11100101011010111100000010101000011000110110101011001101111010011111100100000010001010100010100001011011011110101010010011000001010011011101000000001101101000100100011100010111101101001101011011111110
runNumber 23
genCount 5469
elapsedTime 599.914
unaryHyperVol 13
binaryHyperVol 25.9524
additiveEps 0.857143
entropy 0.475082
archive 23
2
7 23  200 00000101011001001100000110101000011000000100001011001101110000011111100100100110001010100010100001011011011100101010000111000001010111001101000000001101101000100010101101100011101110001101011011111110
6 24  200 00000101011001001100000110101000011000000100001011001101110000011111100100100110001010100010100001011011011110101010000111000001010111001101000000001101101000100010101101100011101110001101011011111110
runNumber 24
genCount 5468
elapsedTime 599.719
unaryHyperVol 24
binaryHyperVol 4.44444
additiveEps 0.555556
entropy 0.475082
archive 24
2
6 22  200 11100001010001110000100110101000011000110100001011001101110000011111100100000001110100010010100001011011011110100110010011000111010011011101000001111101101000101100011100010111101101001101011011111110
4 26  200 11100001010001110000100110101000011000110110101011001101111010010001100100000010010100010010100001011011011110101010010011000001010011011101000000001101101000100100011100010111101101001101011011111110
runNumber 25
genCount 5152
elapsedTime 599.94
unaryHyperVol 26
binaryHyperVol 13.6111
additiveEps 0.5
entropy 0.427067
archive 25
3
7 20  200 11100101011010111100000110101000011000000100001011001101110000011111100100000010001010100010100001011011011100101010010011000001010011011101000001011101101000101010000000010111101101001101011011111110
6 21  200 11100101011010111100000110101000011000000100101011001101110000011111100100000010001010100010100001011011011110101010010011000001010011011101000001011101101000101010000000010111101101001101011011111110
5 23  200 11100101011010111100000110101000011000000110101011001101111010011111100100000010001010100010100001011011011110101010010011000001010011011101000001011101101000101010000000010111101101001101011011111110
runNumber 26
genCount 5698
elapsedTime 599.819
unaryHyperVol 0
binaryHyperVol 333
additiveEps 333
entropy 333
archive 26
0
runNumber 27
genCount 5543
elapsedTime 600.015
unaryHyperVol 35
binaryHyperVol 9.66667
additiveEps 0.333333
entropy 0.482558
archive 27
3
7 17  200 11100101011010111100000110101000011000110100001011001101110000011111100100000010001000010010100001011011011100100110010011000111010011011101000001111101101000101010001101101011101101001101011011111110
6 18  200 11100101011010111100000110101000011000110100001011001101110000011111100100000010001000010010100001011011011110100110010011000111010011011101000001111101101000101010001101101011101101001101011011111110
5 20  200 11100101011010111100000110101000011000110110101011001101111010011111100100000010001000010010100001011011011110100110010011000111010011011101000001111101101000101010001101101011101101001101011011111110
runNumber 28
genCount 5324
elapsedTime 599.887
unaryHyperVol 27
binaryHyperVol 14.2667
additiveEps 0.6
entropy 0.427067
archive 28
3
7 20  200 11100101000100111100000101010100011000110100101011001101110000011111100100100110001000010010100001011011011100100110010011000111010011011101000001011101101000101010000001101011101110001101011011111110
6 21  200 11100101000100111100000100010100011000110100101011001101110000011111100100100110001000010010100001011011011110100110010011000111010011011101000001011101101000101010000001101011101110001101011011111110
5 22  200 11100101000100111100000101010100011000110100101011001101111010011111100100100110001000010010100001011011011110100110010011000111010011011101000001011101101000101010000001101011101110001101011011111110
runNumber 29
genCount 5909
elapsedTime 599.941
unaryHyperVol 26
binaryHyperVol 11.875
additiveEps 0.5
entropy 0.427067
archive 29
3
7 19  200 11000101010001001100000110101000011000110100001011001101110000011111100100000010001000010010100001011011011100101010010011000101110011011101000100001101101000100100011101101011101110001101011011111110
6 20  200 11000101010001001100000110101000011000110100001011001101110000011111100100000010001000010010100001011011011110101010010011000101110011011101000100001101101000100100011101101011101110001101011011111110
5 25  200 11000101010001001100000110101000011000110001010111001101010000001111100100000010001000010010100001011011011110101010010011000101110011011101000100001101101000100100011101101011101110001101011011111110
