OptimalFront
unaryHyperVol 97
4
9 19  200 10101010110010010000000001010111111101011010101001101010000101001101011100000000001000001000111100001001110010111110001000000011110101101001001101100001010001100000010111000111010100100111010000001001
6 20  200 10101010110010010000000000010111111101011010101001101010000101001101011100000000001000001000111100001001110010111110001000000011110101101001001101100001010001100000010111000111010100100111010000001001
5 21  200 10101010110010010000000001010111111101011010101001101010000101001110101100000000001000001000111100001001110010111110001000000011110101101001001101100001010001100000010111000111010100100111010000001001
4 27  200 10101010110010010000000001010111110101011010101001101010001001001110101100000000001000001010001110101001110010111110001000101011110101101001001100010101011001101000010001010011000001100111010000001001
-------------------------
runNumber 0
genCount 5793
elapsedTime 600.251
unaryHyperVol 77
binaryHyperVol 4
additiveEps 0.555556
entropy 0.438207
archive 0
3
9 23  200 10101010110010010000000001100111111101011010101001101010000101001101011100000000001000001010001100001001110010111110001000101011110101101001001101100011110001100000011101010011010100100111010000001001
5 25  200 10101010110010010000000001100111111101011010101001101010000101001110101100000000001000001010001100001001110010111110001000101011110101101001001101100011110001100000011101010011010100100111010000001001
4 28  200 10101010110010010000000001101011111101011010101001101010000101001110101100000000001000001010001110101001110010111110001000101011110101101001001101100011110001100000011101010011010100100111010000001001
runNumber 1
genCount 5554
elapsedTime 599.938
unaryHyperVol 77
binaryHyperVol 5.77778
additiveEps 0.666667
entropy 0.475082
archive 1
2
5 25  200 10101010110010010000000001010111111101011010101001101010001001001110101100000000001000001010001110101001110010111110001000101011110101101001001100010101011001100101010001000111000001100111010000001001
4 28  200 10101010110010010000000001010111110101011010101001101010001001001110101100000000001000001010001110101001110010111110001000101011110101101001001100010101011001100101010001010011000001100111010000001001
runNumber 2
genCount 5586
elapsedTime 599.765
unaryHyperVol 80
binaryHyperVol 3.93333
additiveEps 0.444444
entropy 0.437169
archive 2
4
9 23  200 10101010110010010000000001010111111101011010101001101010000101001101011100000000001000000101001100001001110010111110001000101011110101101001001100010101011001100101011101010011010100100111010000001001
6 24  200 10101010110010010000000000010111111101011010101001101010000101001101011100000000001000000101001100001001110010111110001000101011110101101001001100010101011001100101011101010011010100100111010000001001
5 25  200 10101010110010010000000001010111111101011010101001101010000101001110101100000000001000000101001100001001110010111110001000101011110101101001001100010101011001100101011101010011010100100111010000001001
4 28  200 10101010110010010000000001010111110101011010101001101010000101001110101100000000001000000101001110101001110010111110001000101011110101101001001100010101011001100101011101010011010100100111010000001001
runNumber 3
genCount 5589
elapsedTime 599.956
unaryHyperVol 80
binaryHyperVol 3.54
additiveEps 0.4
entropy 0.427067
archive 3
3
9 23  200 10101010110010010000000001100111111101011010101001101010000101001110011100000000001000001010001100001001110010111110001000101011110101101001001101100001011001100000110001010011000001100111010000001001
5 24  200 10101010110010010000000001100111111101011010101001101010000101001110101100000000001000001010001100001001110010111110001000101011110101101001001101100001011001100000110101010011000001100111010000001001
4 29  200 10101010110010010000000001101011111101011010101001101010000101001110101100000000001000001010001110101001110010111110001000101011110101101001001101100011110001100000010001010011000001100111010000001001
runNumber 4
genCount 5551
elapsedTime 599.777
unaryHyperVol 69
binaryHyperVol 7.73333
additiveEps 0.888889
entropy 0.475082
archive 4
2
5 27  200 10101010110100010000000001010111111101011010101001101010001001001110101111010000001000001010001100001001110010111110001000101011110101101001001100010101011001100101011101010011010100100111010000001001
4 28  200 10101010110100010000000001010111110101011010101001101010001001001110101111010000001000001010001100001001110010111110001000101011110101101001001100010101011001100101011101010011010100100111010000001001
runNumber 5
genCount 5491
elapsedTime 599.883
unaryHyperVol 43
binaryHyperVol 7.65333
additiveEps 0.866667
entropy 0.475082
archive 5
2
5 32  200 10011010000010100000000001000000111101011010011111011010000101001110101100000000001000001010001100001001110010111110001000101011110101101001001101100011110001100000011101010011010100100111010000001001
4 34  200 10011010000010100000000001000000111101011010011111011010000101001110101100000000001000001010001110101001110010111110001000101011110101101001001101100011110001100000011101010011010100100111010000001001
runNumber 6
genCount 5578
elapsedTime 599.844
unaryHyperVol 81
binaryHyperVol 4.8
additiveEps 0.555556
entropy 0.475082
archive 6
2
5 24  200 10101010110010010000000001010111111101011010101001101010000101001110101100000000001000000101001100001001110010111110001000101011110101101001001101100001011001100000010101010011010101100111010000001001
4 28  200 10101010110010010000000001010111110101011010101001101010000101001110101100000000001000000101001110101001110010111110001000101011110101101001001101100011110001100000011101010011010100100111010000001001
runNumber 7
genCount 5474
elapsedTime 599.935
unaryHyperVol 68
binaryHyperVol 6.18
additiveEps 0.7
entropy 0.427067
archive 7
3
9 26  200 10101010110010010000000001101011111101011010101001101010000101001110011100000000001000000101001100001001110010111110001000101011110101101001001100010101011001100101011101010011010100100111010000001001
5 27  200 10101010110010010000000001101011111101011010101001101010000101001110101100000000001000000101001100001001110010111110001000101011110101101001001100010101011001100101011101010011010100100111010000001001
4 29  200 10101010110010010000000001101011111101011010101001101010000101001110101100000000001000000101001110101001110010111110001000101011110101101001001100010101011001100101011101010011010100100111010000001001
runNumber 8
genCount 5648
elapsedTime 599.941
unaryHyperVol 73
binaryHyperVol 6.75556
additiveEps 0.777778
entropy 0.475082
archive 8
2
5 26  200 10101010110010010000000001010111111101011010101001101010001001001110101100000000001000001010001110101001110010111110001000101011110101101001001101100011110001100000011101010011010100100111010000001001
4 28  200 10101010110010010000000001101011111101011010101001101010001001001110101100000000001000001010001110101001110010111110001000101011110101101001001101100011110001100000011101010011010100100111010000001001
runNumber 9
genCount 5457
elapsedTime 599.791
unaryHyperVol 83
binaryHyperVol 8
additiveEps 0.2
entropy 0.482558
archive 9
3
9 19  200 10101010110010010000000001010111111101011010101001101010000101001101011100000000001000001000111100001001110010111110001000000011110101101001001101100001010001100000010111000111010100100111010000001001
6 20  200 10101010110010010000000000010111111101011010101001101010000101001101011100000000001000001000111100001001110010111110001000000011110101101001001101100001010001100000010111000111010100100111010000001001
5 21  200 10101010110010010000000001010111111101011010101001101010000101001110101100000000001000001000111100001001110010111110001000000011110101101001001101100001010001100000010111000111010100100111010000001001
runNumber 10
genCount 5618
elapsedTime 599.817
unaryHyperVol 72
binaryHyperVol 11.275
additiveEps 0.375
entropy 0.475082
archive 10
2
9 22  200 10101010110010010000000001010111111101011010101001101010001001001110011100000000001000000101001110101001110010111110001000000011110101101001001101100011010001100000011101000111010100100111010000001001
5 23  200 10101010110010010000000001010111111101011010101001101010001001001110101100000000001000000101001110101001110010111110001000000011110101101001001101100011010001100000011101000111010100100111010000001001
runNumber 11
genCount 5788
elapsedTime 600.316
unaryHyperVol 69
binaryHyperVol 7.73333
additiveEps 0.888889
entropy 0.475082
archive 11
2
5 27  200 10101010110010010000000001100111111101011010101001101010001001001110101100000000001000001010001110101001110010111110001000101011110101101001001100010101011001100101011101010011010100100111010000001001
4 28  200 10101010110010010000000001101011111101011010101001101010001001001110101100000000001000001010001110101001110010111110001000101011110101101001001100010101011001100101011101010011010100100111010000001001
runNumber 12
genCount 5518
elapsedTime 599.963
unaryHyperVol 68
binaryHyperVol 13.375
additiveEps 0.625
entropy 0
archive 12
1
5 24  200 10101010110001111101011101010111111101011010101001101010000101001110101100000000001000001000111100001001110010111110001000000011110101101001001101100001010001100000110001000111010100100111010000001001
runNumber 13
genCount 5553
elapsedTime 599.821
unaryHyperVol 60
binaryHyperVol 14.575
additiveEps 0.75
entropy 0.475082
archive 13
2
9 25  200 10101010110010010011100001010111111101011010101001101010001001001110011101000000000100000010001100001001110010111110001000101011110101101001001101100001011001101101010111000111010100100111010000001001
5 26  200 10101010110010010011100001010111111101011010101001101010001001001110101101000000000100000010001100001001110010111110001000101011110101101001001101100001011001101101010111000111010100100111010000001001
runNumber 14
genCount 5378
elapsedTime 599.953
unaryHyperVol 85
binaryHyperVol 3.82222
additiveEps 0.444444
entropy 0.475082
archive 14
2
5 23  200 10101010110010010000000001010111111101011010101001101010000101001110101100000000001000000101001100001001110010111110001000101011110101101001001101100011011001101101011101000111010100100111010000001001
4 28  200 10101010110010010000000001010111110101011010101001101010000101001110101100000000001000000101001110101001110010111110001000101011110101101001001101100011110001100000011101010011010100100111010000001001
runNumber 15
genCount 5259
elapsedTime 599.923
unaryHyperVol 83
binaryHyperVol 8
additiveEps 0.2
entropy 0.482558
archive 15
3
9 19  200 10101010110010010000000001010111111101011010101001101010000101001101011100000000110000001000001100001001110010111110001000000011110101101001001101100011010001100000011101000111010100100111010000001001
6 20  200 10101010110010010000000000010111111101011010101001101010000101001101011100000000110000001000001100001001110010111110001000000011110101101001001101100011010001100000011101000111010100100111010000001001
5 21  200 10101010110010010000000001010111111101011010101001101010000101001110101100000000110000001000001100001001110010111110001000000011110101101001001101100011010001100000011101000111010100100111010000001001
runNumber 16
genCount 5412
elapsedTime 599.842
unaryHyperVol 60
binaryHyperVol 15.575
additiveEps 0.875
entropy 0
archive 16
1
5 26  200 00001010010001000011100001100111111101011010101001101010001001001110101100000000000100000101001110101001110010111110001000000011110101101001001101100011010001100000011101000111010100100111010000001001
runNumber 17
genCount 5359
elapsedTime 599.745
unaryHyperVol 64
binaryHyperVol 7.06
additiveEps 0.8
entropy 0.427067
archive 17
3
9 27  200 10101010110010010011100001100111111101011010101001101010001001001110011100000000000100001010001110101001110010111110001000101011110101101001001100010101011001100101011101010011010100100111010000001001
5 28  200 10101010110010010011100001100111111101011010101001101010001001001110101100000000000100001010001110101001110010111110001000101011110101101001001100010101011001100101011101010011010100100111010000001001
4 29  200 10101010110010010011100001101011111101011010101001101010001001001110101100000000000100001010001110101001110010111110001000101011110101101001001100010101011001100101011101010011010100100111010000001001
runNumber 18
genCount 5587
elapsedTime 599.869
unaryHyperVol 77
binaryHyperVol 4
additiveEps 0.555556
entropy 0.438207
archive 18
3
9 23  200 10101010110010010000000001100111111101011010101001101010000101001101011100000000001000001010001100001001110010111110001000101011110101101001001100010101011001101000110101010011000000100111010000001001
5 25  200 10101010110010010000000001100111111101011010101001101010000101001110101100000000001000001010001100001001110010111110001000101011110101101001001100010101011001101000110101010011000000100111010000001001
4 28  200 10101010110010010000000001101011111101011010101001101010000101001110101100000000001000001010001110101001110010111110001000101011110101101001001100010101011001101000110101010011000000100111010000001001
runNumber 19
genCount 5666
elapsedTime 599.865
unaryHyperVol 77
binaryHyperVol 5.5
additiveEps 0.625
entropy 0.447914
archive 19
4
9 24  200 10101010110010010000000001010111111101011010101001101010001001001101011100000000001000001010001110101001110010111110001000101011110101101001001100010101011001101000010001010011000001100111010000001001
6 25  200 10101010110010010000000000010111111101011010101001101010001001001101011100000000001000001010001110101001110010111110001000101011110101101001001100010101011001101000010001010011000001100111010000001001
5 26  200 10101010110010010000000001010111111101011010101001101010001001001110101100000000001000001010001110101001110010111110001000101011110101101001001100010101011001101000010001010011000001100111010000001001
4 27  200 10101010110010010000000001010111110101011010101001101010001001001110101100000000001000001010001110101001110010111110001000101011110101101001001100010101011001101000010001010011000001100111010000001001
runNumber 20
genCount 5634
elapsedTime 599.949
unaryHyperVol 74
binaryHyperVol 6.575
additiveEps 0.75
entropy 0.449615
archive 20
3
9 25  200 10101010110010010000000001010111111101011010101001101010001001001110011100000000001000001010001110101001110010111110001000101011110101101001001101100011110001100000011101010011010100100111010000001001
5 26  200 10101010110010010000000001010111111101011010101001101010001001001110101100000000001000001010001110101001110010111110001000101011110101101001001101100011110001100000011101010011010100100111010000001001
4 27  200 10101010110010010000000001010111110101011010101001101010001001001110101100000000001000001010001110101001110010111110001000101011110101101001001101100011110001100000011101010011010100100111010000001001
runNumber 21
genCount 5479
elapsedTime 599.894
unaryHyperVol 39
binaryHyperVol 23.8222
additiveEps 0.888889
entropy 0.475082
archive 21
2
9 27  200 10101010110001010000000001010101111101011010101001000110001000001101011100000000001000001010001110101001110010111110001000100101110101101001000000010101011001100101011101000111010100100111010000001001
6 28  200 10101010110001010000000000010101111101011010101001000110001000001101011100000000001000001010001110101001110010111110001000100101110101101001000000010101011001100101011101000111010100100111010000001001
runNumber 22
genCount 5357
elapsedTime 599.853
unaryHyperVol 74
binaryHyperVol 6.575
additiveEps 0.75
entropy 0.449615
archive 22
3
9 25  200 10101010110010010000000001010111111101011010101001101010001001001110011100000000001000001010001110101001110010111110001000101011110101101001001101100011110001100000011101010011010100100111010000001001
5 26  200 10101010110010010000000001010111111101011010101001101010001001001110101100000000001000001010001110101001110010111110001000101011110101101001001101100011110001100000011101010011010100100111010000001001
4 27  200 10101010110010010000000001010111110101011010101001101010001001001110101100000000001000001010001110101001110010111110001000101011110101101001001101100011110001100000011101010011010100100111010000001001
runNumber 23
genCount 5607
elapsedTime 599.903
unaryHyperVol 44
binaryHyperVol 13.6
additiveEps 0.615385
entropy 0.446543
archive 23
4
9 27  200 10101010110001010011100001101010111101011000000001101010000101001101011100000000000100001010001100001001110010111110001000101011000000011001001101010101011001101101011101000111010100100111010000001001
7 29  200 10101010110001010011100001101010111100111000000001101010000101001101011100000000000100001010001100001001110010111110001000101011000000011001001101010101011001101101011101000111010100100111010000001001
6 30  200 10101010110001010011100001101010111101011000000001101010110101001101011100000000000100001010001110101001110010111110001000101011000000011001001101010101011001101101011101000111010100100111010000001001
5 32  200 10101010110001010011100001101010111101011000000001101010110101001101011100000000000100001010001110101001110010111110001000101011000000011001001101010101110001101101011101000111010100100111010000001001
runNumber 24
genCount 6272
elapsedTime 599.905
unaryHyperVol 82
binaryHyperVol 5.375
additiveEps 0.625
entropy 0.49717
archive 24
2
5 24  200 10101010110010010000000001010111111101011010101001101010000101001110101100000000001000001010001100001001110010111110001000101011110101101001001100010101011001100101011101010011010100100111010000001001
4 27  200 10101010110010010000000001010111110101011010101001101010000101001110101100000000001000001010001110101001110010111110001000101011110101101001001100010101011001100101011101010011010100100111010000001001
runNumber 25
genCount 5521
elapsedTime 599.986
unaryHyperVol 55
binaryHyperVol 13.9778
additiveEps 0.666667
entropy 0.449491
archive 25
3
9 25  200 10101010110001110100000001101011011101011010101001101010000101001101011100000000001000001010001100001001110010111110001000101011110101101001001101100001011001100000010101010011010101100111010000001001
6 27  200 10101010110001110100000001101011011101011010101001101010000101001110101100000000001000001010001100001001110010111110001000101011110101101001001101100001011001100000010101010011010101100111010000001001
5 28  200 10101010110001110100000001101011010101011010101001101010000101001110101100000000001000001010001100001001110010111110001000101011110101101001001101100001011001100000010101010011010101100111010000001001
runNumber 26
genCount 5410
elapsedTime 599.781
unaryHyperVol 85
binaryHyperVol 3.82222
additiveEps 0.444444
entropy 0.475082
archive 26
2
5 23  200 10101010110010010000000001100111111101011010101001101010000101001110101100000000001000001010001100001001110010111110001000000011110101101001001100010101010001100101011101000111010100100111010000001001
4 28  200 10101010110010010000000001101011111101011010101001101010000101001110101100000000001000001010001110101001110010111110001000101011110101101001001100010101011001100101011101010011010100100111010000001001
runNumber 27
genCount 5395
elapsedTime 599.847
unaryHyperVol 77
binaryHyperVol 4
additiveEps 0.555556
entropy 0.438207
archive 27
3
9 23  200 10101010110010010000000001100111111101011010101001101010000101001101011100000000001000001010001100001001110010111110001000101011110101101001001101100011110001100000011101010011010100100111010000001001
5 25  200 10101010110010010000000001100111111101011010101001101010000101001110101100000000001000001010001100001001110010111110001000101011110101101001001101100011110001100000011101010011010100100111010000001001
4 28  200 10101010110010010000000001101011111101011010101001101010000101001110101100000000001000001010001110101001110010111110001000101011110101101001001101100011110001100000011101010011010100100111010000001001
runNumber 28
genCount 5552
elapsedTime 599.802
unaryHyperVol 72
binaryHyperVol 5.3
additiveEps 0.6
entropy 0.427067
archive 28
3
9 25  200 10101010110010010000000001010111111101011010101001000110001001001110011100000000001000000101001110101001110010111110001000000011110101100100101101100011011001100000011101000111010100100111010000001001
5 26  200 10101010110010010000000001010111111101011010101001000110001001001110101100000000001000000101001110101001110010111110001000000011110101100100101101100011011001100000011101000111010100100111010000001001
4 29  200 10101010110010010000000001010111110101011010101001000110001001001110101100000000001000000101001110101001110010111110001000000011110101100100101101100011110001100000011101000111010100100111010000001001
runNumber 29
genCount 5504
elapsedTime 599.893
unaryHyperVol 68
binaryHyperVol 11.375
additiveEps 0.5
entropy 0.475082
archive 29
2
9 22  200 10101010110010010000000001101011111101011010101001101010001001001101011100000000001000001010001110101001110010111110001000000011110101101001001101100011010001100000011101000111010100100111010000001001
5 24  200 10101010110010010000000001101011111101011010101001101010001001001110101100000000001000001010001110101001110010111110001000000011110101101001001101100011010001100000011101000111010100100111010000001001
