OptimalFront
unaryHyperVol 78
3
9 20  200 01010000001010100000000110000010101010111010000000100100101010101010100000000001110011001001000100101001010010101011110110100011000110011111010010100100111011001000011001100110001110001001110010011101
4 21  200 01010000001010100100000110000010101010111010000000100100101010101010100000000001110011001001000100101001010010101011110110100011000110011111010010100100111011001000011001100110001110001001110010011101
3 27  200 01011010010100100010100110000010101010111010000000100100101010101010100000000101110100001011000100101001010010101011110110100011000110011111010010100100111011001000011001100110001110001001110010011101
-------------------------
runNumber 0
genCount 5507
elapsedTime 600.277
unaryHyperVol 39
binaryHyperVol 13.3333
additiveEps 0.875
entropy 0.49717
archive 0
2
5 27  200 10100000001010100100000010000010101010111010001111000100101010101010100000000001110100001001000101011001010010101011110110100011000110011111010010100100111011001010000101100110011110001001110010011101
4 28  200 10101010001010100010100110000010101010111010001111000100101010101010100000000001110100001001000101011001010010101011110110100011000110011111010010100100111011001010000101100110011110001001110010011101
runNumber 1
genCount 5435
elapsedTime 600.04
unaryHyperVol 35
binaryHyperVol 14.4167
additiveEps 1
entropy 0
archive 1
1
4 28  200 10101010001010100010100110000010101010111010001111000100101010101010100000000011110001011011000101011001010010101011110110100011000110011111010010100100111011001010000101100110011110001001110010011101
runNumber 2
genCount 5344
elapsedTime 599.906
unaryHyperVol 51
binaryHyperVol 9.54762
additiveEps 0.428571
entropy 0.449615
archive 2
3
9 23  200 10101010001010100000000110000010101010111010000000100100101010101010100000000001110011001001000100101001010010101001010110100011000110011111010010100100111011001010101001100110001110001001110010011101
6 24  200 10101010001010100000000110000010101010111010001100100100101010101010100000000001110011001001000100101001010010101001010110100011000110011111010010100100111011001010101001100110001110001001110010011101
4 26  200 10001010001010011100000110000010101010111010000000100100101010101010100000000001110011001001000100101001010010101001010110100011000110011111010010100100111011001010101001100110001110001001110010011101
runNumber 3
genCount 5323
elapsedTime 599.965
unaryHyperVol 78
binaryHyperVol 0
additiveEps 0
entropy 0.461903
archive 3
3
9 20  200 01010000001010100000000110000010101010111010000000100100101010101010100000000001110011001001000100101001010010101011110110100011000110011111010010100100111011001000011001100110001110001001110010011101
4 21  200 01010000001010100100000110000010101010111010000000100100101010101010100000000001110011001001000100101001010010101011110110100011000110011111010010100100111011001000011001100110001110001001110010011101
3 27  200 01011010010100100010100110000010101010111010000000100100101010101010100000000101110100001011000100101001010010101011110110100011000110011111010010100100111011001000011001100110001110001001110010011101
runNumber 4
genCount 5697
elapsedTime 599.905
unaryHyperVol 52
binaryHyperVol 7.47619
additiveEps 0.857143
entropy 0.509891
archive 4
2
5 26  200 10101010001001010010100110000010101010111010000000100100101010101010100000000101110100001011000100101001010010101011110110100011000110011111010010100100111011001000011001100110001110001001110010011101
3 27  200 10001010001001000010100110000010101010111010000000100100101010101010100000000101110100001011000100101001010010101011110110100011000110011111010010100100111011001000011001100110001110001001110010011101
runNumber 5
genCount 5838
elapsedTime 599.947
unaryHyperVol 57
binaryHyperVol 8.2619
additiveEps 0.333333
entropy 0.447913
archive 5
4
9 22  200 10101010001010100000000110000010101010111010000000100100101010101010100000000001110011001001000100101001010010101011110110100011000110011111010010100100111011001000011001100110001110001001110010011101
6 23  200 10101010001010100000000110000010101010111010001100100100101010101010100000000001110011001001000100101001010010101011110110100011000110011111010010100100111011001000011001100110001110001001110010011101
5 24  200 10101010001010100000000110000011001010111010000000100100101010101010100000000001110011001001000100101001010010101011110110100011000110011111010010100100111011001000011001100110001110001001110010011101
4 25  200 10001010001010011100000110000010101010111010000000100100101010101010100000000001110011001001000100101001010010101011110110100011000110011111010010100100111011001000011001100110001110001001110010011101
runNumber 6
genCount 5524
elapsedTime 599.948
unaryHyperVol 55
binaryHyperVol 9.45238
additiveEps 0.428571
entropy 0.49717
archive 6
2
9 23  200 01010000001010100100000110000010101010111010000000000100101010100101010000000011110011001011000101011001010010101011000110100011000110011111010010100100111011001010101001100110001110001001110010011101
4 24  200 01010000001010100100000110000010101010111010000000000100101010100101010000000011110011001011000101011001010010101001010110100011000110011111010010100100111011001010101001100110001110001001110010011101
runNumber 7
genCount 5631
elapsedTime 600.048
unaryHyperVol 32
binaryHyperVol 20.0476
additiveEps 1
entropy 0
archive 7
1
5 27  200 10101010001010100010010111011010101010011010000000100100101010101010100000000011110011001011000100101001010010101011110110100011000110011111010010100100111011001000011001100110001110001001110010011101
runNumber 8
genCount 5370
elapsedTime 599.921
unaryHyperVol 24
binaryHyperVol 12.2424
additiveEps 0.727273
entropy 0.449615
archive 8
3
8 28  200 10101010000100100010100110000010101010111010000000100100101010101010100000000101110100001011000101011001010010101001010110100011000110011111010010100100111011001010101001100110001110001001110010011101
7 30  200 10101010000100100010100110000010101010110010000000100100101010101010000000000101110100001011000101011001010010101001010110100011000110011111010010100100111011001010101001100110001110001001110010011101
4 31  200 10101010000100100010100101011010101010111010000000100100101010101010100000000101110100001011000101011001010010101001010110100011000110011111010010100100111011001010101001100110001110001001110010011101
runNumber 9
genCount 5608
elapsedTime 599.911
unaryHyperVol 23
binaryHyperVol 12.2576
additiveEps 0.818182
entropy 0.481574
archive 9
3
9 28  200 10100101000100000000000101011010101010111010000000100100101010101001010000000101110011001011000100101001010010101011110110100011000110011111010010100100111011001000011001100110001110001001110010011101
6 30  200 10100101000100000010010001011010101010111010000000100100101010101001010000000101110011001011000100101001010010101011110110100011000110011111010010100100111011001000011001100110001110001001110010011101
4 31  200 10000101000100010010010001011010101010111010000000100100101010101001010000000101110011001011000100101001010010101011110110100011000110011111010010100100111011001000011001100110001110001001110010011101
runNumber 10
genCount 5425
elapsedTime 599.938
unaryHyperVol 49
binaryHyperVol 11.881
additiveEps 0.714286
entropy 0.49717
archive 10
2
5 25  200 01010000001010100000000111011010010101111010000000100100101010101010100001000001110011000111000101011001010010101001010110100011000110011111010010100100111011001010101001100110001110001001110010011101
4 26  200 01010000001010100000000111011010010101111010000000100100101010101010100001000011110011000111000101011001010010101001010110100011000110011111010010100100111011001010101001100110001110001001110010011101
runNumber 11
genCount 5771
elapsedTime 599.385
unaryHyperVol 51
binaryHyperVol 4.5625
additiveEps 0.625
entropy 0.431679
archive 11
4
9 24  200 10101010001001010000000110000010101010111010000000100100101010101010100000000101110011001011000101011001010010101011110110100011000110011111010010100100111011001000011001100110001110001001110010011101
5 26  200 10001010001001011100000110000010101010111010000000100100101010101010100000000101110011001011000101011001010010101011110110100011000110011111010010100100111011001000011001100110001110001001110010011101
4 27  200 10001010001001011100000110000000101010111010000000100100101010101010100000000101110011001011000101011001010010101011110110100011000110011111010010100100111011001000011001100110001110001001110010011101
3 28  200 10001010001001000010100110000010101010111010000000100100101010101010100000000101110100001011000101011001010010101011110110100011000110011111010010100100111011001000011001100110001110001001110010011101
runNumber 12
genCount 5572
elapsedTime 599.919
unaryHyperVol 33
binaryHyperVol 13.5
additiveEps 0.888889
entropy 0.49717
archive 12
2
6 28  200 10100101001010000010100110000010101010111010000000100100101010101001010000000001110100001001000100101001010010101001010110100011000110011111010010100100111011001010101001100110001110001001110010011101
4 29  200 10000101001010010010100110000010101010111010000000100100101010101001010000000001110100001001000100101001010010101001010110100011000110011111010010100100111011001010101001100110001110001001110010011101
runNumber 13
genCount 5737
elapsedTime 599.983
unaryHyperVol 45
binaryHyperVol 13.119
additiveEps 0.857143
entropy 0
archive 13
1
4 26  200 10101010001010100010100110000010101010111010000000100100101010101010100000000001110100001001000100101001010010101001010110100011000110011111010010100100111011001010101001100110001110001001110010011101
runNumber 14
genCount 5555
elapsedTime 599.869
unaryHyperVol 50
binaryHyperVol 11.8571
additiveEps 0.714286
entropy 0
archive 14
1
4 25  200 10101010001010100010100110000010101010111010000000100100101010101010100000000001110100001001000100101001010010101011110110100011000110011111010010100100111011001000011001100110001110001001110010011101
runNumber 15
genCount 5519
elapsedTime 599.998
unaryHyperVol 50
binaryHyperVol 11.8571
additiveEps 0.714286
entropy 0
archive 15
1
4 25  200 10101010001010100010100110000010101010111010000000100100101010101010100000000001110100001001000100101001010010101011110110100011000110011111010010100100111011001000011001100110001110001001110010011101
runNumber 16
genCount 5617
elapsedTime 599.846
unaryHyperVol 52
binaryHyperVol 8.38095
additiveEps 0.428571
entropy 0.431871
archive 16
4
9 22  200 10100000011010100000000110000010101010111010000000100100101010101010100000000001110011001001000101011001010010101011110110100011000110011111010010100100111011001000011001100110001110001001110010011101
6 24  200 10101010001010100000000110000010101010111010001100100100101010101010100000000001110011001001000101011001010010101011110110100011000110011111010010100100111011001000011001100110001110001001110010011101
5 25  200 10101010001010100000000110000011001010111010000000100100101010101010100000000001110011001001000101011001010010101011110110100011000110011111010010100100111011001000011001100110001110001001110010011101
4 26  200 10101010001010100010100110000010101010111010000000100100101010101010100000000001110001011001000101011001010010101011110110100011000110011111010010100100111011001000011001100110001110001001110010011101
runNumber 17
genCount 5615
elapsedTime 599.917
unaryHyperVol 52
binaryHyperVol 7.47619
additiveEps 0.857143
entropy 0.509891
archive 17
2
5 26  200 10101010001001010010100110000010101010111010000000100100101010101010100000000101110100001011000100101001010010101011110110100011000110011111010010100100111011001000011001100110001110001001110010011101
3 27  200 10001010001001000010100110000010101010111010000000100100101010101010100000000101110100001011000100101001010010101011110110100011000110011111010010100100111011001000011001100110001110001001110010011101
runNumber 18
genCount 5598
elapsedTime 599.918
unaryHyperVol 49
binaryHyperVol 10.7381
additiveEps 0.571429
entropy 0.45785
archive 18
3
9 24  200 10001010001001000000000110000010101010111010000000100100101010101010100000000101110011001011000100101001010010101011110110100011000110011111010010100100111011001000011001100110001110001001110010011101
5 25  200 10001010001001011100000110000010101010111010000000100100101010101010100000000101110011001011000100101001010010101011110110100011000110011111010010100100111011001000011001100110001110001001110010011101
4 26  200 10001010001001011100000110000000101010111010000000100100101010101010100000000101110011001011000100101001010010101011110110100011000110011111010010100100111011001000011001100110001110001001110010011101
runNumber 19
genCount 5500
elapsedTime 599.611
unaryHyperVol 57
binaryHyperVol 8.2619
additiveEps 0.333333
entropy 0.447913
archive 19
4
9 22  200 10101010001010100000000110000010101010111010000000100100101010101010100000000001110011001001000100101001010010101011110110100011000110011111010010100100111011001000011001100110001110001001110010011101
6 23  200 10101010001010100000000110000010101010111010001100100100101010101010100000000001110011001001000100101001010010101011110110100011000110011111010010100100111011001000011001100110001110001001110010011101
5 24  200 10101010001010100000000110000011001010111010000000100100101010101010100000000001110011001001000100101001010010101011110110100011000110011111010010100100111011001000011001100110001110001001110010011101
4 25  200 10001010001010011100000110000010101010111010000000100100101010101010100000000001110011001001000100101001010010101011110110100011000110011111010010100100111011001000011001100110001110001001110010011101
runNumber 20
genCount 5451
elapsedTime 599.736
unaryHyperVol 40
binaryHyperVol 14.381
additiveEps 1
entropy 0
archive 20
1
4 27  200 10101010001010100010100110000010101010111010000000100100100000011010100000000000110100001011000100101001010010101011110110100011000110011111010010100100111011001000011001100110001110001001110010011101
runNumber 21
genCount 5328
elapsedTime 599.959
unaryHyperVol 65
binaryHyperVol 6.92857
additiveEps 0.166667
entropy 0.49717
archive 21
2
9 21  200 01010000001010100000000110000010101010111010000000100100101010101010100000000001110011001001000100101001010010101001010110100011000110011111010010100100111011001010101001100110001110001001110010011101
4 22  200 01010000001010100100000110000010101010111010000000100100101010101010100000000001110011001001000100101001010010101001010110100011000110011111010010100100111011001010101001100110001110001001110010011101
runNumber 22
genCount 5943
elapsedTime 599.845
unaryHyperVol 54
binaryHyperVol 4
additiveEps 0.571429
entropy 0.478871
archive 22
4
9 23  200 10101010001001010000000110000010101010111010000000100100101010101010100000000101110011001011000100101001010010101011110110100011000110011111010010100100111011001000011001100110001110001001110010011101
7 25  200 10101010001001010000000110000010101010111010000010100100101010101010100000000101010011001011000100101001010010101011110110100011000110011111010010100100111011001000011001100110001110001001110010011101
5 26  200 10101010001001010010100110000010101010111010000000100100101010101010100000000101110100001011000100101001010010101011110110100011000110011111010010100100111011001000011001100110001110001001110010011101
3 27  200 10001010001001000010100110000010101010111010000000100100101010101010100000000101110100001011000100101001010010101011110110100011000110011111010010100100111011001000011001100110001110001001110010011101
runNumber 23
genCount 5593
elapsedTime 599.858
unaryHyperVol 59
binaryHyperVol 8.21429
additiveEps 0.285714
entropy 0.481574
archive 23
3
9 22  200 01010000001001010000000110000010101010111010000000100100101010101010100000000101110011001011000100101001010010101011110110100011000110011111010010100100111011001010000101100110011110001001110010011101
5 23  200 01010000001001010100000110000010101010111010000000100100101010101010100000000101110011001011000100101001010010101011110110100011000110011111010010100100111011001010000101100110011110001001110010011101
4 24  200 01010000001001010100000110000000101010111010000000100100101010101010100000000101110011001011000100101001010010101011110110100011000110011111010010100100111011001010000101100110011110001001110010011101
runNumber 24
genCount 5557
elapsedTime 599.967
unaryHyperVol 48
binaryHyperVol 9.61905
additiveEps 0.571429
entropy 0.45785
archive 24
3
9 23  200 10100101001010000000000110000010101010111010000000100100101010101010100000000001110011001001000100101001010010101011110110100011000110011111010010100100111011001000011001100110001110001001110010011101
6 25  200 10100101001010000010010010000010101010111010000000100100101010101010100000000001110011001001000100101001010010101011110110100011000110011111010010100100111011001000011001100110001110001001110010011101
4 26  200 10000101001010010010010010000010101010111010000000100100101010101010100000000001110011001001000100101001010010101011110110100011000110011111010010100100111011001000011001100110001110001001110010011101
runNumber 25
genCount 5615
elapsedTime 599.98
unaryHyperVol 60
binaryHyperVol 9.33333
additiveEps 0.428571
entropy 0
archive 25
1
4 23  200 01010000001010100100000110000010101010111010000000100100100000011010100000000000110011001011000100101001010010101011110110100011000110011111010010100100111011001000011001100110001110001001110010011101
runNumber 26
genCount 5559
elapsedTime 599.998
unaryHyperVol 15
binaryHyperVol 25
additiveEps 0.9
entropy 0.49717
archive 26
2
9 29  200 10100000000100100000001001011010101010010101010000100100101010101010100000000101110011001011000100101001010010101011110110100011000110011111010010100100111011001000011001100110001110001001110010011101
6 30  200 10100000000100100100001001011010101010010101010000100100101010101010100000000101110011001011000100101001010010101011110110100011000110011111010010100100111011001000011001100110001110001001110010011101
runNumber 27
genCount 5716
elapsedTime 599.972
unaryHyperVol 43
binaryHyperVol 13.1667
additiveEps 0.857143
entropy 0.49717
archive 27
2
6 26  200 10100101001010000010010010000010101010111010000000000100101010100101010000000011110011001011000100101001010010101011110110100011000110011111010010100100111011001000011001100110001110001001110010011101
4 27  200 10000101001010010010010010000010101010111010000000000100101010100101010000000011110011001011000100101001010010101011110110100011000110011111010010100100111011001000011001100110001110001001110010011101
runNumber 28
genCount 5348
elapsedTime 599.983
unaryHyperVol 37
binaryHyperVol 16.5
additiveEps 0.666667
entropy 0.481574
archive 28
3
9 24  200 10100000011001010000000110000010101010110010000000100100101010101010000000000101110011001011000100101001010010101011110110100011000110011111010010100100111011001000011001100110001110001001110010011101
8 25  200 10100000011001010100000110000010101010110010000000100100101010101010000000000101110011001011000100101001010010101011110110100011000110011111010010100100111011001000011001100110001110001001110010011101
5 26  200 10100000011001010100000101011010101010111010000000100100101010101010100000000101110011001011000100101001010010101011110110100011000110011111010010100100111011001000011001100110001110001001110010011101
runNumber 29
genCount 5435
elapsedTime 599.883
unaryHyperVol 52
binaryHyperVol 7.47619
additiveEps 0.857143
entropy 0.509891
archive 29
2
5 26  200 10101010001001010010100110000010101010111010000000100100101010101010100000000101110100001011000100101001010010101011110110100011000110011111010010100100111011001000011001100110001110001001110010011101
3 27  200 10001010001001000010100110000010101010111010000000100100101010101010100000000101110100001011000100101001010010101011110110100011000110011111010010100100111011001000011001100110001110001001110010011101
