OptimalFront
unaryHyperVol 129
4
9 19  200 11101010110001010000000001101011111010011010101001101010001101001101011100000000001000001000001100001001000010111110001000000011000101101001001101001101011001100001011101010111010100100111010000001001
6 20  200 11101010110001010000000001101011111010011010101001101010001101001101101100000000001000001000001100001001000010111110001000000011000101101001001101001101011001100001011101010111010100100111010000001001
5 21  200 11101010110001010000000001101011111010011010101001101010000101001101101100000000001000001000001100001001000010111110001000000011000101101001001101001101011001100001011101010111010100100111010000001001
4 25  200 11101010110001010000000001101011111010011010101001101010001101001101101100000100001000001001011110101001000010111110001000000011000101101001001101001101011001100001011101010111010100100111010000001001
-------------------------
runNumber 0
genCount 5532
elapsedTime 600.029
unaryHyperVol 122
binaryHyperVol 1.57143
additiveEps 0.142857
entropy 0.431037
archive 0
4
9 20  200 11101010110001010000000001101011111010011010101001101010001101001101011100000000001000001000000000001001110010111110001000000011000101101001001101001101011001100000010001010111100001100111010000001001
6 21  200 11101010110001010000000001101011111010011010101001101010001101001101101100000000001000001000000000001001110010111110001000000011000101101001001101001101011001100000010001010111100001100111010000001001
5 22  200 11101010110001010000000001101011111010011010101001101010000101001101101100000000001000001000000000001001110010111110001000000011000101101001001101001101011001100000010001010111100001100111010000001001
4 26  200 11101010110001010000000001101011111010011010101001101010001101001101101100000100001000001001011110101001000010111110001000000011000101101001001101001101011001100000010001010111100001100111010000001001
runNumber 1
genCount 5456
elapsedTime 599.891
unaryHyperVol 65
binaryHyperVol 17.32
additiveEps 0.9
entropy 0.475082
archive 1
2
6 28  200 11101010110001010011100001101011111010011010101001101010001101001101101100000000000100001000001100000000110010111010001000000011101000110101001101001101010001100000010001010111100001100111010000001001
5 29  200 11101010110001010011100001101011111010011010101001101010000101001101101100000000000100001000001100000000110010111010001000000011101000110101001101001101010001100000010001010111100001100111010000001001
runNumber 2
genCount 5439
elapsedTime 599.741
unaryHyperVol 97
binaryHyperVol 13
additiveEps 0.5
entropy 0.427067
archive 2
3
9 22  200 11101010110001010000000001101011111010011010101001101010001101001101011100000000001000001000001100001001000010111110001000000011111000011001001101011100011001100000110101010111100000100111010000001001
6 23  200 11101010110001010000000001101011111010011010101001101010001101001101101100000000001000001000001100001001000010111110001000000011111000011001001101011100011001100000110101010111100000100111010000001001
5 24  200 11101010110001010000000001101011111010011010101001101010000101001101101100000000001000001000001100001001000010111110001000000011111000011001001101011100011001100000110101010111100000100111010000001001
runNumber 3
genCount 5363
elapsedTime 599.953
unaryHyperVol 45
binaryHyperVol 24.3333
additiveEps 0.833333
entropy 0.427067
archive 3
3
9 29  200 00001010110001011111000001010101111010011010101001101010001100001101011100000000001000001000001110100000110010110010001000000011111000110101001101111101010001101101010001010111100001100111010000001001
8 30  200 00001010110001011111000000010101111010011010101001101010001100001101011100000000001000001000001110100000110010110010001000000011111000110101001101111101010001101101010001010111100001100111010000001001
6 31  200 00001010110001011111000000010101111010011010101001101010001100001101011100000000001000001000001110100000110010110010001000000011111000110101001101111101010001101101010001010011100001100111010000001001
runNumber 4
genCount 5541
elapsedTime 599.91
unaryHyperVol 95
binaryHyperVol 14.6667
additiveEps 0.666667
entropy 0.475082
archive 4
2
6 23  200 11101010110001010000000001101011111010011010101001101010001101001101101100000000001000001000001100001001000010111110001000000011111000011001001101011100011001100000010001010111100001100111010000001001
5 24  200 11101010110001010000000001101011111010011010101001101010000101001101101100000000001000001000001100001001000010111110001000000011111000011001001101011100011001100000010001010111100001100111010000001001
runNumber 5
genCount 5471
elapsedTime 599.821
unaryHyperVol 129
binaryHyperVol 0
additiveEps 0
entropy 0.424747
archive 5
4
9 19  200 11101010110001010000000001101011111010011010101001101010001101001101011100000000001000001000001100001001000010111110001000000011000101101001001101001101011001100001011101010111010100100111010000001001
6 20  200 11101010110001010000000001101011111010011010101001101010001101001101101100000000001000001000001100001001000010111110001000000011000101101001001101001101011001100001011101010111010100100111010000001001
5 21  200 11101010110001010000000001101011111010011010101001101010000101001101101100000000001000001000001100001001000010111110001000000011000101101001001101001101011001100001011101010111010100100111010000001001
4 25  200 11101010110001010000000001101011111010011010101001101010001101001101101100000100001000001001011110101001000010111110001000000011000101101001001101001101011001100001011101010111010100100111010000001001
runNumber 6
genCount 5339
elapsedTime 599.781
unaryHyperVol 97
binaryHyperVol 13
additiveEps 0.5
entropy 0.427067
archive 6
3
9 22  200 11101010110001010000000001101011111010011010101001101010001101001101011100000000001000001000001100001001000010111110001000000011111000011001001101011100011001100000010001010111100001100111010000001001
6 23  200 11101010110001010000000001101011111010011010101001101010001101001101101100000000001000001000001100001001000010111110001000000011111000011001001101011100011001100000010001010111100001100111010000001001
5 24  200 11101010110001010000000001101011111010011010101001101010000101001101101100000000001000001000001100001001000010111110001000000011111000011001001101011100011001100000010001010111100001100111010000001001
runNumber 7
genCount 5512
elapsedTime 599.934
unaryHyperVol 97
binaryHyperVol 13
additiveEps 0.5
entropy 0.427067
archive 7
3
9 22  200 11101010110001010000000001101011111010011010101001101010001101001101011100000000001000001000001100001001000010111110001000000011111000011001001101011101110001100000011001010111100000100111010000001001
6 23  200 11101010110001010000000001101011111010011010101001101010001101001101101100000000001000001000001100001001000010111110001000000011111000011001001101011101110001100000011001010111100000100111010000001001
5 24  200 11101010110001010000000001101011111010011010101001101010000101001101101100000000001000001000001100001001000010111110001000000011111000011001001101011101110001100000011001010111100000100111010000001001
runNumber 8
genCount 5335
elapsedTime 599.809
unaryHyperVol 61
binaryHyperVol 16.5273
additiveEps 0.818182
entropy 0.427067
archive 8
3
9 28  200 11100101110001010011010001101011111010011010101001101010001101001101011100000000001000001000001100000000110010111010001000011011101000110001001101001101011001100001011101010101010100110111010000001001
6 29  200 11100101110001010011010001101011111010011010101001101010001101001101101100000000001000001000001100000000110010111010001000011011101000110001001101001101011001100001011101010101010100110111010000001001
5 30  200 11100101110001010011010001101011111010011010101001101010000101001101101100000000001000001000001100000000110010111010001000011011101000110001001101001101011001100001011101010101010100110111010000001001
runNumber 9
genCount 5428
elapsedTime 599.917
unaryHyperVol 87
binaryHyperVol 14.35
additiveEps 0.625
entropy 0.475082
archive 9
2
6 24  200 11101010110001010011011101101011111010011010101001101010001101001101101100000000001000001000000000001001110010111110001000000011111000011001001101011101011001101101011001000011100000100111010000001001
5 27  200 11101010110001010011011101101011111010011010101001101010000101001101101100000000001000001000000000001001110010111110001000000011111000011001001101011101110001101101011001000011100000100111010000001001
runNumber 10
genCount 5514
elapsedTime 599.805
unaryHyperVol 127
binaryHyperVol 1.66667
additiveEps 0.166667
entropy 0.482558
archive 10
3
6 20  200 11101010110001010000000001101011111010011010101001101010001101001101101100000000001000001000001100001001000010111110001000000011000101101001001101001101011001100001011101010111010100100111010000001001
5 21  200 11101010110001010000000001101011111010011010101001101010000101001101101100000000001000001000001100001001000010111110001000000011000101101001001101001101011001100001011101010111010100100111010000001001
4 25  200 11101010110001010000000001101011111010011010101001101010001101001101101100000100001000001001011110101001000010111110001000000011000101101001001101001101011001100001011101010111010100100111010000001001
runNumber 11
genCount 5379
elapsedTime 599.461
unaryHyperVol 61
binaryHyperVol 16.5273
additiveEps 0.818182
entropy 0.427067
archive 11
3
9 28  200 11100101110001010011010001101011111010011010101001101010001101001101011100000000001000001000001100000000110010111010001000000011101000110101001101001101010001100000110101010111100000100111010000001001
6 29  200 11100101110001010011010001101011111010011010101001101010001101001101101100000000001000001000001100000000110010111010001000000011101000110101001101001101010001100000110101010111100000100111010000001001
5 30  200 11100101110001010011010001101011111010011010101001101010000101001101101100000000001000001000001100000000110010111010001000000011101000110101001101001101010001100000110101010111100000100111010000001001
runNumber 12
genCount 5280
elapsedTime 599.976
unaryHyperVol 99
binaryHyperVol 5.4
additiveEps 0.5
entropy 0.427067
archive 12
3
6 24  200 11101010110001010000000001101011111010011010101001101010001101001101101100000000001000001000001100001001000010111110001000000011111000111100101101111101010100100001011101010111010100100111010000001001
5 25  200 11101010110001010000000001101011111010011010101001101010000101001101101100000000001000001000001100001001000010111110001000000011111000111100101101111101010100100001011101010111010100100111010000001001
4 29  200 11101010110001010000000001101011111010011010101001101010001101001101101100000100001000001001011110101001000010111110001000000011111000111100101101111101010100100001011101010111010100100111010000001001
runNumber 13
genCount 5468
elapsedTime 599.793
unaryHyperVol 70
binaryHyperVol 16.26
additiveEps 0.8
entropy 0.475082
archive 13
2
6 27  200 11101010110001010000000001101011111010011010101001101010001101001101101100000000001000001000000000001001110010111110000011011011111000001001001101111101010111010000110101010100100000100111010000001001
5 29  200 11101010110001010000000001101011111010011010101001101010000101001101101100000000001000001000000000001001110010111110000011011011111000001001001101111101010111010000110101010000100000100111010000001001
runNumber 14
genCount 5408
elapsedTime 599.802
unaryHyperVol 81
binaryHyperVol 20.6667
additiveEps 0.5
entropy 0.427067
archive 14
3
9 22  200 11101010110001010000000001101011111010011010101001101010001101001101011100000000001000001000001100001001000010110110001000000011101000011001001101001101011001100001011101001011010100100111010000001001
7 23  200 11101010110001010000000001101011111010011010101001101010001101001101101100000000001000001000001100001001000010110110001000000011101000011001001101001101011001100001011101001011010100100111010000001001
6 24  200 11101010110001010000000001101011111010011010101001101010001101001101101100000000001000001000001100001001000010110110001000000111101000011001001101001101011001100001011101001011010100100111010000001001
runNumber 15
genCount 5272
elapsedTime 599.943
unaryHyperVol 101
binaryHyperVol 12.8667
additiveEps 0.5
entropy 0.475082
archive 15
2
6 22  200 11101010110001010000000001101011111010011010101001101010001101001101101100000000001000001000001100001001000010111110001000000011111000110101001101111101010001100001011101010111010100100111010000001001
5 23  200 11101010110001010000000001101011111010011010101001101010000101001101101100000000001000001000001100001001000010111110001000000011111000110101001101111101010001100001011101010111010100100111010000001001
runNumber 16
genCount 5654
elapsedTime 599.956
unaryHyperVol 97
binaryHyperVol 13
additiveEps 0.5
entropy 0.427067
archive 16
3
9 22  200 11101010110001010000000001101011111010011010101001101010001101001101011100000000001000001000001100001001000010111110001000000011111000011001001101011101110001100000011001010111100000100111010000001001
6 23  200 11101010110001010000000001101011111010011010101001101010001101001101101100000000001000001000001100001001000010111110001000000011111000011001001101011101110001100000011001010111100000100111010000001001
5 24  200 11101010110001010000000001101011111010011010101001101010000101001101101100000000001000001000001100001001000010111110001000000011111000011001001101011101110001100000011001010111100000100111010000001001
runNumber 17
genCount 5477
elapsedTime 599.952
unaryHyperVol 22
binaryHyperVol 25.4375
additiveEps 0.9375
entropy 0.475082
archive 17
2
9 34  200 11101010110001010000000001101011111010011101101001100011001101001101101100000000001000001000001100000000110010110010000001000011111000000100101111001101011001000001011101010100010100100111010000001001
6 35  200 11101010110001010000000001101011111010011101101001100011001101001101101100000000001000001000001100000000110010110010000001000011111000000100101111001101011001000001011101010000010100100111010000001001
runNumber 18
genCount 5458
elapsedTime 599.866
unaryHyperVol 113
binaryHyperVol 4
additiveEps 0.375
entropy 0.427067
archive 18
3
6 22  200 11101010110001010011011101101011111010011010101001101010001101001101101100000000001000001000001100001001000010111110001000000011000101101001001101001101011001100000010001010111100001100111010000001001
5 23  200 11101010110001010011011101101011111010011010101001101010000101001101101100000000001000001000001100001001000010111110001000000011000101101001001101001101011001100000010001010111100001100111010000001001
4 27  200 11101010110001010011011101101011111010011010101001101010001101001101101100000100001000001001011110101001000010111110001000000011000101101001001101001101011001100000010001010111100001100111010000001001
runNumber 19
genCount 5424
elapsedTime 599.755
unaryHyperVol 97
binaryHyperVol 13
additiveEps 0.5
entropy 0.427067
archive 19
3
9 22  200 11101010110001010000000001101011111010011010101001101010001101001101011100000000001000001000000000001001110010111110001000000011111000011001001101111101110001100000110101010111100000100111010000001001
6 23  200 11101010110001010000000001101011111010011010101001101010001101001101101100000000001000001000000000001001110010111110001000000011111000011001001101111101110001100000110101010111100000100111010000001001
5 24  200 11101010110001010000000001101011111010011010101001101010000101001101101100000000001000001000000000001001110010111110001000000011111000011001001101111101110001100000110101010111100000100111010000001001
runNumber 20
genCount 5440
elapsedTime 599.992
unaryHyperVol 91
binaryHyperVol 14.8
additiveEps 0.666667
entropy 0.427067
archive 20
3
9 23  200 11101010110001010011100001101011111010011010101001101010001101001101011100000000000100001000000000001001110010111110001000000011000101101001001110111101011001100101010001010111100001100111010000001001
6 24  200 11101010110001010011100001101011111010011010101001101010001101001101101100000000000100001000000000001001110010111110001000000011000101101001001110111101011001100101010001010111100001100111010000001001
5 25  200 11101010110001010011100001101011111010011010101001101010000101001101101100000000000100001000000000001001110010111110001000000011000101101001001110111101011001100101010001010111100001100111010000001001
runNumber 21
genCount 5495
elapsedTime 599.824
unaryHyperVol 103
binaryHyperVol 11.2
additiveEps 0.333333
entropy 0.427067
archive 21
3
9 21  200 11101010110001010000000001101011111010011010101001101010001101001101011100000000001000001000001100001001000010111110001000000011111000011001001101111101110001100001011101010111010100100111010000001001
6 22  200 11101010110001010000000001101011111010011010101001101010001101001101101100000000001000001000001100001001000010111110001000000011111000011001001101111101110001100001011101010111010100100111010000001001
5 23  200 11101010110001010000000001101011111010011010101001101010000101001101101100000000001000001000001100001001000010111110001000000011111000011001001101111101110001100001011101010111010100100111010000001001
runNumber 22
genCount 5456
elapsedTime 600.025
unaryHyperVol 50
binaryHyperVol 32.275
additiveEps 0.875
entropy 0.475082
archive 22
2
9 26  200 11101010110001010000000001101011111010011010101001101010001101001101011100000000001000001000000000000000110100110010001000000001110101101001001100001101010100101000011101010111010100100111010000001001
7 27  200 11101010110001010000000001101011111010011010101001101010001101001101101100000000001000001000000000000000110100110010001000000001110101101001001100001101010100101000011101010111010100100111010000001001
runNumber 23
genCount 5558
elapsedTime 599.737
unaryHyperVol 97
binaryHyperVol 13
additiveEps 0.5
entropy 0.427067
archive 23
3
9 22  200 11101010110001010000000001101011111010011010101001101010001101001101011100000000001000001000001100001001000010111110001000000011111000011001001101011100011001100000010001010111100001100111010000001001
6 23  200 11101010110001010000000001101011111010011010101001101010001101001101101100000000001000001000001100001001000010111110001000000011111000011001001101011100011001100000010001010111100001100111010000001001
5 24  200 11101010110001010000000001101011111010011010101001101010000101001101101100000000001000001000001100001001000010111110001000000011111000011001001101011100011001100000010001010111100001100111010000001001
runNumber 24
genCount 5470
elapsedTime 599.945
unaryHyperVol 97
binaryHyperVol 13
additiveEps 0.5
entropy 0.427067
archive 24
3
9 22  200 11101010110001010011100001101011111010011010101001101010001101001101011100000000000100001000001100001001000010111110001000000011111000011001001101011100011001100001011101010111010100100111010000001001
6 23  200 11101010110001010011100001101011111010011010101001101010001101001101101100000000000100001000001100001001000010111110001000000011111000011001001101011100011001100001011101010111010100100111010000001001
5 24  200 11101010110001010011100001101011111010011010101001101010000101001101101100000000000100001000001100001001000010111110001000000011111000011001001101011100011001100001011101010111010100100111010000001001
runNumber 25
genCount 5490
elapsedTime 599.907
unaryHyperVol 91
binaryHyperVol 14.8
additiveEps 0.666667
entropy 0.427067
archive 25
3
9 23  200 11101010110001010011100001101011111010011010101001101010001101001101011100000000000100001000001100001001000010111110001000000011111000110101001101111101010001100000010001010111100001100111010000001001
6 24  200 11101010110001010011100001101011111010011010101001101010001101001101101100000000000100001000001100001001000010111110001000000011111000110101001101111101010001100000010001010111100001100111010000001001
5 25  200 11101010110001010011100001101011111010011010101001101010000101001101101100000000000100001000001100001001000010111110001000000011111000110101001101111101010001100000010001010111100001100111010000001001
runNumber 26
genCount 5431
elapsedTime 599.931
unaryHyperVol 97
binaryHyperVol 13
additiveEps 0.5
entropy 0.427067
archive 26
3
9 22  200 11101010110001010000000001101011111010011010101001101010001101001101011100000000001000001000001100001001000010111110001000000011111000011001001101011100011001100000010001010111100001100111010000001001
6 23  200 11101010110001010000000001101011111010011010101001101010001101001101101100000000001000001000001100001001000010111110001000000011111000011001001101011100011001100000010001010111100001100111010000001001
5 24  200 11101010110001010000000001101011111010011010101001101010000101001101101100000000001000001000001100001001000010111110001000000011111000011001001101011100011001100000010001010111100001100111010000001001
runNumber 27
genCount 5500
elapsedTime 599.946
unaryHyperVol 101
binaryHyperVol 12.8667
additiveEps 0.5
entropy 0.475082
archive 27
2
6 22  200 11101010110001010000000001101011111010011010101001101010001101001101101100000000001000001000001100001001000010111110001000000011111000011001001101011100011001100001011101010111010100100111010000001001
5 23  200 11101010110001010000000001101011111010011010101001101010000101001101101100000000001000001000001100001001000010111110001000000011111000011001001101011100011001100001011101010111010100100111010000001001
runNumber 28
genCount 5351
elapsedTime 599.774
unaryHyperVol 107
binaryHyperVol 11.0667
additiveEps 0.333333
entropy 0.475082
archive 28
2
6 21  200 11101010110001010000000001010111110101001010101001101010001101001101101100000000001000001000001100001001000010111110001000000011111000011001001101111101110001100000010001010111100001100111010000001001
5 22  200 11101010110001010000000001010111110101001010101001101010000101001101101100000000001000001000001100001001000010111110001000000011111000011001001101111101110001100000010001010111100001100111010000001001
runNumber 29
genCount 5321
elapsedTime 599.851
unaryHyperVol 97
binaryHyperVol 13
additiveEps 0.5
entropy 0.427067
archive 29
3
9 22  200 11101010110001010000000001101011111010011010101001101010001101001101011100000000001000001000001100001001000010111110001000000011111000011001001101111101110001100000010001010111100001100111010000001001
6 23  200 11101010110001010000000001101011111010011010101001101010001101001101101100000000001000001000001100001001000010111110001000000011111000011001001101111101110001100000010001010111100001100111010000001001
5 24  200 11101010110001010000000001101011111010011010101001101010000101001101101100000000001000001000001100001001000010111110001000000011111000011001001101111101110001100000010001010111100001100111010000001001
