OptimalFront
unaryHyperVol 67
4
8 23  200 10100000110101010100000101101011101000110000011011100111011101101100000110101001111100001001011111111010111010101110011101101110010111010001000110100000010000000000010000010110000110000010010011110000
6 25  200 10100000110101010100000101101011101000111101011011100111011101101100000110101001111100001001011111111010111010101110011101101110010111010001000110100000010000000000010000010110000110000010010011110000
5 26  200 10100000111011010100010101101011101000000000011011100111011101101100000110100001111100001001001111111010111010101110011101001101010111010010010010100000011000000000010000010110000110000010010011110000
4 29  200 10101001111011010010010001101011101000110010011011100111011101101100000111000101111100001001011111011010111010101110011100011110000011010101000101010111011000000000010000010110000110000010010011110000
-------------------------
runNumber 0
genCount 5248
elapsedTime 599.606
unaryHyperVol 22
binaryHyperVol 34.2917
additiveEps 0.75
entropy 0.475082
archive 0
2
8 27  200 10100000111011010100000101101011101000110000011011100111011101101100000110100001111100001001011100111010111010101110011101000110011111010001000100010111010000000010000100010111011110000010010011110000
7 29  200 10100000111011010100000101101011101000110100011011100111010101101100000110100001111100001001011100111010111010101110011101000110011111010001000100010111010000000010000100010111011110000010010011110000
runNumber 1
genCount 5413
elapsedTime 599.929
unaryHyperVol 13
binaryHyperVol 36.375
additiveEps 0.9
entropy 0.475082
archive 1
2
8 32  200 10100000000011010010100101000011101000110000011011100111011101101100000100000101110100000000011111111010001101101110011001000110110011100010011110100000010000000000010000111010000110000010010011110000
7 33  200 10100000000011010010100101000011101000110000011011100111011101101100000100000101110100000000011111111010001101101110011001000110110011100010011110100000011000000000010000111010000110000010010011110000
runNumber 2
genCount 5362
elapsedTime 599.735
unaryHyperVol 40
binaryHyperVol 4.55
additiveEps 0.5
entropy 0.509891
archive 2
4
8 28  200 00001010110000000010011101101011101000110000011011100111011101101100000110101001111100001001011111111010111010101110011101101110000011010001000101010111010000000110001111000011000110000010010011110000
7 30  200 00001010110000000010011101101011101000110100011011100111010101101100000110101001111100001001011111111010111010101110011101101110000011010001000101010111010000000110001111000011000110000010010011110000
5 32  200 00001010110000000010011101101011101000110000011011100111011101101100000110101001111100001001011111111010111010101110011100011110000011010101000101010111011000000110001111000011000110000010010011110000
4 33  200 00001010110000000010011101101011101000110001011011100111011101101100000110101001111100001001011111111010111010101110011100011110000011010101000101010111011000000110001111000011000110000010010011110000
runNumber 3
genCount 5224
elapsedTime 599.887
unaryHyperVol 17
binaryHyperVol 26.25
additiveEps 0.818182
entropy 0.475082
archive 3
2
8 32  200 10100000111011010100000101101011101000110000011011100111011101101100001100000101111100110000011111111010111010101110010011011110110011100010011110100000010000001110000000010110011110000010010011110000
6 34  200 10100000111011010100000101101011101000110000011011100111011101101100001100000101111100110000011111111010111010101110010011011110110011100010011110100000011000001110000100010110011110000010010011110000
runNumber 4
genCount 5310
elapsedTime 599.995
unaryHyperVol 17
binaryHyperVol 16.3654
additiveEps 0.769231
entropy 0.478842
archive 4
3
8 33  200 01011010100101100010100101000000101000110000011011100111011101101100000100010001110100000101011100111010111010101110001111011110110011010010011110100011010000001110100000010110011110000010010011110000
7 34  200 01011010100101100010100101000000101000110000011011100111011101101100000100010001110100000101011100111010111010101110001111011110110011010010011110100011011000001110100000010110011110000010010011110000
5 36  200 01011010100101100010100101000000101000110000011011100111011101101100000100010001110100000101011100111010111010101110001111011110110011010010011110100001011000001110101000010110011110000010010011110000
runNumber 5
genCount 5429
elapsedTime 599.772
unaryHyperVol 25
binaryHyperVol 17.375
additiveEps 0.9
entropy 0.475082
archive 5
2
8 32  200 11001010010011100010100101100100101000110000011011100111011101101100000110100001110100001001001111111010111010101110011101000110110011010010011110100011010000000000010001001010000110000010010011110000
5 33  200 11001010010011100010100101100100101000110000011011100111011101101100000110100001110100001001001111111010111010101110011101000110110011010010011110100011011000000000010001001010000110000010010011110000
runNumber 6
genCount 5377
elapsedTime 599.859
unaryHyperVol 36
binaryHyperVol 18.0357
additiveEps 1
entropy 0
archive 6
1
5 30  200 01101010001011010010011101101011101000010000011011100000011101101100001101000101111100110000011111111010111010101110011101101110000011010010100101010111011000000000010000010110000110000010010011110000
runNumber 7
genCount 5273
elapsedTime 600.023
unaryHyperVol 56
binaryHyperVol 9.54167
additiveEps 0.25
entropy 0.466686
archive 7
3
8 23  200 10100000110101010100000101101011101000110000011011100111011101101100000110101001111100001001011111111010111010101110011101101110010111010001000110100000010000000000010000010110000110000010010011110000
6 25  200 10100000110101010100000101101011101000111101011011100111011101101100000110101001111100001001011111111010111010101110011101101110010111010001000110100000010000000000010000010110000110000010010011110000
5 27  200 10100000110101010100000101101011101000110000011011100111011101101100000110101001111100001001011111111010111010101110011100011110010111010101000110100000011000000000010000010110000110000010010011110000
runNumber 8
genCount 5293
elapsedTime 599.946
unaryHyperVol 22
binaryHyperVol 26.025
additiveEps 0.8
entropy 0.475082
archive 8
2
7 31  200 00001010111011011100000101101011100101110000011011100111011101101100000110100001111100001001001111111010111010101110011101000110110011010010011110100011011000001100010000010111011110000010010011110000
6 33  200 00001010111011011100000101101011100101110000011011100111011101101100000110100001111100001001001111111010111010101110011101000110110011010010011110100001011000001100011000010111011110000010010011110000
runNumber 9
genCount 5332
elapsedTime 599.761
unaryHyperVol 38
binaryHyperVol 13.0625
additiveEps 0.5
entropy 0.427067
archive 9
3
8 26  200 10101010110011010010011101101011101000110000011011100111011101101100000110100001111100001001011100111010111010101110011101000110010111010001000110100000010000001100010000001000000100110010010011110000
7 30  200 10101010110011010010011101101011101000110000011011100111011101101100000110100001111100001001011100111010111010101110011101000110010111010001000110100000101000001100010000001000011100110010010011110000
5 31  200 10101010110011010010011101101011101000110000011011100111011101101100000110100001111100001001011100111010111010101110011101000110010111010001000110100000101000001100010001001000011100110010010011110000
runNumber 10
genCount 5435
elapsedTime 599.885
unaryHyperVol 52
binaryHyperVol 11
additiveEps 0.25
entropy 0.427067
archive 10
3
8 24  200 10101001110101010010010001101011101000110000011011100111011101101100000110101001111100001001011111111010111010101110011101101110010111010001000110100000010000000000010000010110000110000010010011110000
6 26  200 10101001110101010010010001101011101000111101011011100111011101101100000110101001111100001001011111111010111010101110011101101110010111010001000110100000010000000000010000010110000110000010010011110000
5 28  200 10101001110101010010010001101011101000110000011011100111011101101100000110101001111100001001011111111010111010101110011100011110010111010101000110100000011000000000010000010110000110000010010011110000
runNumber 11
genCount 5205
elapsedTime 599.295
unaryHyperVol 38
binaryHyperVol 15.75
additiveEps 0.714286
entropy 0.475082
archive 11
2
8 28  200 10100000110101010100000101101011101000110000011011100111011101101100000110101001111100001001011111111010111000111110011101101110010111010010010010100000010000001110000000010110011110000010010011110000
5 30  200 10100000110101010100000101101011101000110000011011100111011101101100000110101001111100001001011111111010111000111110011101101110010111010010010010100000011000001110000100010110011110000010010011110000
runNumber 12
genCount 5393
elapsedTime 599.93
unaryHyperVol 23
binaryHyperVol 25.225
additiveEps 0.7
entropy 0.427067
archive 12
3
8 30  200 10101001111011010010010001101011101000110001011011100111101101101100000101000101111100001001011111111010101000111110000001101110011111010010010010100011010000001110100000010110011110000010010011110000
7 31  200 10101001111011010010010001101011101000110001011011100111101101101100000101000101111100001001011111111010101000111110000001101110011111010010010010100011011000001110100000010110011110000010010011110000
6 33  200 10101001111011010010010001101011101000110001011011100111101101101100000101000101111100001001011111111010101000111110000001101110011111010010010010100001011000001110101000010110011110000010010011110000
runNumber 13
genCount 5548
elapsedTime 599.896
unaryHyperVol 14
binaryHyperVol 26.3958
additiveEps 0.833333
entropy 0.475082
archive 13
2
8 33  200 10101010110011010010011101101011101000110010011011100111001101101100000101000101111100001001011111111010111010101110011101000110110011000110011110100000010000001110001111001010000110000010010011110000
6 35  200 10101010110011010010011101101011101000010010011011100100001101101100000101000101111100001001011111111010111010101110011101000110110011000110011110100000010000001110001111001010000110000010010011110000
runNumber 14
genCount 5153
elapsedTime 599.852
unaryHyperVol 47
binaryHyperVol 12.1071
additiveEps 0.285714
entropy 0.427067
archive 14
3
8 25  200 10100000110101010010100101101011101000110000011011100111011101101100000110101001110100000000011111111010111010101110001111011110011111010001000100010111010000001010100000010110000110000010010011110000
6 27  200 10100000110101010010100101101011101000110000011011100101011101101100000010101001110100000000011111111010111010101110001111011110011111010001000100010111010000001010100000010110000110000010010011110000
5 30  200 10100000110101010010100101101011101000110000011011101011011101101100000110101001110100000000011111111010111010101110001111011110110011010001011100010111010000001010100000010110000110000010010011110000
runNumber 15
genCount 5439
elapsedTime 599.869
unaryHyperVol 48
binaryHyperVol 13.75
additiveEps 0.5
entropy 0.475082
archive 15
2
7 26  200 10010000110101010010100101101011101000110000011011100011011101101100000110101001110100000000011111111010111010101110011101101110010111010010100110100000011000000000010000010110000110000010010011110000
5 28  200 10010000110101010010100101101011101000010000011011100000011101101100000110101001110100000000011111111010111010101110011101101110010111010010100110100000011000000000010000010110000110000010010011110000
runNumber 16
genCount 5421
elapsedTime 599.798
unaryHyperVol 21
binaryHyperVol 17.4773
additiveEps 0.909091
entropy 0.475082
archive 16
2
8 33  200 10100000111011010010100101010101101000110000000011101011011101101100000110100001110100001001001111111010111010101110011100011110010111011010100110100000010100001110000000010110011110000010010011110000
5 34  200 10100000111011010010100101010101101000110000000011101011011101101100000110100001110100001001001111111010111010101110011100011110010111011010100110100000010100001110000100010110011110000010010011110000
runNumber 17
genCount 5395
elapsedTime 599.985
unaryHyperVol 31
binaryHyperVol 26.125
additiveEps 0.833333
entropy 0.475082
archive 17
2
8 28  200 00000000111000000100000101101011101000110000011011100111011101101100000110101001111100000000011111111010111000111110011101101110010111010010010000010110010000001010000000010110000110000010010011110000
6 29  200 00000000111000000100000101101011101000110000011011100111011101101100000110101001111100000000011111111010111000111110011101101110010111010010010000010110011000001010000000010110000110000010010011110000
runNumber 18
genCount 5465
elapsedTime 599.741
unaryHyperVol 45
binaryHyperVol 12.1786
additiveEps 0.428571
entropy 0.427067
archive 18
3
8 25  200 10101010111011010010100101101011101000110000011011100111011101101100000100000101110100000000011111111010111010101110011101101110010111010001000110100000010000001110000000010110011110000010010011110000
6 28  200 10101010111011010010100101101011101000111101011011100111011101101100000100000101110100000000011111111010111010101110011101101110010111010001000110100000010000001110000100010110011110000010010011110000
5 30  200 10101010111011010010100101101011101000110000011011100111011101101100000100000101110100000000011111111010111010101110011100011110010111010101000110100000011000001110000100010110011110000010010011110000
runNumber 19
genCount 5222
elapsedTime 599.856
unaryHyperVol 45
binaryHyperVol 15.1667
additiveEps 0.666667
entropy 0.475082
archive 19
2
8 27  200 10101010111011010010100101101011101000110000001111000111011101101100000100000101110100000000011111111010111010101110001111011110010111010010100110100000010000000000100000010110000110000010010011110000
5 28  200 10101010111011010010100101101011101000110000001111000111011101101100000100000101110100000000011111111010111010101110001111011110010111010010100110100000011000000000100000010110000110000010010011110000
runNumber 20
genCount 5175
elapsedTime 599.94
unaryHyperVol 37
binaryHyperVol 13.975
additiveEps 0.5
entropy 0.427067
archive 20
3
8 28  200 00001001111011011100010001101011101000110001011011100111011100011100000110100000111100001001011111111010111010101110011101000110011111010001000110100011010000000000010001001010000110000010010011110000
6 29  200 00001001111011011100010001101011101000111101011011100111011100011100000110100000111100001001011111111010111010101110011101000110011111010001000110100011010000000000010001001010000110000010010011110000
5 33  200 00001001111011011100010001101011101000110001011011100111011100011100000110100000111100001001011111111010110001101110011110000110011111010101000110100011011000000000010001001010000110000010010011110000
runNumber 21
genCount 5487
elapsedTime 599.872
unaryHyperVol 25
binaryHyperVol 31.5833
additiveEps 0.75
entropy 0.475082
archive 21
2
8 25  200 10100000110101010100000101101011101000110000011011100111011101101100000110101001111100000000011111111010111010101110011101101110010111010001000100010101010000001010001100010110000110000010010011110000
7 28  200 10100000110101010100000101101011101000110100011011100111010101101100000110101001111100000000011111111010111010101110011101101110010111010001000100010101000000001010001100010110000110000010010011110000
runNumber 22
genCount 5467
elapsedTime 599.956
unaryHyperVol 23
binaryHyperVol 16.7273
additiveEps 0.818182
entropy 0.427067
archive 22
3
8 32  200 10101001110101010010010001101011101000110000011000000111011101100101100110101001110101001001011111111010111010101110011101101110010111010010100110100000000000001110001100010110000110000010010011110000
7 33  200 10101001110101010010010001101011101000110000011000000011011101100101100110101001110101001001011111111010111010101110011101101110010111010010100110100000000000001110001100010110000110000010010011110000
5 34  200 10101001110101010010010001101011101000110000011000000111011101100101100110101001110101001001011111111010111010101110011101101110010111010010100110100000011000001110000100010110011110000010010011110000
runNumber 23
genCount 5293
elapsedTime 599.834
unaryHyperVol 52
binaryHyperVol 13.5833
additiveEps 0.5
entropy 0
archive 23
1
5 26  200 10100000111011010100010101101011101000000000011011100111011101101100000110100001111100001001001111111010111010101110011101001101010111010010010010100000011000000000010000010110000110000010010011110000
runNumber 24
genCount 5155
elapsedTime 599.724
unaryHyperVol 29
binaryHyperVol 17.25
additiveEps 0.888889
entropy 0.475082
archive 24
2
8 31  200 00001010111000000010100101010101101000110000000011100111011101101100000110101001110100001001011111111010111010101110011101001101010111010010010010100000010000000000010000010110000110000010010011110000
5 32  200 00001010111000000010100101010101101000110000000011100111011101101100000110101001110100001001011111111010111010101110011101001101010111010010010010100000011000000000010000010110000110000010010011110000
runNumber 25
genCount 5443
elapsedTime 599.904
unaryHyperVol 49
binaryHyperVol 7.28571
additiveEps 0.857143
entropy 0.475082
archive 25
2
5 29  200 10101010110101010010010101101011101000000000001111000111011101101100000110101001111100000000011111111010111010101110011101101110000011010010100101010111011000001110000100010110011110000010010011110000
4 30  200 10101010110101010010010101101011101000000010001111000111011101101100000110101001111100000000011111111010111010101110011101101110000011010010100101010111011000001110000100010110011110000010010011110000
runNumber 26
genCount 5508
elapsedTime 599.885
unaryHyperVol 48
binaryHyperVol 13.75
additiveEps 0.5
entropy 0.475082
archive 26
2
7 26  200 00001010111011011100000101101011101000110000011011100011011101101100000110100001111100001001001111111010111010101110001111011110011111010010100100010111011000001010100000010110000110000010010011110000
5 28  200 00001010111011011100000101101011101000010000011011100000011101101100000110100001111100001001001111111010111010101110001111011110011111010010100100010111011000001010100000010110000110000010010011110000
runNumber 27
genCount 5407
elapsedTime 599.741
unaryHyperVol 48
binaryHyperVol 12.4583
additiveEps 0.333333
entropy 0.425477
archive 27
3
8 25  200 10100000111011010100000101101011101000110000011011100111011101101100001101000101110101001001011111111010111010101110011101101110010111010001000110100000010000000000010000010110000110000010010011110000
6 27  200 10100000111011010100000101101011101000111101011011100111011101101100001101000101110101001001011111111010111010101110011101101110010111010001000110100000010000000000010000010110000110000010010011110000
5 29  200 10100000111011010100000101101011101000110000011011100111011101101100001101000101110101001001011111111010111010101110011100011110010111010101000110100000011000000000010000010110000110000010010011110000
runNumber 28
genCount 5393
elapsedTime 599.843
unaryHyperVol 33
binaryHyperVol 13.6944
additiveEps 0.666667
entropy 0.475082
archive 28
2
8 27  200 10101001110101010001010001101011101000110000011011100111011101101100000110101001110100001001011111111010111010101110011101101110010111010001000110100000010000001110000000010110011110000010010011110000
5 32  200 10101001110101010001010001101011101000110000011011100111011101101100000110101001110100001001011111111010111010101110011100011110010111010101000110100000011000001110000100010110011110000010010011110000
runNumber 29
genCount 5445
elapsedTime 599.772
unaryHyperVol 31
binaryHyperVol 26.125
additiveEps 0.833333
entropy 0.475082
archive 29
2
8 28  200 10101001111011010010010001101011101000110000011011100111011101101100000111000101111100001001011111011010101010101110000001101110110011010010011100010111010000001010100000010110000110000010010011110000
6 29  200 10101001111011010010010001101011101000110000011011100111011101101100000111000101111100001001011111011010101010101110000001101110110011010010011100010111011000001010100000010110000110000010010011110000
