START at Wed Oct 16 14:56:27 2013

genCount 1
1
33.02 33  100 0100111010001001000000010000011111101011110010000110100101100000101110001000001100101100100110100000
genCount 2
1
32.02 32  100 0100110010011001100001001001000110001010110101100110101111101011011110101110100001010101101011110111
genCount 3
1
31.02 31  100 0001110001001001000011100111101010101010001011111100110110101011111110101110100000100100100011100011
genCount 4
1
17.01 17  100 0001011100010000101001101011001011111011111101010010101111101011011110101110100001010101100011111001
genCount 7
2
17.01 17  100 1111110000010001101010011100010010101010001011111100110110101011111110101010100001010101101011110111
3 40  100 0111000110010001000001100111101010101010110010000111001011101011111110101111000101101010101101101001
genCount 9
2
17.01 17  100 0111000110010001110001011011001011111011111101010010101111101011011110101110011100101110101101101001
3 35  100 0111000110010001110001011111001011111011111101010010100111101011011110101110000101101010101101101001
genCount 17
2
17.01 17  100 0100110000010001111101101101000010001011001001100110100100101001111110101110101100101110101111110110
3 34  100 0101000110010001110001011111001011111011111101010010100111101011011110101110000101101010101101101001
genCount 20
2
17.01 17  100 0001011100010000100000101011001011001011110110000110101111101011011110101110100000101100101110101001
3 33  100 0101000110010001110001011111001011111011111101010010100111101011011110100111000101101010101101101001
genCount 26
2
17.01 17  100 0111001100010001001010010011100111001011110010000110011011101011111110101010001000101110101101100111
3 30  100 0101100000010001110001011010000111001010001001100110110111101011011110100111000101101000101101101001
genCount 27
2
17.01 17  100 0100000110010001110101001111101011101011110101110110101100101011111110101010001000101101101011110101
3 28  100 0101100000010001110001011110000111001011001011000101111110101011011110100111000101101000101101101001
genCount 30
2
17.01 17  100 0100111010010001100001011010000111001011001001100100100100101010111010001110101100101110101101100111
3 27  100 0101100000010001110001011110000111001011001011000101111110101011011110100111000111101000101101101001
genCount 45
2
17.01 17  100 0101100000010001010100001111000111001011001011000111000110101011110010100111000111101000101101101001
3 26  100 0101100000010001110001011110000111001011001011000111001110101011011110000111000111101000101101101001
genCount 51
2
17.01 17  100 1101110011010011110000010011101011101011110010000110011111101010110110001100001010100100100110110010
3 25  100 0101000000010001110001011110000111001011001011000111001110101011011110000111000111101000101101101001
genCount 65
2
17.01 17  100 0101100000010000000000011110000111001011001011000111011110101011001110110111001111101000100111111001
3 24  100 0101000000010001110001011110000111001011001011000111011100101011001110000110001010101000101101101001
genCount 79
2
17.01 17  100 0101000001010001111100011100001111111011001011000110101010101011111110100111001111101100101010011101
3 23  100 0101000000010001110001011110000111001001101001011100101100101011001110000110001010101000101101101001
genCount 84
2
17.01 17  100 0101010001010001111110001100001111111011001010000110011100101011001110110011011111101100101010100001
3 22  100 0101000000010001110001011110010111000001101001011100101100101011001110000110001010101000101101101101
genCount 93
2
17.01 17  100 0101010001010001110011011110000111011001001101010110011100101011001110000111100111100100101101100100
3 21  100 0101000000010001110001011110110111000001101001011100101100101011001110000110001010101000101101101101
genCount 94
2
17.01 17  100 0101100001010001000110001111000110001011001001110011101001101001010010000010001100101101100111111011
3 20  100 0101000000010001110001011110110111000001101001011100101100101011001110000110101010101000101101101001
genCount 118
2
17.01 17  100 0001000000010001011001011010101101101011000000011000111000101011010010110100100101101100100000110001
3 19  100 0001000000010001110001011110110111000001101001011100101000101011001110000110101011101000101101101001
DONE after 119 generations.
Finished computation at Wed Oct 16 14:56:37 2013
elapsed time: 9.43571s
