START at Thu Oct 24 15:51:31 2013

genCount 1
1
47.03 47  100 1010000000111110001011000011101011100000101001010110011110000001101000101111011000101001011011100101
genCount 4
1
32.02 32  100 1010001000111110001011000011101011100000101101010110011110000001101000101111011000101001011011100101
genCount 5
1
20.01 20  100 1010001000111110001011000011101011100000101101010110011110000001101000101111011000101000011011100101
genCount 14
2
20.01 20  100 1010101000110110001011000011101011100000101100110111111110000011101000101111011000101000011001100101
5 33  100 1000101000110100001011000011101011100000101100010111111110000011101000101111011000101000011001110101
genCount 15
2
18.01 18  100 1000101000110100001011000011101011100000101100110111111110000011101000101110011000101000011001110101
5 32  100 1000101000110100111011000011101011100000101100010111111110000011101000101111011000101000011001110101
genCount 16
2
18.01 18  100 1000101000110100001011000011101011100000101100010111111110000011101000101110011000101000011001110101
5 31  100 1000101000110100111011000011101011100000101100010111111111000011101001101111011000101000011001110101
genCount 17
3
18.01 18  100 1000101000110100001011000011101011100000101100010111111110000011101000101110011000101000011001110101
5 29  100 1000001000110100111011000011100011100000101100010111111111000011101001101111011000101000011001110101
3 33  100 1000101000110100001011000011101011100000101100010111111110000011111000101100011000101000011001110101
genCount 18
3
17.01 17  100 1001111000110100001011000011101011100000101100010111111110000011111000101100011000101001011001110101
5 29  100 1000001000110100111011000011100011100000101100010111111111000011101001101111011000101000011001110101
3 30  100 1000001000110100111011000011100011100000101100010111111110000011111000101100011000101000011001110101
genCount 19
2
17.01 17  100 1001001000010100111011000011100011100000101100010111111110000011111000101100011000101000011001110101
3 29  100 1000001000110100111011000011100011100000101100010111111110000011111000100100011000101000011001110101
genCount 20
3
17.01 17  100 1001001000010100111011000011100011100000101100010111111110000011111000101100011000101000011001110101
3 28  100 1000001000110100111011000011100011100000101100010111111110000011111000100100011000101000011101110101
2 29  100 1001001000010000111011000011100011100000101100010111111110000011111000101100011000101000011001110101
genCount 21
2
17.01 17  100 1101001000000100111011000011100011100001101100010111111110000011111000101100011010101000011001110101
2 27  100 1001001000010000111011000011100011100000101000010110111110000011111000100100011000101000011101110101
genCount 22
2
17.01 17  100 1101001000000100111011000011100011100001101100010111111110000011111000101100011010101000011001100101
2 26  100 1001001000010000111011000011100011100000101000010111111110000011111000100100011000101000011101111101
genCount 24
2
17.01 17  100 1001001000000101111011000010100011100001101100010111111110000011111000101100011010101000011101111101
2 25  100 1001001000010000111011010011100011100000101000010111111110000011111000100100011000101000011101111101
genCount 26
2
17.01 17  100 1001001000010000111011010011100011100000101000010111101110000011111100100100011000101000011101111101
2 24  100 1001001000010000111011010011100011100000101000010111111110000011111000000100011000101000011101111101
genCount 27
2
17.01 17  100 1001001000010000111011010011100011100000101100010111101110000011111100100100011000101000011101111101
2 23  100 1001001000010000111011010011100011100000101000010111111110000011111001000100011000101000011101111101
genCount 28
2
17.01 17  100 1001001000010000111010010011100011100000101100010111101110000011111100100100011000101000011101111101
2 22  100 1001001000010000111011010011100011100000101000011111111110000011111001000100011000101000011101111101
genCount 30
2
17.01 17  100 1001001000010000111011010011100011100000101100010111101110000011101100101100011000101000011101111101
2 21  100 1001001000010000111011010011100011100000101000011111111110001011111001000100011000101000011101111101
genCount 31
2
17.01 17  100 1001001000010000111011010011100011100000101000011111111110001011111001000101011000101000011101111101
2 20  100 1001001000010001111011010011100011100000101000011111111110001011111001000100011000101000011101111101
genCount 32
2
17.01 17  100 1000001000010001111011010011100011100000101000011111111010001011111001000101011000101000011101111101
2 19  100 1001001000010001111011010011110011100000101000011111111110001011111001000100011000101000011101111101
genCount 33
2
17.01 17  100 1000001000010001111011010011100011100000100000011111111010001011111001000101011000101000011101111101
2 18  100 1001001000010001111011010011110011100000101000011111111110001011111001000100011000101000001101111101
genCount 34
1
2 17  100 1001001000010001111011010010110011100000101000011111111110001011111001000100011000101000001101111101
genCount 42
1
2 16  100 1001001000010001111011010010110011100000101000011111111010001011111001000100011000101000001101110001
genCount 43
1
2 15  100 1001001000010001111011010010110011100000101000011111110010001011111001000100011000101000001101110001
genCount 54
1
2 14  100 1001001000010001111011010010110011100000101000011111110010001011111001000100011011101000001101110001
genCount 56
2
10 13  100 1001001000010001111011010010110011000001101000011111110010001011111001000100011011101000001101110001
2 14  100 1001001000010001111011010010110011100001101000011111110010001011111001000100011011101000001101110001
genCount 71
1
2 13  100 1001001000010001111011010010110011100011101000011111110010001011111001000100011011101000001101010001
genCount 73
1
2 12  100 1001001000010001111011010010110011100011101000011111110010001011111001000100011011101000001101000001
genCount 122
1
2 11  100 1001001000010001111011010010110011100011101000011111110010001011001001000100011011101000001101000001
genCount 127
1
2 10  100 1001001000010001111011011110110011100011101000011111110000001011001001000100011011101000001101000001
genCount 132
1
2 9  100 1001001000010001111011011110110011100011101000011111110001001011001001000100011011101000001101000001
DONE after 11652 generations.
Finished computation at Thu Oct 24 16:01:31 2013
elapsed time: 599.953s
