START at Wed Oct 16 14:56:37 2013

genCount 1
1
34.02 34  100 1000110100100100110010110010000110000011000111000001010001001010101001010110000100010111100111101110
genCount 2
1
19.01 19  100 1000110100100100110010110010000110000011000111000001010001001010101010010110000100010111100111101110
genCount 3
2
19.01 19  100 1000110100100100100010110010000110000011000111100001110001001010101010010110000100010111100111101110
5 37  100 1000110100100100110010110010000110000011000111000001010001001010101010010110000100010111100111001110
genCount 4
2
19.01 19  100 1000110100100100100010110010000110000011000111000001010001001010101010010110000100010111100111101110
5 36  100 1000110100100100110010110010000110000011000111000001010001001010101010010110100100010111100111001110
genCount 5
2
19.01 19  100 1000110100100100110010110010000110000011000111000001010001001010101010010010000100010111100111101110
5 35  100 1000110100100100111010110010000110000011000111000001010001001010001010010110100100010111100111001110
genCount 6
2
19.01 19  100 1000100100100100110010110010000110000011000111000001010001001010101010010010000100010111100111101110
5 34  100 1000110100100100111110010010000110000011000111000001010101001010001010010110101100010111100111001110
genCount 7
2
19.01 19  100 1000110100100100111110010010000110000011000111000001010101001010001010010110101100010111101111001110
5 33  100 1000110100100100111110010010000110000011000111000001010101001011001010010110101100010111100111001110
genCount 8
2
19.01 19  100 1000110100100100111110010010000110000011000111000001010101001010001010010110101100010111101111001110
5 31  100 1000110100100100111110010010000010000011000111000001010101001011001010010110101000010111100111001110
genCount 9
2
19.01 19  100 1000110100100100111110000010000110000011000111000001010101001010001010010110101100010111101111001110
5 30  100 1000110100100100111110010010000010000011000111000001010101001011001010000110101000010111100111001110
genCount 10
2
19.01 19  100 1000110100100100101110000010000110000011000111000001010101001010001010010110101100010111101111001110
5 29  100 1000110100100100111111010010000010000011000111000001010101001011001010000110101000010111100111001110
genCount 11
2
19.01 19  100 1000110100100100101110000010000110000011000111000001010101001010001010010110101100010111101111001110
5 28  100 1000110100100100111111010010000010000011000111010001010101001011001010000110101000010111100111001110
genCount 12
2
19.01 19  100 1000110100100100101110000010000110000011000111000001010101001010001010010110101100010111101111001110
5 27  100 1000110100100101111111010010000010000011000111010001010101001011001010000110101000010111100111001110
genCount 13
2
19.01 19  100 1000110100100100101110000010000110000011000111000001010101001010001010010110101100010111101111001110
5 26  100 1000110100100101111111010010000010000011000111010001010101001011001110000110101000010111100111001110
genCount 14
2
19.01 19  100 1000110100100100101110000010000110001011000111000001010101001010001010010110101100010111101111001110
5 25  100 1000110100100101111111010010000010000011000111010001110101001011001110000110101000010111100111001110
genCount 15
2
18.01 18  100 1000110000100100101110000010000110001011000111000001010101101010001010010110101100010111101111001110
5 24  100 1000110100000101111111010010000010000011000111010001110101001011001110000100101000010111100111001110
genCount 17
2
18.01 18  100 1000111000100100101110000010000110001011000111000001010101101010001010010110101100010111101111001110
5 23  100 1000110100000101111111010010000011000011000111010001110101001011001110000100101000010111100111001110
genCount 18
3
18.01 18  100 1000111000100100101110000010000111001011000111000001010101101010001010010110101100010111101111000110
6 21  100 1000110100000101111111011010000011000011100111010001110001001011001110000100101000010111100111001110
5 23  100 1000110100000101111111010010000011000011000111010001110101001011001110000100101000010111100111001110
genCount 19
3
18.01 18  100 1000111000100100101110000010000111001011000111000001010101101010001010010110101100010111101111000110
6 21  100 1000110100000101111111011010000011000011100111010001110001001011001110000100101000010111100111001110
5 22  100 1000110100000101111111011010000011000011000111010001110001001011001110000100101000010111100111001110
genCount 22
3
18.01 18  100 1000111000100100101110000010000011001001100111010001010101101000001110010110101100010111101111000100
6 20  100 1000110100000101111111011010000011000011100111010001110001001011001110000110101000010111100111000010
5 22  100 1000111100000101111111011010000011000011000111010001110001001011001110000100101000010110100111001110
genCount 23
3
18.01 18  100 1000111000100100101110000110000011001001100111010001010101101000001110010110101100010111101111000100
6 19  100 1000110100000101111111011010000011000011100111010011110001001011001110000110101000010111100111000010
5 20  100 1000110100000101111111011010000011000011000111010011110001001011001110000110101000010111100111000010
genCount 24
3
18.01 18  100 1000111000100100101110000110000011001001100111010001010101101011001110000110101000010111101111000100
5 19  100 1000110000000101111111011010000011000011000111010011110001001011001110000110101000010110100111000010
4 21  100 1000110100000101111111011010000011000011000111010011110001001011001110000110101000010111100111010010
genCount 25
2
5 18  100 1000110000000101111111011110000011000011000111010011110001001011001110000110101000010110100111000010
4 20  100 1000110000000101111111011010000011000011000111010011110001001011001110000110101000010111100111010010
genCount 26
2
5 18  100 1000110000000101111111011110000011000011000111010011110001001011001110000110101000010110100111000010
4 19  100 1000110000000101111111011110000011000011000111010011110001001011001110000110101000010111100111010010
genCount 29
1
4 18  100 1000110000000101111111011110000011000011000111010011110001001011001110000110101000010111100101010010
genCount 30
1
4 17  100 1001110000000101111111011110000011000011000111010011110001001011001110000110101000010111100101010010
genCount 36
1
4 16  100 1001110000000101111111011110000011000011000111010011110001001011001110000110101000010111101101010010
genCount 58
1
4 15  100 1001110000000101111111011110000011000011000111010011110001001011001110000110101000010111101101010001
