OptimalFront
unaryHyperVol 346
2
5 11  100 0100000011010100111010001110101000000000101000100110101000000001100110110010011001010101101100010001
3 12  100 0100000011100100010000001110101000101000101000100110101000000001100110110010011001010101101100010011
-------------------------
runNumber 0
genCount 5372
elapsedTime 599.907
unaryHyperVol 188
binaryHyperVol 9.11667
additiveEps 0.65
entropy 0.54796
archive 0
4
9 23  100 0100000000100101101001111010101001000000000101100110100100110000100010000010011001010101101100000111
5 24  100 0100000010100100101001011010101001000000000101101001100100000001110101110010011101010101101100000011
4 27  100 0100000010100100101001011110101000000000010101101010100110111001100000000010011101010101001111000101
3 31  100 0110100101010000011001000010101100001000100101100110101100001010110000000010111101010101101101000111
runNumber 1
genCount 5608
elapsedTime 599.979
unaryHyperVol 120
binaryHyperVol 11.6742
additiveEps 0.818182
entropy 0.472411
archive 1
4
15 28  100 0000000011010000010000111110100000011000111011100110010100001000101010000000011101010101001101011111
8 29  100 0100000011010000010000110010100100101010101011100100010101111010100000000000111101010101001111010111
4 31  100 0100000001010000010000110010100000011001101010110110010101011010100110000010011101010001001111010111
3 33  100 0100000001010000010000110110100111111010101000001100010101101001000010000010111101010101101111010111
runNumber 2
genCount 5465
elapsedTime 599.937
unaryHyperVol 144
binaryHyperVol 8.75
additiveEps 0.571429
entropy 0.509891
archive 2
2
4 27  100 0100000001010011001010011110101011101000011000000110000010000000010110110010010101010101101001001001
3 39  100 0101101101010001101010101010101010011001111001010101100010001011100110000010110000010001100101001101
runNumber 3
genCount 5602
elapsedTime 599.954
unaryHyperVol 150
binaryHyperVol 31.5
additiveEps 0.947368
entropy 0.509891
archive 3
2
5 26  100 0111000011100111010000001110101001011000001000101010110110101000110000000010011000010101111100010011
4 30  100 0110000000100111000000000110100001011001011000101010111101001001000000111010001010010101001100010011
runNumber 4
genCount 5414
elapsedTime 600.007
unaryHyperVol 100
binaryHyperVol 22.2717
additiveEps 0.869565
entropy 0.599401
archive 4
3
7 30  100 0110000011101011011010001010101000000001011001111010100100110011100000010000001100010101000101011101
6 32  100 1000000011101000011010001110101001011010011010100100100000110001100000010000001111010100000111111101
4 34  100 1000000011101001011010101110101000011010011000101001100000101001010000010000000110010000001101011101
runNumber 5
genCount 5439
elapsedTime 599.995
unaryHyperVol 114
binaryHyperVol 26.2783
additiveEps 0.826087
entropy 0.54796
archive 5
4
8 27  100 0101001101010011010000000010101111000001111000100101101011111001100110010010000101010101100111010111
7 31  100 0101001101010010010000010010100110000011111000100101111011101001100010000010011101010101100011010111
6 32  100 1101001100010011010000010010101010000011111000101100110111011001010110000010011000010101101110010110
5 34  100 0100001100010010010010010010101110000011111000101100110111011001100010010010000101010101100111000111
runNumber 6
genCount 5431
elapsedTime 600.019
unaryHyperVol 177
binaryHyperVol 12.3824
additiveEps 0.823529
entropy 0.509891
archive 6
2
4 25  100 0110000001010011111010000110101011000000101011010111110100001010100110000010011000010101001100010001
3 28  100 0110000001010010111010000110101111000000101011010111110100001010100110000010011000010001001100010001
runNumber 7
genCount 5582
elapsedTime 599.93
unaryHyperVol 72
binaryHyperVol 14.9565
additiveEps 1
entropy 0
archive 7
1
3 34  100 0100100110100100011001000010101010101010111000110101101101000001001110011110010101010001000101010101
runNumber 8
genCount 5611
elapsedTime 599.925
unaryHyperVol 144
binaryHyperVol 14.9412
additiveEps 1
entropy 0
archive 8
1
3 28  100 0100100101010000111001001010101000001000001001000011100000111010000110010010010001010101101110010111
runNumber 9
genCount 5448
elapsedTime 600.079
unaryHyperVol 128
binaryHyperVol 13.55
additiveEps 0.95
entropy 0.509891
archive 9
2
5 29  100 0100100111100100111001000110100100101000011011110001111001101000011100110100111001010101001100010011
3 31  100 0100100100100100101001000110100100001000011010100011111100011011011010100110011001010101001100010011
runNumber 10
genCount 5562
elapsedTime 599.813
unaryHyperVol 87
binaryHyperVol 33.8182
additiveEps 0.954545
entropy 0.509891
archive 10
2
5 32  100 0011000010100100010000111010101110000000011000101110100010011011110110000110010100110111111100010011
4 33  100 0011000000100100010001010010101000000000011000001111111010001011110000011110111000010100101100010001
runNumber 11
genCount 5650
elapsedTime 599.913
unaryHyperVol 152
binaryHyperVol 13.3889
additiveEps 0.944444
entropy 0.509891
archive 11
2
5 27  100 0100000001010011010000010010100000110101101000000110001000000001000000000010110000010101101100100111
3 29  100 0101000001010011010000010010100100000001101001000110000101001001100000000010010001010101111100100111
runNumber 12
genCount 5570
elapsedTime 599.973
unaryHyperVol 109
binaryHyperVol 16.4589
additiveEps 0.857143
entropy 0.5994
archive 12
3
14 29  100 0000100111010000110001001110101001000000111000010111100101001000010110111110010101110100101101001011
5 30  100 0100100111010001110000001110101001000000101010000010001010001000000110000010010111010110011101000000
4 32  100 0000100111010001110001011010101001000000011000010101001010000000010110110010010101011000000000001010
runNumber 13
genCount 5378
elapsedTime 600.029
unaryHyperVol 71
binaryHyperVol 25.7949
additiveEps 0.884615
entropy 0.599401
archive 13
3
6 33  100 0100100101010000111001000101011111010100001001100110011110000010110000010010111001010101001000101111
5 35  100 0101100100010010101001000101011111110100011001100110011110000010110000010010111001010101001000101111
4 37  100 0100100101010000111001001001011111011001111001100110010011111011110010111010100101010100001011110111
runNumber 14
genCount 5555
elapsedTime 599.978
unaryHyperVol 132
binaryHyperVol 14.9444
additiveEps 1
entropy 0
archive 14
1
3 29  100 0100100101100100001001000110100000001001001000100001111001111001100110110010101010010110011101010011
runNumber 15
genCount 5644
elapsedTime 599.959
unaryHyperVol 93
binaryHyperVol 10.4943
additiveEps 0.724138
entropy 0.472411
archive 15
4
6 31  100 0100100101010001100101001110101001111010011011001100110101111001010101000010001001010101001110010111
5 33  100 0110100001010011111010011110100101111000101001111100001101001000111010110010100001010101100101010111
4 35  100 0110100001010010011010001110101001011000011001111100001101001000111010110010100001010101101101111101
3 40  100 0100100001010000011010011110101001011010001001011111110101011000010000101010000100010001111101010101
runNumber 16
genCount 5600
elapsedTime 599.955
unaryHyperVol 110
binaryHyperVol 31.2955
additiveEps 0.954545
entropy 0.509891
archive 16
2
7 28  100 0110000001010011111010001010101100111011111001100110101101000001010110000101110101010100011100000111
5 33  100 0100000001010010111010001010100110011000001010110001001101000001010110000001110000010001111100111101
runNumber 17
genCount 5715
elapsedTime 599.955
unaryHyperVol 113
binaryHyperVol 13.631
additiveEps 0.904762
entropy 0.599401
archive 17
3
7 30  100 0100100000100100111010010110100100000010111000100100100000110011110000010010001000010001001110011001
6 31  100 0011101000100100111010000110101000000010111000101101010000110011010000010010011000010000101100010101
3 32  100 0100100000100100111010011010100100000010111000100100100000111000010000010010101010010001011000101001
runNumber 18
genCount 5497
elapsedTime 599.929
unaryHyperVol 135
binaryHyperVol 9.695
additiveEps 0.68
entropy 0.472411
archive 18
4
11 27  100 0100100101010011001010000100100110000001010101001010100100110001110110000010011101010101011100110001
9 28  100 0100100101010011001010010100100110000001000101000111100100110001000110000010011101010101011100110001
4 29  100 0101100101010011011010000000101110000000010101000101000100111000100110001010011001010101011100110001
3 36  100 0101100001010011101010010110101110000000010101011111000101001011100110000010101101010001101110001001
runNumber 19
genCount 5588
elapsedTime 599.745
unaryHyperVol 163
binaryHyperVol 8.26562
additiveEps 0.625
entropy 0.472411
archive 19
4
11 24  100 1111000000100100010000110110100100001010101000100101001000000001100110110000011001010101111100010111
5 26  100 0011000000100100010000110010100100110000101010100101101001101000100110000010011001010101101100000111
4 30  100 0011000000100100010000110010100100111010001010100101101001000000100110110010011101010101110100010110
3 35  100 1000000000100100010000110010100101111010101010100001010001000000100110100010011100010101101011110101
runNumber 20
genCount 5469
elapsedTime 600.035
unaryHyperVol 124
binaryHyperVol 29.98
additiveEps 0.96
entropy 0.509891
archive 20
2
5 28  100 1100000011100100010010000110101000000010000101100110110101000001110000010010011001010100100100001101
4 36  100 1000100011100100011010000010100110000010000101111111110101011010000000010010011001010000001101000011
runNumber 21
genCount 5562
elapsedTime 599.949
unaryHyperVol 117
binaryHyperVol 12.9773
additiveEps 0.863636
entropy 0.509891
archive 21
2
4 30  100 0100100011101001110000001110101011000010000101000000101001011000100010010000000001010101001100010100
3 33  100 0000000011101001010000011110101001011000000101000101111001011000100010010000000001010111000100010000
runNumber 22
genCount 5505
elapsedTime 599.934
unaryHyperVol 210
binaryHyperVol 7.76667
additiveEps 0.65
entropy 0.5994
archive 22
3
6 21  100 1100100101100100000101001110101000101000011000100010101000000001100110110010010101010101100111010111
4 25  100 1100101111100100011010010110101000101000011000100010101000001001100110110010010101010101100111010101
3 31  100 1100100100100100011010010110101000101000011000100011101101000001100110110110010101010001101010111101
runNumber 23
genCount 5360
elapsedTime 600.018
unaryHyperVol 108
binaryHyperVol 13
additiveEps 0.863636
entropy 0.5994
archive 23
3
13 30  100 0100000010101001110000010010101000101010101000101100011001011011100101010000001010010101000110100001
4 31  100 0000000010101001110000010010101000101010001000000100011001011011100010010000001010010101001100100111
3 33  100 0000000000101011010000010010101000011010001001001000110101011001011110110000001010010101001100100011
runNumber 24
genCount 5669
elapsedTime 600.01
unaryHyperVol 66
binaryHyperVol 12.8519
additiveEps 0.888889
entropy 0.5994
archive 24
3
5 34  100 0000100110100100111001001010101000000010100101000010010100011001111010110000110101000011001110101001
4 36  100 0000100110100100011001001010101000111011011001010111010000000011110000110110010111100011001111000000
3 38  100 0000100110100100011001001010101001111011100101000000010100011000111010110000010111100001000110001001
runNumber 25
genCount 5627
elapsedTime 599.925
unaryHyperVol 192
binaryHyperVol 14.9231
additiveEps 1
entropy 0
archive 25
1
3 24  100 0100000000100100111010000010100000000000011000101110101000011011000110111010010001010001101100110001
runNumber 26
genCount 5515
elapsedTime 600.005
unaryHyperVol 184
binaryHyperVol 9.90196
additiveEps 0.764706
entropy 0.54796
archive 26
4
12 22  100 0100000001100100111010000100101001000000101000100110101000011000110001000010101001010001001100010001
7 24  100 0100100111100100111010000010101000000000001000100111100000110011000000010010011110010101101100010101
6 26  100 1100000001100100111010000100101101000000101000100110101000011000110000000010101110010101101101000001
3 28  100 0100000001100100111010000010101001000000101001100101111001011011010000010000001101010001001100010001
runNumber 27
genCount 5538
elapsedTime 599.913
unaryHyperVol 117
binaryHyperVol 22.0421
additiveEps 0.947368
entropy 0.509891
archive 27
2
8 29  100 0100000000100100010000010110101000010101111000001100111000011001100000100000011011010101110000010010
4 30  100 0100000000100100010000010010101000000011000000000110110101011001101010100010011011010100000001010101
runNumber 28
genCount 5519
elapsedTime 599.998
unaryHyperVol 155
binaryHyperVol 11.2544
additiveEps 0.894737
entropy 0.468496
archive 28
3
9 25  100 0100100111010011111001010110101010000000000101001011100100110000100000000010011101010101101100010001
4 29  100 0100100101010100001001010010101000000000010101100101100000111000110000000010010001010111100100011100
3 30  100 0100100101010010101001000010101000000000010101011011100011000001110000000010010001010111100100010001
runNumber 29
genCount 9155
elapsedTime 599.892
unaryHyperVol 228
binaryHyperVol 9.88095
additiveEps 0.714286
entropy 0.599401
archive 29
3
6 20  100 0100000001010100110000111110101000101000000000000101101000110101000000110010010010010101011100100011
5 22  100 0100000001010100010010111110101000101000000000000100101000000001000000110010010010010101101111011001
3 25  100 0100000001010100010000110110101000101000111000000100101000000001000000110010011011010101001011100111
