OptimalFront
unaryHyperVol 375
2
4 11  100 0001101000011111011011110110100111111010000000101010111011100110000101001000010001010110101010101010
3 13  100 0001000000011111010001110110100111111010000000101010111011100110001010001000010011101010101010101010
-------------------------
runNumber 0
genCount 5426
elapsedTime 599.943
unaryHyperVol 32
binaryHyperVol 31.5926
additiveEps 0.925926
entropy 0.509891
archive 0
2
10 36  100 1001101001101101010100110110101100011000001111010001110101000001001010000000010101100001101001010101
6 38  100 1001101001101101010100110110101110011001001111010001110101100001001010010000010101100001101001010101
runNumber 1
genCount 5194
elapsedTime 599.925
unaryHyperVol 107
binaryHyperVol 17.5238
additiveEps 0.923077
entropy 0.468496
archive 1
3
16 30  100 0111000000010100010011111110100101010101001000000011110011100001000101000001101001010111010100101010
5 31  100 0110101010010100110111011101010111010111001000000010010011100001000101110001000011010111010100101010
4 32  100 0110100111111100011010101110100100111011000101101100110011100001000101000001000001010110010100101010
runNumber 2
genCount 5139
elapsedTime 600.036
unaryHyperVol 129
binaryHyperVol 20.2333
additiveEps 0.9
entropy 0.509891
archive 2
2
9 28  100 0101001100010011011111000110100111111000101111010001011000100110100101001000010000010111101001001010
4 31  100 1100101100010011011111000110100010011011000001000101011011100010000101101000010001010111101001001010
runNumber 3
genCount 5228
elapsedTime 599.965
unaryHyperVol 71
binaryHyperVol 12.2621
additiveEps 0.793103
entropy 0.417714
archive 3
5
8 33  100 1001000000011110011101110010101011000010001101000101110110100000001010111101000011100011101011011010
7 34  100 0101100000011010110101110110101001000010001101000101110110100000001010110000010011100011101010011010
5 36  100 1001101000111110100101110110101001000010001101010100001010100100110101111101000011100011101011011010
4 39  100 1000101010011110011101111110101001001000001101000111010010100001001001111101000011100011101011011010
3 40  100 1000100001101110100001101110101001001000000101110111110110100100001010000000010110101011101000001010
runNumber 4
genCount 5472
elapsedTime 600.002
unaryHyperVol 182
binaryHyperVol 15.8667
additiveEps 1
entropy 0
archive 4
1
3 26  100 0001000000010001010001111110100111101010000000101010001011101100101000000000011100101010101001101010
runNumber 5
genCount 5245
elapsedTime 599.974
unaryHyperVol 181
binaryHyperVol 14.9375
additiveEps 0.9375
entropy 0.509891
archive 5
2
4 26  100 1101101100111111110001111010010111011011010000001010110011010100001010011000010011101010101011001010
3 27  100 0011101000010111010001111010100110011010001110100000100011010110011010011000010011101010101001101010
runNumber 6
genCount 5442
elapsedTime 599.936
unaryHyperVol 82
binaryHyperVol 36.368
additiveEps 0.84
entropy 0.599401
archive 6
3
8 31  100 0001100000110011000111010101011111011010000101101000111110100100010101000001000000100011010100101010
7 34  100 0000101000000111001100010101011111011010001101101101110110100100110101000001000000100011010100111010
6 36  100 0010101000100111101001010001011111011010000101101100111110101100110101110001000000100011010100111010
runNumber 7
genCount 5337
elapsedTime 599.941
unaryHyperVol 106
binaryHyperVol 18.78
additiveEps 0.833333
entropy 0.5994
archive 7
3
9 30  100 1011000000111111000100110110100100110101000100000111110000100011111010001100010011100000101011101010
5 32  100 1101000000110011010100010110101100110010000100000101100100010111001000011100010011100000101011101010
4 36  100 1101000000001001110100110110101010111000000100110111110100010101101000011100010001100000101011111010
runNumber 8
genCount 5262
elapsedTime 600.058
unaryHyperVol 107
binaryHyperVol 19.4805
additiveEps 0.863636
entropy 0.468496
archive 8
3
10 30  100 0010101000000001011111010100001001001010110000011101111000100110000101000011000001010111010100011010
5 32  100 0110101100000001010111000100000000011010110000011101111000100110000101110001101001010110010100011010
4 33  100 0010101000000001011111010100001001001010110000011101111000100000000101000001000101010111010100011010
runNumber 9
genCount 5351
elapsedTime 599.991
unaryHyperVol 100
binaryHyperVol 12.5
additiveEps 0.884615
entropy 0.5994
archive 9
3
6 31  100 0101100000010110011100010110100011110101000111010110011000100010111000001100010011100000101010011010
5 36  100 0101100110010001010100010110101101000101101101001000110000101010101000010100010011100000101010011010
3 37  100 0111100101010100010001010110100011001011011111001000110000100110101000001100011000101000101010001010
runNumber 10
genCount 5287
elapsedTime 599.94
unaryHyperVol 109
binaryHyperVol 14.6136
additiveEps 0.909091
entropy 0.509891
archive 10
2
7 31  100 1001000011010100001101001010100110000101110100110101110111010110001011001000100010101000101010111010
3 33  100 0101000011010101010001011010101010001011011000100100110111010110001011001111100111101000101010111010
runNumber 11
genCount 5325
elapsedTime 599.988
unaryHyperVol 152
binaryHyperVol 14.3684
additiveEps 0.894737
entropy 0.509891
archive 11
2
5 28  100 0111000000001101100001110010101101111001010000111010111011010101001001001000011110101010101010100000
3 30  100 1111000010010001010001110010100000111001110000101000110011010101011000001000010011101010101000001010
runNumber 12
genCount 5382
elapsedTime 599.924
unaryHyperVol 137
binaryHyperVol 25.5152
additiveEps 0.772727
entropy 0.5994
archive 12
3
6 28  100 0101000011010000010001110101011101000001110000110010111010100010011010010100010011101010101010101010
5 30  100 0101000011010000000001010001010001111010100000010001111010101010011010010100010011101010101010101010
4 33  100 0100000011000001000001100001010100011011101100000001111010100010011010001100010011101010101010101010
runNumber 13
genCount 5365
elapsedTime 599.959
unaryHyperVol 99
binaryHyperVol 54.95
additiveEps 1
entropy 0
archive 13
1
5 31  100 1110000011001100010000110110101110101010000011010001011111100110101000001100010001010110101001001010
runNumber 14
genCount 5391
elapsedTime 599.967
unaryHyperVol 128
binaryHyperVol 15.2
additiveEps 0.95
entropy 0.509891
archive 14
2
5 30  100 0100000010011111010100011110100101000000000001110010111011010111001001000000010000101000101001101010
3 31  100 0110100111011101110001110110100101000000000000101000101011100010011010010000010001101001101000101010
runNumber 15
genCount 5314
elapsedTime 599.904
unaryHyperVol 30
binaryHyperVol 24.6607
additiveEps 0.928571
entropy 0.509891
archive 15
2
7 37  100 0100101010010110010001111010101111000010100000110011101001000001110101000101000000000001010100010101
4 39  100 0100100100010110010001111010101111000010000011110011101000101100100101000001000100000001010100010101
runNumber 16
genCount 5410
elapsedTime 599.991
unaryHyperVol 156
binaryHyperVol 21.2778
additiveEps 0.888889
entropy 0.509891
archive 16
2
8 26  100 0000000001110001011111011010100101110010000100101010100011100101000101001000010000010110101001001010
4 29  100 0000000001010011000111011110100000011001001000101010011110100101000101000000010001010110101001101010
runNumber 17
genCount 5155
elapsedTime 600.024
unaryHyperVol 154
binaryHyperVol 54.9333
additiveEps 1
entropy 0
archive 17
1
5 26  100 0101000001011111101011111110100110111010110000010010111011001101110011110001000011010111010100111010
runNumber 18
genCount 5362
elapsedTime 599.998
unaryHyperVol 150
binaryHyperVol 19.4381
additiveEps 0.809524
entropy 0.468496
archive 18
3
8 26  100 0010000000010011001111100110100011011010110100101011101000100110000101000000100111010101101001001010
5 30  100 1111000001010011001110100010100111011010110000101101110111101010000101001100100101010101101001001010
4 32  100 1011000000010111101111100110100000101001000111110010111111100100000101110000100101010101101001001010
runNumber 19
genCount 5499
elapsedTime 599.927
unaryHyperVol 50
binaryHyperVol 54.9722
additiveEps 1
entropy 0
archive 19
1
6 35  100 1000101010011000011011101110101000101010110000010001010111010110101001001101001100100011101000101010
runNumber 20
genCount 5339
elapsedTime 599.957
unaryHyperVol 141
binaryHyperVol 27.3684
additiveEps 0.894737
entropy 0.5994
archive 20
3
6 28  100 0011010100001011011111000110100111111000000011010010110101100111000101000000011001010101101010001010
5 29  100 0011010100011001000110011010100111111000000011010010110101100110000101000000011001010110101010001010
4 30  100 1100100110001011001111100110100111111000000011011010110101100111000101000000011001010101101010001010
runNumber 21
genCount 5219
elapsedTime 600.027
unaryHyperVol 120
binaryHyperVol 12.8333
additiveEps 0.916667
entropy 0.509891
archive 21
2
5 30  100 0101100100010101001000110110100011001010000011101011000101100101001010100010100000101001101010011010
3 35  100 1101101100010111010001000110101000111000010101110011110100100101011010100010100000101001101010011010
runNumber 22
genCount 5266
elapsedTime 599.83
unaryHyperVol 132
binaryHyperVol 54.9412
additiveEps 1
entropy 0
archive 22
1
5 28  100 1101100001100101011011110110100111011011010000101111111101100011011000101000010001010110101010101010
runNumber 23
genCount 5353
elapsedTime 600
unaryHyperVol 91
binaryHyperVol 23.2626
additiveEps 0.909091
entropy 0.5994
archive 23
3
12 31  100 1101100100111101011011010100000101000011001100010010110101010111011000110000010010100011101010101010
6 32  100 0101101110111100011011010100000110001011001100010010110101010111011000110000010010100011101010101010
5 33  100 0101101110111101011011010100000110001000001000011101100000010101111010110000011011100011101010101010
runNumber 24
genCount 5230
elapsedTime 599.95
unaryHyperVol 117
binaryHyperVol 11.6073
additiveEps 0.76
entropy 0.380988
archive 24
5
14 29  100 0001100100010111110001110110100111111011001111011000101000000110000101000001101000101001010100001010
7 30  100 0011100100010111111000000110100111111011001101110001010100000010000101010101101001010111010110101010
5 32  100 0001100110010111110001110110100111111011001101110001100001000010000101000001101010101001010110111010
4 35  100 1111100100010111000001111110100111111011000101110011110001000010000101000001000100101001010100011010
3 36  100 1111101100010100000001010110100111111011001111011000101001100100000101010001101000101001010101111010
runNumber 25
genCount 5267
elapsedTime 600.074
unaryHyperVol 68
binaryHyperVol 27.7733
additiveEps 0.92
entropy 0.509891
archive 25
2
6 34  100 1000000010000000110111110110101000111010000111000010010000100100101001000100101011100000101010001010
4 36  100 1000000010000000010110110110100011011010001101010001010100100101101000010100101011100000101010001010
runNumber 26
genCount 5248
elapsedTime 599.974
unaryHyperVol 108
binaryHyperVol 13.3416
additiveEps 0.857143
entropy 0.5994
archive 26
3
10 30  100 0100101000001110000001010110010101111001011000101010110000101101001010100100011000101010101010101010
7 32  100 0100101000001110000001010110010101111001011000100001000110101101001011000100010011101010101010011010
3 34  100 1100101000001110100001010010100101101010011000101010111100100101101010011100011000101010101011111010
runNumber 27
genCount 5332
elapsedTime 599.909
unaryHyperVol 117
binaryHyperVol 18.6845
additiveEps 0.875
entropy 0.468496
archive 27
3
11 29  100 0001101111011110011001110110100011001010000011100011110111011111001000011000011001100000101000101010
5 31  100 0001101111011110011011000110100011001010100011000011110111010111001000000100011001100000101000111010
4 32  100 0100101111011110011111000110101110001010000011100011110111100101001000011000011000100000101001101010
runNumber 28
genCount 5323
elapsedTime 599.954
unaryHyperVol 154
binaryHyperVol 14.3158
additiveEps 0.894737
entropy 0.509891
archive 28
2
4 28  100 0101000000011101100001110110100011000001000011101010101010100001000101001000000010101010101001001010
3 30  100 0101000000011101100001110010101011000001001110001010111010100001000101001000010001101010101001001010
runNumber 29
genCount 5410
elapsedTime 600.001
unaryHyperVol 52
binaryHyperVol 40.3086
additiveEps 0.925926
entropy 0.509891
archive 29
2
6 35  100 0010101000010110101010110010101011011000000000000011110000100001000011010001000000100000010100111010
5 38  100 0010100011010110001100000110101111111010000101001001110010100000011000011001000100100000010100111010
