OptimalFront
unaryHyperVol 316
3
5 12  100 1010000000101001111011011110100011000011101000001111110001001011001101001100011011010100101001000001
4 13  100 1010000000101001111011011110100011101011101000011111110001001011001101001100011011010100101001000001
3 14  100 0110000001010101111011011110100011101011101000011111110001001011001101000110101011010100101001000001
-------------------------
runNumber 0
genCount 5480
elapsedTime 600.002
unaryHyperVol 139
binaryHyperVol 23.3667
additiveEps 0.85
entropy 0.481574
archive 0
3
6 26  100 0001000010100001001011011110101000101011001000000111001101001100001110000110101111000001101001110001
5 31  100 0000000000100001101011011110101000101000101000000110001111001100001010000110000111010101101001110001
4 32  100 0000000000100001101011011110101011101010101000000111001111110001001000100010000011010101101001110001
runNumber 1
genCount 5591
elapsedTime 600.006
unaryHyperVol 99
binaryHyperVol 16.25
additiveEps 0.791667
entropy 0.529986
archive 1
4
9 28  100 0101000000011100101011000101100011101001101000010011111010011000101100000100010111010100101001000011
7 32  100 0110101100011100101010000001100010101001101000000011110010011111001101000100011111010110101001000011
6 35  100 1101101001011100101010000001100010101001101000000011111010011111001101000100010100110111101000010001
4 36  100 1101100001011100101011100100100010101011101000010110111100010001101111000100011110010110101010010000
runNumber 2
genCount 5496
elapsedTime 600.014
unaryHyperVol 129
binaryHyperVol 22.6957
additiveEps 0.695652
entropy 0.481574
archive 2
3
6 27  100 0110000000010101001000010101100011000000001000011101110000010011001100000100010101010100000011110011
5 30  100 0101000000010001001010100101100011000000101000001001110000010001110101000100010111010100000011111100
4 35  100 0101000000010001001010100101100000101000101011011010010100010001011111000000011111010100000011110000
runNumber 3
genCount 5299
elapsedTime 599.906
unaryHyperVol 91
binaryHyperVol 9.61429
additiveEps 0.714286
entropy 0.447913
archive 3
4
8 31  100 0110000000010100010011111010100011101000100101111111111100011010101111000100101001010110101001101001
6 33  100 0110000000010100010011111010100011101000100101111111111101011100101100110100100000010110101001101001
4 34  100 0110000001010100010011001001101111101011100101111111111100011010101111000100101001010111101001101000
3 40  100 0110101001010101001000111110100000101000100101110011111101110001110000111110101000010111101011011100
runNumber 4
genCount 5387
elapsedTime 599.853
unaryHyperVol 100
binaryHyperVol 33.9211
additiveEps 1
entropy 0
archive 4
1
4 31  100 1010100111100001011000000110101011101000011000101100110011001010001000111100011100001000101001000001
runNumber 5
genCount 5582
elapsedTime 599.984
unaryHyperVol 60
binaryHyperVol 15.2457
additiveEps 0.758621
entropy 0.449615
archive 5
3
11 33  100 1010100011100010001011001101101111101000101000001100110111111111111101001100010100010001101001001001
5 35  100 0000101000101101001001111101101011101011101001001100110111011111111111001100010110010000101010001101
4 41  100 0000101011101010001001001001101110101000001001011011110100011111010111001100011101010100101010101001
runNumber 6
genCount 5338
elapsedTime 599.851
unaryHyperVol 96
binaryHyperVol 10.728
additiveEps 0.8
entropy 0.449615
archive 6
3
8 31  100 0110100001010110111011011011100000000011100101000101100111011001001101110101000110000001101001001101
4 33  100 0110100001010110111011011011101000001011100101100101101111001010001111110110101100000001101001001101
3 37  100 0110100001010100011001110010100000101011100101100101101111001010001111110010101100100001101001001101
runNumber 7
genCount 5393
elapsedTime 600.018
unaryHyperVol 122
binaryHyperVol 37.8772
additiveEps 0.894737
entropy 0.49717
archive 7
2
6 27  100 0000000000100000101011011111100001001011110111010001110110001100001101000101000011000001101001000101
5 31  100 0000000000100000001011011111100001101011011011010101111110001101001000010101000011010001101001000101
runNumber 8
genCount 5376
elapsedTime 599.949
unaryHyperVol 139
binaryHyperVol 33.0938
additiveEps 0.9375
entropy 0.49717
archive 8
2
5 27  100 1010000000101111111001011101100011000010101000000011110011110001001101010110000001010100101010010000
4 28  100 1010000000101001010011011101100001101000101000010101110011110001001101010110000001010100101010010000
runNumber 9
genCount 5465
elapsedTime 599.972
unaryHyperVol 114
binaryHyperVol 13.9899
additiveEps 0.888889
entropy 0.481574
archive 9
3
14 25  100 1010000000101101100101010110100010101000101000111111110000101011001100001100011000010101101001000001
10 29  100 0110100000101101110101111011101011101000011000111111110000101000001100001100011011010100101011000001
4 30  100 0110101101100110101001010110100010101000101000011111110000101011001011001100011100010100101001000001
runNumber 10
genCount 5415
elapsedTime 599.963
unaryHyperVol 159
binaryHyperVol 16.5312
additiveEps 0.833333
entropy 0.481574
archive 10
3
9 23  100 0000000000101001101011010111101101101011101000011111110011111100011101001100011011000000101001000001
5 27  100 0000000000101001101011010110101101101011101000011100110011011000010000011100010111000001101001000001
4 28  100 0010000000101001001011011110101001101011111011010111110011110001010100011100011011000000101001010001
runNumber 11
genCount 12792
elapsedTime 626.039
unaryHyperVol 120
binaryHyperVol 33.9118
additiveEps 1
entropy 0
archive 11
1
4 29  100 1010000010100001011001111100000011101001011010011011111001001100001001000000011111010100000011110001
runNumber 12
genCount 9284
elapsedTime 680.164
unaryHyperVol 92
binaryHyperVol 17.7083
additiveEps 0.904762
entropy 0.481574
archive 12
3
11 31  100 0110100101010101111000011010101100101010010101011111110100011001001111000110101001010000010101000101
5 32  100 0110100101010101111010011111101111101010000101011111110100111001000011010110101000010000010101000101
4 33  100 0110000001010111111000001010101110101010010101111111110100001111000011000110100000010100010100000001
runNumber 13
genCount 5436
elapsedTime 599.922
unaryHyperVol 99
binaryHyperVol 13.925
additiveEps 1
entropy 0
archive 13
1
3 32  100 0110000001010111011001001000100010101011101001101111110010001010000111101010101100010100101001000101
runNumber 14
genCount 5476
elapsedTime 599.961
unaryHyperVol 133
binaryHyperVol 24.5263
additiveEps 0.842105
entropy 0.481574
archive 14
3
6 27  100 1010100000101101111010011110101110101001001000001111110010000001001100000110000000110100010111000001
5 30  100 1010100000100101111000001110101111101001001000011001110100001101000101000110001100010100010100001101
4 31  100 1110100000100101111010000110101111101001001000011101110100101101011101000110000100010100010100000001
runNumber 15
genCount 5442
elapsedTime 600.066
unaryHyperVol 47
binaryHyperVol 28.6099
additiveEps 0.857143
entropy 0.481574
archive 15
3
10 33  100 0110100100101011001000110011101011101000101000010100110001110001000110001010000011010100010101001101
9 35  100 0110100101100111101000000111101011101000101000010100110001110001000101001010000011010100010111000101
6 38  100 0110100101101011000000110111100000101000001000000100110101000011000111001010001101010110010111001101
runNumber 16
genCount 5459
elapsedTime 599.908
unaryHyperVol 113
binaryHyperVol 30.1458
additiveEps 0.916667
entropy 0.49717
archive 16
2
5 29  100 1010000000100101110101011001101111101000011000100111111111001111001110000000011000010101000011110001
4 36  100 0110101100101101110101011101100110101000011000010011111100010001000110100100011110010011000011110000
runNumber 17
genCount 5393
elapsedTime 599.961
unaryHyperVol 150
binaryHyperVol 33.8929
additiveEps 1
entropy 0
archive 17
1
4 26  100 1110000000101001111011010000100011101001101000011101111101000001010101100110000000010110101001000001
runNumber 18
genCount 5406
elapsedTime 600.012
unaryHyperVol 171
binaryHyperVol 12.1667
additiveEps 0.866667
entropy 0.481574
archive 18
3
7 25  100 0110100101010111111000010010100011101010000101011100110001011011001101100110101011001000011001100001
4 26  100 0110100101010101111000001110101011101011010101011100110001011011001101100110101011001001101001101001
3 27  100 0110100101010100111011010010100011101010010101011100110001001011001101110110101011100001101011100001
runNumber 19
genCount 5366
elapsedTime 599.934
unaryHyperVol 63
binaryHyperVol 24.5602
additiveEps 0.777778
entropy 0.481574
archive 19
3
11 30  100 1010000000100001011000001110101000010101111000010101101001010001001101010101000001010100010100000001
7 34  100 1110000000100001011000001110101000010101111000000001011001010001101101010101000000010100010000010001
6 39  100 1010101111100011110101010001101000010101101000000001111011010001011111010001000000010001010100110001
runNumber 20
genCount 5362
elapsedTime 599.995
unaryHyperVol 156
binaryHyperVol 30.8529
additiveEps 0.882353
entropy 0.49717
archive 20
2
5 25  100 0110000010100001111011111110100011101001110101011111110001111011001100110100010111010100101001001101
4 29  100 0110000010101001111011110111100001101001110101011111110001001100001111011100010111010100101001001001
runNumber 21
genCount 5301
elapsedTime 599.96
unaryHyperVol 52
binaryHyperVol 15.1494
additiveEps 0.777778
entropy 0.472736
archive 21
5
12 34  100 0110100100100101101000110101010111101001011000010110110001011001011111001010001100010100101010000001
8 35  100 0000100110100101101000110001010111101001001000010101100001001001001101100010001100010100101010000101
6 36  100 0000100110100101101000110001010111101001101011100101110010001100001101000010001100010100101011000101
5 37  100 1010101110101101001000110001010110101011011000000101110001011001000101001010001100010100101010100111
4 41  100 0000100011101101001000110101010111101001011000000101110000011101011111010100011100010110101000100111
runNumber 22
genCount 5425
elapsedTime 599.981
unaryHyperVol 58
binaryHyperVol 23.2971
additiveEps 0.857143
entropy 0.481574
archive 22
3
10 33  100 1110000011101000010001011010100001101000010101010001100001111101001100000000000011000001000000000101
7 35  100 1010000001101000011011010001101010101011000101001010100001111101101000000000010011000000000000101101
5 37  100 1110100000101111011011010001100010101000100101011000000000111101100100000000010011000001000000000111
runNumber 23
genCount 5328
elapsedTime 599.987
unaryHyperVol 120
binaryHyperVol 33.9118
additiveEps 1
entropy 0
archive 23
1
4 29  100 0010100001101011111011011110100011101011100101101011010000010110111100010100011111000000101010000001
runNumber 24
genCount 5439
elapsedTime 599.985
unaryHyperVol 116
binaryHyperVol 15.4416
additiveEps 0.714286
entropy 0.506429
archive 24
4
10 27  100 0010000010101011111011001100100011000001111000000111110100001001011101001010001100010100101001000101
8 28  100 0010000010101011111010101100000011000001111000010111111111000001011101001010001100010100101001001101
5 32  100 0010000010101010111011001100000011001001111000000111111101110001000101111110000000010110101001001111
4 34  100 0010000010101011101001001100100101101000111000000111010010000001011101000010000000010100101001001101
runNumber 25
genCount 5380
elapsedTime 599.942
unaryHyperVol 120
binaryHyperVol 24.1905
additiveEps 0.904762
entropy 0.49717
archive 25
2
6 28  100 1010101100101001001000011110100000101011101000011110001000001100111101000110000011100001101011000101
4 33  100 0010100100101101001000010100100011101000011000010000110001110001110101000110000010100001101010000001
runNumber 26
genCount 5289
elapsedTime 600.048
unaryHyperVol 130
binaryHyperVol 33.9062
additiveEps 1
entropy 0
archive 26
1
4 28  100 1110000000101001101000011000100001001011101000000011110001110001001100101010000011010110101000000001
runNumber 27
genCount 5331
elapsedTime 599.998
unaryHyperVol 86
binaryHyperVol 31.7708
additiveEps 0.916667
entropy 0.49717
archive 27
2
5 32  100 1010100100100011110101100110100001010100011000001100110010110011001110010010100011010101101001000101
4 36  100 1010100100100011110101101100000111100100011000011100110100110001011111010010000011010001101010100001
runNumber 28
genCount 5425
elapsedTime 599.966
unaryHyperVol 45
binaryHyperVol 53.9375
additiveEps 1
entropy 0
archive 28
1
5 36  100 0000000011101010010011010011100011010100000101111100011001101010000111011100001100010100101000010001
runNumber 29
genCount 5359
elapsedTime 599.903
unaryHyperVol 140
binaryHyperVol 33.9
additiveEps 1
entropy 0
archive 29
1
4 27  100 0110000001010111111011011010101111101011101000011111111001100111001100010001000111100000010100101001
