OptimalFront
unaryHyperVol 356
3
5 12  100 1010011100001010011001001011101110101000010000000000101101101101100000000100000100010100100100001010
4 13  100 1010011100001010011001001011101110101000011010000000101101101101100000000100000100010100100100001010
3 15  100 0000000100000100010001001011101110101000011010000000101101101101100000000100010100101000100111001010
-------------------------
runNumber 0
genCount 5288
elapsedTime 600.028
unaryHyperVol 165
binaryHyperVol 10.8452
additiveEps 0.75
entropy 0.481574
archive 0
3
7 27  100 0000011110010001001010100010000010100100011010000100101001101111100010000100010100110001100111000101
4 30  100 0000010110010001001010101010100111100100011010000100101001101110100010010100010100010101101001000101
3 33  100 0010100110010000011010101010101101101001011010000101111001101111100010000100010100010001101101000101
runNumber 1
genCount 5383
elapsedTime 599.91
unaryHyperVol 136
binaryHyperVol 17.4203
additiveEps 0.73913
entropy 0.529986
archive 1
4
9 28  100 0010011101010010011001001011001110101010010000111100110001010101100010010011010110010101000011001010
8 30  100 1010011101010010011001001011001110101010001010101100110001010100100000000111010001010101000000011010
5 31  100 1010011101010010011001001011001110101010001010101100110000010100100000000111010001010101000000011010
4 35  100 0010011101010010011001001011110110101010011010100000001110100001001110011000010001010101100000011010
runNumber 2
genCount 5455
elapsedTime 600.049
unaryHyperVol 166
binaryHyperVol 10.3788
additiveEps 0.681818
entropy 0.529986
archive 2
4
6 27  100 1110101101111010001010101010001010101000011010000001101101100001100000000100000001110111000011000101
5 29  100 1010011101111000101010001010101010001000011010000001101101100001100000010100010010010001000001000101
4 32  100 0110010101010010101010011011111010000000111010110011100001100001101010000100000000010101000001000101
3 34  100 0110110111010010111010000001111010001000011010000001101101100001100000010100010010010001000001000101
runNumber 3
genCount 5269
elapsedTime 599.896
unaryHyperVol 109
binaryHyperVol 12.5972
additiveEps 0.833333
entropy 0.449615
archive 3
3
6 32  100 1100001101000100010001110111010101000000011010010100110101010101100010011000010111011001100111111101
5 35  100 0110001101010000010001110101111100000000001010100110001111010101100000000000010100111001101000110101
3 36  100 0000001101010000010000010101110010000011011010000000100101010101010110011000011101010101100100110101
runNumber 4
genCount 5493
elapsedTime 599.986
unaryHyperVol 127
binaryHyperVol 11.8958
additiveEps 0.791667
entropy 0.49717
archive 4
2
4 31  100 0110001101010010010000000011101110011000101010101000100101101111110000000100011111110011000011000101
3 36  100 0110001001010001010000110000100100111011101010001101100100101101100000000100010111110001000001000101
runNumber 5
genCount 5204
elapsedTime 600.001
unaryHyperVol 130
binaryHyperVol 13.5238
additiveEps 0.904762
entropy 0.49717
archive 5
2
4 31  100 0000001101010000010000110111010110011000001010011000100100100100100000000100100100010100100111011010
3 33  100 0000001101010100010000110011011111001000001010011010100110100001000000001111100111010100100111011010
runNumber 6
genCount 5387
elapsedTime 600.006
unaryHyperVol 120
binaryHyperVol 18.3259
additiveEps 0.666667
entropy 0.449615
archive 6
3
8 30  100 0000100100010100011010100011101110101000011010001000101110100101100000011111001101010111000010010010
5 31  100 0000100100010100011010100011101110101000011010001000101110100101100000011101001101010111000010010010
4 39  100 0000111010010000011010101011101110101001001010001110010011010100100010111101100001010011000010010010
runNumber 7
genCount 5438
elapsedTime 599.95
unaryHyperVol 74
binaryHyperVol 33.8077
additiveEps 0.884615
entropy 0.49717
archive 7
2
5 35  100 0110010101010000011001000011111100010101001010111100110011101100100000000100011000100011000010100110
4 38  100 0110100101010000111001000110101110001000011001011111110101100000100000010100011100110011000000101110
runNumber 8
genCount 5299
elapsedTime 600.033
unaryHyperVol 151
binaryHyperVol 11.6136
additiveEps 0.772727
entropy 0.49717
archive 8
2
4 29  100 0110000100011001010000011101000100001010011010000010101101101101110000000100000100010110100100011010
3 34  100 1110001100010001010000011011000100001010011010100100101001100110110000000000010100010110100000011010
runNumber 9
genCount 5213
elapsedTime 599.991
unaryHyperVol 123
binaryHyperVol 14.2778
additiveEps 0.95
entropy 0.49717
archive 9
2
12 31  100 0000000100010100010000001000100100110000011010000101101101101001011100001100011100011001101111000101
3 32  100 0000000100010001010001001000100100111001011010001101101101101011010000000000011100011001101011010101
runNumber 10
genCount 5298
elapsedTime 599.9
unaryHyperVol 178
binaryHyperVol 29.6818
additiveEps 0.863636
entropy 0.49717
archive 10
2
5 25  100 0000011110001010011001010110101010000000001001000000101111100001001110001000000100010110100100001010
4 34  100 0000000100011000011001001010101101000010101001010001000100100000001010001000000100010110100100001010
runNumber 11
genCount 5353
elapsedTime 599.911
unaryHyperVol 143
binaryHyperVol 35.3824
additiveEps 1
entropy 0
archive 11
1
4 29  100 0000010111000101101001111000000000111000011010000001100101010101100010000111001111000001000011000101
runNumber 12
genCount 5409
elapsedTime 600.008
unaryHyperVol 15
binaryHyperVol 13.0806
additiveEps 0.866667
entropy 0.481574
archive 12
3
15 38  100 1010001000010001011010111111010101001000011010111000101001010100010110011000010001110001000011000101
10 39  100 0110001111010001011010111111010100011001011010101000100001001100000110011000010000110001000001000101
3 42  100 0110001111010001011010101101000011011000011010111010011000010101000110111000010010010001000011000101
runNumber 13
genCount 5376
elapsedTime 600.015
unaryHyperVol 87
binaryHyperVol 30.7273
additiveEps 0.954545
entropy 0.49717
archive 13
2
8 33  100 0000010101010001110001000101101110000000010010100000110101010100111101000100010110010100000000111000
5 34  100 0000011100010001110000110101100000001000011010100100110100010110111001000100010100010100100111011010
runNumber 14
genCount 5378
elapsedTime 600.008
unaryHyperVol 41
binaryHyperVol 13.9464
additiveEps 0.928571
entropy 0.481574
archive 14
3
9 38  100 1010000101010010011010011011110110101010001001010100010010100000000110100000011010010000101110001010
4 39  100 1010000101010001010001000010010010101001111001010100100011100000010110101000010110010101100110001010
3 40  100 1010000101010001010000000010110010101001111010010100100011100000010110101000010110010101100011001010
runNumber 15
genCount 5422
elapsedTime 599.922
unaryHyperVol 81
binaryHyperVol 55.9365
additiveEps 1
entropy 0
archive 15
1
6 33  100 0110001000010011000101110010101101110000011010001110101110101101000000010001100001010100100111100101
runNumber 16
genCount 5276
elapsedTime 599.99
unaryHyperVol 80
binaryHyperVol 12.7778
additiveEps 0.851852
entropy 0.49717
archive 16
2
4 35  100 0000001101010011000000011001100101011000101010100010001101101100010000110000010101010100100001000010
3 39  100 0000000101010010010000110101110000101000011010101100000011101110111110010000010101010100100001000110
runNumber 17
genCount 5442
elapsedTime 599.93
unaryHyperVol 53
binaryHyperVol 45.15
additiveEps 0.96
entropy 0.49717
archive 17
2
7 36  100 1110010100010001011001010001111010000000101010011101100101001111010010110110101100010101100011101110
6 37  100 1110010100010101011001000001101010000010101010011101100101001111010010110110101100010101100011101110
runNumber 18
genCount 5318
elapsedTime 599.983
unaryHyperVol 132
binaryHyperVol 35.3889
additiveEps 1
entropy 0
archive 18
1
4 30  100 0000001100010100010000101000000110011000010101001011100011101100100000110011100100010100100111010110
runNumber 19
genCount 5397
elapsedTime 600.062
unaryHyperVol 124
binaryHyperVol 10.96
additiveEps 0.75
entropy 0.481574
archive 19
3
7 30  100 0000001100010010010000011111100001101000011010000100101100100000011100010000010100110100100110010010
5 33  100 1010001101010010111010101001100001001000011010001011101100100001010000011000010100110100100110010010
3 37  100 0000001100010010010000111011100001001011001010000101101000100001011110001000010110010101101000010010
runNumber 20
genCount 5258
elapsedTime 599.926
unaryHyperVol 120
binaryHyperVol 11.56
additiveEps 0.88
entropy 0.49717
archive 20
2
5 31  100 0000100101010101001001001001100111011011011010000001101001100100100000010111100100010100100011000010
3 37  100 0000000100010100001001000010001101101010011010001010001111010101110110001011101001010100101111110010
runNumber 21
genCount 5300
elapsedTime 599.98
unaryHyperVol 194
binaryHyperVol 9.42857
additiveEps 0.619048
entropy 0.481574
archive 21
3
5 25  100 0000001100001010010000001000001110011010010000110111101110100001100000000100000010010100000011000101
4 27  100 0000001100001010010000001000001110011000101010000101110110100001100000000100000010010100000011000101
3 33  100 0000001101010000010000100011011110101001111010010010100101100001000010000100010000010100000001010101
runNumber 22
genCount 5373
elapsedTime 599.98
unaryHyperVol 68
binaryHyperVol 23.5962
additiveEps 0.884615
entropy 0.49717
archive 22
2
7 35  100 0000000100010101011001001000100100101001111010000000010000010111101110011011100100110001000010110101
4 38  100 0000000100010111001001001101100100011000001010001010110001010110101110001011100101010111000010110101
runNumber 23
genCount 5471
elapsedTime 600.095
unaryHyperVol 130
binaryHyperVol 13.5714
additiveEps 0.9
entropy 0.49717
archive 23
2
10 30  100 0000011100010101011010111111000101111001001010101000101001010101000000000111100100010001100101000101
3 32  100 0000001100010100010010000101000101111001001010101000001101010101000000000111100100010001100100000101
runNumber 24
genCount 5234
elapsedTime 599.948
unaryHyperVol 125
binaryHyperVol 18.0652
additiveEps 0.782609
entropy 0.493798
archive 24
5
9 29  100 0000011101000100001001010010110001001001010101000000111101101101110110001000010100010100100110001010
8 31  100 0000011101000100101001010010110001101001110101010000111100101101110110001000010100010100100110001010
6 32  100 0000110100000100001001010000000101011001110000010000111110101101110110001100010100010100100110001010
5 33  100 0000011101000100001001001000000111011001000101010000111100101101110110001000010100010101100110001010
4 35  100 0000011101000100001001001000000111011001000101000000111110101001110110001100010001010100100010001010
runNumber 25
genCount 5262
elapsedTime 599.963
unaryHyperVol 66
binaryHyperVol 35.4167
additiveEps 1
entropy 0
archive 25
1
4 36  100 1010110100010011010101000000100010101001011010110101011001010101110110000000010111010001100010000101
runNumber 26
genCount 5335
elapsedTime 599.926
unaryHyperVol 103
binaryHyperVol 9.96474
additiveEps 0.730769
entropy 0.485314
archive 26
5
15 29  100 1001000100010001010001001100001010001000011010010001101111010101100000000100011100011000100100101010
12 30  100 1101000100001001010000000011111010101000011010000001100100010110101010001000010100011010100100001010
5 34  100 0010000100011001010000001110011010101010111010000001100100010110101010001000010100011011100100001010
4 35  100 0010000100010001010001000110010100101010011010010101000101010111101010101000000100101001100100001010
3 38  100 0010000100010001010001000011111010000000011010010101000111010111111010001000010110011000100100011110
runNumber 27
genCount 5258
elapsedTime 599.985
unaryHyperVol 111
binaryHyperVol 10.2148
additiveEps 0.8
entropy 0.481574
archive 27
3
8 30  100 0000001100010010010000011111110001110111110000010000000011100001010000000100010100010101100111110110
5 35  100 0000001010010000010000111111010000110111110000010000000011100001010000000100010100010110100011010010
3 39  100 0000001010010000010000111100110001101011011010000001100000010100001110101000010100010111100111100010
runNumber 28
genCount 5373
elapsedTime 599.989
unaryHyperVol 112
binaryHyperVol 13.6818
additiveEps 0.909091
entropy 0.49717
archive 28
2
7 32  100 0110101010001000001010010111001010101001011010110011011101100001100000000000010001010000100001000101
3 34  100 0110110111010011011001000110101010101001011010110011010101100001100000000000010001010100000000000101
runNumber 29
genCount 7330
elapsedTime 599.962
unaryHyperVol 84
binaryHyperVol 14.913
additiveEps 1
entropy 0
archive 29
1
3 35  100 1010100110010001001001001111000010101001101010010101101101101101011110000100010101010100000001001110
