OptimalFront
unaryHyperVol 393
3
5 8  100 0011111100100101110000101110000010100100011010001010010001101010001010011000011101000111111000011110
4 9  100 0000111100100101110000101110000010100100011010001010010001101010001010011000011101000111111000011110
3 10  100 0011001100010001010000101110000110010100011010001010010001101010001010011000011101000111111000011110
-------------------------
runNumber 0
genCount 5430
elapsedTime 599.914
unaryHyperVol 165
binaryHyperVol 12.9714
additiveEps 0.904762
entropy 0.49717
archive 0
2
8 26  100 1011001001010001010000101010000110010100010010011010010000101000011010100100000000011011010100011110
3 29  100 1011001001010001010000101010000001100101000010011110010101101000001010011100011101011001011000101110
runNumber 1
genCount 5163
elapsedTime 600.069
unaryHyperVol 214
binaryHyperVol 10.5786
additiveEps 0.714286
entropy 0.447913
archive 1
4
10 22  100 0011001100010000010000001110100101000100010010001010010000000011001010001000100101000101001000011010
6 23  100 0011001100010001010000011110100101000100000010001010010000101010101010101000011100100110111001010111
4 24  100 0011001100110100010000110110100111010101010010000110010001101011011010001000011100000100001000011111
3 28  100 1000001100110100010000111110100111010100010110000110010001101011011010001000011100101010001011010100
runNumber 2
genCount 5298
elapsedTime 599.854
unaryHyperVol 175
binaryHyperVol 13.525
additiveEps 0.9
entropy 0.481574
archive 2
3
7 26  100 0100000101110101010000101110100100101010010010001010011011101010101010010100011100100111010100011110
4 27  100 0100000101110001010000111110100100101010010010001010011011101010101010010100011100000111010100011110
3 28  100 1100000101010001010000101110100100101010010010001010011011101010101010010000011100100111010100011100
runNumber 3
genCount 5220
elapsedTime 600.003
unaryHyperVol 177
binaryHyperVol 12.8571
additiveEps 0.857143
entropy 0.49717
archive 3
2
4 26  100 1001000110010001000000100110000101010100001010001010011001101000001010011000010000000100010100110010
3 29  100 1001000101010000010001000010000101010100001010001010011001101010001010011000010000101100010100010010
runNumber 4
genCount 5403
elapsedTime 599.995
unaryHyperVol 197
binaryHyperVol 10.5217
additiveEps 0.695652
entropy 0.49717
archive 4
2
4 24  100 0011001100100100010000111101010010010101000010001010010010101010001010010100011100000110001001010111
3 31  100 1100001100100100010000111110100100010100101010010010010000101000011010111100011000010010101001010111
runNumber 5
genCount 5277
elapsedTime 599.907
unaryHyperVol 170
binaryHyperVol 9.755
additiveEps 0.75
entropy 0.506429
archive 5
4
11 24  100 0011111101010001101001001010000100100100100000000110000001101010001010010100000101000111010100100111
10 25  100 0011111101010011101001001010000110100111000000010010010000101010001010010100000101000111010100100110
4 28  100 1010100110010001101001001010000100100110100010001110010000101010001010010100000101000111010100110110
3 33  100 1010100110010001101001001010000100100100100000000110001101101010001010010100010111011101010100110110
runNumber 6
genCount 5357
elapsedTime 600.072
unaryHyperVol 148
binaryHyperVol 10.1343
additiveEps 0.75
entropy 0.447913
archive 6
4
11 26  100 0100111100111001110000111110000100100100011010011010111001101000011010011000000100110011101001001000
6 29  100 0000001000010011110000111110000100100101011010011010011101101000001010001100000101100010101001110000
4 30  100 0100101100010001110000011110101101100101011010001010111001101010001010100100010000110011001001001000
3 35  100 1101001000010011010000110010100110100111111110011110010011101010011010100100010110011010111001110000
runNumber 7
genCount 5198
elapsedTime 599.89
unaryHyperVol 165
binaryHyperVol 13.5714
additiveEps 0.904762
entropy 0.449615
archive 7
3
5 27  100 0000001011110101110000110110000011101111000000001010101001101011101010001000001101000101001000010010
4 28  100 0000101111010101110000010110000011100100011010001010000011101011011010011111100001000100001001110011
3 29  100 0000001111010100010000110010000011101111101010001010111001101010001010011111100001000100011000110101
runNumber 8
genCount 5277
elapsedTime 599.997
unaryHyperVol 173
binaryHyperVol 32.825
additiveEps 0.9
entropy 0.49717
archive 8
2
5 25  100 0011000110010001101001001110000100100000010000011010011101101010111010111100000001000111111001000110
4 28  100 0100011100010001101001001110110100100100010000011010011101101010101010010000010000000100111001000001
runNumber 9
genCount 5458
elapsedTime 600.044
unaryHyperVol 89
binaryHyperVol 10.5606
additiveEps 0.757576
entropy 0.449615
archive 9
3
11 31  100 1000000111010100101010011010011111101000011110111010011100101010111010110000011101000101011000011111
4 34  100 0100000111010100101010011010011111101000011110111010011100101010111010110000011101000101001001110101
3 41  100 1100000101010000111010011010001111101111100110110110111100101010111010110000011101010000001001000101
runNumber 10
genCount 5247
elapsedTime 599.867
unaryHyperVol 180
binaryHyperVol 14.9167
additiveEps 1
entropy 0
archive 10
1
3 26  100 0011110100010001011001000001011010100100101110100110011000101011001010011000011101000111111001101110
runNumber 11
genCount 5382
elapsedTime 599.786
unaryHyperVol 149
binaryHyperVol 12.4318
additiveEps 0.875
entropy 0.449615
archive 11
3
11 26  100 0100000101110100000000101101110101010100010000000000010000001001001010010101101101000111111000101101
10 29  100 0100001110010100010000100101110001010100000000000000000000001001001010010101101101000111111000101111
3 30  100 0000000101010100010000100101010101010100110110101110001000101001101010011101101101000111111000101100
runNumber 12
genCount 5240
elapsedTime 599.989
unaryHyperVol 164
binaryHyperVol 19.218
additiveEps 0.894737
entropy 0.49717
archive 12
2
10 25  100 1010001111010111000000111110000000010110010000000110000001010100001010011000010001000101111000111111
4 27  100 0011111111010011000000011110000101010111010000010110011001010100000010101000010101001010101001011001
runNumber 13
genCount 5259
elapsedTime 599.907
unaryHyperVol 264
binaryHyperVol 9.5625
additiveEps 0.666667
entropy 0.529986
archive 13
4
6 18  100 0011001111010001010000101110001001000000011010001010011100101010000000011000000101000111010100010010
5 20  100 0011001101010001110000101110001001101000010000001010010011101010000000011000011101000100010100010010
4 22  100 0011001111010001010000101110000011101000010000001010011110101010000000011001000101000111010100010011
3 24  100 0011001100010001010000101110001001101000010000001110000000101001011010000100011101000111010100001110
runNumber 14
genCount 5335
elapsedTime 599.951
unaryHyperVol 151
binaryHyperVol 12.0208
additiveEps 0.833333
entropy 0.529986
archive 14
4
7 27  100 1111000101000100010000011110000100010110001010000010011110101010001010000100000010000111011001001101
6 30  100 1111000101000100010000010110000110010110011110110010001001101010001010000100000111100111011001110000
5 31  100 0011001001000100010000010010000110100110011110110010001001101000101010000000000101110110101001110001
3 32  100 0111001011010000010000111110010100010110011110000010110100101010001010110000010101111011111001111001
runNumber 15
genCount 5296
elapsedTime 599.944
unaryHyperVol 260
binaryHyperVol 12.7308
additiveEps 0.846154
entropy 0.49717
archive 15
2
5 19  100 0000000000010001010000101110100101000100011010001010010001101011101010011000011101000101011000000010
3 21  100 0000000000010001010000101110000100010100011010001010110001101011001010101000011110000011101010010010
runNumber 16
genCount 5303
elapsedTime 600.044
unaryHyperVol 246
binaryHyperVol 9.88235
additiveEps 0.705882
entropy 0.529986
archive 16
4
8 19  100 0101001100010001010000111110000010100100101010101010010001101010001010011000010100000111110000011110
6 21  100 0111001100010101011001111110000010100100111010100110010001101010101010011000010101000111100000011110
4 23  100 1111001100010101010000101010000011101100111010101010111000101010001010011000010100000111101000011010
3 25  100 0101001100010001010000111110000010100100101110101010010001101010101010011000010010100011101000011000
runNumber 17
genCount 5383
elapsedTime 599.911
unaryHyperVol 161
binaryHyperVol 13.5667
additiveEps 0.9
entropy 0.481574
archive 17
3
15 26  100 0011001011110001110000110101010111010101011110001010110001101010001010011000011111110010011000011010
10 27  100 0011001101011001110000110101010111010101011110001010110001101010001010001100001111110001011000011011
3 28  100 1111001100010000010000111001010111010101010110001010110001101010001010101000011101110001001010111010
runNumber 18
genCount 5357
elapsedTime 600.092
unaryHyperVol 108
binaryHyperVol 54.9524
additiveEps 1
entropy 0
archive 18
1
6 29  100 1100110100010001101001001010000101010100011010110001111101010111001010011000011111001100001000110001
runNumber 19
genCount 5193
elapsedTime 599.84
unaryHyperVol 204
binaryHyperVol 14.9062
additiveEps 1
entropy 0
archive 19
1
3 24  100 0000111100010100101010100010110110100100011110001010010100101000011010011000011110010001111000001111
runNumber 20
genCount 5256
elapsedTime 599.877
unaryHyperVol 233
binaryHyperVol 9.85
additiveEps 0.65
entropy 0.49717
archive 20
2
4 21  100 0000110110010101111010011110000010100100011010001010010001101010001010010100010011000101111000101101
3 28  100 0011000010010000111010101110000010100100011110111010100101101010101010010100010101010011101000111111
runNumber 21
genCount 5290
elapsedTime 599.98
unaryHyperVol 173
binaryHyperVol 12.8952
additiveEps 0.857143
entropy 0.449615
archive 21
3
8 26  100 0100110100010101011001001110000101100110101010010010010001101001000010001100010101000111000000101110
4 27  100 0110110100010101011001001110000001100100110110000110010011101001001010000100010101000101001000111110
3 29  100 1100110100010000111001001110000001100100110110000110010011101001001010000100010101000101001000111110
runNumber 22
genCount 5263
elapsedTime 600.036
unaryHyperVol 209
binaryHyperVol 34.8929
additiveEps 1
entropy 0
archive 22
1
4 22  100 0000110011010101010000101110000000101100101010000010010001101000001010011000010001101100001000011110
runNumber 23
genCount 5332
elapsedTime 600.014
unaryHyperVol 225
binaryHyperVol 12.2946
additiveEps 0.857143
entropy 0.481574
archive 23
3
10 21  100 0011000000010001010000101101011000010111010000001010010001101010000010011000011100000111101000010001
4 23  100 0011001000010100010000001001010100010111010000001010010001101010001010011100011100000111101000010001
3 24  100 1111000100010001010000011101011000010111010000101010010001101010001010011000011101000111101010010000
runNumber 24
genCount 5430
elapsedTime 599.934
unaryHyperVol 211
binaryHyperVol 23.3
additiveEps 0.666667
entropy 0.481574
archive 24
3
6 21  100 1011001100010001010000011010000110010100010000000110000001101010000101110001000101001000110100011101
5 23  100 1011001100010001010000011110001110010100010000110110000001101000000101110101000100000100110100011101
4 28  100 0011001100010001010000100110010011010100000000111110000001101000000010100101000101001000010100011111
runNumber 25
genCount 5430
elapsedTime 600.016
unaryHyperVol 165
binaryHyperVol 34.9167
additiveEps 1
entropy 0
archive 25
1
4 26  100 0011000001010100010000010110000100010100011001000110011110101001001010010110100010000111001011010010
runNumber 26
genCount 5206
elapsedTime 599.926
unaryHyperVol 163
binaryHyperVol 8.72222
additiveEps 0.642857
entropy 0.447913
archive 26
4
12 24  100 0011111100010001000000000110000100101100001010101010010001101010001010011000010000110010010101111110
8 26  100 0011110100010001000000000110010100101100101010100010010001101010001010001000000100110110010100001101
5 27  100 0011011100010001000001001110001100101100101010001010010001101010011010001000010100001100010101001111
3 36  100 1010000100010001010001001110100100101001000010100010110010101000011010011000010100100000010101001110
runNumber 27
genCount 5310
elapsedTime 599.978
unaryHyperVol 201
binaryHyperVol 12.6316
additiveEps 0.842105
entropy 0.49717
archive 27
2
4 24  100 0011000011010100010000100110000110100100010110000010010011101001001010011100011111001011111001000000
3 27  100 0011001001010001010000101110110110101100010110000010010110101010001010110100010100101011111001001010
runNumber 28
genCount 5466
elapsedTime 599.98
unaryHyperVol 172
binaryHyperVol 13.5105
additiveEps 0.9
entropy 0.49717
archive 28
2
13 25  100 1111100101110100101001001101010010100101010010001010000001101010111010010000011101001011111000011100
3 27  100 1111100100010001101001001101011001100101111010001010000001101000101010010000011101000111001000111010
runNumber 29
genCount 7497
elapsedTime 599.823
unaryHyperVol 196
binaryHyperVol 10.2975
additiveEps 0.727273
entropy 0.447913
archive 29
4
14 23  100 0011001010010100010000001010100101000100011110000010010000101010101010011000010101100011111000011100
7 24  100 0000000111010101010000000110000100000001111010010010100001101010101010011000010101000011111000011100
4 25  100 0011000110010100010001000110001010100100111010000010110100101010111010011000011101110011111000011100
3 30  100 0000000101010100111001000010000111101100011010000110110100101010111010011000011101110011111010001001
