OptimalFront
unaryHyperVol 246
2
4 11  100 0000011100010000001001001010101100111011111010101010111001010100001110101111101110010110100101100101
3 13  100 0000010100010100001001001010101100111011111010101010111001010100001110101111101110010110100101100101
-------------------------
runNumber 0
genCount 5447
elapsedTime 599.976
unaryHyperVol 20
binaryHyperVol 9.65333
additiveEps 0.933333
entropy 0.509891
archive 0
2
8 37  100 0000000100010100101010100101011010110100101010110100110001000000000000011000011011010100101001100110
3 41  100 0110001010010001010000011011000001011000011010110100110011100000000000111000011100010110100001101110
runNumber 1
genCount 5099
elapsedTime 600.081
unaryHyperVol 99
binaryHyperVol 9.40602
additiveEps 0.894737
entropy 0.509891
archive 1
2
10 27  100 0000001100010000010000110011100011011011111010101010111001100100000110101100010100110101100001000110
3 30  100 0000001100010100010000100110000101011011111010101010111001100101000110101100010000010101100001000110
runNumber 2
genCount 5309
elapsedTime 599.953
unaryHyperVol 50
binaryHyperVol 16.4286
additiveEps 0.958333
entropy 0.509891
archive 2
2
10 34  100 1110101010010000001001011101111100000001001010100011110001100000000010011100000011010111000011100110
4 35  100 1110101010010000001001011101111100000000101010100011110101100000000010011000010011010101000011100110
runNumber 3
genCount 5186
elapsedTime 599.996
unaryHyperVol 92
binaryHyperVol 8.35417
additiveEps 0.75
entropy 0.599401
archive 3
3
7 29  100 0000001101010001110101110101100111111011101010100010110100010100101110100011011110010111000001010101
4 31  100 0000001101010001110000000101100111111011101010100010110100010100101110100011011110010111000001010101
3 35  100 0000001101010001010000010010101011001001011010100010110100010100101110100000011101010111000011010101
runNumber 4
genCount 5146
elapsedTime 599.918
unaryHyperVol 43
binaryHyperVol 15.6648
additiveEps 0.884615
entropy 0.468496
archive 4
3
10 34  100 1100000101110111000001000101000110101011100101000101110101100101001010001100011101101010100101010010
5 36  100 0110000101110111000001000101000110101011100101000101110101100101001010001100011101101010100100010010
4 37  100 0110000101110011010000000101000100111010000101000101110100100101001110001100011110101011100011011110
runNumber 5
genCount 5185
elapsedTime 600.031
unaryHyperVol 64
binaryHyperVol 16.752
additiveEps 0.8
entropy 0.54796
archive 5
4
8 30  100 0110010100110000000000000011010001010101001010111000110101100100001110111000011110011010100101000110
7 33  100 0110000101110000000000000111010101010100001010010110110101100100001110111100010100011010100101101010
6 35  100 0110000100110000000000000111011001110100001010111001110101101110011110111000010000011010100101101110
4 36  100 0110000101110000010000000010110100000010101010011000010011100110001110011000010100001010100101101110
runNumber 6
genCount 5341
elapsedTime 599.955
unaryHyperVol 28
binaryHyperVol 20.125
additiveEps 0.892857
entropy 0.599401
archive 6
3
11 36  100 0000000100010000111001000101000011110111101010001101111010101110100000100111000010100011000000001010
6 37  100 0000000100010000111001000101000011110101110101001101111010101110100000000111000010010111101011000110
5 39  100 0000000100010000111001000100010011110101101010001101111010101010100000000001100110010111100011001010
runNumber 7
genCount 5175
elapsedTime 599.944
unaryHyperVol 75
binaryHyperVol 7.27419
additiveEps 0.645161
entropy 0.5994
archive 7
3
5 31  100 0000111100010011001010101010111110111011111010001000111000100001010000010000000010010100000001100101
4 33  100 0010110100111011001001000010111110111011111010001010101000100001010000010000000000100000000001100101
3 42  100 0010110100010011001001000101000001101010001010011111110101100001010000010000010011010100000010100010
runNumber 8
genCount 5331
elapsedTime 600.005
unaryHyperVol 88
binaryHyperVol 8.32292
additiveEps 0.791667
entropy 0.472411
archive 8
4
11 29  100 0110000100110001001001000111011100110101101010101000111000101100001110011100010101010001000001100101
5 30  100 0110000100010000000101000111011100110101101010101010111010100100000000001100010000010001000001100101
4 33  100 1010000111010000000101001001110010000001001010101011011010100100011110001100010000010001100101000101
3 35  100 0110000100010010010001000110110101000001101010101000111010010100000000001100010000010001000001100101
runNumber 9
genCount 5216
elapsedTime 600.018
unaryHyperVol 40
binaryHyperVol 9.5
additiveEps 0.857143
entropy 0.5994
archive 9
3
10 35  100 1010000001010000011010110001011111011000011010100011010001010100011101010000011110010001101101000101
6 36  100 1010000001010000011010110001011111011000011010100011010001010100011101000000011100010001101101000101
3 39  100 1010000001010000010010000111011111011001001010100011010001010100011110001000010101010001100011000101
runNumber 10
genCount 5219
elapsedTime 599.98
unaryHyperVol 120
binaryHyperVol 6.84783
additiveEps 0.652174
entropy 0.472411
archive 10
4
7 25  100 0000010100010000001010111011001100000001111010010100111000010100001110100001101111010100010101111010
6 26  100 0000111101010000001010011011001100000001111010110010001001010110001110100001100110010000010101100010
4 28  100 0000111101010100001001010010100100000000111010101110001010010110001110100001101110010100011000111010
3 34  100 0000010100010100111001000010000100000001111010010101110000010110100000010001100111010100010101101010
runNumber 11
genCount 5136
elapsedTime 599.862
unaryHyperVol 89
binaryHyperVol 12.3295
additiveEps 0.727273
entropy 0.472411
archive 11
4
11 25  100 0000111100110001000000100010000001011001011010101000110101100100101110101111101110010100100101100110
9 26  100 0000111100110001000000010001000001011001001010101000110101100100101110101111101110010000100101100110
6 29  100 1010110000110111010000010101000001011001001010101000110101100100101110101111101110010100100101100110
4 33  100 0110111100010101000000100001000001011001011010101000110101100100101110100111101010010101100001101010
runNumber 12
genCount 5473
elapsedTime 599.985
unaryHyperVol 158
binaryHyperVol 9.30769
additiveEps 0.846154
entropy 0.509891
archive 12
2
4 22  100 0000111111010000101010111000101100101011111010101010111000100100000010101111100000010001100101000101
3 24  100 0000010101110100101010111010111100111011111010111010111001100101000110101100011001010001100110100101
runNumber 13
genCount 5041
elapsedTime 600.032
unaryHyperVol 84
binaryHyperVol 28.66
additiveEps 0.92
entropy 0.509891
archive 13
2
5 29  100 1110001100010011001010000001101101011001101010011000111000010100001110010011100010010011100101010110
4 36  100 1010001111010111000000000001100001011000101010001000010010010100100010100011100000010111100101010110
runNumber 14
genCount 5145
elapsedTime 599.959
unaryHyperVol 82
binaryHyperVol 10.0455
additiveEps 0.909091
entropy 0.599401
archive 14
3
7 31  100 1101001100010000111001111001101110111011101010111110000110100000011110001100010100000001100100110101
5 32  100 0110001100110000011001110101100000011000101010101010000100100010001010001100010100000001100100110101
3 33  100 0110001100010001010000001001101110011011111010101010010001101001011010100100010000000001100100100101
runNumber 15
genCount 5232
elapsedTime 599.931
unaryHyperVol 104
binaryHyperVol 19.0658
additiveEps 0.789474
entropy 0.599401
archive 15
3
7 26  100 1010001100010000000000011101100100110111111010101010011001100100001110101100010000010110100010110010
5 28  100 0010000100010000000000011101100101110111111010101010011001100100001110101100010000010110100110010010
4 30  100 1010001110111000010000101101000100010111111010101010111001100001001110101100000010010111100110010010
runNumber 16
genCount 5318
elapsedTime 599.949
unaryHyperVol 72
binaryHyperVol 10.9091
additiveEps 1
entropy 0
archive 16
1
3 33  100 1010010100010000001001001100000101011011101010111000110110101100000010101000010100010111100001000101
runNumber 17
genCount 5248
elapsedTime 600.014
unaryHyperVol 72
binaryHyperVol 10.9091
additiveEps 1
entropy 0
archive 17
1
3 33  100 0110001100010000010000111100111100001011011010010101110010100110011110001100011110010101100001101110
runNumber 18
genCount 5343
elapsedTime 599.943
unaryHyperVol 68
binaryHyperVol 8.92
additiveEps 0.84
entropy 0.468496
archive 18
3
9 31  100 0000010111010001011010101110000101110001111010000001111001100000001110010011100110010111000001000110
4 34  100 0000010111010000111001001100000100011001111010000010110000101101000010010011100110010111000011100010
3 36  100 0000010110010100001001000110000010101000011010000011110001100000010000000111100110010111000001110010
runNumber 19
genCount 5202
elapsedTime 599.949
unaryHyperVol 144
binaryHyperVol 6.9
additiveEps 0.9
entropy 0.509891
archive 19
2
4 23  100 0000011111010000011001001010100100111011111010101011001001010100001110101100010100010111101001110110
3 31  100 0000000111010010011001001000110001101011111010101011001001010100001110101100010100010111101001000010
runNumber 20
genCount 5180
elapsedTime 599.988
unaryHyperVol 87
binaryHyperVol 8.35417
additiveEps 0.833333
entropy 0.54796
archive 20
4
9 29  100 0000101101010000001010000101000000000011001010101010110001100100100110100000011110010100100001000110
5 31  100 0000101101010000001010000101000000000011001010101010110001100111000000010100011110010100101001000110
4 32  100 1010010101010000101001001101000000000000001010101010110001100101000000011100010010010000101000100110
3 35  100 1110000101010010111001001000110000000001001010001010111001100001100010100000011101010100101001010110
runNumber 21
genCount 5191
elapsedTime 600.058
unaryHyperVol 120
binaryHyperVol 7.5
additiveEps 0.75
entropy 0.5994
archive 21
3
7 25  100 1001110000010000010000111010111100011011101010101001111001100100000110111100000000010110100101100101
4 28  100 1110110010010001010000111010100100011010111010011001111101100100001110101100010010010110101001100101
3 32  100 1110100000010001111010110110110100011010001010101000110001100100001010111000010110010001101001100101
runNumber 22
genCount 5173
elapsedTime 599.962
unaryHyperVol 66
binaryHyperVol 8.02463
additiveEps 0.758621
entropy 0.5994
archive 22
3
10 32  100 0000100110010000000101001010111010111011111010101011100001010100010000100000010100110101000001000101
4 33  100 0000100110010000110101001111001101111011101010001010001010010100000000100000011100010001000001000101
3 40  100 1110100111010001101001000011110010111011111010011000000100010101010000000000010001110001000001010101
runNumber 23
genCount 5487
elapsedTime 599.917
unaryHyperVol 125
binaryHyperVol 9.22222
additiveEps 0.888889
entropy 0.509891
archive 23
2
4 26  100 0000001100010000010000101000000101111011111010010010110000100100001110111100101110010110101101100110
3 29  100 0000001100010100010000101100110101111011111010010011011000100100001110011100101110010110101101100110
runNumber 24
genCount 4976
elapsedTime 600.001
unaryHyperVol 112
binaryHyperVol 10.8824
additiveEps 1
entropy 0
archive 24
1
3 28  100 1110010100010000011010100001100101111011011010100110100101100100000010101100011110010001100101000101
runNumber 25
genCount 5164
elapsedTime 599.93
unaryHyperVol 118
binaryHyperVol 9.77778
additiveEps 0.888889
entropy 0.509891
archive 25
2
4 27  100 0000011101010100111001001000000000111000101010101110111010100100011110101000010110010110100101000101
3 29  100 0000100100010100111001001011010111111011101010101000111010100100011110111000011101010110100101000101
runNumber 26
genCount 5125
elapsedTime 600.061
unaryHyperVol 83
binaryHyperVol 22.8182
additiveEps 0.909091
entropy 0.509891
archive 26
2
6 29  100 0000011001010100001001110111010100110000001010010101111000100111001110101110101010010110101100101110
4 33  100 0000011001010000000000001111100101011000111010011101101000100111001110000111101000010110101101100010
runNumber 27
genCount 5320
elapsedTime 599.837
unaryHyperVol 63
binaryHyperVol 51.9091
additiveEps 1
entropy 0
archive 27
1
4 33  100 0000101011010000001001011011100101000000001010000000001010100001001110101111101000010100101010110110
runNumber 28
genCount 5185
elapsedTime 600.054
unaryHyperVol 75
binaryHyperVol 9.62338
additiveEps 0.909091
entropy 0.509891
archive 28
2
10 30  100 1101000100010000000001001010000100011000111010000010111010010110001110001100010010010110101001001110
3 33  100 1010000100010001010000011011000100011001111010000010111010010110111110001100010010010111101001100110
runNumber 29
genCount 5255
elapsedTime 599.909
unaryHyperVol 96
binaryHyperVol 10.8947
additiveEps 1
entropy 0
archive 29
1
3 30  100 0000000001010000010000111011000000111011101010101010011001010111000010101100010111010110000000000110
