OptimalFront
unaryHyperVol 420
1
3 10  100 0000010110100100010101000011110001101100011000010011101000101011100110110000011100111010000000001010
-------------------------
runNumber 0
genCount 5405
elapsedTime 599.813
unaryHyperVol 203
binaryHyperVol 14.2963
additiveEps 0.944444
entropy -inf
archive 0
3
6 25  100 0000100001100100010000011011000011101100010101000011110010100111110110000100011111111010100000110110
4 27  100 0000101001100100010000011011000011100100010101000011110010100111110110000100011111111010100000110110
3 28  100 0000101001100100010000001011000011100100010101000011010010101000110110010100011111111010100000010110
runNumber 1
genCount 5406
elapsedTime 600.008
unaryHyperVol 76
binaryHyperVol 24.1333
additiveEps 1
entropy inf
archive 1
2
13 33  100 0000101001101010100000000010110101010110011000011000101001101000000010010000000101001100000001001010
5 34  100 0000101001101010000000000010110001010110011000011000101011101010011010010000000010101100101001001010
runNumber 2
genCount 5444
elapsedTime 599.927
unaryHyperVol 140
binaryHyperVol 333
additiveEps 333
entropy 0
archive 2
1
3 30  100 0110101001010001010000000111010010101100101000100011111000011001110110110000011011100110100000000110
runNumber 3
genCount 5269
elapsedTime 599.763
unaryHyperVol 85
binaryHyperVol 26.9815
additiveEps 0.888889
entropy -inf
archive 3
3
9 32  100 0110101011101000010001010111110011100000101011011111101001011000100001000111010100010100100100001010
6 34  100 0110101010101000010001011111010001101101001000011100011000011000100000000111010100100100100100011110
5 37  100 0110101011101000010000010100110000101001001000111100011000011000100000000111010110010100100100001010
runNumber 4
genCount 5368
elapsedTime 599.918
unaryHyperVol 158
binaryHyperVol 13.9048
additiveEps 0.875
entropy -inf
archive 4
4
11 27  100 0110101001010001010001110111110001100100011000010011100011101010100010110000000100110010000001000101
10 28  100 0110101000010001000001110111110001101000011000010011101011101010110110100100000000111001000000000101
5 30  100 0110101000010001010000110111010011100100011000010011111011101010110110110000000000110001000001000101
3 31  100 0110101001010001100000110111110001101001011000011001101011101000010110000100011100110010000001000101
runNumber 5
genCount 5556
elapsedTime 599.847
unaryHyperVol 211
binaryHyperVol 29.5435
additiveEps 1
entropy inf
archive 5
2
5 23  100 0000010111010100001001010111000001100000010101011111101000011011101110000011010000100001000000001010
4 33  100 0000010111010001001001010101001000100000000101011111100010011010010110000011010000110000000000101110
runNumber 6
genCount 5483
elapsedTime 599.846
unaryHyperVol 203
binaryHyperVol 10.0917
additiveEps 0.625
entropy -0.482628
archive 6
5
8 24  100 0000010110000100010101000110000110101100011000010100101000101000000010000100000001111010100000001010
6 25  100 0000010110000100010101000100001001101111011000110001111000101000000110000100000000110001000001001010
5 26  100 0000010110000100010101000110000110101100011001010100111010101000110110000100000001111010100000001010
4 31  100 0000010101100101010101001100000000101000111000010111101000101000000000110100010011010001101001001010
3 34  100 0000010111100100010101001100000001101110111000010111001011111000001110010100010011010001101001001110
runNumber 7
genCount 5520
elapsedTime 599.84
unaryHyperVol 116
binaryHyperVol 16.0119
additiveEps 0.714286
entropy -inf
archive 7
5
12 29  100 0000101010101000010000111010000101010110010101011011101000101000000110000000010000111100000010101010
8 30  100 1100101010101000000000111011111100010110010101011011101000101000000110000100010000111110000011111110
6 33  100 1100101010101000000000000111010101010110000101011011101010000001000110111100000000100000100011111010
5 35  100 1100101010101000000000000101010101010110000101011011001010000001000110111100000010101000100011111010
4 38  100 0000101010101000110000110111010101010110010101101100111011000001001110001100000010001000100011111010
runNumber 8
genCount 5459
elapsedTime 599.936
unaryHyperVol 109
binaryHyperVol 12.0889
additiveEps 0.833333
entropy -inf
archive 8
3
6 31  100 0000101000010100110000001001101100101101010111011011110111100101110110000000010011011010101100000010
4 35  100 0110101000010001010000000101000101100001011011011011101000001010010110010100010011011001101100111010
3 40  100 0110101001010000100000100001000001100010001011001000111000001010110010001000010011011111101000111010
runNumber 9
genCount 5368
elapsedTime 599.873
unaryHyperVol 143
binaryHyperVol 13.4402
additiveEps 0.869565
entropy -inf
archive 9
4
11 28  100 0000101010100100010000000010000001101100010111000001110000001001000010110000010000011110101100000101
7 30  100 0000101011100100010000100100110000101000010111010001110000001001001010110000010000111110101100000101
4 32  100 0000101010100101010000111100000000101000010101011001010001000001100010000000010000110010100000000101
3 33  100 0000101010100100010000111100000000101001010101011001010000001001000010110000010000011110101100000101
runNumber 10
genCount 5676
elapsedTime 599.721
unaryHyperVol 144
binaryHyperVol 20.7
additiveEps 0.791667
entropy -inf
archive 10
4
8 28  100 0000101010101011010000000011111001101110101000000111100101100100010110100000000000001001100100000010
6 29  100 0000101010101000000000000011111101101110100101000101100000100100010110111100000111111001100100010110
5 32  100 0000101010101001000000100011111001101100011001000101100001011000110110110000000000101000100110000010
4 34  100 0010101001101001000000000001111101101100000101000111101010101010100110101000000100000101100100110101
runNumber 11
genCount 7327
elapsedTime 850.014
unaryHyperVol 280
binaryHyperVol 333
additiveEps 333
entropy 0
archive 11
1
3 20  100 0000101011100100010000010101000001101100011000010011111000011011101010110000011000111010000000001010
runNumber 12
genCount 5464
elapsedTime 642.311
unaryHyperVol 182
binaryHyperVol 13.5344
additiveEps 0.894737
entropy -inf
archive 12
3
16 25  100 0000101010100100010000010011110101001100010101011000011100101000100110000000010101110001100000001010
4 27  100 0000101010100100011001010000110001100000010101000000011110101000010110101000010000111000100111001010
3 29  100 0000101010100100010000101011110001100000010101000000011110101010010110100000010001011000100110001010
runNumber 13
genCount 5657
elapsedTime 599.982
unaryHyperVol 98
binaryHyperVol 25.4167
additiveEps 1
entropy inf
archive 13
2
7 32  100 0000100000101011000000000011011101101111110101101110100100001011100110000100001111000111000000110101
4 34  100 0000101000101011010000010011010011101010111000011011100100111001101110000100001111000111000001000101
runNumber 14
genCount 5366
elapsedTime 599.98
unaryHyperVol 171
binaryHyperVol 13.1508
additiveEps 0.904762
entropy -inf
archive 14
4
9 26  100 0000101010000100010001011101000000100001010101010111100100111011101001110000011111110010100010000101
7 29  100 0000101010000100010000011101000000100001010101010111100100111011101001110000001111000000101100100101
6 30  100 0000101011000100010000010111000001100001000101010011110100011011101110110000011111000000101100100101
3 31  100 0000101010100100010000010110000000100001010101010111100100001011100000111100011111110000101100100101
runNumber 15
genCount 5530
elapsedTime 599.978
unaryHyperVol 93
binaryHyperVol 15.7067
additiveEps 0.96
entropy -inf
archive 15
3
6 33  100 0110101010101001010000100111110111010100101000101011110000001011000110001000011100111100100011001010
5 34  100 0110101001010101100000001111110111010100111000101111010001001011000110001000011100111100100011001010
3 35  100 0110101001010001100000001111110111010100111000101011111011011010000110001000011100111100000011000010
runNumber 16
genCount 5531
elapsedTime 600.015
unaryHyperVol 223
binaryHyperVol 9.04969
additiveEps 0.652174
entropy 0.0232461
archive 16
3
10 22  100 0000101001100100010000000011110001010101010000010101101110101001100110111000011100001010000000001010
4 25  100 0000101011100100010000100011110001010101011001010101100110111011100110010001001111001010000001001010
3 33  100 0000101001100100010000000011110111010101011000010111100111011001001110001000011101101011101100011110
runNumber 17
genCount 5581
elapsedTime 599.945
unaryHyperVol 136
binaryHyperVol 15.5455
additiveEps 1
entropy inf
archive 17
2
5 30  100 0110101001010000100000110101010001100100000101011111101010101000110110110011000000110011000011000010
3 32  100 0110101001010000100000110001010001100100101011010010101100111000100010100000011100110010101101000110
runNumber 18
genCount 5392
elapsedTime 599.912
unaryHyperVol 104
binaryHyperVol 56
additiveEps 1
entropy 0
archive 18
1
4 32  100 0000101010100100011110000111111111100000010101010000010000101000010110000100011001000101100001110101
runNumber 19
genCount 5611
elapsedTime 599.981
unaryHyperVol 115
binaryHyperVol 12.881
additiveEps 0.821429
entropy -inf
archive 19
3
6 31  100 1100101000010001011010000101100101100000101000010111110001101001100110001100010000010010100000000010
4 33  100 0110101000010001011010000101100101100000101000110111110001101001100110001100010000010010100000000010
3 38  100 0110101001010001110000000101000101100000101000000111110001101000100000001100010100010010101100011110
runNumber 20
genCount 5398
elapsedTime 600.008
unaryHyperVol 141
binaryHyperVol 34.9762
additiveEps 1
entropy inf
archive 20
2
5 29  100 0000101000010101010000100101000001101000011000001101000010000100000010110000010000111010000011001010
4 31  100 0000101000010001000000100101010001101000111000011111110000000001110110110100010000101000000000001010
runNumber 21
genCount 5303
elapsedTime 599.941
unaryHyperVol 154
binaryHyperVol 34.9
additiveEps 1
entropy inf
archive 21
2
5 28  100 0110101001010101011110000110011000101100011000000111100000101001100010111001101110010010000000000110
4 30  100 0110101001010101110110000010000001100000011000000011110011011001000000111001101110010010000000000110
runNumber 22
genCount 5413
elapsedTime 599.856
unaryHyperVol 284
binaryHyperVol 8.57895
additiveEps 1
entropy inf
archive 22
2
4 19  100 0000010110100100010101000111000001010100010101011010100100101011101110110011011100111010000010001010
3 29  100 0000010110100100010101000111000001010100010101001001000000101011101110101000011000100100101010001010
runNumber 23
genCount 5426
elapsedTime 600.022
unaryHyperVol 113
binaryHyperVol 18.1051
additiveEps 0.913043
entropy -inf
archive 23
3
15 30  100 0000101000101000010000110011110101010100010101011000101000001000000110110000000101100100100001001110
7 31  100 0000101010101000010000100010000101010100011000011010111000000000010110110100010100001100000001001110
4 33  100 0000101010101000010000100011111100010100011001011011111000000001001110000100000000101101100001001110
runNumber 24
genCount 5422
elapsedTime 599.851
unaryHyperVol 142
binaryHyperVol 35.6579
additiveEps 1
entropy inf
archive 24
2
7 28  100 1010101010101011110000011111110101100000101000101101101000000011010110110011011100110011000001000010
5 29  100 1010101010101011110000011111110001100000011000001101001000000001011110110011000000011010000001000010
runNumber 25
genCount 5323
elapsedTime 600.004
unaryHyperVol 152
binaryHyperVol 11.4815
additiveEps 0.740741
entropy -inf
archive 25
5
7 28  100 0000010110100100011101001001110010101110011001011011000100001001001110110000011101110101000001000101
6 29  100 0000010110100100011101001001110010101110011001010011100100101001000110101100011001010001100001000101
5 30  100 0000010110100100001101000010000010100010101010100001100100101001000110110000011101010001000011100010
4 32  100 0000010110100101000010001111000010010100001010100011100101001001001110110000011101010001000011000010
3 37  100 0000010100100100010101000000111001010111001010100001100101001001001110010100011001001001100111000101
runNumber 26
genCount 5370
elapsedTime 599.679
unaryHyperVol 160
binaryHyperVol 12.5682
additiveEps 0.909091
entropy -inf
archive 26
3
11 26  100 0110000001010000010000010111110001010111001000011011101001111010100110110000010100111010000000000101
5 30  100 0110100001010000010000010101110000010100101000010000101000001001101110010011011000001010000000010101
3 32  100 0110101001010001010000111001110001010111001000011011101010111001110110111000010100011010000000000101
runNumber 27
genCount 5421
elapsedTime 599.917
unaryHyperVol 178
binaryHyperVol 12.2517
additiveEps 0.809524
entropy -inf
archive 27
3
17 25  100 0000101010000100000000001111110101100000101000001111110000101010100110001000010001110010000000001010
4 27  100 0000101010000100000000100000110001100000101000011111111011011000101110011000000101111010100100001010
3 31  100 0000101000100100010000001111110101100000101010001111110011001010100110110000010011110100100000011110
runNumber 28
genCount 5378
elapsedTime 599.934
unaryHyperVol 129
binaryHyperVol 20.3512
additiveEps 1
entropy inf
archive 28
2
11 29  100 0110101001010001010000000011110000101001101010010010011000101000100000110011101100110100000010000101
4 31  100 0110101001010111110110000011110001101000101010010000111100101000100000110011101011010001000011000101
runNumber 29
genCount 5622
elapsedTime 599.932
unaryHyperVol 79
binaryHyperVol 15.2931
additiveEps 0.793103
entropy -inf
archive 29
4
13 29  100 0110101001010001011001110111110001101100011000000000111000000001000000110000010001001110000000010110
10 33  100 0110101000010001110001110111110001101000011000000000111000000001000000111000000001001010000001111110
6 37  100 0110101001010000010101110111010100101000011000000000100001000000000000110000010101001101101100010010
4 39  100 0110101000010000110000100101110000101000011010000011100010000000001110101000010001001101100001111110
