OptimalFront
unaryHyperVol 492
3
6 12  100 0110101001010000000000111001001111000011101110000111101101011000111101101110000001101111101001001010
4 13  100 0110101001010000000000111001011111101011101110000111101101010001001101101110000001101111101001001010
3 14  100 0110101001010000000000111001011111101011101110000111101101011000001101100000010001101111000001001010
-------------------------
runNumber 0
genCount 5637
elapsedTime 599.954
unaryHyperVol 278
binaryHyperVol 18.8426
additiveEps 0.722222
entropy 0.529986
archive 0
4
9 23  100 1010000001101011110000111001011100001011100000000101010001010000001101101100010001101100100101001001
8 26  100 1010000001101011110000111001011100001000100000110101010001010000001101101100010011101100100101001001
5 27  100 1110101001101000110000111011101010101011100000000111010001010100001101101100010101101100100100001001
4 30  100 1010000001101011110000111111010100001011100000110101011001010000001101111100000101100100100100001001
runNumber 1
genCount 5484
elapsedTime 599.881
unaryHyperVol 192
binaryHyperVol 17.4709
additiveEps 0.703704
entropy 0.529986
archive 1
4
10 28  100 1010000011100101100000111101000100101011100000000001001101011000001011001010000101101111101001001010
7 32  100 1010000011100101100000001110000010101000100000110111001101001100000011001010000001101100101001001010
5 33  100 1010000011100101100000001110000010101000100000110111001101001101000011001010000001101100101001001010
4 39  100 0010000011100101100000011011000010101010110000000101001010010001100011101010000011100100100001001001
runNumber 2
genCount 5463
elapsedTime 600.003
unaryHyperVol 92
binaryHyperVol 29.5714
additiveEps 0.923077
entropy 0.481574
archive 2
3
10 36  100 1110100111101000110000000100110000101001110110001111111111011110111100011100000001101101100111000000
6 37  100 1110100111101000110000000100110000101001110110001101100011011110111100011100000001101101100111000000
5 38  100 0110101110100101010000000100110000101001110010000111100100110001011100010010000001101101100000001011
runNumber 3
genCount 5621
elapsedTime 599.953
unaryHyperVol 103
binaryHyperVol 49.7083
additiveEps 0.958333
entropy 0.49717
archive 3
2
7 35  100 1010100110101001110000110100010111101011010010000001001010010100101110110000011100101111000001111010
6 36  100 1010100000101001110000110100010111101011010010000001001010010100101111000000001100101111000011111011
runNumber 4
genCount 5407
elapsedTime 600.005
unaryHyperVol 168
binaryHyperVol 21.7216
additiveEps 0.863636
entropy 0.529986
archive 4
4
11 31  100 0110100101010000000000111001101001101001101010000010100010010000011100100100011001100101101001101001
8 32  100 0110100101010000000000011001101001101001101010000010100010010000011110100100011001100101101001101001
5 33  100 0010100100010000000000111001100111101001010110001011110100011000011010100100011010100100101101001001
4 34  100 0110100101010000000000111001100001101011010010100001110000010001000111101100011101100100101010011001
runNumber 5
genCount 5557
elapsedTime 599.956
unaryHyperVol 155
binaryHyperVol 15.3133
additiveEps 0.833333
entropy 0.481574
archive 5
3
9 32  100 0000101101100100000000011111011011101000001110000011111001000010001101010100010001100100000001000011
6 34  100 0000101001100100000000011111011011101000000010000000110100010010000000100000010001100100000001000011
3 37  100 0000101101100100100000110010111111101000010110010110110100010110000000000000010001100100000010001011
runNumber 6
genCount 5465
elapsedTime 599.916
unaryHyperVol 121
binaryHyperVol 43.6173
additiveEps 0.925926
entropy 0.49717
archive 6
2
6 34  100 0110100101010001000000100000110010100100101010001101101011110100001100001110101000101100000001111010
5 39  100 0110100101010101100000000000110011101000011010001101001011010100001100010110101100100101101000101010
runNumber 7
genCount 5517
elapsedTime 599.981
unaryHyperVol 160
binaryHyperVol 21.4714
additiveEps 0.678571
entropy 0.481574
archive 7
3
8 31  100 0000100111010010001101011001010001001010110101000101100100111011111101011110001101100101100111001001
6 32  100 0000100111010010000101010101010001001010110101000101100100111011001101010110001101100111100111001001
4 40  100 0000100111010000001110010101111001101011011110010000110100111001111000110110100100100101100111001001
runNumber 8
genCount 5391
elapsedTime 600.004
unaryHyperVol 175
binaryHyperVol 15.0097
additiveEps 0.869565
entropy 0.447913
archive 8
4
12 30  100 0110101001010001010000000101110100001001100001010111110100010000000000001100010001101101101010001011
8 33  100 0110101101010001000000000001110000101001100000000101100100010000000000001100010001101001000000001011
4 34  100 0110000000010000100000000101010100101001100000001101100100010000010001100100011101101001101010001001
3 35  100 0110101101010001000000000001110000101001100000001101100100010000000000000000010001100001000001101011
runNumber 9
genCount 5518
elapsedTime 599.989
unaryHyperVol 215
binaryHyperVol 21.6091
additiveEps 0.818182
entropy 0.447913
archive 9
4
8 27  100 1010000010101000000000111101010001101011010001000101001000000000001101000000000001101111000000001010
7 32  100 1010000010101000100000001010010101101011110001010001001000000000001101000000010001101111000001001000
6 33  100 1010000000100101110000011000100101101011110001010101001000000000001101000000010001101111000001001000
4 34  100 1010000000100101000000111110000001101011110000011001001000000000001101000000010001101111000001001000
runNumber 10
genCount 5412
elapsedTime 599.996
unaryHyperVol 152
binaryHyperVol 39.0952
additiveEps 0.952381
entropy 0.49717
archive 10
2
7 32  100 0000100111010100101101001111010111101001100000010111100001001001001110111110100000100010101010001010
5 33  100 0000100111010000101101011101111101101001110000000111100101101011110101001110101101101110101100111010
runNumber 11
genCount 5499
elapsedTime 599.962
unaryHyperVol 274
binaryHyperVol 15.5
additiveEps 0.8125
entropy 0.449615
archive 11
3
13 25  100 0110101001010010000000111001001111101011100000000110111110001100000110010000000101101111000001001010
5 26  100 0110101001010010000000111001001111101011100000000110111010001101000110110000000001101111000001001010
3 28  100 0110100101010000000000100001011111101011000000000101111111000100000101010000010000101111000000001010
runNumber 12
genCount 5506
elapsedTime 599.911
unaryHyperVol 179
binaryHyperVol 20.2821
additiveEps 0.692308
entropy 0.492862
archive 12
5
9 30  100 1010100111010001110000010100110101101011101101010101110101110000001101100110000001100100100101001011
7 31  100 1010100111010001110000010100110101101011101101010101110001110000001101100110100001100100100101001011
6 32  100 1010100111010101010000010100110101101011101101010101110101110000001101100110100001100100100101001011
5 34  100 1110100111010101110000010100110001101011101101010111110101110000001110010110100001100100100101001011
4 38  100 1010100111010001110000010101110101101001001110010000011100010001001111110100011100100101100001001011
runNumber 13
genCount 5379
elapsedTime 600.037
unaryHyperVol 331
binaryHyperVol 20.3231
additiveEps 0.692308
entropy 0.481574
archive 13
3
8 20  100 1010101001101010000000111001100011101001101110000101111100010000001101100100000001101111101001001010
6 22  100 0110101001101000000000111001100011101001101110000001101100011000001110110100000001101111101001001001
4 25  100 0110101001101000000000111001100011101001101110010111111100010001101111010100000001101111101001001001
runNumber 14
genCount 5408
elapsedTime 599.959
unaryHyperVol 276
binaryHyperVol 11.3485
additiveEps 0.636364
entropy 0.481574
archive 14
3
5 25  100 0110100101010000000001110101010011101001101110000111101101111000001101000000010001100100000011001001
4 28  100 0010101100010001000000110101010011101001001110000111101101011000001011000000011001101100000000011010
3 34  100 0110101101010000000000010001010111101010110110101110000011011000011011000000011001101100000001001011
runNumber 15
genCount 5656
elapsedTime 599.888
unaryHyperVol 137
binaryHyperVol 14.4483
additiveEps 0.758621
entropy 0.49717
archive 15
2
4 34  100 0110100101010001110000011000111011101010001110000000110100011000001100010100010110100100101001101010
3 41  100 0110100101010011011101001110000101101000101110110100111000011010010000010000011110101010000010111001
runNumber 16
genCount 5415
elapsedTime 600.038
unaryHyperVol 160
binaryHyperVol 24.1094
additiveEps 0.85
entropy 0.529986
archive 16
4
19 29  100 1010101001101000110000111001010001101011011110000111010001010101011111010000001100101101000011001000
12 30  100 1010101001101000110000111001010001101011011010000111010001010101001111000000011100101101000011001000
9 31  100 1010101001101000010000111000110101101011011110100111010001010101011111010000001100101111000011001000
6 32  100 1010101101101000110000111000010111101001011110000101100000100101001101010000001100101001000000001011
runNumber 17
genCount 5563
elapsedTime 599.991
unaryHyperVol 97
binaryHyperVol 14.7806
additiveEps 0.8
entropy 0.449615
archive 17
3
8 36  100 0000100101100100011110001010010101101000000001110101111101010101011101000000010110100100000010001001
4 38  100 0000100100100100011101001000110000001000100000000101011010010101010101010000010010100100000010001001
3 43  100 0000100111100100011001000010001101101001110000011101001000010101011101010000010110100100000010001001
runNumber 18
genCount 5532
elapsedTime 599.984
unaryHyperVol 209
binaryHyperVol 31.9074
additiveEps 0.944444
entropy 0.49717
archive 18
2
5 29  100 0000101000010100000000010111010101101011001110011010101101011000011101111110100110101111101001101011
4 30  100 0000101000010100000000110101111101101011011110011010111101011010011101100110100110101111101101100000
runNumber 19
genCount 5445
elapsedTime 599.958
unaryHyperVol 165
binaryHyperVol 32.9333
additiveEps 1
entropy 0
archive 19
1
4 32  100 1010100101101011000000011000010010101010101110000111101000110100100011100000001111001101000001001001
runNumber 20
genCount 5330
elapsedTime 599.966
unaryHyperVol 263
binaryHyperVol 14.0877
additiveEps 0.736842
entropy 0.481574
archive 20
3
5 26  100 0110101001010000000000111011011111101000001110000100111100011100001111110100010010001111000001001001
4 30  100 0110101001010001000000111011011111101010011110010100111100010100001001000000010100001101000001001001
3 31  100 0110100101010011000000110101010101101010101010000101000111111000011001100000010011101110000001001001
runNumber 21
genCount 5492
elapsedTime 599.972
unaryHyperVol 148
binaryHyperVol 32.1212
additiveEps 0.954545
entropy 0.49717
archive 21
2
6 33  100 0110100101010011000000111000111101101000101010010111111101011100010011011100010110101001100110001001
4 34  100 0110101101010011000000111000010011101000000110011101111101101100010111011100010000100100100001001001
runNumber 22
genCount 5391
elapsedTime 599.978
unaryHyperVol 224
binaryHyperVol 31.8431
additiveEps 0.941176
entropy 0.49717
archive 22
2
5 28  100 1010100111010011110000010001001111001010011100100111101100010100001001010100010001101011100101111010
4 29  100 1010100111010011110000010001001111101010100010010111101100010100001100010100010001101011101101111010
runNumber 23
genCount 5480
elapsedTime 600.008
unaryHyperVol 190
binaryHyperVol 18.0167
additiveEps 0.95
entropy 0.49717
archive 23
2
5 31  100 0010100100010001100000110111010010101011101110000101110100000000001101100000010001100011000001111011
3 32  100 0110100101010011000000010101111110101011101010000101110100000000001001010000010001100111000001111000
runNumber 24
genCount 5501
elapsedTime 599.925
unaryHyperVol 261
binaryHyperVol 21.3556
additiveEps 0.888889
entropy 0.49717
archive 24
2
8 24  100 0010101001101000000000011001011111101001000010000101101101110000000001101100000001100100100101001001
4 30  100 0010100101101000000000011001001100101010000110000100101101110001000001101100000101100100100100001001
runNumber 25
genCount 5469
elapsedTime 599.94
unaryHyperVol 255
binaryHyperVol 17.75
additiveEps 0.9375
entropy 0.49717
archive 25
2
4 27  100 0000101001100101010000110101000000101011011110110011111101011000001101100000010001101010000001001010
3 28  100 0000101011100100010000110111010000101010100010000011111001011000001100100000010101101111000001001010
runNumber 26
genCount 5460
elapsedTime 599.993
unaryHyperVol 239
binaryHyperVol 17.8235
additiveEps 0.941176
entropy 0.49717
archive 26
2
4 28  100 0000101001100100000000111001010000101001010000000101010001010001011011110010000001100011101001001010
3 29  100 0000101001100100000000111000010000101001010010000111110101010000111000100000010101101101000001001010
runNumber 27
genCount 5520
elapsedTime 599.938
unaryHyperVol 126
binaryHyperVol 46.9394
additiveEps 1
entropy 0
archive 27
1
5 34  100 1110100011101000001110101011011100010101001010010100110001010101001101100000001101010001000010010000
runNumber 28
genCount 5528
elapsedTime 600.019
unaryHyperVol 213
binaryHyperVol 19.675
additiveEps 0.75
entropy 0.481574
archive 28
3
11 27  100 0110101101010011010000110001001100000000100010000001101001111100111101101110000010101110101001001011
9 28  100 0110101101010011010000110001101100000000100010000001101001111101111101101110000010101110101001001011
4 32  100 0000101000010000010000110101000101101000101101000000101010001100110101101110100010100110100001010000
runNumber 29
genCount 5879
elapsedTime 599.915
unaryHyperVol 115
binaryHyperVol 29.6786
additiveEps 0.821429
entropy 0.49717
archive 29
2
5 35  100 0000100111010001011110011001000001000011101010101011010011011010101100011110100001100100100100101001
4 40  100 0000100111010100011110010001000000101011100010101001010011011011101011001010100000100101101100001001
