OptimalFront
unaryHyperVol 329
2
3 9  100 0000111100100100100000101110000110100100011010001010010001101010000101011010001101100111101000011010
2 10  100 0010111100010001100000101110000110010100011010001010010001101010000101011010001101100111101000011010
-------------------------
runNumber 0
genCount 5266
elapsedTime 599.841
unaryHyperVol 82
binaryHyperVol 11.0962
additiveEps 0.884615
entropy 0.5994
archive 0
3
4 31  100 0000000101000111110110101010100110101001101010001010010100101001110100010110001101100100000010111010
3 33  100 0000000011000100110111000010100010101100001110001010010100101001010110011110001101100100000010001010
2 35  100 0000110111010001111111010010100111100010011010001010110001101001110010000010011100101100000010001010
runNumber 1
genCount 5130
elapsedTime 599.955
unaryHyperVol 229
binaryHyperVol 11.75
additiveEps 0.9
entropy 0.509891
archive 1
2
4 18  100 0000011101010001100000101110000101010100011001001010011101101010000101011010010001101011101100011010
2 19  100 0000001101010001100000101110000101010100010000001010011001101010000101011010010001101011100100011010
runNumber 2
genCount 5366
elapsedTime 600.116
unaryHyperVol 179
binaryHyperVol 10.1471
additiveEps 0.941176
entropy 0.509891
archive 2
2
4 22  100 0000001100010101101101110110000010010100101010000010100001101010001101101010011100100111101000011010
2 26  100 0000001100010001000111010110100010010100111010010010100001101010001101101010011100100111101000011010
runNumber 3
genCount 5425
elapsedTime 599.841
unaryHyperVol 134
binaryHyperVol 8.44667
additiveEps 0.68
entropy 0.472411
archive 3
4
8 25  100 0000001101010101101000011010000101001000011010010010000001101000001101101010001111101111101010111010
5 26  100 0000110111110001101000010110001110100001011010111010100001101000100110010110001111100101101000011010
3 29  100 0000001011100100101100110110010101100000011010010110110001101010010110111010001011100110100011011010
2 34  100 0010001001010000011111001010011010100000011110011110000101101000010110111010001011100101101000011010
runNumber 4
genCount 5269
elapsedTime 599.981
unaryHyperVol 162
binaryHyperVol 12.2292
additiveEps 0.9375
entropy 0.509891
archive 4
2
5 24  100 0010110000010001101011101110000101000010111001001010000001101010110011101010010010100111101000011010
2 25  100 0010001100010001100001111110000101100110110010010010010001101010000011011010010011100111101000001010
runNumber 5
genCount 5163
elapsedTime 600.026
unaryHyperVol 159
binaryHyperVol 8.57273
additiveEps 0.7
entropy 0.472411
archive 5
4
13 22  100 0000111100100101001111001110000100100100010000111110100000101010000100010110001110100111101100010110
5 23  100 0000111100100101001111001110000000100100010000111110100000101010000100010110001110100111101100010110
4 28  100 0110110000000111110110101110000100101000010000111010010100101001000110010110001110101111100110011010
2 29  100 0110110000010011110110111110000100101000010000011010010100101001000110010110001110100111100110011010
runNumber 6
genCount 5334
elapsedTime 599.978
unaryHyperVol 121
binaryHyperVol 12.9474
additiveEps 1
entropy 0
archive 6
1
2 28  100 0000011101010001001000010010000110101101010110111010110001101010000100001010101111101100101000111010
runNumber 7
genCount 5432
elapsedTime 600.007
unaryHyperVol 119
binaryHyperVol 8.27586
additiveEps 0.655172
entropy 0.5994
archive 7
3
4 27  100 0010011100111001100001010000001110100011010110001010110010101010111101100000001101100100000010011010
3 29  100 0000111101101001111000010010110110100011010110001010110010101010101100100000000100100101000000101010
2 38  100 0010010010010011100000110010101000100001000110110110110010101001111001100110101101101100000011001010
runNumber 8
genCount 5270
elapsedTime 599.944
unaryHyperVol 177
binaryHyperVol 9.47222
additiveEps 0.777778
entropy 0.5994
archive 8
3
8 22  100 0000111111110100000100011110000000000100011010010010010001101010000100001010000001100011000000011010
3 23  100 0000111111110100000100011110000100010100011010010010010001101010000100001010001001100010000000011010
2 27  100 0000111111010001110100010010000111010111000010010010011101101010100101001010110001100111101010011010
runNumber 9
genCount 5460
elapsedTime 599.938
unaryHyperVol 97
binaryHyperVol 12.4318
additiveEps 0.954545
entropy 0.509891
archive 9
2
4 30  100 0000000100010010101100000001010101000101111010101110110001101011000011011010011101101110100100011010
2 31  100 1010110100010010100011010001010111101100111110111110110001101010000000011010001100100101100110011010
runNumber 10
genCount 5424
elapsedTime 599.937
unaryHyperVol 165
binaryHyperVol 12.9333
additiveEps 1
entropy 0
archive 10
1
2 24  100 0000010100010001100000100010111110100001011010001110010001101001010101010110001001100111101111011010
runNumber 11
genCount 5378
elapsedTime 599.962
unaryHyperVol 150
binaryHyperVol 9.98333
additiveEps 0.95
entropy 0.509891
archive 11
2
5 24  100 0000011100100100110111001110001000001100010110001010110101101011010110011010000101100111101010011010
2 29  100 0000001100010010101101000110001000100100010110001110110101101011110111011010000101101111101110011010
runNumber 12
genCount 5408
elapsedTime 599.989
unaryHyperVol 158
binaryHyperVol 7.995
additiveEps 0.7
entropy 0.417715
archive 12
5
12 21  100 1100111100100100000100011110010100100000100000001010010001101010000101011010110001100100101000011010
9 23  100 1100111100100101001100011110011010101101010000001010010001101001000101011010110001100101100100001010
5 24  100 0110001110100101001100011110011010101101010000001010010001101001000101011010111001100100101010011010
4 27  100 1110001100110111001100011110111010100000000000001010010001101001010101010110010001100110101001011010
2 29  100 0000110010010010010100011110111010100000000000001010010001101010000111010110010001100010101101011010
runNumber 13
genCount 5362
elapsedTime 599.941
unaryHyperVol 193
binaryHyperVol 11.2381
additiveEps 0.857143
entropy 0.5994
archive 13
3
5 21  100 0000100000100101010000001110000001000100001010001010100001101000000101001010000100100101101010011010
4 22  100 0000111100110101010000101110000000100100101010000010010001101000001101001010010000101101101000011010
2 23  100 0000111111010010100001110010001000100100101010001010100001101000000101000010001100100111101000011010
runNumber 14
genCount 5525
elapsedTime 599.891
unaryHyperVol 117
binaryHyperVol 50.9706
additiveEps 1
entropy 0
archive 14
1
4 26  100 0000001110010001011101000010000010100100011010111010011001010111110101010010001110100100101001011010
runNumber 15
genCount 5365
elapsedTime 600.03
unaryHyperVol 119
binaryHyperVol 7.03636
additiveEps 0.566667
entropy 0.380988
archive 15
5
13 25  100 0000111110110101001111000010000100000110111010010010011111101001000111011010001111100111101000001010
5 26  100 0000111101110101010000000010000001000110111010010010011111101010100111011010001101101001101100001010
4 29  100 0000111101110101010000000010000001100000010010100110001011101001000000001110001111100111101000101010
3 34  100 0000101100110100011111000010000000100011110010110010011111101001000111011010100101101111100110001010
2 39  100 0010000111010000001111000010000000100011111110110010011011101001100000001110001111100111100111111010
runNumber 16
genCount 5325
elapsedTime 599.923
unaryHyperVol 143
binaryHyperVol 12.9412
additiveEps 1
entropy 0
archive 16
1
2 26  100 0010110111010001010000010110110110100000011010111010100010101011100010011010001111100111000000011010
runNumber 17
genCount 5267
elapsedTime 600.037
unaryHyperVol 165
binaryHyperVol 8.58125
additiveEps 0.75
entropy 0.54796
archive 17
4
10 22  100 0000111101010100000100101110000000000100010000101010010001101001000000011010000101100111101001101010
4 24  100 0000011100000101000100011110000000100101001010111010010001101001000011011110000101100111101000101010
3 25  100 0000111100100100000100001110010000100101001010101010010011101001001001011010000101101111101001101010
2 29  100 0110011100010001000100010110000000100000010000111010100111101001001001011010011101100111100000101010
runNumber 18
genCount 5302
elapsedTime 599.989
unaryHyperVol 191
binaryHyperVol 9.875
additiveEps 0.75
entropy 0.472411
archive 18
4
5 21  100 0000111100010100100011101110110100100100010000001010100010101010000101010110000001011111011100111010
4 22  100 0010111101010001100011101110110110010100010000001010110010101010000100010110001001011111000000111010
3 23  100 0000111111110100100011101110110110010100010000001010110010101010000101010110010010100100000000111010
2 25  100 0000110100010001100010101110110110010100010000001010110010101010000111010110010000100000000000111010
runNumber 19
genCount 5607
elapsedTime 599.963
unaryHyperVol 112
binaryHyperVol 11.3485
additiveEps 0.954545
entropy 0.509891
archive 19
2
5 28  100 0010010000010011100100100001011010101100011100001010011001101001000001000010001101100111000011001010
2 31  100 0000101000010011010001100101011110101101001110010110001001101010110100011010101101100111000000011010
runNumber 20
genCount 5060
elapsedTime 599.99
unaryHyperVol 159
binaryHyperVol 10.9722
additiveEps 0.944444
entropy 0.509891
archive 20
2
4 24  100 0000111110010100000100100010000101000001010000011010010001101001000111001010110001100111000000011010
2 27  100 0000111010010000011100100110000101100100110000011010010000101000000101011010101111100011000000001010
runNumber 21
genCount 5303
elapsedTime 599.895
unaryHyperVol 54
binaryHyperVol 50.9792
additiveEps 1
entropy 0
archive 21
1
4 33  100 0000111110100100001111001010111010101000110000011010000100010100110100000010001100101111101011001010
runNumber 22
genCount 5344
elapsedTime 600.002
unaryHyperVol 187
binaryHyperVol 12.9231
additiveEps 1
entropy 0
archive 22
1
2 22  100 1110111100010001010000010110111110010100010110001010010001101001000100001010011101100111000000011010
runNumber 23
genCount 5397
elapsedTime 599.987
unaryHyperVol 113
binaryHyperVol 8.83333
additiveEps 0.740741
entropy 0.472411
archive 23
4
6 27  100 0010100101101001100000011101010101100000101010110010010100101001010101000000001101000011000011011010
4 29  100 0010000101101001100001011110010101100000101110110010010100101001011101000000001101000011000011011010
3 33  100 0110000101001001100001011110010101101100101110110010010100101001010101100000001110101011000011111010
2 36  100 0010000101010010000000011010010101101110000010110010010001101000011101000010111001100011000011111010
runNumber 24
genCount 5260
elapsedTime 599.936
unaryHyperVol 107
binaryHyperVol 11.3913
additiveEps 0.956522
entropy 0.509891
archive 24
2
3 29  100 0000001111010100001100001010000110100101111110001010010010101010100101010110110010100100000001101010
2 32  100 0000000100010000000011001110110110101001010010111110110010101010100101010110000010100101000011101010
runNumber 25
genCount 5476
elapsedTime 599.942
unaryHyperVol 163
binaryHyperVol 11.5294
additiveEps 0.941176
entropy 0.509891
archive 25
2
3 24  100 0000000111100100101100111101010110010100011110000010010011101010110101011110011101100101101001011010
2 26  100 0000010000010000011000111101010110010100011110000010010011101010010101011110011101100101101001011010
runNumber 26
genCount 5325
elapsedTime 599.728
unaryHyperVol 176
binaryHyperVol 7.83333
additiveEps 0.636364
entropy 0.599401
archive 26
3
5 22  100 0000111100110100001000100010001000000101010000101010010001101010010101001010000001100100101010011010
3 23  100 0000111100110100000001100010000111010111010010111010010001101010100100000010001101100011101100011010
2 31  100 0000111100010000000101100010000011010101001010111010010000101010010111000010001011100000101100101010
runNumber 27
genCount 5521
elapsedTime 600.017
unaryHyperVol 130
binaryHyperVol 12.3421
additiveEps 0.947368
entropy 0.509891
archive 27
2
4 27  100 0000111100010101010011011010000001010101110010001010011001101000011101001010010111100101101000011010
2 28  100 0000110100010001011111010010100100100100000110001010111101101010010101011010111001101101101000111010
runNumber 28
genCount 5407
elapsedTime 599.983
unaryHyperVol 180
binaryHyperVol 11.2778
additiveEps 0.928571
entropy 0.509891
archive 28
2
11 21  100 0000111100010101001111000010000101001100010110010010010001101010000110101010001101100011101000011010
2 23  100 0000111100010001000111000010000100100100010110010010010001101010000110001110001101100011101000011010
runNumber 29
genCount 7193
elapsedTime 599.894
unaryHyperVol 155
binaryHyperVol 7.61039
additiveEps 0.666667
entropy 0.380988
archive 29
5
13 21  100 0000111100010101001111001010000100101100010000001010110001101010001101010000001101100111000000001010
8 23  100 0000011100010001000111101110000100100010111010000010000001101011000101011001001111100111101011011010
7 25  100 0000111101010101010111001110000100101100110000111010011010101011000101011001001101101011000000001010
3 26  100 0000111110010000001101001110000100101100010000101010110001101010001101010000001110101011000000001010
2 30  100 0000100000010011101111001110100100100110111010001010001000101010010100100010011111100111100000011010
