OptimalFront
unaryHyperVol 250
2
5 11  100 0000101100100101100000101110000010101000011010001010010001011010000101011010001100100111101000011010
3 12  100 0000101100100100100000101110000110101000011010001010010001011010000101010000011101100111000000011010
-------------------------
runNumber 0
genCount 5394
elapsedTime 599.929
unaryHyperVol 50
binaryHyperVol 15.7386
additiveEps 0.954545
entropy 0.509891
archive 0
2
11 31  100 0000101111100100010000110010001010101000011001000010111111000001110101101110000000100110000001010000
4 33  100 0000101111100100010000010100011010101000010110100001011101010001110101100110000000100110000001010000
runNumber 1
genCount 5292
elapsedTime 599.993
unaryHyperVol 86
binaryHyperVol 9.74286
additiveEps 0.85
entropy 0.5994
archive 1
3
10 27  100 0000101101100101010000111110000100001001000101000000010101111100000100100000011101100110000000010000
7 29  100 0000101101100101010000010010000101001000000000011011110101110100010110110000011101100111000010010000
3 31  100 0000101101100100010000111110000000101011110000000010010101111100111111110000011101100111000010010000
runNumber 2
genCount 5192
elapsedTime 599.946
unaryHyperVol 52
binaryHyperVol 23.6812
additiveEps 0.956522
entropy 0.509891
archive 2
2
6 32  100 0010010101101001100000000101110101010100101110010110010010110001010101011100010000100100100100001001
4 34  100 0010100001101001100000100111110100101011111110000110110010110001010101101100000010101100100100101001
runNumber 3
genCount 5315
elapsedTime 600.053
unaryHyperVol 74
binaryHyperVol 13.349
additiveEps 0.75
entropy 0.54796
archive 3
4
11 28  100 0000100100010001010000110101000101000001010101000111110000011001000001011010100101100101101000011001
6 29  100 0000100100010101010000110101000101000000011101000101100100111001110101011010100101100100101100011001
5 30  100 0000101100010001010000010101000001001000000110010011010101111001000000011010100101100101101000011011
4 35  100 0000101100010100010000010101000001101000000110010011110001111001000011011110100101101101101100111001
runNumber 4
genCount 5210
elapsedTime 599.958
unaryHyperVol 13
binaryHyperVol 21.0741
additiveEps 0.962963
entropy 0.509891
archive 4
2
7 37  100 0110100000010101110101110101001001101010010000001011010111001000000100011110100000101110100001110110
4 38  100 0110100100010111110101110101000001101010010000001011010101001000000100011110101000101110100001110000
runNumber 5
genCount 5380
elapsedTime 599.902
unaryHyperVol 66
binaryHyperVol 18.6875
additiveEps 0.875
entropy 0.5994
archive 5
3
7 29  100 0000100111010101010000011110001011101001011110101010100000011001110100010010101111100100101000010000
5 33  100 0000100111010001100000011110000011101001011110101010110000100001110100010010101011100100100100010000
4 35  100 0000100111010101000000011101000011101001011110101010011110100001110110010010101111100100101111101000
runNumber 6
genCount 5236
elapsedTime 600.004
unaryHyperVol 68
binaryHyperVol 18.0095
additiveEps 0.952381
entropy 0.509891
archive 6
2
8 29  100 0000100111000100100001111101111110101000100000001010000001011010011011000100000101100100100100010000
4 32  100 0000100111000100100101111101111110101000011110011010000000011010011011000100000101100000100100010000
runNumber 7
genCount 5327
elapsedTime 599.96
unaryHyperVol 93
binaryHyperVol 20.8235
additiveEps 0.941176
entropy 0.509891
archive 7
2
7 27  100 0000100111010001110000011110001001101000011001000100001101011101001101010000001100100100000000011010
4 28  100 0010100111010001100000011110001001101010011010000100100011010010010101010000011100100100000001011010
runNumber 8
genCount 5385
elapsedTime 599.972
unaryHyperVol 61
binaryHyperVol 10.0536
additiveEps 0.833333
entropy 0.54796
archive 8
4
10 31  100 0000101010100101010000001110100101000000000010000001111001101001000101110000010010101111000001111000
5 32  100 0000100100100101010000111100110001001000100010000001110001001100011111010000011110100101000000111000
4 33  100 0000000011100100010000011110110000001000000110000101111001111010011101100000010010101111000001111010
3 35  100 0000100100100100010000101100110010101000100010000001111001100101000111000000010010101100000010101000
runNumber 9
genCount 5462
elapsedTime 599.953
unaryHyperVol 51
binaryHyperVol 9.05952
additiveEps 0.75
entropy 0.5994
archive 9
3
9 32  100 0110100001010101010000111011000011101000100000001101001001010100000100011110101110000011101000011011
4 33  100 0110101101010101010000011000000011101000100000001101001001010100000110011110101111100110100011011010
3 39  100 0110100101010001110000000001111010101011100000001101001101010100000111100000011110100001000010101011
runNumber 10
genCount 5326
elapsedTime 599.92
unaryHyperVol 48
binaryHyperVol 8.76786
additiveEps 0.821429
entropy 0.5994
archive 10
3
7 31  100 0110000001010001100000001000110010100100010110101011101001011010001111010000011111100101000001011011
5 35  100 0110000001010101000000101000110010101011100110111010001001010010010000010000010011100101000011011011
3 39  100 0110000001010000010000001000110010101011110110111011111001011011011110010000011111100101000010111011
runNumber 11
genCount 5428
elapsedTime 600.084
unaryHyperVol 94
binaryHyperVol 8.37273
additiveEps 0.727273
entropy 0.54796
archive 11
4
8 26  100 0000001100100100010000001000000101001000011110000101010110111010000101110000011111100101000000011001
6 28  100 0000100100100101010000001000000101001000011110000101000110111110000001110000011101100111000001011001
5 31  100 0000100111100101010000011001000001001000011010000001001000111100000101110000011111100000000000011001
3 33  100 0000101000100100010000001001001100101001000110000000001101111100000101110000011101100110000000101001
runNumber 12
genCount 5139
elapsedTime 599.856
unaryHyperVol 92
binaryHyperVol 16.6842
additiveEps 0.947368
entropy 0.509891
archive 12
2
8 25  100 0000101100000101000000101110000010101000011110101000010001010001111011010100010001100101000000111010
4 30  100 1001100110101010100000101100000010101010010110101010010000010001111011010000000011100101000000010000
runNumber 13
genCount 5218
elapsedTime 600.027
unaryHyperVol 106
binaryHyperVol 10.6667
additiveEps 0.888889
entropy 0.509891
archive 13
2
4 27  100 0000101100101010110000001101000100101001011010111010010101010001100101110000000010100101000000010000
3 29  100 0000100111100100100000111101001000101001011010111010010101001101000101010000010010100100000000100000
runNumber 14
genCount 5279
elapsedTime 599.715
unaryHyperVol 56
binaryHyperVol 34.3462
additiveEps 0.961538
entropy 0.509891
archive 14
2
6 30  100 0010101101101000100000010001001001101000010000011010000001000001011111010000001101010010000000010000
5 37  100 0010101101101000100110000101001101101001010000011100100000100011010010100000001101010001000000010000
runNumber 15
genCount 5251
elapsedTime 599.994
unaryHyperVol 167
binaryHyperVol 29.5
additiveEps 0.875
entropy 0.509891
archive 15
2
5 18  100 0000101100100101010000101110000001001000011010000110110001011010000101011010000100100100100100010000
4 19  100 0000101100100101010000100010000001101000011010000110010001011010000101011010000100100100100100010000
runNumber 16
genCount 5124
elapsedTime 599.981
unaryHyperVol 121
binaryHyperVol 8.92105
additiveEps 0.736842
entropy 0.509891
archive 16
2
4 25  100 0110101100010001100000100101001010101001010010101010110000011010010110010000011110100111000000011010
3 30  100 0110101101010001100000000001001100101001011110101100110001011010010110010000011111100111000010011010
runNumber 17
genCount 5252
elapsedTime 599.952
unaryHyperVol 54
binaryHyperVol 11.4899
additiveEps 0.954545
entropy 0.509891
archive 17
2
12 32  100 0110100111010001010000001101000110101010111010000010011001110010010011010000011101000001000011001011
3 33  100 0110100101010001010000001101000110101010111010000000011001010010110100010000011010100101000011101001
runNumber 18
genCount 5236
elapsedTime 599.989
unaryHyperVol 86
binaryHyperVol 10.3333
additiveEps 0.857143
entropy 0.5994
archive 18
3
5 29  100 0110010101010011010101001101010110101000011010111000010000011000000101010000001100100111000010011011
4 30  100 0110011101010011010101001101110110101000011010111011010001110110100001010000011101100111000010011011
3 32  100 0110010101010011010101000101010011101010011010001000010000011000000101010000011101100111000010011011
runNumber 19
genCount 5148
elapsedTime 599.972
unaryHyperVol 75
binaryHyperVol 21.4167
additiveEps 0.916667
entropy 0.599401
archive 19
3
6 28  100 0110100000010101010000100101000101101000011010000101010001010000100101010010101101100101100111001001
5 34  100 0110101101010001100000101000000010101011001110110001110001010100001100010010101101101101101010001011
4 35  100 0110101101010101010000101100000010101011001110110011110001011100101100010010101100101111101101001001
runNumber 20
genCount 5324
elapsedTime 600.056
unaryHyperVol 81
binaryHyperVol 11.9474
additiveEps 1
entropy 0
archive 20
1
3 30  100 0000000000100100100000000110000111101000000010011010010001111101101000010000010001100001000010011001
runNumber 21
genCount 5225
elapsedTime 599.982
unaryHyperVol 92
binaryHyperVol 22.5545
additiveEps 0.636364
entropy 0.5994
archive 21
3
8 24  100 0110101000010101000010000001000111010100011010000100110001011110001101010100001101100111000000010000
6 26  100 0110101100010101010010000101000111010100011110000000110000011110000111010000101101100111000000010000
5 33  100 1110101100010101000000010101010111010101001100101100110001011110010001010010101000100111000000110000
runNumber 22
genCount 5339
elapsedTime 599.958
unaryHyperVol 78
binaryHyperVol 15.6429
additiveEps 0.809524
entropy 0.472411
archive 22
4
9 27  100 0000101100010101010000100101000101000000010001000000000011101001110100100010101101100111101000111011
8 28  100 0000100100010101010000100101000101000000010000010010011100011001001001010110101110100011100101111010
7 29  100 0000100100010001010000100101000101000000110010000101000010011001001001010110101101100111100110001000
4 32  100 0000100000010000010000100101000100000001110000000101010000100110110100101010101101101011100101011011
runNumber 23
genCount 5384
elapsedTime 599.897
unaryHyperVol 97
binaryHyperVol 9.28571
additiveEps 0.857143
entropy 0.599401
archive 23
3
6 27  100 0110100100010011100000011000000100001000010110000011010000010000110100010000000001001111000000011010
4 30  100 0110100100010010100101110101000100101000110110001011010001011010010100010000011101101111000001101010
3 32  100 0110100101010001101001001001001110101000010110100001010001010010110110000000011101101111000000011011
runNumber 24
genCount 5267
elapsedTime 600.012
unaryHyperVol 51
binaryHyperVol 29.5326
additiveEps 0.913043
entropy 0.5994
archive 24
3
7 31  100 1110100111010011010000011110000110101000100110100101010011011001000101010000101001101000000000001000
6 33  100 1110100111010111010000011000110110101010100110000101010011011001000101010000101001101000000000000000
5 34  100 1110100111010101010000011000110010101011000010000101010011011001000100011010101111100010000000000000
runNumber 25
genCount 5367
elapsedTime 600.012
unaryHyperVol 64
binaryHyperVol 18.5333
additiveEps 0.952381
entropy 0.509891
archive 25
2
8 30  100 0000101100100101010000100101000101001010111001010001001101110000001111101010000111011101100100011010
4 32  100 0000101100100101010000100101000001101010001010010001110000010000001110000110000111100001100100011010
runNumber 26
genCount 5265
elapsedTime 599.894
unaryHyperVol 69
binaryHyperVol 16.7143
additiveEps 0.857143
entropy 0.599401
archive 26
3
9 29  100 0000100111100100111100000001111010101000001110010110010001011010010101011010000111000001100100011001
7 30  100 0000100100100101111100101111011010101000011110010111000100010111010100011010000101101101100100011010
4 32  100 0000100100100100111101000101101010101000011110010100110001010011010100011010000101101111100100011011
runNumber 27
genCount 5163
elapsedTime 599.919
unaryHyperVol 64
binaryHyperVol 30.95
additiveEps 1
entropy 0
archive 27
1
4 31  100 0110100101010101010000101110000000101011010110010110100001011100001101001010101100100110000000111011
runNumber 28
genCount 5392
elapsedTime 600.039
unaryHyperVol 69
binaryHyperVol 15.96
additiveEps 0.8
entropy 0.472411
archive 28
4
8 28  100 0000100101101001010000010000110110101000011010101101010001011010001001010000010001101111000010111000
7 29  100 0000100100101000010000010000110110101000010010101001100000011110001101000000000001100111000001011001
5 33  100 0000100101101001010000010000010100101000010110101010000000000001011000010000010001101111000000011011
4 36  100 0000100100101000010000010000100011101011110010000010101001010001011001010000000011101101000001011001
runNumber 29
genCount 6465
elapsedTime 599.886
unaryHyperVol 99
binaryHyperVol 10.1579
additiveEps 0.842105
entropy 0.5994
archive 29
3
10 27  100 0000101100100101010000101101000101001000110000101000011001111101000001010000010100101101000000011011
4 28  100 0000101100100101010000101101000011101000011010111000100001110001011101010000010100101101000000011011
3 30  100 0000100100100100010000000101000100101011001010101000011001111101000001010000011100100101000000011011
