OptimalFront
unaryHyperVol 467
4
7 7  100 1000100111010101110000011100101001111110110100000010110111010001101000011101000011101000101001111000
5 8  100 1000100111010101110000011100101001111110110100000010110111010001101000011101000011100000101001111000
4 9  100 1000100111010001110000011100101001111110110101000010110111010001101000011110000011100000101001111010
3 12  100 0100000001010100010000111100101001111110110101000010110111010001101000011110100011010100101001111010
-------------------------
runNumber 0
genCount 5478
elapsedTime 599.888
unaryHyperVol 238
binaryHyperVol 11.8804
additiveEps 0.695652
entropy 0.475082
archive 0
2
5 23  100 0100100100010001110000000101000011111100010101010010111111010001101000010110100000010100101001001010
3 30  100 0100000001010100010000000011000000010100011100000010111011010001101000011010101100010100101011001010
runNumber 1
genCount 5426
elapsedTime 599.928
unaryHyperVol 94
binaryHyperVol 35.7589
additiveEps 0.928571
entropy 0.475082
archive 1
2
6 33  100 1000011100100101010101001100000000011001001101000010011000010001001000010100011011010111000000001010
5 35  100 1000011100100101010101001100000001011111001101011010101100010001001000000000011010010011000000001010
runNumber 2
genCount 5441
elapsedTime 600.048
unaryHyperVol 186
binaryHyperVol 13.61
additiveEps 0.8
entropy 0.475082
archive 2
2
5 27  100 0100100101010101110001000101101010111001011100001110110000100101001000001110100011101010101011111010
3 32  100 0100100101010100111001001111010001111011111111001110011101011101101100001110101101010101101000111010
runNumber 3
genCount 5196
elapsedTime 599.717
unaryHyperVol 110
binaryHyperVol 46.9062
additiveEps 1
entropy 0
archive 3
1
6 31  100 0100101101010001011010111100000001111110110111000110110000110101000101000100010000010011000000111010
runNumber 4
genCount 5399
elapsedTime 599.721
unaryHyperVol 84
binaryHyperVol 44.7917
additiveEps 0.866667
entropy 0.475082
archive 4
2
7 33  100 1000010101100101010101001101100100011110000111101010001100011000100000011010001100110100010111001010
6 37  100 0100011101100100010101000110100001110110101110011010001100011000101100011010001101010000010111001010
runNumber 5
genCount 5463
elapsedTime 599.91
unaryHyperVol 267
binaryHyperVol 19.9405
additiveEps 0.666667
entropy 0.446543
archive 5
4
7 19  100 0100000001010001110000011110101001111101110100000010111000010001010100011101000011010011101001111010
6 23  100 0100000001010100110000010110001001111111110100001010110101010001010100011101000011010011101001101010
5 25  100 0100000001010100110000010110000001111100100100001010110100010001010100011101000011010011101001101010
4 28  100 0100000001010100010000010100101000111010010100010110100110010001000100111101000011010110101011011010
runNumber 6
genCount 5279
elapsedTime 600.035
unaryHyperVol 108
binaryHyperVol 36.91
additiveEps 1
entropy 0
archive 6
1
5 32  100 1101100100010001000000000101100001011101110000000010100100110001000001010000010100001001000011001010
runNumber 7
genCount 5462
elapsedTime 599.779
unaryHyperVol 184
binaryHyperVol 22.5096
additiveEps 0.730769
entropy 0.427067
archive 7
3
7 26  100 0111100101010001101001000011101001101110000111100010010100010000100100011110100110100000101001111010
5 28  100 0111100101010001101001000100000001101110000111100010010100010000100100011110100110100000101001011010
4 33  100 0111100101010101101001000110000011100110000111010110010100100000100100011110100010100000101010101010
runNumber 8
genCount 5524
elapsedTime 599.807
unaryHyperVol 196
binaryHyperVol 15.9252
additiveEps 0.809524
entropy 0.425663
archive 8
5
17 23  100 0100000000100101110000111110101000111101100000010010111010010001101000101110000001010100101001111010
9 25  100 0100000000100100110001110110101000110111110100010010111010010001101000101110000001010100101001111010
8 26  100 0100000000100100110001111110101000011101100000010010111010010001101000101110000001010100101001111010
7 27  100 0100100100100101110000111110101000011100010000010010001011010001001000101110000010010100101000011010
4 28  100 0100100100100100111001111110011000011100000010010010011011010001101000101110000001010100101001111010
runNumber 9
genCount 5549
elapsedTime 599.774
unaryHyperVol 107
binaryHyperVol 21.869
additiveEps 0.892857
entropy 0.509891
archive 9
4
9 32  100 1000100111101001111001010000110001000000100011100110100100010001010100010100010101010100101001001010
8 33  100 1010100111101001111001000001101101100010100011100110100100010001010100010100000101010111101001001010
5 34  100 0000100111101001111001000111111101000000100111011010101100010001001010010100010010010111101001001010
4 35  100 1100100111101001111001000111110101100010000111011010101100010001001110010100000010010110101000001010
runNumber 10
genCount 5557
elapsedTime 600.017
unaryHyperVol 180
binaryHyperVol 36.8816
additiveEps 1
entropy 0
archive 10
1
5 26  100 0100100101010101110001001100110000110001110101100010110110011111100111100001000111010100010100111010
runNumber 11
genCount 6800
elapsedTime 780.771
unaryHyperVol 256
binaryHyperVol 13.4286
additiveEps 0.789474
entropy 0.427067
archive 11
3
10 22  100 0100100100010101110000000010110111111100100101000010111011011001101000011110100010010111101001111010
4 23  100 0100100100010101110000010101000011111100100111000010111011011001101000011110101011010111101001111010
3 26  100 0100100101010100011001000011000111111100000111000010111011011001101000011110100011010100101001101010
runNumber 12
genCount 5694
elapsedTime 641.02
unaryHyperVol 198
binaryHyperVol 21.0268
additiveEps 0.642857
entropy 0.475082
archive 12
2
5 25  100 1010100111010111011010011000000001011110000101000010010011010001011100011110100011010000101010011010
4 35  100 0011100111010100011010010110000000110010010011011010111010100101101100011010100001010000101010011010
runNumber 13
genCount 5269
elapsedTime 599.988
unaryHyperVol 191
binaryHyperVol 13.56
additiveEps 0.8
entropy 0.475082
archive 13
2
4 27  100 0101000001010101010000000001000001110101110100001010011011010001001000001110101011010101101001111010
3 32  100 0100000001010100010000000001000001110100100100010010101011010000101011000010100001010111101011001010
runNumber 14
genCount 5502
elapsedTime 599.916
unaryHyperVol 183
binaryHyperVol 16.8417
additiveEps 0.75
entropy 0.446543
archive 14
4
13 25  100 0100100101010101110000110001111010110010001111001110000000010001111010011110100010010100101001111010
9 26  100 0100100101010101110000110001111010110010001111001110100001010011111010011110100010010100101001111010
6 28  100 0100100100010001110000110101101011001111100100000110000101010100111010010010100110001000101011001010
4 31  100 0100100001010001110000110001001011110011011111001110100000010001110101010010000011010110101000111010
runNumber 15
genCount 5692
elapsedTime 599.992
unaryHyperVol 168
binaryHyperVol 18.04
additiveEps 0.8
entropy 0.427067
archive 15
3
11 26  100 0100000001010101110000110111110000100010011101110110110110110001001000010110100011010000101001001010
6 29  100 0100000011010100010000110111110011010000001001000010010111010010111100010010100101010000101001001010
4 32  100 0100000001010100010000110111110000010000101001110010100011001010000100010010100011010000101001101010
runNumber 16
genCount 5360
elapsedTime 600.032
unaryHyperVol 156
binaryHyperVol 26.8977
additiveEps 1
entropy 0
archive 16
1
4 29  100 0100100101010101110000110001000011110111001110110010110001100001101010100110101111010100101010111010
runNumber 17
genCount 5410
elapsedTime 599.942
unaryHyperVol 109
binaryHyperVol 29.2645
additiveEps 0.774194
entropy 0.427067
archive 17
3
8 31  100 0100100111100100111001001101011110011101111101000010110001110101100111010100010011000011000000111010
6 33  100 0100100111100100111001001100011110011101111001100010100000110101110111010000010011000011000000111010
5 38  100 1100100111100100111001001111000111011000010100001110010000110111110111110100010011000011000000111010
runNumber 18
genCount 5438
elapsedTime 599.97
unaryHyperVol 218
binaryHyperVol 13.0516
additiveEps 0.761905
entropy 0.496825
archive 18
5
15 23  100 0100100101010000110001001010101000111100010101010010110101010101101000011010100011010100101001101010
14 24  100 0100100101010101110001001010001000111100010101010010111001010101101011011010100011010100101001111010
12 25  100 0100100101010101110001001010000111111100010101010010111001010101101011011010100011010100101001111010
4 26  100 0100100101010000111001001010101010111100010101010010010101010101101001011010100001010100101001111010
3 28  100 0100100101010100001001001010101000011101010100110010101011010001001011011010100011010100101001111010
runNumber 19
genCount 5498
elapsedTime 599.893
unaryHyperVol 186
binaryHyperVol 14.7913
additiveEps 0.869565
entropy 0.431037
archive 19
4
8 27  100 0100000001010001010000111111111010110010011101010110110001100001010100011110100100010100101001001010
6 28  100 0110000001010101010000110110101010101110011100100110111011010000100100011110100100010101101001101010
5 29  100 0100000001010100110000111100000001110010110100010110110100100110100110110110100100010110101001001010
3 30  100 0100000001010100010000111111111010110010110100010110100111010000011111111010100100010110101001001010
runNumber 20
genCount 5450
elapsedTime 599.915
unaryHyperVol 169
binaryHyperVol 26.8929
additiveEps 1
entropy 0
archive 20
1
4 28  100 1111000000010001010000110101010001010000110101000010110100010001110011000100010010010101101001111010
runNumber 21
genCount 5293
elapsedTime 599.987
unaryHyperVol 64
binaryHyperVol 45.8583
additiveEps 0.933333
entropy 0.475082
archive 21
2
7 35  100 0001000010101010101010110000000101111101010001010110110000010011010011010100011100010000000011110000
6 37  100 0001000010101001111010110001100000010001010011110010010000010011010011010100001100010000000011110000
runNumber 22
genCount 5430
elapsedTime 599.865
unaryHyperVol 135
binaryHyperVol 15.6538
additiveEps 0.923077
entropy 0.427067
archive 22
3
7 31  100 0100000000010000000000111000100100000110010110110010010100011101000101111010101100010100101011111010
4 32  100 0100000001010000010000110001011000001100100100000010100100111111011101100110100111010100101000111010
3 33  100 0100000001010100010000101000100100000111010100010010100101111101000100011110101101010101101011101010
runNumber 23
genCount 5397
elapsedTime 599.963
unaryHyperVol 135
binaryHyperVol 23.5415
additiveEps 0.956522
entropy 0.475082
archive 23
2
14 29  100 1100000010100101010000111100110101111101011111010101110100100001001000010000011001010000000000111010
5 30  100 1100000001100100101010110110000001111101011001000010110011100001111000010000011001010100000000111010
runNumber 24
genCount 5295
elapsedTime 599.927
unaryHyperVol 187
binaryHyperVol 27.5188
additiveEps 0.947368
entropy 0.475082
archive 24
2
10 25  100 0100000000010000000000000001001001111101001000000010100101110001101000011110100011010110101001001010
5 26  100 0111000000010111010000000101010001011110001000000010100101010001101000011110100111010100101001101010
runNumber 25
genCount 5368
elapsedTime 600.042
unaryHyperVol 198
binaryHyperVol 22.6095
additiveEps 0.857143
entropy 0.427067
archive 25
3
8 25  100 0100000001010001010000111000110011110101011101001110111011100000110100011110100111011000101001111010
6 27  100 0100000000010001010001111000110011110101011101001110111011100100110100011110100111011000101001111010
4 28  100 0100000001010100010000111000110100001101011101000010010011100001110000011010101001010000101001111010
runNumber 26
genCount 5584
elapsedTime 599.681
unaryHyperVol 66
binaryHyperVol 46.9196
additiveEps 1
entropy 0
archive 26
1
6 35  100 0100100101010101000000000101000000100101010100000110111010011001011101000000010100010100000000111010
runNumber 27
genCount 5390
elapsedTime 599.961
unaryHyperVol 176
binaryHyperVol 16.2045
additiveEps 0.954545
entropy 0.475082
archive 27
2
9 28  100 1000000000010100000000110111110000110100110100001010110010110001000100100110100011010100101011111010
3 29  100 0100000001010100010000110011110000110100110100001010110010110001000100100110100011010100101011111010
runNumber 28
genCount 5452
elapsedTime 599.973
unaryHyperVol 241
binaryHyperVol 7.61765
additiveEps 0.470588
entropy 0.427067
archive 28
3
6 22  100 0100100101010101110000001101101000110000010011000010000100010100111000011110100001101000101001111010
4 25  100 0100100101010101110000000001000000000000111011000010110100010100111000011110100101101000101001111010
3 41  100 0100100101010100001001001011000000110001000011011110100110111000010110100110100101010110101011111010
runNumber 29
genCount 5549
elapsedTime 599.993
unaryHyperVol 148
binaryHyperVol 16.6346
additiveEps 0.807692
entropy 0.427067
archive 29
3
17 28  100 0100100101010001110101000111110010111101100101100010110000010001101000000100000001010000010111110101
6 29  100 0100100101010001110001001100110111101101000101100110110100011001101001000100011101010000010111110101
4 33  100 0100100101010001110001000111100011110001000111111110110000011000000100000100010001010100010111110101
