OptimalFront
unaryHyperVol 346
3
6 11  100 0110000010111110001001010100000001100000010101001010000010001100110110110110000111010110111001101010
4 12  100 0110000010111110010001010100100001100000011010001010000010001100111010110110000111101010111001101010
3 15  100 0110000110111110010001000110100001100000011010001010000010001100111010110110000111101010111001101010
-------------------------
runNumber 0
genCount 5418
elapsedTime 600.032
unaryHyperVol 148
binaryHyperVol 10.5
additiveEps 0.75
entropy 0.49717
archive 0
2
4 29  100 0100000111001010010001010110100000100000010101001010000010111101111110110010100001000001101001111001
3 35  100 0100000110001111010000110110100000100100010101111010100101111111111110000010000100100001101000001001
runNumber 1
genCount 5529
elapsedTime 599.943
unaryHyperVol 118
binaryHyperVol 12.7391
additiveEps 0.913043
entropy 0.449615
archive 1
3
5 32  100 0010001000000110010000010110100001100000011010000010001111111110110010111010100010101001111011111001
4 33  100 0100001000000010010001011010100000100000101000001010001100111101101010010110110011101001111001111000
3 34  100 0100001001111110010000111010100000100000101010000010001001110101011010100110111011100001111010111001
runNumber 2
genCount 5343
elapsedTime 600.028
unaryHyperVol 167
binaryHyperVol 8.21154
additiveEps 0.615385
entropy 0.529986
archive 2
4
7 26  100 0110000010111100010000010010100001100101001010000010000001111100110010011010001011101001111001101010
5 28  100 0110000000111100010000010010100101100000101001000010001001111100110010011010000100101001111001101010
4 31  100 0110000010101100010001010010100001100000101011000010001001111100110010010010000101101001001010001011
3 37  100 1110001010111100010000110110101001100001101010001110101000101000110000010010100000100001001010101001
runNumber 3
genCount 5279
elapsedTime 599.894
unaryHyperVol 140
binaryHyperVol 10.5833
additiveEps 0.75
entropy 0.529986
archive 3
4
7 29  100 1010000011110101010000010110100001100001010101011110001010110001111010111010000111101001001001110000
6 31  100 1010000010010010010000010110100010100000010101010110100110110000111110001010000101000001001000111001
4 32  100 0000000111001110010001010110101101100000010101111110011000100001111110110000000111000001001011101001
3 35  100 0001000011010101010000010110101101100001010101010110101100000100011110001010000111100001001001111001
runNumber 4
genCount 5471
elapsedTime 600.062
unaryHyperVol 74
binaryHyperVol 13.4231
additiveEps 0.961538
entropy 0.49717
archive 4
2
6 36  100 0000000111111111010000000110100001100000101000000100011001110101111010011010101000100001111011101001
3 37  100 0010000111011101010000010110100110100110011000010110000000100100000000000110001011100001001001111001
runNumber 5
genCount 5442
elapsedTime 599.97
unaryHyperVol 120
binaryHyperVol 13.2879
additiveEps 0.954545
entropy 0.49717
archive 5
2
4 32  100 0100110110000010001001010110101101100000101000111010110101001100111010101110000010100001010100101001
3 33  100 0100110110001011001001000110100011101101101010001010000001001100111010101010100101100001010111001001
runNumber 6
genCount 5204
elapsedTime 599.876
unaryHyperVol 154
binaryHyperVol 13.8889
additiveEps 1
entropy 0
archive 6
1
3 29  100 0111000110001101010001000110100010100011010101001010000001111110010000110110000101101010001001001010
runNumber 7
genCount 5480
elapsedTime 600.003
unaryHyperVol 83
binaryHyperVol 25.0247
additiveEps 0.814815
entropy 0.481574
archive 7
3
9 32  100 1111001000001000001010100010100001100000011010001010101001111100111110010100111111010111001001000000
7 34  100 0110011110001100001010100010100101100000011000001110101001000100010000110000111111010111001000100000
5 38  100 1110011100001100001001000110100101101100101000000010101001011100010010010000111111010111001000000000
runNumber 8
genCount 5248
elapsedTime 599.933
unaryHyperVol 173
binaryHyperVol 13.1176
additiveEps 0.941176
entropy 0.49717
archive 8
2
6 27  100 0101000001011001010001010110100001100001010101001010000000110000111010110110111011101000011001101011
3 28  100 0110000111111111010001000110100001100000110101001010111100100100111010111110110011101000011001101010
runNumber 9
genCount 5380
elapsedTime 600.069
unaryHyperVol 63
binaryHyperVol 41.92
additiveEps 1
entropy 0
archive 9
1
5 36  100 0110000001001100000101010010100111100000111001001110010001111111010110000010010100010001010111001001
runNumber 10
genCount 5200
elapsedTime 599.957
unaryHyperVol 93
binaryHyperVol 29.6174
additiveEps 0.913043
entropy 0.49717
archive 10
2
8 32  100 1111000100001001110000010000100001100101010101001010000001010100110000010100000100010100001001010011
5 34  100 1101000100000110010001000110100011100101010101001010000000011100110000000100110100010100001010010011
runNumber 11
genCount 5258
elapsedTime 599.873
unaryHyperVol 117
binaryHyperVol 23.8095
additiveEps 0.952381
entropy 0.49717
archive 11
2
7 31  100 0110000010100110010000010000000001101001001011001010010011011111110110011010000100010100101010010000
4 32  100 0110000010100010010000010100001110101001001011001010010011111111111110011010000100010100101010010000
runNumber 12
genCount 5312
elapsedTime 600.02
unaryHyperVol 80
binaryHyperVol 25.9231
additiveEps 0.846154
entropy 0.481574
archive 12
3
9 33  100 1100000000001101010001010100000101001101000101010110110100001101111010110110100101100001001000101001
7 34  100 1100000000001101010000010000000101001101000101010110110100001101111010110110100101101001001000101001
5 37  100 1100000000001101010001010100000101000000000101010110110101001010010010111010101001100001001010001001
runNumber 13
genCount 5256
elapsedTime 600.03
unaryHyperVol 178
binaryHyperVol 17.8039
additiveEps 0.823529
entropy 0.481574
archive 13
3
9 24  100 0000111101111101001001010100100001100000010101001010000010000000111010111110100000010111111001010000
5 26  100 0011110101111101011001010100000001100000011001001010001010001100011010111110100000010110111001010000
4 28  100 0011110101111101001001010010101001100000011001001010001010001100011010111110100000010110111001010000
runNumber 14
genCount 5488
elapsedTime 599.975
unaryHyperVol 180
binaryHyperVol 27.8571
additiveEps 1
entropy 0
archive 14
1
4 25  100 0110101010111110000000010000100001010101010101101010000011101110111010000110100111100011001001100000
runNumber 15
genCount 5301
elapsedTime 599.913
unaryHyperVol 144
binaryHyperVol 15.3043
additiveEps 0.714286
entropy 0.447914
archive 15
4
10 26  100 1111000101111110001001000000100010100000000111011010000110001100000110110100001101010110010100101010
9 27  100 1111000101111100101001010000100010100000000111011010000110001100000110110100001101010110010100101010
6 29  100 1110000101000101101001010100100010100000000111011010000110001100000110110110001101010110010110011001
4 34  100 1111110100111100001001000110100010100001000101001010110010011111000110100010001001010100010100101000
runNumber 16
genCount 5403
elapsedTime 600.051
unaryHyperVol 119
binaryHyperVol 12.7246
additiveEps 0.913043
entropy 0.49717
archive 16
2
4 32  100 0001000110001101010001001010100001100000010101001010000100111111111110000010101101000001111000101001
3 34  100 0001000110100010010000001010101001101011010101001010000001110111111110110010110110100001111000101001
runNumber 17
genCount 5483
elapsedTime 599.941
unaryHyperVol 95
binaryHyperVol 12.8533
additiveEps 0.92
entropy 0.49717
archive 17
2
5 34  100 0111001000011100000000111110100001010111011011001110000010000001100000010110001011101000101001001001
3 36  100 0111000100011101010001001110101101010101011010011110001001001100110010000010001001101010011011001001
runNumber 18
genCount 5378
elapsedTime 600.002
unaryHyperVol 158
binaryHyperVol 26.4074
additiveEps 0.888889
entropy 0.49717
archive 18
2
5 27  100 0111000010001101010000010010100100100000001000001010000011001111111110110110110111101010011011101010
4 29  100 0111000010001101010001010010100100100000001000001010001011000100111110110110110011000011001000101010
runNumber 19
genCount 5411
elapsedTime 599.944
unaryHyperVol 119
binaryHyperVol 11.2933
additiveEps 0.8
entropy 0.481574
archive 19
3
6 31  100 0101110010111010011001010010100000100001001010001110001110010100000000010010000111100000111001100000
4 35  100 1111011110001111011001001010100011100000011011011010000110010000010000110010000111100001011001111001
3 36  100 1101110110111010011001000010101010100001011010101010100111000001110010101010000111100001001001111001
runNumber 20
genCount 5296
elapsedTime 599.942
unaryHyperVol 142
binaryHyperVol 13.2167
additiveEps 0.95
entropy 0.49717
archive 20
2
4 30  100 0100110110111110001001000010100001101100001001010110100010000100110010000110100111100011001010101010
3 31  100 0110010110111110001001001010100001101100001001001110000001010101111010010110100101100001001011101001
runNumber 21
genCount 5228
elapsedTime 600.032
unaryHyperVol 101
binaryHyperVol 11.4444
additiveEps 0.814815
entropy 0.529986
archive 21
4
6 33  100 0111000010001010010000010100000011100000100101110110011000110101111010010010000101100011001010011001
5 34  100 0111000010101010010000010100000011100111100101000110011000010100101010010000000101100011001010011001
4 36  100 0111000010011010010000010100000011100000100101110110111000110111110000000010010100100001001010011001
3 38  100 1011000100000111010000010110100011101000100101001010101000110110100010000110000100100001001010001001
runNumber 22
genCount 5251
elapsedTime 599.932
unaryHyperVol 108
binaryHyperVol 18.7792
additiveEps 0.909091
entropy 0.49717
archive 22
2
10 31  100 1100000100111101110001010110101010100000010101001110000110001100001110011010100100010100110100010000
4 33  100 0000001010100001110000010110101011101001010101000110110110001100001010110010000100010111001000010000
runNumber 23
genCount 5480
elapsedTime 599.956
unaryHyperVol 54
binaryHyperVol 25.4375
additiveEps 0.8125
entropy 0.49717
archive 23
2
5 37  100 0001000110110000010000000110100001100010011000010110110000111101000000000101110100101001010100111001
4 43  100 1000000110110000010000100010101111101000001000100110011000000100010000010010101100100000010100001010
runNumber 24
genCount 5326
elapsedTime 599.981
unaryHyperVol 150
binaryHyperVol 22.7949
additiveEps 0.666667
entropy 0.49717
archive 24
2
5 27  100 0111010101111110001001010100000000100000110101001010000000101100000110000010001100010110010111001010
4 37  100 1111000100111100111001010010100000100000000101010010000100111101000110000010101101010110010111001000
runNumber 25
genCount 5422
elapsedTime 600.052
unaryHyperVol 199
binaryHyperVol 9.64912
additiveEps 0.684211
entropy 0.449615
archive 25
3
6 24  100 0010000101111110010000000100000001100000010101001010000110100111111010110110001101101001101001101010
4 26  100 1110000101111110010000000000000001100000010101001010000110100111111010110110001001101011101001101000
3 30  100 0011000111111011010001000110100001100001010101001010000111101101111010110110101100101000101001101010
runNumber 26
genCount 5602
elapsedTime 599.918
unaryHyperVol 96
binaryHyperVol 9.64643
additiveEps 0.785714
entropy 0.431679
archive 26
4
13 30  100 1010100100111101000001001001010101010100010101010010100010001101001010101110010111101010001011101010
5 34  100 1010100101111101000001001101010101010100100101101010001001010000001110110010000011101000001011101000
4 36  100 1100000100111111010000001010100100010101100101000010001001010000001110000110110111101010001011101010
3 39  100 1110000100111101010001001010100100010101100101010010001001000000000110001110110011101010001010011011
runNumber 27
genCount 5334
elapsedTime 600.067
unaryHyperVol 180
binaryHyperVol 10.4211
additiveEps 0.789474
entropy 0.449615
archive 27
3
9 25  100 0110000000111111110000111010100001100000010101001010101010000100110110110110001001000001111001111001
5 27  100 0110001000111111010000111010100001010100010101001010100000001100110110110110000000101001011001101001
3 30  100 0110001001111111010000111010100001010100010101001010100000001100110110101010110000100001111001111001
runNumber 28
genCount 5291
elapsedTime 599.868
unaryHyperVol 127
binaryHyperVol 10.7733
additiveEps 0.8
entropy 0.481574
archive 28
3
6 30  100 0010001111111110010000010010100101100000011010001010101010101101100000000010000101000001111001001001
4 35  100 0001000011011101010001011110100011100000011010001010100111011001100000010010000001000001111011101001
3 36  100 1110001101001011010000011110100010100000011010001010101010101101100000000010000001100001101001001001
runNumber 29
genCount 5336
elapsedTime 599.958
unaryHyperVol 82
binaryHyperVol 12.4231
additiveEps 0.884615
entropy 0.449615
archive 29
3
14 34  100 1010011110111110001001001010100000100001010101001100010001111100000000010000000011100000001010001001
6 35  100 1010011110111110001001001010100001100011011010100000001110001111000000010000110010100000001010001001
3 37  100 0111000110101101001001001110100010100010010101111010110100111100110000010000111000100001001010011001
