OptimalFront
unaryHyperVol 372
3
7 10  100 1010100110010001000000111101110001110111000101001011011010100011010110111011000100010001100100110101
4 11  100 1010100110010001000000111111110001011001001010001011011010100011010000111011000100010101100100110110
3 13  100 1010000110010001010000111111110001111001001010001011011010100011010000111000010100010101100100110110
-------------------------
runNumber 0
genCount 5361
elapsedTime 600.047
unaryHyperVol 78
binaryHyperVol 14.875
additiveEps 0.875
entropy 0.49717
archive 0
2
5 31  100 0000000110110100001010001101000011110111001010010111111000101010000110011011001100010101101001110101
3 34  100 0000110010110100001010001100000001111010001010011111001010101100000110100100010101010001101001000101
runNumber 1
genCount 5062
elapsedTime 599.969
unaryHyperVol 179
binaryHyperVol 12.3651
additiveEps 0.777778
entropy 0.481574
archive 1
3
10 23  100 0000100110010001011010101111110001111001001010000111110010010111011010000111101100010001100100110101
4 25  100 0000100100010000011010001111110001111001001010011010100010010111011010000111100100010001100100110101
3 28  100 0000100110010000011010001111110001111001001010000111110010010111011010100100011000010001100000010101
runNumber 2
genCount 5249
elapsedTime 600
unaryHyperVol 130
binaryHyperVol 15.2526
additiveEps 0.894737
entropy 0.49717
archive 2
2
8 27  100 0000100101111001000000110000110101011011111010100111010111100010010110111000010000010101100110110110
3 29  100 0010000110010000010000000000110101011010001010100111011001101110110110111000010000010101100110110110
runNumber 3
genCount 5280
elapsedTime 599.919
unaryHyperVol 106
binaryHyperVol 14.6818
additiveEps 0.863636
entropy 0.49717
archive 3
2
5 29  100 1010100100010001001010010111110101011000000101010001000011100001110110111000000001010101101000110101
3 32  100 1010110100010011111010110011110001111001101010110001001000101001110110011000010010010001101001110101
runNumber 4
genCount 5047
elapsedTime 599.963
unaryHyperVol 111
binaryHyperVol 24.325
additiveEps 0.9
entropy 0.49717
archive 4
2
7 28  100 0000000011000100010000111111111001111001001010000101011100100001001100100111000100001000100100110101
4 30  100 0000000111000100010001110111010001111001001010000101001100100001100000110011000000001011100100110101
runNumber 5
genCount 5239
elapsedTime 600.024
unaryHyperVol 47
binaryHyperVol 23.5093
additiveEps 0.851852
entropy 0.481574
archive 5
3
6 33  100 0000100111110001110010011101111110000010001010001011101100010110010101010000011010010101101011100101
5 34  100 0000100010010001110010111101101000111010000000000000110101010101010101000100011011010001101010100101
4 37  100 0000100000010000111010110001110001000011001010000000110101010101011010000000011000010101101010100101
runNumber 6
genCount 5116
elapsedTime 599.985
unaryHyperVol 64
binaryHyperVol 13.6933
additiveEps 0.8
entropy 0.493798
archive 6
5
15 30  100 0000110111010001000000111111000001011001101010001011001000100100010110100000010000110101100001001110
11 31  100 0000100100010001110000110111000001101001101010001010101000100100010110100000010100110101000001001010
9 32  100 0000100100010101110000110111000001101001111001001010011111100110010110000000010100110101000001001010
5 34  100 0000011000010001110000111111010011011010001010101011001011100100000110101000010101110110100000001010
3 35  100 0000100100110100001001000101010011011010001010101011000010101000010110011000010000010101000001001010
runNumber 7
genCount 5195
elapsedTime 599.877
unaryHyperVol 172
binaryHyperVol 14.925
additiveEps 0.875
entropy 0.49717
archive 7
2
8 24  100 1010101000010011000000110011000001011001001001000011010100100000110000011000010000010101100100110110
3 26  100 1010001100010001010000000011000001111001001010110111011100100000100000011000010000010101100100110110
runNumber 8
genCount 5089
elapsedTime 600.008
unaryHyperVol 137
binaryHyperVol 22.65
additiveEps 0.8
entropy 0.449615
archive 8
3
6 26  100 0110001110010001000000111101011110111000101010111011010101100011010110000011011100010001000000110101
5 28  100 0110001110010001010000110011110100111000001010111011110110100111000110000011001100010001000000100101
4 30  100 0000001000010001010000110011110100011000001010111011010101100011010010000011011100010001000000000101
runNumber 9
genCount 5221
elapsedTime 600.01
unaryHyperVol 97
binaryHyperVol 16.131
additiveEps 0.952381
entropy 0.49717
archive 9
2
4 30  100 1010000101010001010000001011011000011001000010001111010001010100010000000001000110010101100100011110
3 31  100 1010000101010001010000001010011000011001001010001111010001010100010000000000010110010101100100011110
runNumber 10
genCount 5242
elapsedTime 599.995
unaryHyperVol 166
binaryHyperVol 14.9196
additiveEps 0.875
entropy 0.481574
archive 10
3
17 24  100 1110000101010000000001000111110001110101101010111011011000100011010000011000011100010101000000010110
5 25  100 0110000101010000000000000101010001110101101010111011011000100011010000001000010110010101000000000110
3 26  100 0110000100010010010000100011110001111001001010001011011001100111010000111100010000010100000000000010
runNumber 11
genCount 5091
elapsedTime 599.918
unaryHyperVol 154
binaryHyperVol 16.9062
additiveEps 1
entropy 0
archive 11
1
3 26  100 1010111101010001001010010100110001111010001010001011001001101011010110111100010100010001101100000101
runNumber 12
genCount 5154
elapsedTime 600.009
unaryHyperVol 214
binaryHyperVol 13.398
additiveEps 0.785714
entropy 0.447913
archive 12
4
10 21  100 1010100111010001000000111111110001110111001010000011011111101001100010011000000100010001100100100101
5 22  100 1010000110010010000000111101110001110111001010010011111000100111010000100000010100010111100100110110
4 23  100 1010000110010010010000111101111101010111111010000011011000100011010000100000010100010111100100110110
3 24  100 1010000110010000010000111101110001111000111010010010011000100011010000100000010100010101100000110110
runNumber 13
genCount 5245
elapsedTime 599.975
unaryHyperVol 147
binaryHyperVol 12.875
additiveEps 0.75
entropy 0.529986
archive 13
4
9 25  100 0010000110010000010000110011010001011001010000001001101001100011100000110000001100010100100100110110
7 26  100 0010101010010010000000100001110010011001010000001011101011100011000010101000010101010101101100110101
6 29  100 0000101010010010000000100001110000101010010000001011101111101101100110101000010000010101100100110101
3 30  100 0000000111010000010000100001110000011001011010011011101001100011100000110100011100010101101100110101
runNumber 14
genCount 5183
elapsedTime 599.962
unaryHyperVol 88
binaryHyperVol 13.1077
additiveEps 0.769231
entropy 0.449615
archive 14
3
8 30  100 1010000111110001011001000111110011111010000000101000110001010100010110000000010111010001100111111101
4 31  100 0010010110010011011001000011110011111010000010101000110001010100010110001000010100110001100101110101
3 36  100 0010100111010011011001000011110010111010011010101000110100010100010110000000011001100001101111110101
runNumber 15
genCount 5292
elapsedTime 599.862
unaryHyperVol 90
binaryHyperVol 15.4773
additiveEps 0.909091
entropy 0.49717
archive 15
2
7 30  100 0000000011010011000000100101000001011000011010000111101011100000011100000110100100010101100110110110
3 32  100 1010000000010011010000110101101001000001011010010011011000100000000110101000010110010101100101101110
runNumber 16
genCount 5107
elapsedTime 600.04
unaryHyperVol 64
binaryHyperVol 14.3846
additiveEps 0.846154
entropy 0.449615
archive 16
3
6 32  100 0000000111010111000000110000111100001010101010101011111010101111010110000011010000010111000000110010
4 33  100 0000000111010011010000010000111100001000101010001011110010101111010110000011010000010111000000110010
3 36  100 0000000111010011010000010000111100001010101010001110100010101110011110110000010000010101000000110010
runNumber 17
genCount 5173
elapsedTime 599.96
unaryHyperVol 98
binaryHyperVol 16.925
additiveEps 1
entropy 0
archive 17
1
3 30  100 0000000110010100010000001010111110000001001010011011010110010111101110001111100111010001100100000101
runNumber 18
genCount 5107
elapsedTime 599.946
unaryHyperVol 101
binaryHyperVol 16.0035
additiveEps 0.772727
entropy 0.493798
archive 18
5
16 27  100 0110110101110001001001000101000001000000000101000111110000000001000000010010100100010001101000110101
11 28  100 0110010101110101101001001001000001000010000101000011110100000000011100010010100100010001101000110101
6 30  100 0110000101110001001001000001000001000001100101010001110100100001000000010010100100010001100000110101
5 31  100 0110100101010001001001000101000001000010110101010001111100100000011100010110100100010001101000000101
4 32  100 0110000100010111001001000111000001000000000101010111110000100000000000010010100100010001101000000101
runNumber 19
genCount 5373
elapsedTime 600.067
unaryHyperVol 97
binaryHyperVol 13.5208
additiveEps 0.833333
entropy 0.481574
archive 19
3
9 29  100 0010000110010001001010110001111100101001101010101000001000001111011110000000010000010101100100110101
4 31  100 0010100010010001001010000011110000011001101010101000010101010101011010000100010000010101100110110101
3 34  100 0000111100010001001010110011111000000011101010001001001101101100011010100000010000010001100100110101
runNumber 20
genCount 5138
elapsedTime 599.841
unaryHyperVol 104
binaryHyperVol 25.9211
additiveEps 1
entropy 0
archive 20
1
4 29  100 0110000110010111000001000100001101011010001010001011011001010100100000010011100100011001100101001110
runNumber 21
genCount 5219
elapsedTime 600.008
unaryHyperVol 85
binaryHyperVol 21.4697
additiveEps 0.909091
entropy 0.481574
archive 21
3
9 30  100 1010100111010101011001011111000001000000001010100000101001101111010110000111000100000000100100000110
5 31  100 1010100111110001111001011101000001000000001010100001011001100101000110000111100010010100100100000010
4 32  100 1010110111010101101001011111000001000000001010100001011001100111000110000111100010010100100100000010
runNumber 22
genCount 5109
elapsedTime 600.019
unaryHyperVol 141
binaryHyperVol 11.5
additiveEps 0.761905
entropy 0.529986
archive 22
4
13 24  100 0010100111010001011001011111110010011001001010001011111110100001010110111000010000010101100111110110
8 27  100 0010100101010011110000000111010010011001001010001011111110100001010110011000010000010101101111110110
5 28  100 1110000011111010111010110011110010011001001010001011111110100001010110111000010000010101101111110101
3 31  100 0110000101010000010000011101111010011001001010000011111010100001110110101100010001010101100101000110
runNumber 23
genCount 5165
elapsedTime 599.883
unaryHyperVol 178
binaryHyperVol 14.8438
additiveEps 0.875
entropy 0.49717
archive 23
2
5 24  100 1010001110010001010000111111011001110111011010001000011001100011011110000100010100010100100100110010
3 26  100 1010001110010001010000111111010001111011011010000000011110100000000000101000010101010101101100110010
runNumber 24
genCount 5239
elapsedTime 600.031
unaryHyperVol 138
binaryHyperVol 15.1579
additiveEps 0.894737
entropy 0.49717
archive 24
2
4 27  100 1010110101010101001001000011000001001001111010001000011000100011010110111000011000010100100101110010
3 29  100 0000110111000100001001000000110001001001001010001111111000100011000110111100010100010101100101110110
runNumber 25
genCount 5107
elapsedTime 599.899
unaryHyperVol 155
binaryHyperVol 24.875
additiveEps 0.9375
entropy 0.49717
archive 25
2
5 25  100 1010000101010011001001000001110001111001000101011001101001000000010010011001100100010100101100110110
4 26  100 1010000101010111001001000001110001111001000101011001101001000000010010011001100100010100101100110110
runNumber 26
genCount 5140
elapsedTime 600.016
unaryHyperVol 62
binaryHyperVol 23.96
additiveEps 0.88
entropy 0.49717
archive 26
2
5 32  100 1101000111110101001010010111001010000011010000000100010101100011000000111100010000010001100100100101
4 35  100 0000001101010100000000000001011001011011010000000011010010100001000000011100010001010101100111100101
runNumber 27
genCount 5138
elapsedTime 599.846
unaryHyperVol 78
binaryHyperVol 14.0682
additiveEps 0.916667
entropy 0.49717
archive 27
2
15 28  100 0000000011010100010000111111110000110111001010010011111010100111101010110001100111010101100111110110
3 32  100 0000000010010100010000111111010100000000001010010011010010100111101010111001100111010101100111101010
runNumber 28
genCount 5253
elapsedTime 599.978
unaryHyperVol 67
binaryHyperVol 16.2283
additiveEps 0.956522
entropy 0.49717
archive 28
2
6 32  100 1010110111110001001010010110011001000111101010011111100001010111111010001000010100010001100111000101
3 33  100 1010110101010001111010110100011001000011101010001010100001010111111010001000010100010001100111000101
runNumber 29
genCount 5349
elapsedTime 600.009
unaryHyperVol 26
binaryHyperVol 25.94
additiveEps 1
entropy 0
archive 29
1
4 35  100 1010100111110111110101001011111100000000011010001000001001100001100000010111000010010000000000011110
