OptimalFront
unaryHyperVol 311
2
4 12  100 1101101001010001111010100010101110001010011001011101010010000000010010011110110100010001001011101001
3 13  100 1101000000101001010000100010101110001010011001011101010010000000010010010000000100010110001011101011
-------------------------
runNumber 0
genCount 5369
elapsedTime 599.892
unaryHyperVol 53
binaryHyperVol 22.5503
additiveEps 0.952381
entropy 0.509891
archive 0
2
12 32  100 1111101011101001011010110010101001001010011011000111011101000010010110011010010101010001001001000001
5 33  100 1111101011101001011010100110101101001010011011010110111111000001110110010010010011010001001001000001
runNumber 1
genCount 5131
elapsedTime 600.006
unaryHyperVol 131
binaryHyperVol 8.73913
additiveEps 0.75
entropy 0.5994
archive 1
3
7 25  100 1101100101010010101001010000101111001001001011011111010011011000010000010010110100110000000111101001
4 30  100 1101100101010010101001010110100010000000001001011111010001001000010000011010101100110001100111100001
3 35  100 0101100101010010101001001010100010011001001011011111010001111001000000010010100000110001010111100001
runNumber 2
genCount 5026
elapsedTime 600.029
unaryHyperVol 103
binaryHyperVol 12.85
additiveEps 0.9
entropy 0.5994
archive 2
3
5 29  100 1101000001010011010000000010100001101010011011111101110000101011000010001110110100110100000101010011
4 31  100 1101000001010011010000100010100001101000011011111101110000101011000010000000111101010100000100011011
3 32  100 0101000001010011010000100010100001101000011011101101010000101011000010000000011101010100000000011011
runNumber 3
genCount 5163
elapsedTime 599.977
unaryHyperVol 71
binaryHyperVol 14.2857
additiveEps 0.952381
entropy 0.509891
archive 3
2
4 32  100 0011100111100100011001000110100101111010001000010101110010001000011010011110110100010100101010011111
3 33  100 0100100111100100011001000110100101111010001000010100101010001000011010011110110100000001111010101001
runNumber 4
genCount 5180
elapsedTime 599.918
unaryHyperVol 108
binaryHyperVol 14.9412
additiveEps 1
entropy 0
archive 4
1
3 29  100 1100000010100100010000010010100010001000011001010011011010000000010010011010111001110001110100111001
runNumber 5
genCount 5338
elapsedTime 599.959
unaryHyperVol 60
binaryHyperVol 14.3294
additiveEps 0.952381
entropy 0.509891
archive 5
2
15 32  100 1111000000100101010000110110100100011011010101010101000011011000110010010010110100010101110001000111
3 33  100 0100000000100100010000110110100100011001100101011111010010001000110110011010111100010101111010100001
runNumber 6
genCount 5191
elapsedTime 600.035
unaryHyperVol 157
binaryHyperVol 11.4583
additiveEps 0.875
entropy 0.599401
archive 6
3
6 24  100 0101000001010010010001111010101110000010010101011101100000001000010010010010110111111010001000110111
5 27  100 0111000000010000010000111010101110000010010101011001010000001000010010010010010111111011001000111101
3 28  100 0101000001010010010000111010101110000010010101011001100000001000010010010010010111110001101011000101
runNumber 7
genCount 5193
elapsedTime 599.929
unaryHyperVol 124
binaryHyperVol 10.3864
additiveEps 0.681818
entropy 0.599401
archive 7
3
5 27  100 1100000000100100010000100000001100101001010111010101100101000000011110011110010100010110101100101011
4 28  100 0000000000100100010000100000001100001000010101100001100000000000011110011110010100010110111100000111
3 34  100 1100000000100100010000001010101010000000000101000001100100000001011110011110010100010101001100000111
runNumber 8
genCount 5273
elapsedTime 599.992
unaryHyperVol 49
binaryHyperVol 23.0217
additiveEps 0.956522
entropy 0.509891
archive 8
2
7 33  100 1100100110100100011001000010010101001010011010010101111100000011000000100110100100110001000100010111
4 35  100 1100100110100100011001000010010101011001011000001100111100000001000000001110100100110001000000010111
runNumber 9
genCount 5145
elapsedTime 599.995
unaryHyperVol 102
binaryHyperVol 14.213
additiveEps 0.944444
entropy 0.509891
archive 9
2
9 29  100 0000100100100100011001001010010000000000000101011101010000000001000010011110000101010110111011101011
3 30  100 0000100100100100001001000010100100000000000101000101010000000010010010011110000101010110111011101011
runNumber 10
genCount 5156
elapsedTime 599.964
unaryHyperVol 140
binaryHyperVol 13.2188
additiveEps 0.9375
entropy 0.509891
archive 10
2
5 26  100 0011101000100100001010000010101100011011011001010001100001000000001110011110110100010101001011000111
3 28  100 0000101000100100101010110010101110011011011001000001100100000001001110011110110100010001001011001001
runNumber 11
genCount 5339
elapsedTime 599.997
unaryHyperVol 106
binaryHyperVol 13.4737
additiveEps 0.947368
entropy 0.509891
archive 11
2
4 29  100 1100000000100100111010000000101111111010010101000100010001001000001110001010110110010101111101101001
3 31  100 1100100100100100111010110010101110111010010101000000110011000000111110111110110000010001111100011001
runNumber 12
genCount 5246
elapsedTime 599.94
unaryHyperVol 147
binaryHyperVol 9.3642
additiveEps 0.777778
entropy 0.472411
archive 12
4
12 23  100 1101000001010001010000100000101010001010010101010101010001000011010110011010011111110110000011101101
6 26  100 1101000001010011000000000010101010001001010101000101010001000011010110011010110101110110000111000011
4 27  100 1101000001010000010000100010101110011001010101000101111010000000000010101010010011010110001011100011
3 30  100 0111000001010000010000100010101110011001010101000101111010000000101010110010110101010111000011101111
runNumber 13
genCount 5183
elapsedTime 600.039
unaryHyperVol 137
binaryHyperVol 9.63158
additiveEps 0.736842
entropy 0.472411
archive 13
4
13 24  100 1100101000100100011010100000000010001010010101010111111110011000010010100100111100010111000011001011
6 26  100 1100101000100100011010100000000010001000000101010100111110001000010110100100111100010111000011001011
4 29  100 0100100101100100011010100010101100001010010101110011111110001000010110100110110100010011001011111001
3 31  100 0100100101100100011010100010101010001010010101010111111110011000010110100010111000010001001111111001
runNumber 14
genCount 5165
elapsedTime 599.966
unaryHyperVol 82
binaryHyperVol 13.619
additiveEps 0.952381
entropy 0.509891
archive 14
2
4 31  100 1100100101100100011001000110101010001001101000101101100010000001011010010110110100110011000011010001
3 33  100 0100100100100100011001001010101100000001001001011101000010000000000010010010000000100001110011000001
runNumber 15
genCount 5156
elapsedTime 599.966
unaryHyperVol 133
binaryHyperVol 11.1842
additiveEps 0.789474
entropy 0.599401
archive 15
3
7 26  100 0111100100010001101001000010100010101001011001011101010010000001010110010010010100010101000100101000
4 28  100 1101100101010001111001000010100010001001011001111011011011000001011110111010010100010101001011010011
3 31  100 0101100101010010011001000010100010001001111001011101110011000001010110011110010010010111000100111000
runNumber 16
genCount 5040
elapsedTime 600.004
unaryHyperVol 132
binaryHyperVol 51.9286
additiveEps 1
entropy 0
archive 16
1
4 26  100 1001000000010001001010100101010101101010011000000101010010000001010110001010010100010001001111110111
runNumber 17
genCount 5186
elapsedTime 599.899
unaryHyperVol 147
binaryHyperVol 11.4062
additiveEps 0.875
entropy 0.472411
archive 17
4
11 24  100 1101000001010001010010110010101110000010011001000101111111101000010000011100110101110100011111001001
7 26  100 1101000001010001010010110010100001001011111010011101110101011000010000011110110100110000010111001001
4 27  100 1101000001010001010010100010101110001011011001000101111111101001010000011110110101010000011101001001
3 28  100 0101000001010001010010100010101110001011011001000101111111101001010000011110110101010001111111001101
runNumber 18
genCount 5323
elapsedTime 600.081
unaryHyperVol 64
binaryHyperVol 11.0833
additiveEps 0.769231
entropy 0.417715
archive 18
5
9 31  100 1101100101010001010101010000000101111001010101100011010001011000110110000000100111110001001011010001
8 32  100 1101100101010001000101000100000101111001010101100111010001011000110110000000100111110101001011010001
6 33  100 1101100101010001010101010100000101111001010101110101010000011010110110000000100100110101000001010001
4 35  100 1101100101010001101001000000000101111001010101000000011101111000110110110010000011010001001011010101
3 38  100 0100100101010011001001000110101001111001010101000000010001011000010000110110000110010001100011101101
runNumber 19
genCount 5217
elapsedTime 599.952
unaryHyperVol 75
binaryHyperVol 19.8182
additiveEps 0.909091
entropy 0.468496
archive 19
3
8 30  100 1101010100010001010101000010100101111001011000001001110010001001000000001110010101010101101011100111
5 33  100 0100011101010011010101000010101101111010011000001101110010000001000110110110010101010101101011100101
4 34  100 0100010101010001010101000010101101011000010101000011010011011001011101111110110100010001100011010111
runNumber 20
genCount 5173
elapsedTime 599.945
unaryHyperVol 61
binaryHyperVol 16.8057
additiveEps 0.8
entropy 0.380988
archive 20
5
10 31  100 1101101001100111110101010110101110000001010101011001010100000010100110001010111000010100010011101001
7 32  100 0111001100100111110101010110101110000001010101011011000101110001011010000010111000010101001011101001
6 34  100 0111001100100111110101010110100110000001010101011001000100000000100010000010110001010001111000100001
5 35  100 1101100100100111110101010110100110000000110101011010011010000000110110001010100011010101010011101101
4 37  100 0111100000100111110101010110100110000000010101011001010100000001100010000010100001010001000010000001
runNumber 21
genCount 5008
elapsedTime 600.004
unaryHyperVol 91
binaryHyperVol 14.2526
additiveEps 0.947368
entropy 0.509891
archive 21
2
8 30  100 1100100110100101001010111010010101001000101000000001110110000000000010111110110100010101000100101001
3 31  100 1100100110100100001010111010100111000010001000000001110010000001010010011110100100010001000100101001
runNumber 22
genCount 5242
elapsedTime 599.941
unaryHyperVol 110
binaryHyperVol 10.1875
additiveEps 0.708333
entropy 0.5994
archive 22
3
5 28  100 0010100100101010111010100010101111011010011001001101111101000000010000010000010100010100000100111101
4 30  100 0000100100101001110010100010101100000001001001010001010000111001110000010000000001010001000110101001
3 36  100 0000100100101010101010111010100100011010011000000001010000111001110000010000000001010001000100111001
runNumber 23
genCount 5094
elapsedTime 600.025
unaryHyperVol 152
binaryHyperVol 11.6471
additiveEps 0.941176
entropy 0.509891
archive 23
2
4 25  100 1101000001010001010010100010101001001001001001011101010001001011110010011110100111010101101111111001
3 29  100 0110000001010001010000010010101110001001001001001110110011011010100010011110110101010100000111110111
runNumber 24
genCount 5049
elapsedTime 599.957
unaryHyperVol 132
binaryHyperVol 12.4338
additiveEps 0.875
entropy 0.5994
archive 24
3
11 26  100 0101001101010001010000010000101110000001010101011101101000011001010010100100110100010101000111001001
5 27  100 1101000001010000010000000000101110001001010111111101100001111011011010100000110100010100001010001001
3 29  100 0101000001010001010000010010101110000001011000011101100001011011011110101010010100010101001011110101
runNumber 25
genCount 5113
elapsedTime 600.009
unaryHyperVol 62
binaryHyperVol 20.85
additiveEps 0.88
entropy 0.472411
archive 25
4
7 31  100 0001000000101011010010101010101110011000000101011101100100111010010010000000001000010100110010100011
6 35  100 0011000000101011011010111010101110111000000101111101100000101010010010000000001000010000110010110010
5 36  100 0101000000101011010010101110101110011010000101101100100101110001000110000000001010010101110010110111
4 37  100 0100000000101011011010111010101100111000000101101100100100111010010010000000001100010101110001111001
runNumber 26
genCount 5147
elapsedTime 599.939
unaryHyperVol 98
binaryHyperVol 12.175
additiveEps 0.9
entropy 0.5994
archive 26
3
9 28  100 1101000000010000010000000010101101110100011001111101000110011001011110011010110000110100000111000111
7 31  100 1101000000010000010000000010101101100100011011011000110001001011010110010110110001010100000111000111
3 32  100 0111000001010001010000101110101100011010111010000100100100011001011110011110110100010001000100101001
runNumber 27
genCount 5229
elapsedTime 600.054
unaryHyperVol 50
binaryHyperVol 30.1837
additiveEps 0.952381
entropy 0.509891
archive 27
2
10 32  100 1111000000100111010000010110100000001010001000010100010110000011000000011110100100010111001111110101
6 33  100 1101000000100111000000010110100000000010111000000101010001011001000000011110100100010111001111110001
runNumber 28
genCount 5099
elapsedTime 599.872
unaryHyperVol 99
binaryHyperVol 23.0145
additiveEps 0.826087
entropy 0.5994
archive 28
3
6 28  100 1100000010100100010000010001010001011010011001010001010010001011001110011010010111010110101001111011
5 32  100 0000000010100100000000010001010001011010011001010001010010001011001110011010010111010111101000010101
4 35  100 1100000010100100010000010001010101011000011000000101100111111000101010011110010111010110100010011111
runNumber 29
genCount 5204
elapsedTime 600.053
unaryHyperVol 91
binaryHyperVol 17.3947
additiveEps 0.894737
entropy 0.5994
archive 29
3
11 28  100 0111000001010001011010100010101011111011101000011101001110001000100010010000011111110101001011011101
9 30  100 0100101101010000111010100010100111111011111000011101011010101000010000001110011111110001000111111111
4 31  100 0100101101010001011010000110101011111011101000011101001111001000100010010000110101010101001011011101
