OptimalFront
unaryHyperVol 297
1
3 11  100 0000010110000100011001000011110001101000011010010011101000100111100110110000011100010110000000001010
-------------------------
runNumber 0
genCount 5230
elapsedTime 599.793
unaryHyperVol 79
binaryHyperVol 15.6414
additiveEps 0.863636
entropy -inf
archive 0
3
12 29  100 0010100000001000011010000001110001011000000101010011110100100000000000010000000011010000100000100010
5 30  100 0000100010010100101010000011110001011001000101010011111100100000000000010000010010010100101010111110
4 33  100 0000100010010100101010000001110001011001010101010110101110100000000000010100010010010000101001110110
runNumber 1
genCount 5551
elapsedTime 599.813
unaryHyperVol 108
binaryHyperVol 25.5686
additiveEps 1
entropy inf
archive 1
2
6 27  100 0010000110010111010000000010110110000000011010010101100000100101110000110011101100010110100000001010
4 28  100 0000000110010011010000000000110110000000111010010011110000100111100110010001000111101011010100111010
runNumber 2
genCount 5369
elapsedTime 600.005
unaryHyperVol 138
binaryHyperVol 13.1333
additiveEps 1
entropy inf
archive 2
2
8 25  100 0000010001010010011010010011110001101001010010010011000110100100110110110000011100010101100000000101
3 26  100 0000000001000100001010000111110001101000111010100010010100101001110110110000011100010001000000100101
runNumber 3
genCount 5504
elapsedTime 599.936
unaryHyperVol 104
binaryHyperVol 10.6087
additiveEps 1
entropy inf
archive 3
2
4 28  100 0000000011010100010000000001100011011000001010010000101111010111110110110100011111100011000000111010
3 34  100 0000001000010100010000000011000001011010111010010101011100100110111110011000010101010110100101001110
runNumber 4
genCount 5328
elapsedTime 599.915
unaryHyperVol 82
binaryHyperVol 19.8958
additiveEps 0.791667
entropy -inf
archive 4
3
7 29  100 0000010110010001000010000001000001011000011010010011101011010100001101011101100001110001000000010101
5 30  100 0000010110010001000000000001000001011011101010010011101011010100000101011101100001110001000000110101
4 35  100 0000111110010101000000010101000001011001101010010010111111010100001101110001101101110001010010100101
runNumber 5
genCount 5537
elapsedTime 599.998
unaryHyperVol 110
binaryHyperVol 333
additiveEps 333
entropy 0
archive 5
1
3 28  100 0000000101010001010001000011110001000001001010011011010100100111101110000000010000010110000000000101
runNumber 6
genCount 5531
elapsedTime 599.994
unaryHyperVol 98
binaryHyperVol 10.9545
additiveEps 0.863636
entropy -inf
archive 6
4
7 28  100 0000000010010101010000100000110101110000011010000101001000010111110110000000011111110110000010010110
5 30  100 0000000010010001010000011000111001101011011010110001101000010111000110001100011101110111100011001110
4 31  100 0000000110010001010000011000111001000011011010010011101000010110010010110100011111110011000001010110
3 33  100 0000000110010000010000011000111001000000111010010011101100010111110110001000011111010111101111010110
runNumber 7
genCount 5494
elapsedTime 599.862
unaryHyperVol 73
binaryHyperVol 19.2065
additiveEps 0.826087
entropy -inf
archive 7
3
11 27  100 0000100001010101001010010001000001000011000101010001101000100110100110010000010000110001000001000101
7 30  100 0000011111010101101010110011000111011010010101000001101000100011101110010000010001110001000001000101
5 34  100 0000101001010101101010110011000111011010010101000001010000101111101110010000010001010001000001000101
runNumber 8
genCount 5426
elapsedTime 599.978
unaryHyperVol 95
binaryHyperVol 11.6364
additiveEps 1
entropy inf
archive 8
2
4 29  100 0000010101000100010101000000110000000001101010010011100100100110101110110000011101010001101101110101
3 33  100 0000001100000100010000010000000101101000101010010101100000100110101110100000011101010101101101110101
runNumber 9
genCount 5494
elapsedTime 599.866
unaryHyperVol 64
binaryHyperVol 16.494
additiveEps 0.875
entropy -inf
archive 9
4
10 30  100 1010000111110111010000110011110001011000001010000011011100100111101110001101101001010111100001000110
6 32  100 1010000111110111010000010011100001011001001010101011011000100001110110001111100111010110000001001010
5 33  100 1010000111010111010000010011100001011001001010101011011000100001110110001111101111010110100001001110
4 35  100 1110001011110111000000110000111101011000001010000011011100100111100110001111000111010111100100101110
runNumber 10
genCount 5683
elapsedTime 599.957
unaryHyperVol 74
binaryHyperVol 16.8111
additiveEps 1
entropy inf
archive 10
2
12 29  100 0000010110010100001001000011000101000001110101010011110100100101000010100100100100010001000000010101
4 31  100 0000000110010100011001000000000101001001010101000011110100101101000000100010100110010101000010000101
runNumber 11
genCount 7391
elapsedTime 810.503
unaryHyperVol 82
binaryHyperVol 13.35
additiveEps 1
entropy inf
archive 11
2
9 30  100 1010001110010011010000010011010010101000000000010111010000100101000110010000011000010100101100011010
3 31  100 0000000110010011010000010010010000101000011010010001010010101001000110010000011100010100101100001010
runNumber 12
genCount 5875
elapsedTime 651.695
unaryHyperVol 35
binaryHyperVol 16.092
additiveEps 0.92
entropy -inf
archive 12
4
13 33  100 0110100000010000011001110011111111011000101010000011011000001100000110000000010000000001100100000101
9 34  100 0110100000010000011001110011111111011000101010010011111001000101001100000000010000000001100100110101
5 35  100 0110100000010000011001110011111111011000101010010001001000010101001100000000010001000001100100010101
4 36  100 0110100000010000101001110001111111011000101010010001001000010101000110000000010001000001100100110101
runNumber 13
genCount 5624
elapsedTime 599.904
unaryHyperVol 164
binaryHyperVol 9.41176
additiveEps 1
entropy inf
archive 13
2
5 22  100 0000010010010100000000100011010001011010010000010010010000100111100000110000011100010110101100001010
3 28  100 0000000010010100010000100001100101011010101010010001001000100101110000110000011100010100000000100010
runNumber 14
genCount 5530
elapsedTime 600.049
unaryHyperVol 62
binaryHyperVol 16.4619
additiveEps 1
entropy inf
archive 14
2
13 30  100 0000111110110100000000000011110100111001011010101101101000100101000110110000010100010101000001110101
4 32  100 0000101110110100000000000101100001011011001010101001101000100101000110110000010100010101000001110101
runNumber 15
genCount 5399
elapsedTime 599.952
unaryHyperVol 99
binaryHyperVol 333
additiveEps 333
entropy 0
archive 15
1
3 29  100 0000000110010000010000000011010100101000011010010001101001100100000000110000011101010100100111000010
runNumber 16
genCount 5457
elapsedTime 599.956
unaryHyperVol 129
binaryHyperVol 9.22727
additiveEps 0.909091
entropy -inf
archive 16
3
5 25  100 0101000001110001010000010001100001011010011010010011101000100111000110110000011100010110000001001110
4 31  100 1101000110010001000000011001000101011000001010010011100000100111000110110000011100010110100011011110
3 33  100 0110001110010001010000010001100001011010011010010001100000101100111110001000011100010101100000101010
runNumber 17
genCount 5178
elapsedTime 599.946
unaryHyperVol 52
binaryHyperVol 11.8109
additiveEps 0.88
entropy -inf
archive 17
3
14 32  100 0000000101010100010000000000000101110000111010110111110111010110000110010011101100010101100000000110
4 33  100 0000000001010000010000010001100101111000011010110111110111010110000110110011101110010101101000000110
3 36  100 0000001111010100010000000001000111111000011010100111110111010110000110110111100010010101101011000110
runNumber 18
genCount 5373
elapsedTime 599.954
unaryHyperVol 90
binaryHyperVol 12.1071
additiveEps 0.952381
entropy -inf
archive 18
3
7 29  100 0000010001010100011010000111011011100100011010010010110010100110110010100011101100010101100100000101
4 31  100 0000010001010100011010000011110001011001001010100110110010100101100000011100101110010101100100000101
3 32  100 0000010001010100011010000011110001011001001010100110111110101010100110011100101110010001100111000101
runNumber 19
genCount 5572
elapsedTime 600.016
unaryHyperVol 81
binaryHyperVol 10.3838
additiveEps 0.863636
entropy -inf
archive 19
4
12 27  100 0110100101111001011001000110110001101000101010010011011001010111000101010000001100010101101000001010
8 30  100 0110100100011000001001000100110001101000101010010011111001010111001101000000011100010101101100011110
6 32  100 0110010101111000001001000111010010111010101010010000101001010110000110011000011100010110101100001110
3 33  100 0110100100010000101001000100110000101000101010010011111001010111001110000000011100010101101010101110
runNumber 20
genCount 5328
elapsedTime 599.907
unaryHyperVol 113
binaryHyperVol 11.8947
additiveEps 0.894737
entropy -inf
archive 20
4
7 27  100 0000000111000101010001000011000100011011011010010000100001100011010110111111001100010110000010001010
6 28  100 0000000111000101010001000011000111011001011010010000100001100011010110111111001100010110100010001010
4 29  100 0000000111010101010001000111000011011000111010010000101100100011010110101101101100010110100010011010
3 30  100 0000000111010100010001000111000001011011011010010100001101100011010010101101101100010110100010001010
runNumber 21
genCount 5526
elapsedTime 599.93
unaryHyperVol 54
binaryHyperVol 51
additiveEps 1
entropy 0
archive 21
1
5 32  100 0000110001111000000000000010110001011010101010011111001001100110100110011000000110010101000001110010
runNumber 22
genCount 5683
elapsedTime 599.955
unaryHyperVol 57
binaryHyperVol 15.088
additiveEps 0.777778
entropy -inf
archive 22
3
11 31  100 1110000110010111011001000001100001011011000101000000100100100110001010011100010001010100100000001010
5 32  100 0110000110010111010001000000110101011000000101001110001100010110010010001100010000010110100000001010
4 38  100 1010000100010011010001000001000100011000000101000000110100100110111110101100010000010100100111111110
runNumber 23
genCount 5744
elapsedTime 599.985
unaryHyperVol 165
binaryHyperVol 333
additiveEps 333
entropy 0
archive 23
1
3 23  100 0000010110010000011001000011000000101011001010010011001011100111100110110100011110010110100100001010
runNumber 24
genCount 5612
elapsedTime 599.946
unaryHyperVol 92
binaryHyperVol 23.8571
additiveEps 1
entropy inf
archive 24
2
6 28  100 0000001110010001010000000010110001110001011010010111101011100111100010000000011111110001100000100101
4 32  100 0000000111010001110000000011110010000011101010010010011011100110100000000000011111110001100000000101
runNumber 25
genCount 5387
elapsedTime 599.866
unaryHyperVol 95
binaryHyperVol 9.99479
additiveEps 0.75
entropy -inf
archive 25
4
11 28  100 0000000000010000010000000011110001110101010000010111111010100110010000000010101001010100100000000110
5 29  100 0000000001010000010000000011010101010101010000010001101000101111100000000111100101010101100000010110
4 30  100 0000000100010100010000010001010010111000010000010011111010101110011010100101100001010100000000000110
3 35  100 0000000100010100010000010111000011111001011010111101110001101111000000001001100001010100000000000110
runNumber 26
genCount 5408
elapsedTime 599.999
unaryHyperVol 102
binaryHyperVol 17.4123
additiveEps 0.894737
entropy -inf
archive 26
3
9 26  100 0000110010010100110000000110000101101000010101010001100000100010000010110000010000010101100000001010
8 28  100 0000110010010100110000011111000101101000010101010101101000100001000010010000010011010101100000001010
4 30  100 0000110110010001110000001111000001011000010101010101101000100000000010010000010011010101100000001010
runNumber 27
genCount 5565
elapsedTime 599.928
unaryHyperVol 147
binaryHyperVol 9.45
additiveEps 1
entropy inf
archive 27
2
4 24  100 0000011110010001011001000000000000011001111010010011100000100011001110110000011100010110000000001010
3 31  100 0000000111010100101001000000110001101011111010101011111000100001001110011100011100010110101111011010
runNumber 28
genCount 5464
elapsedTime 599.918
unaryHyperVol 125
binaryHyperVol 10.675
additiveEps 0.85
entropy -inf
archive 28
3
5 26  100 0000000101010100011001011111110000110000001010110101100101101010100110111001101100010110000000001010
4 28  100 0000000101010000011001000111110101111000011010010101100110100111000000101101101100010110000001110110
3 31  100 0000000101010100010000100001000000101011101010001101100110101010110010111001100000010110000000001010
runNumber 29
genCount 5540
elapsedTime 600.017
unaryHyperVol 154
binaryHyperVol 333
additiveEps 333
entropy 0
archive 29
1
3 24  100 1010000110010011010000000011110001011000011010010011011011100111100110110000010101010100000010000110
