OptimalFront
unaryHyperVol 333
3
5 12  100 1101001001010001010000100000101110101010011001011101010010001100011010010000010100101110000011101011
4 13  100 1101001001010001010000100000101110101010011010011101010010001100011010010000010100101110000011101011
3 14  100 0101001001010001010000100000101110101010011010011101010010001100011010010000010100101110000011101011
-------------------------
runNumber 0
genCount 5259
elapsedTime 599.965
unaryHyperVol 94
binaryHyperVol 13.6136
additiveEps 0.909091
entropy 0.49717
archive 0
2
4 32  100 0100000001010000010000111001100000010100011010101110010110111100001010011110100100101101101010111011
3 34  100 0100000001010100010000100001101001010100011010101110010110111100101010000010100101101101101010111011
runNumber 1
genCount 5196
elapsedTime 600.01
unaryHyperVol 100
binaryHyperVol 11.9239
additiveEps 0.913043
entropy 0.49717
archive 1
2
7 30  100 0100000101010001111010011000101110101001010010101101111101001101111010000100010101100101000010101001
3 35  100 0100110101010011001001001000101110101010001110110100100000001101010101000000011011100101000011101001
runNumber 2
genCount 5048
elapsedTime 600.006
unaryHyperVol 80
binaryHyperVol 53.925
additiveEps 1
entropy 0
archive 2
1
5 32  100 0101000101010111001010011000001111001000001110011100110000001100101000010010100100100100100111001001
runNumber 3
genCount 5385
elapsedTime 599.864
unaryHyperVol 104
binaryHyperVol 22.5066
additiveEps 0.875
entropy 0.481574
archive 3
3
11 28  100 0101100101101010111001000011101101100000011010001101010110001000110101010100000000101110000011101011
10 29  100 0101100101101000111001010011101101100000011010001111010110001100110101000100000000101110000011101011
5 31  100 0101100101101010111001000011101001100000011010101111010100011100110101010100000000101110000011101011
runNumber 4
genCount 5436
elapsedTime 600.088
unaryHyperVol 90
binaryHyperVol 53.9211
additiveEps 1
entropy 0
archive 4
1
5 31  100 1101001001010011000000011100001110100100101010100101110010010101011001011110100110101111100000001011
runNumber 5
genCount 5352
elapsedTime 599.865
unaryHyperVol 81
binaryHyperVol 30.8148
additiveEps 0.925926
entropy 0.49717
archive 5
2
5 32  100 0100000101010000010000011000101100101010011110000001000010001100011010001101000100100101100100000000
4 39  100 0100100101010100011001001101101000100110011110001001111010000000111010001101000100100101100100100000
runNumber 6
genCount 5429
elapsedTime 600.049
unaryHyperVol 162
binaryHyperVol 11.75
additiveEps 0.777778
entropy 0.449615
archive 6
3
5 26  100 0101001101010001010000100000000010101001110000000001011110001101010010001110100100101111100111001011
4 28  100 0101001101010101010000110000000010101010100000100001111010001100010010101110100101101100100111011011
3 30  100 0100000001010100010000100000000010101010010000000001010000001101011010010010100100101000100111011000
runNumber 7
genCount 5415
elapsedTime 599.886
unaryHyperVol 135
binaryHyperVol 18.1618
additiveEps 0.882353
entropy 0.481574
archive 7
3
11 27  100 1101001001010011000000001000000000010110010000101001011010000001010001010110100100101010101011101011
5 28  100 1101001001010011000000001100000001010110010000101001011010000001011001010110100100101010101011101011
4 29  100 1101000001010111000000101100000001010110010000101001010000010001011001010100100100101010101011101011
runNumber 8
genCount 5526
elapsedTime 600.041
unaryHyperVol 81
binaryHyperVol 22.8571
additiveEps 0.714286
entropy 0.449615
archive 8
3
9 30  100 0110000000100101010000010000000011010111011010010101010010000100000101001010000010101110100111101011
6 33  100 0100000000100101010000011000000001001100011010010101010111000001000101011100011000100000101001110111
5 40  100 0000000011100100010000110100100001010111000110110000110111010100011010010010000101101110000001110000
runNumber 9
genCount 5124
elapsedTime 599.956
unaryHyperVol 116
binaryHyperVol 16.6039
additiveEps 0.727273
entropy 0.485314
archive 9
5
10 28  100 0100000000100100011010100000000000000110001101010101101101111100010010010000011000100101000010101001
9 29  100 1101000100100101001010011000000000010110001101010001000000111100011000010000010100100100000000001001
6 30  100 1101000100100101101010010000000000010110001101000001100000111100001000010000010000100101000000101001
5 31  100 0100000110100101101010100000000001100010100110100001000000111100011000010000010100100100000000001011
4 34  100 0000000010100100101010000000000001100010111010011011110000111100011011000000010100100101000000001001
runNumber 10
genCount 5202
elapsedTime 599.922
unaryHyperVol 103
binaryHyperVol 11.8913
additiveEps 0.782609
entropy 0.481574
archive 10
3
7 30  100 0100001101010001010000011001100101000000011010010101110010111100001010000010100000101110101010101011
6 32  100 0100000001010101010000100101100101000000111010010101110011111100001010001010100100101111101010101011
3 35  100 0100000001010100010000100101100100100111010110011110001001011101011001001010100100101110101010101011
runNumber 11
genCount 5472
elapsedTime 600.057
unaryHyperVol 126
binaryHyperVol 12.825
additiveEps 0.9
entropy 0.49717
archive 11
2
5 29  100 0100000001010001010000100100000001101011011101010101010000110000000101111110100101011010101011101011
3 32  100 0100000001010100010000100100000001101010000000011101100011110000000101111110100101101100101011101011
runNumber 12
genCount 5356
elapsedTime 599.903
unaryHyperVol 78
binaryHyperVol 12.66
additiveEps 0.84
entropy 0.449615
archive 12
3
5 33  100 0100000111010001010000011100000010100001101010011001001000011100011000011010101000100100011011011011
4 35  100 0100000101010000011001001101100010100001101010001101011000011100111000011010100100100010101000111000
3 37  100 0100000101010100010000011101100010101001101010011010011001011100101000111110101000101111101000111001
runNumber 13
genCount 5251
elapsedTime 599.926
unaryHyperVol 96
binaryHyperVol 18.5238
additiveEps 0.857143
entropy 0.481574
archive 13
3
10 30  100 0100110001010000010000100100000111101000011101010101011011111100000000111110100100101110100111101010
6 32  100 0100110001010000010000100100000110101010011101000100010001111100000011111110100010101110100111001010
4 33  100 0100110001010000010000100000000110100110100010000101011011111100011000111110100100101010100111001010
runNumber 14
genCount 5443
elapsedTime 599.94
unaryHyperVol 0
binaryHyperVol 333
additiveEps 333
entropy 333
archive 14
0
runNumber 15
genCount 5298
elapsedTime 599.994
unaryHyperVol 100
binaryHyperVol 17.7943
additiveEps 0.947368
entropy 0.49717
archive 15
2
14 30  100 1101100100100101111001001000000000101010011010000001110000111101011000000000000010101101000011101000
4 31  100 1101100100100101111001001000000000101010011010100001010001111101001000000000010011101101000010101000
runNumber 16
genCount 5202
elapsedTime 599.969
unaryHyperVol 162
binaryHyperVol 11.1316
additiveEps 0.736842
entropy 0.481574
archive 16
3
5 26  100 0100001001010000010000100000101010101010001101010101110011001100101010011010100100100110000011011001
4 27  100 0100001001010000010000100000101010100000001101010001110010100000001010011110100100101110000011011001
3 31  100 0100000101010100010000000100101010100100001010010101110011001100001010011110100100101100000011011001
runNumber 17
genCount 5144
elapsedTime 599.946
unaryHyperVol 127
binaryHyperVol 11.6364
additiveEps 0.772727
entropy 0.49717
archive 17
2
4 29  100 0101000101010001111010101100101000000010000000010101011010000000000101000000010001010010000001011011
3 34  100 0111000101010001101001001000001000101011000000010101011010000000000101100000010000100100000001011011
runNumber 18
genCount 5298
elapsedTime 600.041
unaryHyperVol 72
binaryHyperVol 14.3523
additiveEps 0.954545
entropy 0.49717
archive 18
2
15 33  100 1101000101010001101001000101100011101001001010010010010001010001010111010000010100101101000010110000
3 34  100 0101110101010001101001000101100011101001001010010010010001010000001000000000010100101101000010111011
runNumber 19
genCount 5367
elapsedTime 600
unaryHyperVol 48
binaryHyperVol 14.9375
additiveEps 1
entropy 0
archive 19
1
3 36  100 1000001011100100010000010010101101010111011010001111011000010000000101110000010100100100000001001001
runNumber 20
genCount 5276
elapsedTime 599.895
unaryHyperVol 101
binaryHyperVol 21.6087
additiveEps 0.782609
entropy 0.449615
archive 20
3
7 30  100 1100000100100100010001000001101010100110010101010001010010010000001011011110000111011100100100001011
5 32  100 1100000100100100111001000000101110100011001110010101011010110001001011011110000111011100100100011011
4 35  100 1100010111100100111001000000101110100011001110010101011010110001001011011110000010101100100100001011
runNumber 21
genCount 5137
elapsedTime 600.018
unaryHyperVol 102
binaryHyperVol 25.4091
additiveEps 0.909091
entropy 0.49717
archive 21
2
6 30  100 0100111001010100111010010000101000010100011010010001011010001111011010000110100101010010101111101000
4 34  100 0100111001010100111010010000101000010100011010010000000010001000000101000010100101010010100001101000
runNumber 22
genCount 5342
elapsedTime 599.987
unaryHyperVol 125
binaryHyperVol 10.5507
additiveEps 0.695652
entropy 0.447913
archive 22
4
9 28  100 0101001001010111010000100001100000001010101010010101011110110000010101110100010100101111000001001011
6 29  100 1101000001010111010000100000101010100010000110010101011110000000000101110010100100101101000000101011
5 30  100 1101001001010111000000100000101010100010000110010101011110000000000101110010100100101011100000101011
3 35  100 0101001001010011010000100001101110010101000000110001000100000010000101100000010100100011000001001001
runNumber 23
genCount 5525
elapsedTime 599.939
unaryHyperVol 113
binaryHyperVol 25.2857
additiveEps 0.904762
entropy 0.49717
archive 23
2
6 29  100 1101000101010001011001000000001011100010100000000000100011001100010101001110100000101110101011111011
4 33  100 1101000101010101111001000000000011100001100010101110110001111100010101011110100000101000101101111011
runNumber 24
genCount 5270
elapsedTime 599.988
unaryHyperVol 130
binaryHyperVol 12.0688
additiveEps 0.8
entropy 0.449615
archive 24
3
11 28  100 0100000111010001010000011000000000101110000001010101010010000001001010011010100100101110101011001011
5 29  100 0100000101010101010000011100000001001100000001010101010010000000101010011010100110101010101011101011
3 32  100 0100000101010100010000111100000000101100000110011101100010000000001010011010100100101010101011101000
runNumber 25
genCount 5230
elapsedTime 600.004
unaryHyperVol 147
binaryHyperVol 10.3182
additiveEps 0.681818
entropy 0.449615
archive 25
3
6 27  100 0100001001010001110000111100000101101101010000010101010010000001010001010000011100101110000010011011
4 28  100 0100001001010001110000111100000101101101010000010101010010101101011001010000011100101110000010011011
3 34  100 0100001101010100010000101000000011101010000000000001000010010001111001010000011100100010000011011011
runNumber 26
genCount 5351
elapsedTime 599.972
unaryHyperVol 120
binaryHyperVol 12.2857
additiveEps 0.904762
entropy 0.49717
archive 26
2
6 29  100 1100001000101000010000100001101010101111011010010101000010001101011000110000010001101010000000011011
3 33  100 0100001011100100010000110100001010101011010010010101100011001101001011110000011111101010000011011011
runNumber 27
genCount 5101
elapsedTime 599.935
unaryHyperVol 131
binaryHyperVol 10.974
additiveEps 0.727273
entropy 0.444471
archive 27
4
10 28  100 1100000111010000000000010000101010100001010001010101010100001101000010101010100100101110100111101001
5 29  100 0100000111010000000000010000101010100001010001010101110110000000001010011010100100101110100111101001
4 30  100 0100000111010000010000010000101010101011011010010101010100001100001010101010100000101110101000011001
3 34  100 0100000001010100010000000000101010101011011010010101010100001101001011100010100101100110101010011001
runNumber 28
genCount 5270
elapsedTime 599.934
unaryHyperVol 88
binaryHyperVol 34.425
additiveEps 1
entropy 0
archive 28
1
4 32  100 0000110101100100001001000000100110010110101110100001000101011100011010011100010000101100101011101001
runNumber 29
genCount 5317
elapsedTime 600.025
unaryHyperVol 108
binaryHyperVol 11.3438
additiveEps 0.75
entropy 0.449615
archive 29
3
7 30  100 1100100111010001110001000000000010100110101010011100110011001110011000111010100111100000101011101000
4 32  100 0100010100010000001001000101100000100110101010011100110011001110011000011110100100100010101111101010
3 36  100 0100110101010100111001001100000011100100000010011000110000001100011000111010100100100010101111111011
