OptimalFront
unaryHyperVol 361
2
6 12  100 1010100111101010101001000010100100101001011010110011011011001101001101001100000111010000100100101001
3 13  100 0110100101010010101001000010100100101001011010110011011011001101001101000000010111100000000001101011
-------------------------
runNumber 0
genCount 5402
elapsedTime 600.039
unaryHyperVol 70
binaryHyperVol 25.2143
additiveEps 0.964286
entropy 0.509891
archive 0
2
6 33  100 0110000000100101101101110000100100000000010000110001101111110101110111010000011111100010000001101000
4 40  100 0110000000100101101101111101000001000000010000110001101111110100100010010000010011100111000001011000
runNumber 1
genCount 5378
elapsedTime 599.858
unaryHyperVol 129
binaryHyperVol 30.6824
additiveEps 0.941176
entropy 0.509891
archive 1
2
8 28  100 0000100111010101010001000110000100000000011010000001110111011001001000000110100111100100101101111010
5 29  100 0000100111010000010001000110000100000000001010110101110111110101101100000110100111100100100101110000
runNumber 2
genCount 5261
elapsedTime 599.784
unaryHyperVol 119
binaryHyperVol 15.6979
additiveEps 0.75
entropy 0.380988
archive 2
5
11 28  100 0110100111010101100000001101000000101001011010000001111011000001001111011100100100001101100101010111
9 30  100 0110100111010001100000010010000000001001011010000101010011010001001111011100010101001101100101010111
6 31  100 0110100111010101100000010010000000101001010010000101010011110001001111011110100101001101100101010111
5 32  100 0110100111010101100000010010000001101001011010000101111010100001001111110110100100001101100111010111
4 36  100 0110100101010101110000001011000000001001011010000101010011010001011111011110100101001101100111110101
runNumber 3
genCount 5326
elapsedTime 599.99
unaryHyperVol 85
binaryHyperVol 20.704
additiveEps 0.84
entropy 0.5994
archive 3
3
8 32  100 0010000001100111000000000000000110101011101101010101011101001101001100000010000011010001100100101011
5 34  100 0000000011100111000000111110000110101000111110010101111111000001001110101010000111010001100100101011
4 37  100 0000000011100111000000100001000110101000111101010011111111100000001010001010000111101010100100011010
runNumber 4
genCount 5294
elapsedTime 599.909
unaryHyperVol 134
binaryHyperVol 24.8333
additiveEps 0.863636
entropy 0.5994
archive 4
3
6 28  100 1010100011101011100000000010010110101010011001010111100100001101111101000000000011101100000010101001
5 32  100 0010000011101001100000000010010110101000011101010110100100001101110101000000000011101100000010001011
4 34  100 0010000001101001100000000010010101101010011110100100100111000001110101000000000011101100000010101001
runNumber 5
genCount 5209
elapsedTime 599.907
unaryHyperVol 143
binaryHyperVol 15.9412
additiveEps 1
entropy 0
archive 5
1
3 29  100 0000101111100100010000000001000001101001011010000111011010001101001101110000010101100010000001101000
runNumber 6
genCount 5385
elapsedTime 600.027
unaryHyperVol 122
binaryHyperVol 15.1908
additiveEps 0.947368
entropy 0.509891
archive 6
2
11 30  100 0000100110100100001101000010000100101001010000110101001111101100001101100000000101100011000001001010
3 31  100 0000100110100100010000101000000100101001010000110011111011011100000111110000010101100011000001101011
runNumber 7
genCount 5468
elapsedTime 599.998
unaryHyperVol 112
binaryHyperVol 16.8081
additiveEps 0.772727
entropy 0.54796
archive 7
4
12 29  100 0110100001010000010000000011110000101001010101000001011011001101001101010110000000101100100000111011
8 30  100 0110000001010000010000000011110100101001010101000001000011001100011111110110000111100100100100011011
6 32  100 0110000001010010000000000111110101101011001101010001011011110001001011010110000111100100100100011011
4 34  100 0110000001010000010000110101100101101000010110010001011010110001001011010110000111100100100100011011
runNumber 8
genCount 5279
elapsedTime 599.9
unaryHyperVol 164
binaryHyperVol 26.2549
additiveEps 0.823529
entropy 0.5994
archive 8
3
6 26  100 1010100111010000011001000010000100000000000000010001001011110000001100100110000111100000100100001011
5 27  100 1110100111010000011001000011000100000000000010010101001011000000001101000110000111100000100100001001
4 29  100 1110100111010000010001010000100100000000010000010101101011101000001100000110000111100000100100001001
runNumber 9
genCount 5241
elapsedTime 599.965
unaryHyperVol 161
binaryHyperVol 19.85
additiveEps 0.933333
entropy 0.509891
archive 9
2
11 26  100 0110000001010001100000000010100101101001010000000001011111011101111101000110100111101100100101110000
4 27  100 0110000001010001100000000110100101101001011110110011011101011101011101000110000111101100100100111010
runNumber 10
genCount 5204
elapsedTime 599.943
unaryHyperVol 100
binaryHyperVol 23.0652
additiveEps 0.869565
entropy 0.5994
archive 10
3
7 31  100 0101000001010000000101110101110100101000110000010011010010110001011101010000010011100000000001101011
5 33  100 0101000000010000000101110101110100101000110000010011010010110001010101000000000011100001000011101011
4 35  100 0110000000010000000101110101100110101000110000010111010110000001110001100010000011100000000001101001
runNumber 11
genCount 10718
elapsedTime 627.729
unaryHyperVol 136
binaryHyperVol 37.1818
additiveEps 0.954545
entropy 0.509891
archive 11
2
6 27  100 1010100111101010011001001010101100101010010010000111010000011101001101000100001100101101000001001000
5 34  100 0010100111101010011001001010100100101010000010001101101101110100000110000000001100101100000011001011
runNumber 12
genCount 9388
elapsedTime 783.154
unaryHyperVol 126
binaryHyperVol 42.0526
additiveEps 0.947368
entropy 0.509891
archive 12
2
7 27  100 1010100111101011101001001001101100101010010110010001111000011100000110000100010001010000100110011011
6 31  100 1010100111101010000101001001100110101010010110010001111000011100000110000100000001100001100110100000
runNumber 13
genCount 5413
elapsedTime 600.042
unaryHyperVol 96
binaryHyperVol 28.95
additiveEps 1
entropy 0
archive 13
1
4 32  100 0000100100010100010000010101110101101001011010100001101000001100000101001010100100100010100101000000
runNumber 14
genCount 5341
elapsedTime 599.945
unaryHyperVol 153
binaryHyperVol 27.1569
additiveEps 0.882353
entropy 0.5994
archive 14
3
6 27  100 0110100101010101010001000010000101101010011010010101101011011100001101000010100111000000000000101001
5 28  100 0110100101010101110000000001000001101011011010111011010011011100001101000010100111000000000000101001
4 29  100 0110100101010101010001000011000001101001000000000000001011011100001101000010100111000000000000101001
runNumber 15
genCount 5405
elapsedTime 599.984
unaryHyperVol 66
binaryHyperVol 12.6786
additiveEps 0.785714
entropy 0.509891
archive 15
2
5 34  100 0010100011101010110000000011100000101000000110000000100000001101001111000000000001100001000010011000
3 40  100 0000100000100100100000000001000010101000000110010111011001111101010110010000010000100101000001010000
runNumber 16
genCount 5558
elapsedTime 599.92
unaryHyperVol 147
binaryHyperVol 12.2857
additiveEps 0.761905
entropy 0.5994
archive 16
3
5 28  100 0110100101010011100001000001110100101001010110000000110100110111001101000100010110100100000001100011
4 32  100 0110100101010010000101001001000010101010101110011101111000010001111101000100010111100100000001101010
3 33  100 0110100101010010100001000010100000101010011110011100111101100001010000010000010100100100000001001010
runNumber 17
genCount 5369
elapsedTime 599.976
unaryHyperVol 146
binaryHyperVol 18.0317
additiveEps 0.714286
entropy 0.5994
archive 17
3
9 27  100 0110100100010101101001110101100101101000010110000011110111001101110100000110101111100000100010101011
5 28  100 0110100100010001101001110101000001101000010110000111110111001101110101000110100111100000100010101011
4 33  100 0110100100010101100001110101000001101000000010110101110111001100000100000010100011100000100010101011
runNumber 18
genCount 5324
elapsedTime 599.977
unaryHyperVol 142
binaryHyperVol 28.0588
additiveEps 0.941176
entropy 0.509891
archive 18
2
6 28  100 0000101000010010100000000101100100101010011010000011011011100000111101001100000011101000100001001001
4 29  100 0000100100010010001001000101100000101001000110010110001011000001011101101100010101100000100001011001
runNumber 19
genCount 5537
elapsedTime 599.983
unaryHyperVol 156
binaryHyperVol 28.9333
additiveEps 1
entropy 0
archive 19
1
4 27  100 0110100111100101101010010000000000101001010000011111111100111101000101000110000101010000100100101011
runNumber 20
genCount 5227
elapsedTime 599.923
unaryHyperVol 120
binaryHyperVol 17.9474
additiveEps 0.947368
entropy 0.509891
archive 20
2
12 28  100 1100100100010001011001000101000100000010011101000011110101011101001100000110101011101001100110101010
4 31  100 0000100100010000011001000101000100000010101101000101111011010001000100001010100011100001100110001011
runNumber 21
genCount 5341
elapsedTime 600
unaryHyperVol 150
binaryHyperVol 25.7544
additiveEps 0.842105
entropy 0.5994
archive 21
3
6 27  100 1010100111100111110101000001000000000001111110001011010111001000011101110000010111100000000001101011
5 29  100 1010100111100111110101000001000001101000011100000011010111001000011111110000010111100000000011101011
4 31  100 1010100101100111110101000001000001101001101110001011010111000011000100000000011111100010000001101011
runNumber 22
genCount 5369
elapsedTime 599.893
unaryHyperVol 81
binaryHyperVol 17.3
additiveEps 0.833333
entropy 0.5994
archive 22
3
13 32  100 0000100100100100010000010010000001101010111001000001010000001101011101101110000100100001100100101011
6 33  100 0000100110100100010000100010000001001010111001010000010111001101111101101110000100100101100100101010
4 36  100 0000100100100100010000010010000001101010100010000010010100111001011101101110000100100001100100101011
runNumber 23
genCount 5418
elapsedTime 600.005
unaryHyperVol 52
binaryHyperVol 34.26
additiveEps 0.92
entropy 0.5994
archive 23
3
7 35  100 0000000011100100000000111010100101010101010000011110011001000001011100000010001100100110100101001001
6 36  100 0000000011100100000000111010100101010101010000011110011001001001000100100010001100100010100001001001
5 37  100 0000000010100100000000110010000101010101010001000000110010001001010000000010000100100111100100011001
runNumber 24
genCount 5362
elapsedTime 599.873
unaryHyperVol 53
binaryHyperVol 14.2231
additiveEps 0.923077
entropy 0.5994
archive 24
3
8 35  100 0110100101010001000000001010000110101000010000011010011100111100100000110100010111000011000001011010
5 37  100 0110000001010001111010001111000101101001110000011010011000011100100000110100010110100111000001011010
3 38  100 0110100101010001000000000111110111101000010000010010101001010000010000110000010111100111000011011011
runNumber 25
genCount 5399
elapsedTime 599.98
unaryHyperVol 91
binaryHyperVol 37.5185
additiveEps 0.962963
entropy 0.509891
archive 25
2
6 31  100 0000100100100100100001001110000001101001011010101011111011010011011101010110001100100100100101101001
5 39  100 0000101100100101110000001101010111010111111110001010111011010010000111000110001100100001100010101011
runNumber 26
genCount 5441
elapsedTime 600.003
unaryHyperVol 119
binaryHyperVol 14.7343
additiveEps 0.769231
entropy 0.472411
archive 26
4
16 28  100 0000100111010001000101000001100101000000001010000011111111001101001011000110100100100111101001011010
13 29  100 0000100111010101000101000001110100000000001010000011111111001101001001111010100100100111101001011010
5 30  100 0000100111010000000101000001100100000000001010001011110111000001010100100110100100100111101100101011
4 34  100 0000100111010000000101010101110101000000000010000111111111001101001001111010100100100111101111011011
runNumber 27
genCount 5481
elapsedTime 599.964
unaryHyperVol 110
binaryHyperVol 15.1806
additiveEps 0.75
entropy 0.380988
archive 27
5
12 28  100 0110100101010101101101000111110000101001010110100010011001101000001101100110100100101100100110101011
8 31  100 0110100101010101101101000110101001101000000010010100110110000001011101001010100100101100100110101011
7 32  100 0110100101010101101101010011000001101001010110010011101101010000001101001010100100100010100100111001
5 33  100 0110100101010001011101000011000001101001010110010011001101100001110101001010100110101110100001101010
4 36  100 0110101101010101100000000011000001101001000110010001101101100001110101001010100100100010100100111001
runNumber 28
genCount 5331
elapsedTime 599.881
unaryHyperVol 97
binaryHyperVol 19.0474
additiveEps 0.73913
entropy 0.380988
archive 28
5
14 29  100 0110100100010001100000000001000011010100011010100101010101111100001100001010100110100000100101101011
9 30  100 0110100100010001100000000001000011010100011010100011010101110100100100001010100110100000100101101011
8 32  100 0110100100010001100000000001000011010100001110000101010101111100000100001010100110100000100101101011
6 34  100 0110101101010001010000000101000011010100011010100011010101110100100100001010100111101101100101101011
5 35  100 0110101100010001010000000101000011010100011010100011010101110100100100001010100111101101101101101011
runNumber 29
genCount 5384
elapsedTime 600
unaryHyperVol 140
binaryHyperVol 20.6105
additiveEps 0.947368
entropy 0.509891
archive 29
2
8 27  100 0110100100010111110110000001011010101001001001110101010111001100001101011010101001010000100100101011
4 31  100 0110100101010111110110000001011010101001001010100000110111000100000101011010101001010000100100101011
