OptimalFront
unaryHyperVol 353
3
5 8  100 0011101100100101110000101110000010000100011011001010010001011010000101011010001100010111101000011010
4 10  100 0000101100100101110000101110000010000100011011001010010000011010000101010100011101010111101000011010
3 13  100 0100000001010100010000101110000110000100011011001010010001011010000101011010101101010111101000011010
-------------------------
runNumber 0
genCount 5347
elapsedTime 600.048
unaryHyperVol 70
binaryHyperVol 15.0881
additiveEps 0.758621
entropy 0.485314
archive 0
5
12 29  100 0100000000010100010000110111110000011100111100001010110001001010000101111100011101001000101001010101
10 30  100 0100000001010100000001110101110000110101001111000010010001011010100101011100011101011000101001010101
7 32  100 0100000000010100010001110101111000110001001111000010110001001010001101011100011101011000101001010101
5 34  100 0100000001010100010001110101110000110101001010001110110001011010101101011110100100001000101001010101
4 37  100 0100000000010100010001110101110000110101001010001110100101001111101101011110100100001000101001010101
runNumber 1
genCount 5318
elapsedTime 599.88
unaryHyperVol 65
binaryHyperVol 20.7308
additiveEps 0.884615
entropy 0.49717
archive 1
2
8 31  100 0100011101010000001001001101001000001000100100000110010011011011001000011100011101000000101011010101
4 34  100 0100010101010001001001001111001000010100101101010010011111011001000100011100010100000000101001010101
runNumber 2
genCount 5214
elapsedTime 599.965
unaryHyperVol 72
binaryHyperVol 51.8939
additiveEps 1
entropy 0
archive 2
1
6 30  100 0000101011010001110000001100001110100000011000000110011011001101010100010000011010010101000000011010
runNumber 3
genCount 5388
elapsedTime 600.097
unaryHyperVol 59
binaryHyperVol 22.6111
additiveEps 0.888889
entropy 0.481574
archive 3
3
7 32  100 0101100100101000001001000011110100001010001011000101110000010001000101000100000011010101101000101010
5 34  100 1101100100101000001001000011110100001010001111000101110100010001000100000100000001010101101000101010
4 35  100 1101100100101001001001000011110100001010001111110110110100010001000100000100000000010101101001111010
runNumber 4
genCount 5241
elapsedTime 599.843
unaryHyperVol 119
binaryHyperVol 32
additiveEps 0.904762
entropy 0.49717
archive 4
2
5 27  100 0000100101100100110000101101000010110100010111100010110100011000000100000100011000000001101000010101
4 29  100 1100100100100101110000101101000011110100111111000010000000011100010001100100011000000001101010010101
runNumber 5
genCount 5115
elapsedTime 600.025
unaryHyperVol 158
binaryHyperVol 9.87578
additiveEps 0.695652
entropy 0.529986
archive 5
4
10 23  100 0000000000010100010000010101000010000101010101011010100000001010000001011100101101010111101000011010
6 24  100 0000000000010101010000010101000111110101011111001010100000010010010001011010101000010111101000011010
4 28  100 1000000000010100010000010101000111110101011111001010100000010010010001111010101000010110101000011010
3 31  100 0100000001010100010000110101000111111101001111001010000000011010000001001110101100010101101010001010
runNumber 6
genCount 5194
elapsedTime 599.979
unaryHyperVol 40
binaryHyperVol 21.6337
additiveEps 0.888889
entropy 0.449615
archive 6
3
12 32  100 0100101101010101110000000011110001000000000101001010010000010001110101010001000001010001010111110101
11 34  100 0100101101010101110000000011110011001101000101001010100100010001100101110001000001010111010111110101
5 35  100 0100101101010101110000000100110001000101010101001110100100010001111010010001000001010011010111110101
runNumber 7
genCount 5194
elapsedTime 599.94
unaryHyperVol 92
binaryHyperVol 14.3152
additiveEps 0.956522
entropy 0.49717
archive 7
2
7 30  100 0100000001010101010001110101000100010000101111000010011000010010110001010100100001010100101001011010
3 31  100 0100000001010100010000010101001101000100101001000010001001011010000000110110100001010100101001001010
runNumber 8
genCount 5298
elapsedTime 599.958
unaryHyperVol 77
binaryHyperVol 33.3478
additiveEps 1
entropy 0
archive 8
1
4 31  100 0111101100010001111001110101110100011100110101100100110100011001001101010100011101010111101001011010
runNumber 9
genCount 5288
elapsedTime 599.927
unaryHyperVol 136
binaryHyperVol 36.75
additiveEps 0.8
entropy 0.49717
archive 9
2
6 24  100 0100101101010101110000000010010111110100000100111010100001011010000101010001000101010110010100011010
5 28  100 0100101001010101110000000111010111011101000111001010000101001010000100010001000101010111010100011010
runNumber 10
genCount 5205
elapsedTime 600.027
unaryHyperVol 118
binaryHyperVol 16.5217
additiveEps 0.782609
entropy 0.447913
archive 10
4
10 25  100 0100011100010101000001000101001010000011011111001010010001010101010101000010100101010111101000111010
7 28  100 0100011100010101001001010101001010000101101000000010010001010101010101100010100001010111101001111010
5 30  100 1100011100010101001001000101101010000011011100000010010001010111110001000110100001010111101001011010
4 31  100 0100010101010001001001000101001010000001011111011010010001010001011111010010000001010111101001111010
runNumber 11
genCount 5230
elapsedTime 599.958
unaryHyperVol 138
binaryHyperVol 11.2292
additiveEps 0.75
entropy 0.49717
archive 11
2
4 26  100 0100000001010100000000000111110001010100000100001010010010011010000101010010101101010111101000111010
3 32  100 0100000001010100010000010001010000010101100100001110010010111010000101010010101000010111101010001010
runNumber 12
genCount 5380
elapsedTime 599.882
unaryHyperVol 84
binaryHyperVol 31.6771
additiveEps 0.875
entropy 0.49717
archive 12
2
7 29  100 0000100101100100011001000011000110010101000111100110110000010110000100010000011001010111000000001010
5 32  100 0100100111100100011001000010000110010101000111101110000010000001000001010000011001010100000000001010
runNumber 13
genCount 5136
elapsedTime 600.008
unaryHyperVol 46
binaryHyperVol 24.8448
additiveEps 0.827586
entropy 0.492862
archive 13
5
9 32  100 0100010101010101000101010011000101111101010111000101110000001001000100011110101100010100101000011010
8 34  100 0100010101010101000101010011000101111100000101110101110000001001000100011110101100010100101000011010
7 35  100 0100010111010101010101000111000100110101010111000100111110110000000100011110100010010100101011011010
6 36  100 0100010101010100010101000111000100110101000111000100111010111000010000011010101111010100101000001010
5 37  100 0100010101010100010101000111000100110101010111000100111010111000010000011010101000010000101000001010
runNumber 14
genCount 5239
elapsedTime 599.93
unaryHyperVol 131
binaryHyperVol 18.5826
additiveEps 0.73913
entropy 0.449615
archive 14
3
8 25  100 0101000001010101010000101110000001000110011000000100100001011100000101010100010010010111101001111010
5 27  100 1101000001010111010000101110000001011011011000000110100000011000000111010100010010010110101000011010
4 31  100 0101000001010011010000100110000000000111010100000110110100011110001111110100010001010100101011011010
runNumber 15
genCount 5111
elapsedTime 600.017
unaryHyperVol 96
binaryHyperVol 12.6181
additiveEps 0.833333
entropy 0.49717
archive 15
2
9 28  100 0100100101010001011001110001000100011000011111000010010101010000000101011110101101010111101001011010
3 32  100 0100100101010100111001001001000100101000011111000010010101101011000101011110100000010100101001001010
runNumber 16
genCount 5297
elapsedTime 600.023
unaryHyperVol 59
binaryHyperVol 18.0298
additiveEps 0.821429
entropy 0.447914
archive 16
4
15 30  100 0100010101010001010101000010000001111100011011000010001001011010000111101010100010010000101000011010
12 31  100 0100011101010101000101010011000001111100100000001010011010011010000011100010100101010100101000011010
6 32  100 0100011101010001010101000010000001111101110011110010001101011010000100010110100101010100101001011010
5 36  100 0100011101010000010101000000100001101100111101011010011011011010000101000010100000010000101011011010
runNumber 17
genCount 5250
elapsedTime 599.929
unaryHyperVol 0
binaryHyperVol 333
additiveEps 333
entropy 333
archive 17
0
runNumber 18
genCount 5278
elapsedTime 600.018
unaryHyperVol 135
binaryHyperVol 51.8444
additiveEps 1
entropy 0
archive 18
1
6 23  100 0000100100100100001001001110000101011000011011001010010001011000110100111010000001010100010100010101
runNumber 19
genCount 5446
elapsedTime 599.909
unaryHyperVol 94
binaryHyperVol 14.2391
additiveEps 0.956522
entropy 0.49717
archive 19
2
5 30  100 0100000000010100010001110111010110001011011011000010101100010001110110000110101101010111101000101010
3 31  100 0100000001010100010000110111110000000110010111101010010000010011010110000110100001010111101000101010
runNumber 20
genCount 5196
elapsedTime 600.071
unaryHyperVol 61
binaryHyperVol 17.463
additiveEps 0.851852
entropy 0.481574
archive 20
3
11 31  100 0100000001010000010010101110001010100100110011000110110100111101000000010100010001010100101000111010
5 33  100 0100000001010101010010101101001010010110111100000110010100011100001000010100010000010000101010111010
4 35  100 0100000001010001101010001010001000010111011100010110011100011001000000010100010000010000101010101010
runNumber 21
genCount 5281
elapsedTime 599.902
unaryHyperVol 108
binaryHyperVol 27.1909
additiveEps 0.818182
entropy 0.49717
archive 21
2
8 26  100 0100000001010101110000010101000101110100011101000010010001110000000100010001001101010110011000010000
5 30  100 0100000001010101110000010011010111010100001111000010010011111100001100010001001101010110011001010000
runNumber 22
genCount 5311
elapsedTime 599.96
unaryHyperVol 73
binaryHyperVol 26.12
additiveEps 0.92
entropy 0.49717
archive 22
2
6 31  100 0100101101010100111001011111010110110001101111000110100101011110000100011010100011010110101000111010
4 33  100 0100101101010100111001011101010110110000010110000110100101011110100110000110100111010110101000111010
runNumber 23
genCount 5314
elapsedTime 600.021
unaryHyperVol 122
binaryHyperVol 19.7083
additiveEps 0.9
entropy 0.49717
archive 23
2
9 26  100 0000100001100101110000111000110101001100010111010010011000010001000111011010000001010110101000111010
4 28  100 0000000001100100010000000011110010101000010101001010010000000001000111010010000000010111101001011010
runNumber 24
genCount 5312
elapsedTime 599.901
unaryHyperVol 51
binaryHyperVol 25.6624
additiveEps 0.884615
entropy 0.481574
archive 24
3
12 31  100 1101000000010001101010000101100100110110010000101010010110001000000111010000000000010111000000101010
9 32  100 0101101100101011011010001101100100110110010000101010000110000001000111010100000000010111000000001010
6 34  100 0101101100101011011010010110000100110110000110100100100110000001000111010100000000010111000000001010
runNumber 25
genCount 5331
elapsedTime 600.001
unaryHyperVol 84
binaryHyperVol 20.8009
additiveEps 0.833333
entropy 0.481574
archive 25
3
12 28  100 0000000000100100010000010111001100010101011111110010110001011111000100010010001111001001101011001010
8 29  100 0000000000100100010000010111001101000101011101000010111111101011001100011010001111001000101011101010
5 32  100 0100000000100100010000110111001101010101011110110110110001111111000100010010001111001010101011001000
runNumber 26
genCount 5225
elapsedTime 600.005
unaryHyperVol 101
binaryHyperVol 11.6667
additiveEps 0.777778
entropy 0.481574
archive 26
3
5 29  100 0100101101010001001001011100000010001100111000001010101101010010010101011010101010010100101001111010
4 30  100 0100100101010100101001010110010010000000101000101010100101010110000111011010101110010110101001001010
3 35  100 0100100101010100101001001100101110000100101000100010100111010101011000000010101110010100101011011010
runNumber 27
genCount 5150
elapsedTime 600.046
unaryHyperVol 110
binaryHyperVol 51.8158
additiveEps 1
entropy 0
archive 27
1
5 27  100 0010101100010001111010000101000001000100010111000110010000001001000100010110101001010100101000101010
runNumber 28
genCount 5275
elapsedTime 599.94
unaryHyperVol 90
binaryHyperVol 10.6833
additiveEps 0.833333
entropy 0.49717
archive 28
2
5 29  100 0100000001010111010000000101101001011100001011001010011101100001001101011010101100010111101011011010
3 38  100 0100000001010100010000000101101001011100001010011010110110101101001110000010101100010100101011001010
runNumber 29
genCount 6482
elapsedTime 599.966
unaryHyperVol 104
binaryHyperVol 16.6964
additiveEps 0.75
entropy 0.481574
archive 29
3
10 26  100 0111000000010111010000000101110101111100010110000110000000011011000101011010101111010111101000111010
8 28  100 0111000000010111010000000001110001011100010110001010000101010111000101010010101111010111101000111010
4 32  100 0111000000010111000000000101110101011101000110000010000100010111110101011010100010010101101000011010
