OptimalFront
unaryHyperVol 341
1
3 11  100 0000000010100100010000011111101110101110001110100110110100101001111000011001100110101101010110011101
-------------------------
runNumber 0
genCount 5518
elapsedTime 599.8
unaryHyperVol 176
binaryHyperVol 333
additiveEps 333
entropy 0
archive 0
1
3 26  100 0000000001100100010000001101101101111101011010100110100101101001111000011001100000101110010110010111
runNumber 1
genCount 5398
elapsedTime 599.922
unaryHyperVol 109
binaryHyperVol 15.6739
additiveEps 0.913043
entropy -inf
archive 1
4
11 28  100 0000000001100111010000000101100001111100000000010010010100101001111010101001100101100111010110011001
6 32  100 0010000001100111010000000111100001110101110110010010000111101001111000101111100110100111010110011001
5 33  100 0010000001100111010000000011100001011100000010010010000111101001101010100101100101100111010110011011
4 34  100 1010000001100111000000000011100001011100000010010010001111101001101010101001100110100010110110010010
runNumber 2
genCount 5480
elapsedTime 600.009
unaryHyperVol 70
binaryHyperVol 55
additiveEps 1
entropy 0
archive 2
1
4 35  100 0110000001010011010000010000000101011101111101001010010111101010110101101000010010101100010010010000
runNumber 3
genCount 5700
elapsedTime 600.064
unaryHyperVol 144
binaryHyperVol 10.4928
additiveEps 0.826087
entropy -inf
archive 3
3
6 28  100 0000100101100100110000000100100111010001000000100110110100101001101000011001001100101101010000001101
4 30  100 0000100111101001110000100001100111111100000000101110110100101001101010010000000100101101011000001110
3 34  100 0010100111101000111001001110100111010001000000100110110110101001101000000000001111101111010000101110
runNumber 4
genCount 5681
elapsedTime 599.832
unaryHyperVol 91
binaryHyperVol 11.4295
additiveEps 0.884615
entropy -inf
archive 4
5
9 32  100 0000100101100100101001010011100001111101000000000110010000101000010101000011000101011110010111001101
7 34  100 0000100101100100101001010011100001111101000000000110010000101000010101000011001000011101010111001010
5 35  100 0000100101100100011001000100101100011010100110010110010100101000010101000011001000010010010111001101
4 36  100 0000100101100100011001000101100001011010100110010110010000101000000101100011100101010101100111001100
3 37  100 0000100101100100011001000100101100011010110110010110010010101000010101000011000101100111100111001101
runNumber 5
genCount 5410
elapsedTime 599.955
unaryHyperVol 100
binaryHyperVol 55
additiveEps 1
entropy 0
archive 5
1
4 32  100 0110011001010011010101010011100010100000000110101110111001000001000101011001000101010010000001001101
runNumber 6
genCount 5291
elapsedTime 599.905
unaryHyperVol 113
binaryHyperVol 21.9348
additiveEps 0.869565
entropy -inf
archive 6
4
7 30  100 1110000001101000010000011100000111111101011110001010111010101010111000011111000110100101110010101101
6 31  100 0000100111101001110001001100001000111100001110100010000010101010111000011111000110000000011111101101
5 32  100 0000100111101001110001001100000111111100111110001010000000101010111010010011000110100101001001011101
4 34  100 0000100111101001110001001100001000011100001110000010000011101010111011110000001010101101111011001101
runNumber 7
genCount 5409
elapsedTime 599.988
unaryHyperVol 116
binaryHyperVol 12.7841
additiveEps 0.954545
entropy -inf
archive 7
3
7 31  100 0000000001101000000000010100000100011101001110100010110100101010111000000100000111101110101001111101
4 32  100 0000000001101010000000010010100101011110000110000010110100101010111000000100000111101010101001011101
3 33  100 0000000001101000010000110000100101010110000110000010110100101010111000000100000111101010101000011101
runNumber 8
genCount 5522
elapsedTime 599.921
unaryHyperVol 84
binaryHyperVol 8.72141
additiveEps 0.709677
entropy -0.482628
archive 8
5
14 30  100 0110101001010001000000000001101101111100001101010010000110101001110101010001100010101101110100101100
13 32  100 0110101000010001000000000001100000111100001101010010010110101001110101010001101110101100100100101100
5 33  100 0110000001010001010000000001100010111101011100010010000110101001110001010101000011101000011000010111
4 40  100 0110000001010011010000110001100101011111011110010000010110101011010101010000100011101100011100110111
3 42  100 0110000001010011010000000001100000110101000110010010000110101011011001111100100001101000111100110101
runNumber 9
genCount 5436
elapsedTime 599.98
unaryHyperVol 152
binaryHyperVol 8.56
additiveEps 0.64
entropy 0.0232462
archive 9
3
9 26  100 1101000001010001010000010111100100011110001110111110110100101001001000011000000100101111011100011100
5 27  100 0110101001010011000000011100001100011110001110111110110100101001001000011000000100101111011100011100
3 36  100 0110000001010001010000011000000101011011000110001110101111101000011001011011010100101101100000011110
runNumber 10
genCount 5613
elapsedTime 600.007
unaryHyperVol 127
binaryHyperVol 32.6429
additiveEps 1
entropy inf
archive 10
2
5 29  100 0110101001010010001010101111101110100010000110011010011100101001111000010101111110100100000101001101
4 32  100 0110101001010001001010101111101110110010000110011010011100101001100101000101111001100101000101001101
runNumber 11
genCount 9703
elapsedTime 756.848
unaryHyperVol 170
binaryHyperVol 10.2857
additiveEps 1
entropy inf
archive 11
2
4 26  100 0000000011100100010000010011010100111101000000000010111101101001110101001010101110101001010010011101
3 32  100 0000000011100100010000110001100101010101000000010010100101101000110101010100101010101100010010101101
runNumber 12
genCount 6675
elapsedTime 673.849
unaryHyperVol 164
binaryHyperVol 22.625
additiveEps 1
entropy inf
archive 12
2
7 25  100 0110101001010000101010010111101110101101001110100110000100101001111000011100110100010001010101000001
4 27  100 0110100101010001011010010011101110101101001110100110000000101000011001011110110000010001010110010001
runNumber 13
genCount 5361
elapsedTime 599.912
unaryHyperVol 111
binaryHyperVol 18.0139
additiveEps 0.833333
entropy -inf
archive 13
3
9 30  100 0000100101100100101001010011001011010001000110110110110000001001001000010011010110101101000001011101
5 31  100 0000100101100100111001011101101011010001000110001110010000101001111000010011010110101101000001010101
4 35  100 0000100101100100111001000100001010110001000110110110010001000011001000010010000110101101000101111101
runNumber 14
genCount 5408
elapsedTime 600.076
unaryHyperVol 123
binaryHyperVol 30.86
additiveEps 1
entropy inf
archive 14
2
5 29  100 0110100010101001111010011111101111100101010000101010010010101011101000010001010110100101110100000001
4 36  100 0110100010101011111010001111101111100111010010110110000110101010101011110000001111100101110100000001
runNumber 15
genCount 5558
elapsedTime 599.979
unaryHyperVol 197
binaryHyperVol 12.1429
additiveEps 1
entropy inf
archive 15
2
9 23  100 0110100111010001011001001111101100101010000110100110111000101001111000011001101010101001111100011101
3 25  100 0110100101010001001001001011101010100110000110100110111000101001111000011001101011101101111110001101
runNumber 16
genCount 5570
elapsedTime 600.001
unaryHyperVol 92
binaryHyperVol 12.376
additiveEps 0.92
entropy -inf
archive 16
3
8 33  100 0110000011101000000000011010101001011100101110010110110110101001010010011000000011100001000100001001
4 34  100 0000000011101010000000011011101101011100001110010110111010101000101000010100000010100100100000001011
3 36  100 0000000001101000010000101100001001011110100010010110111010101000001010011000001011100110000000111111
runNumber 17
genCount 5488
elapsedTime 599.932
unaryHyperVol 154
binaryHyperVol 333
additiveEps 333
entropy 0
archive 17
1
3 28  100 0110100101010001101001001100001100100110000000111110010110101001001000011010111011101101010110011001
runNumber 18
genCount 5502
elapsedTime 599.992
unaryHyperVol 138
binaryHyperVol 9.93478
additiveEps 0.833333
entropy -inf
archive 18
4
9 27  100 1110100100010001011001000011011111110100001110100110010100101001011001001001011010101101010011010010
8 28  100 1110100100010001011001000001011111110100001110100110010100101001011001001001011010101101010011010010
5 31  100 0110100101010001011001000001011111110100000110101110110100101001111001001101000010101110010101000100
3 34  100 0110100101010001011001000001101111111101000000111110110100101011101011111111000010101110011011011010
runNumber 19
genCount 5346
elapsedTime 599.972
unaryHyperVol 209
binaryHyperVol 333
additiveEps 333
entropy 0
archive 19
1
3 23  100 0110000001010001010000111101101110101010000110100110110100101001111010001011100110100100010110010101
runNumber 20
genCount 5551
elapsedTime 599.969
unaryHyperVol 185
binaryHyperVol 12.375
additiveEps 1
entropy inf
archive 20
2
4 25  100 0000100111101001011001001111101100100011101110000110000101101010111000010000000101001101011010011101
3 27  100 0000100101101001001001001111101100100010001110100110110101101010111001000000000101101100011111010101
runNumber 21
genCount 5463
elapsedTime 599.937
unaryHyperVol 158
binaryHyperVol 11.2875
additiveEps 0.85
entropy -inf
archive 21
3
7 27  100 0110000001010111000000011111101101011010100000010110100100001001110000010111001110101101000110011100
4 28  100 0110000001010011000000010011100101011110100000000110110100001000111000010101010110001101101110010101
3 31  100 0110000001010011010000011111101000011010100000111110100100101000111000000101001110101101000010110001
runNumber 22
genCount 5410
elapsedTime 599.993
unaryHyperVol 110
binaryHyperVol 55
additiveEps 1
entropy 0
archive 22
1
4 31  100 0000100100100101110000100000000000111111001110000010100111101001011000010000010101101101010110100111
runNumber 23
genCount 5309
elapsedTime 599.942
unaryHyperVol 254
binaryHyperVol 11.1111
additiveEps 1
entropy inf
archive 23
2
8 18  100 0000000010100100010000011101011111111111001110100110110100101001111000011001100110101100010101010011
3 20  100 0000000010100100010000010001100111110110000000100110110100101001111000011001100010101101010101011001
runNumber 24
genCount 5425
elapsedTime 599.93
unaryHyperVol 159
binaryHyperVol 13.2353
additiveEps 1
entropy inf
archive 24
2
9 27  100 0000000000100100010000000011100101010000000110101010110100101000010010111001100111101101010110011000
3 28  100 0000000011100100010000000011100101010000000110101110110100101000011000111001110111101001010110011001
runNumber 25
genCount 5528
elapsedTime 600.019
unaryHyperVol 146
binaryHyperVol 10.4638
additiveEps 0.782609
entropy -inf
archive 25
3
6 28  100 0110100101010000101001000101101110011111000010100110110000001001111000010001100110100001011110001110
4 29  100 0110100101010000111001000101101101101101000110100110110001001001111000010001110110001101011110000101
3 34  100 0110100101010000101001000101101101011101010110100010110001101001111000010001110010101001011110000111
runNumber 26
genCount 5321
elapsedTime 599.95
unaryHyperVol 154
binaryHyperVol 11.8618
additiveEps 0.894737
entropy -inf
archive 26
4
11 27  100 0110100101010000001001010001100010001100001100100110111000101011110101011101100110101111100110010100
5 28  100 0110100101010001101001010011101010001100001010000110111000101010110101011101110100101101110110010101
4 29  100 0110100101010011101001010011101010100000001010000110111000101010110101011101100100101101110110011000
3 30  100 0110100101010010111001000001101011000000001110010110111000101001110101011101100110101111100110010101
runNumber 27
genCount 5327
elapsedTime 600.032
unaryHyperVol 154
binaryHyperVol 333
additiveEps 333
entropy 0
archive 27
1
3 28  100 0000000010100100010000011000000010010010100010010110001001101011100101111001000110101101000110011101
runNumber 28
genCount 5466
elapsedTime 599.902
unaryHyperVol 118
binaryHyperVol 32.0238
additiveEps 1
entropy inf
archive 28
2
7 28  100 0000100111010001011001010111101101100000010110101001110000000001111000001000101110101101000110001101
5 32  100 0000100111010001101001010101100100000000011110101001110100101000101000000000100110101100100110100101
runNumber 29
genCount 5381
elapsedTime 599.995
unaryHyperVol 160
binaryHyperVol 10.9048
additiveEps 1
entropy inf
archive 29
2
4 27  100 0110000001010000010000111011101010101001000110100110110000101001111000010000001010001101011110010101
3 32  100 0110000001010010010000111001100101001001010110000010010000101001111000010001100111101001011110011101
