OptimalFront
unaryHyperVol 399
3
6 12  100 0110011001010100000000111100000000100100101000000101101010001001001110110110101010110101100011001010
5 13  100 0110011001010100000000111100000010100100101000000101101010001001001110110110101010110101100011001010
3 15  100 0110101001010100101010111100000000100100101000000101101010001001001110110110101010010001100011001010
-------------------------
runNumber 0
genCount 5532
elapsedTime 600.019
unaryHyperVol 177
binaryHyperVol 25
additiveEps 0.882353
entropy 0.481574
archive 0
3
7 27  100 0000101001100000110000011100110111110111101001101001001010001001001110110110000111110101100100001010
6 28  100 0000101001100000110000011100110111010111101001101001001010001001001110110110000111110100100100001010
4 29  100 0000101000101001110000001100000010000000101011000101101000001100011110110110000111110101100100111010
runNumber 1
genCount 5475
elapsedTime 600.024
unaryHyperVol 145
binaryHyperVol 16.117
additiveEps 0.947368
entropy 0.49717
archive 1
2
12 30  100 0000101000100100101010111111000111100000011000000101000001111111110110010100011010010001100001001010
3 31  100 0000101001100100101010111100110000100100011001001100000001010111010110010000011010010001000011101010
runNumber 2
genCount 5585
elapsedTime 599.883
unaryHyperVol 115
binaryHyperVol 28.7424
additiveEps 0.909091
entropy 0.49717
archive 2
2
5 32  100 0000101001100100011010101101011000100000111011101111101000011001001110010100010010010111000010111010
4 34  100 0000101001100100011010101101011000100000111011101111101000011001001110010100010111010011000010111010
runNumber 3
genCount 5385
elapsedTime 600.042
unaryHyperVol 65
binaryHyperVol 30.2361
additiveEps 1
entropy 0
archive 3
1
4 36  100 0000101001101000001001011111100100100000001010101011011001001000110010100000011100110111000011011010
runNumber 4
genCount 5371
elapsedTime 599.939
unaryHyperVol 241
binaryHyperVol 24.0625
additiveEps 0.666667
entropy 0.49717
archive 4
2
5 22  100 0000101001100001011001011000000000110000101000000101100110001001001110110110100010000101100011001010
4 28  100 0000101000100000001001011100000000110000101000010011100110000110001010110010100010010101100011001010
runNumber 5
genCount 5511
elapsedTime 599.922
unaryHyperVol 203
binaryHyperVol 42.2564
additiveEps 0.923077
entropy 0.49717
archive 5
2
6 24  100 1010000011001111000000011111010000100010101000000101011000011001001110010100011010110101100011111010
5 25  100 1010000011001111000000011101001110100010101000000101011000011001001110010100011010110101100011111010
runNumber 6
genCount 5617
elapsedTime 600.02
unaryHyperVol 163
binaryHyperVol 16.9748
additiveEps 0.857143
entropy 0.481574
archive 6
3
17 26  100 0000101011100101110000111110000000100000011000000101001000111101011101010100011010000101000001001010
10 28  100 0000101001101001110000110100000000100000101000000101100100111100010110000100011000001001100011111010
4 29  100 0000101001101001110000110100000000100000101000000101001000111100010110010000011010001001000001001010
runNumber 7
genCount 5801
elapsedTime 599.967
unaryHyperVol 99
binaryHyperVol 27.1026
additiveEps 0.807692
entropy 0.49717
archive 7
2
5 33  100 1010101001100000101001011101010011110001101011000101101000110100111010110000011100110101000010101010
4 38  100 1010101001100101001001010110001011110000101011010111010100110100111010110000011000000101000010101010
runNumber 8
genCount 5576
elapsedTime 599.961
unaryHyperVol 56
binaryHyperVol 43.0659
additiveEps 0.857143
entropy 0.481574
archive 8
3
10 34  100 0110101001010111001001110111111101011100101011010101101101001101110110110000101010110110000001111010
9 37  100 0110101001010111001001110111111111011100001011010101011010011101110010110000010101111010000011111010
8 38  100 0110101001010111001001110011110100101000000011100100110001011101110110010000010101111010000011101010
runNumber 9
genCount 5356
elapsedTime 599.942
unaryHyperVol 153
binaryHyperVol 19.6235
additiveEps 0.888889
entropy 0.49717
archive 9
2
12 28  100 0110101000000100011001110100000001100100101000010101101000001000001010111100010000001100100001010101
4 30  100 0110101000100100011001110101000001100100101001010101101010001000001010111100010000001100100001010101
runNumber 10
genCount 5509
elapsedTime 600.045
unaryHyperVol 216
binaryHyperVol 25.3922
additiveEps 0.705882
entropy 0.49717
archive 10
2
5 24  100 0110101000100100101001111100000000100100101000000001100110000001011100000110000000000111100001001010
4 29  100 0110101000100111101001111010101100100100101000000101101010011001010000000110000101000111100100001010
runNumber 11
genCount 5550
elapsedTime 599.937
unaryHyperVol 92
binaryHyperVol 15.2793
additiveEps 0.7
entropy 0.485314
archive 11
5
13 31  100 0110101001010100011001110111110000011100101000000011101010111001110000001110101100110101000010111010
11 33  100 0110101001010100011001110111110001011100101000001010111011001011101010001110100000100101100000001010
7 34  100 0110101000010100011001110011110000011100101000000011101010111001110000001110101100011111000010001010
5 37  100 0110101000010100011001110111010001011100101000001010111011001010100010001110100010100010000001111010
4 41  100 0110101000010111011001110101110111100000101000000010001111010000100010101010100111010001000010111010
runNumber 12
genCount 5525
elapsedTime 599.927
unaryHyperVol 129
binaryHyperVol 18.4091
additiveEps 0.818182
entropy 0.449615
archive 12
3
12 30  100 0000101001100100000000101101000000110101011011010111101001101100000110000110000100000101100001001010
6 31  100 0000101001100100000000100101101001010100010101110100101010001000010110010110000100000101100001001010
4 34  100 0000101001100100000000100101101001010100011001010101001011001100100110111010001111000100100001001010
runNumber 13
genCount 5718
elapsedTime 600.032
unaryHyperVol 24
binaryHyperVol 20.2888
additiveEps 0.896552
entropy 0.481574
archive 13
3
11 38  100 0110101010100101011001010011111101100001010111110001000110001101001110000000011010010001000000111010
8 39  100 0110101010100011111001011000101001010110001001011000100110001101001110000000011011010100000010111010
4 41  100 0110101000100100111001111111101001000101101001011000110100110001111010000000010000100100000010111010
runNumber 14
genCount 5493
elapsedTime 599.935
unaryHyperVol 155
binaryHyperVol 29.2963
additiveEps 0.944444
entropy 0.49717
archive 14
2
5 29  100 0010101001100100101010010010001000010100011001000101011010001101001010111010000001010001101011001010
4 30  100 0010101001100100101010010010000000010100011000000111011010010001001010011010000001010001101011001010
runNumber 15
genCount 5467
elapsedTime 600.022
unaryHyperVol 142
binaryHyperVol 20.1583
additiveEps 0.708333
entropy 0.529986
archive 15
4
8 29  100 0000101010100000110000111100000010100100101000000110101000010000000110000100010110011000100101110101
7 30  100 0000101000100001110010001000000010100100101000010110101000010000000110000100010000110101100001110101
5 32  100 0000101010100000110010111100000000100010001011100001111100010000000110100100010000110101100111110101
4 36  100 0000101001100101110010110110100111101011101000000111100000110000011110101100010000010000100111110101
runNumber 16
genCount 5641
elapsedTime 599.863
unaryHyperVol 105
binaryHyperVol 18.0093
additiveEps 0.791667
entropy 0.449615
archive 16
3
12 31  100 0000010101100100010101001100000000010110101000010101011100100000000110001010000011110010100100001010
7 33  100 1010010100100100010101000100000000010110000011010001110001010000000110010110000001110001100100001010
4 36  100 0010010101101100010101000110001000001101101001000001111010010000000110010110000101010000100100001010
runNumber 17
genCount 5610
elapsedTime 600.041
unaryHyperVol 134
binaryHyperVol 17.4057
additiveEps 0.68
entropy 0.493798
archive 17
5
10 29  100 0010011011100100000000110000000001010100010101000100101001100000101110000100011001111101000000000000
8 30  100 0110011010100100000000111100000001010010010101000001100011001011101110100000011001111101000001001000
7 31  100 1010101011100100000000111111000001011000010101010101101001001101100110000100011001011100000000001000
5 34  100 1010101001100101000000011101000101010110000101010001101010100000100110000100011001111100000000001000
4 37  100 1010101011100000000000111111000001010010000101010001111010010010100110010000011001011101000000010000
runNumber 18
genCount 5478
elapsedTime 599.995
unaryHyperVol 83
binaryHyperVol 16.2083
additiveEps 0.958333
entropy 0.49717
archive 18
2
4 35  100 0000101001101001110001010110111101000000000101110111100110110110001110000000011010110001000011101010
3 36  100 0000101001101101011010011100000000010110010101110101100100110110011110000000010111010001000000011010
runNumber 19
genCount 5543
elapsedTime 599.879
unaryHyperVol 163
binaryHyperVol 21.7143
additiveEps 0.941176
entropy 0.49717
archive 19
2
10 28  100 1110101010100100011001011100110000100000101000010001101010010100001110101010000101110101100001001010
4 29  100 1110101010100100011001011100110000010000111000010101101010000100001110101010000101110101100100001010
runNumber 20
genCount 5413
elapsedTime 600.065
unaryHyperVol 133
binaryHyperVol 22.6286
additiveEps 0.857143
entropy 0.481574
archive 20
3
8 30  100 0110101001010100011001110101110100010100011000000110111010001100011100111010100100110101100110001010
6 32  100 0110101001010100001001110101000000111011111000001011101010001100001100011110100110011010100000010000
4 33  100 0110101000010110001001110101110100100101111000000110101010001001011010000010100100110011000001001010
runNumber 21
genCount 5558
elapsedTime 599.993
unaryHyperVol 56
binaryHyperVol 16.9067
additiveEps 1
entropy 0
archive 21
1
3 37  100 1010101001100100101010100001111110100000110101010100011110111000010110000000011010010000000001111010
runNumber 22
genCount 5471
elapsedTime 599.934
unaryHyperVol 130
binaryHyperVol 20.0507
additiveEps 0.782609
entropy 0.485314
archive 22
5
9 30  100 0110000001010100010000010011110001100000011000000101001011101101001110100110101110010110100111110101
7 31  100 0110000001010100010000000010000011100000001000000100110100101101001110101100101110000101100111110101
6 32  100 0110000001010111010000000010000011100000011000000100110100111011000010011110101110110101100111110101
5 34  100 0110000001010100010000100001000010100000110011111100111100001101010010000110101100110111100111110101
4 35  100 0110000001010100010000100010010011110000001011111011001010101101001110001110101100010101100111110101
runNumber 23
genCount 5431
elapsedTime 599.909
unaryHyperVol 205
binaryHyperVol 25.7321
additiveEps 0.928571
entropy 0.49717
archive 23
2
7 25  100 0110101001100100110000111100000000101010111010000001101011000001001100110110000100000110100001001010
4 26  100 0000101001100001110000111100000000100100101010000001101011010001001110111110000000000100000001001010
runNumber 24
genCount 5636
elapsedTime 600.041
unaryHyperVol 150
binaryHyperVol 16.0658
additiveEps 0.947368
entropy 0.49717
archive 24
2
7 30  100 0000101001001100111010111110010011011100101010000101101000110000011100110000011100010001000011001010
3 31  100 0000101001100101111010111111000011010100101010100001101000111100010010110000011010010001000001001010
runNumber 25
genCount 5366
elapsedTime 600.029
unaryHyperVol 155
binaryHyperVol 11.64
additiveEps 0.68
entropy 0.447914
archive 25
4
6 29  100 0000101010100110000000101100100000010110101000000011111101001001001110110000011110010001000011101010
5 31  100 0000101010100101000000101100010010111000011011110101111010000101001110100000011001110010000011101010
4 32  100 0000101010100101000000110110110001010110101000010101011111001001000110100000011000110010000011101010
3 37  100 0110101010100111001010100100110010000100000101101001001111001001011110000000011000010011000001001010
runNumber 26
genCount 5479
elapsedTime 599.863
unaryHyperVol 108
binaryHyperVol 43.55
additiveEps 1
entropy 0
archive 26
1
5 32  100 0010101010100100110000110100000000110111010101000101010110001010110110100010001111001010100001001010
runNumber 27
genCount 5335
elapsedTime 600.061
unaryHyperVol 87
binaryHyperVol 28.9028
additiveEps 0.916667
entropy 0.49717
archive 27
2
6 34  100 0110101000010100001001110101000000101100001011000001110100010001110101010000011011111101000001001010
4 36  100 0110101000010100001001110101000000010110101001110111110000010011000110010000011011101101000001001010
runNumber 28
genCount 5488
elapsedTime 599.9
unaryHyperVol 151
binaryHyperVol 27.127
additiveEps 0.809524
entropy 0.481574
archive 28
3
6 29  100 0110010100100001101001000010000000010100101000001001011001101000000000010110101010110001100000101010
5 30  100 0110010100100001101001001110000001110100101000001001011001001101000000010110000011111100101011001010
4 33  100 1010010110101000101001001110001001010100111000001101111100110001000010000110000001110110101010011010
runNumber 29
genCount 5532
elapsedTime 600.032
unaryHyperVol 136
binaryHyperVol 21.1118
additiveEps 0.947368
entropy 0.49717
archive 29
2
11 30  100 0110101001010101001010111100110100000101101000010110100110011100001100000110100101000101100011010101
4 31  100 0110101001010101001010111100110100000101101010000110100110000001110000010010100100000101100011010101
