OptimalFront
unaryHyperVol 249
3
5 12  100 0000101011010101110000001100101000100000101000100110101000110001100110110010101001100101101100011010
4 13  100 0110000000100111111001011100101000100000101000100110101000110001100110110010000001100101101100011010
3 14  100 0110101001010111111010001100101000100000101000100110101000110001100110110010101001010001101100011010
-------------------------
runNumber 0
genCount 5344
elapsedTime 599.916
unaryHyperVol 43
binaryHyperVol 24.3571
additiveEps 0.785714
entropy 0.529986
archive 0
4
8 32  100 0110000000010111010000000101101000000001010101100111011001001111101010010100010100110000000001010000
7 33  100 0110000000010111010000011010101000010001010101100100110110101010101010110100011111110000000001010000
6 36  100 0110000000001111010000011000000001010010000101100100110110101010101010110100011111110100000010010000
5 40  100 0110000000001101010000000000000011000000000101011000110110101010011010010100010100010000000010010000
runNumber 1
genCount 5415
elapsedTime 600.03
unaryHyperVol 39
binaryHyperVol 30.9792
additiveEps 0.958333
entropy 0.49717
archive 1
2
5 35  100 0110101001010100001001110101110001110100101000110001100101110100110010100010101001000101100101011010
4 36  100 0110101000010100011001110101111000100001101000110001100100010101010010001010101011100011000001101010
runNumber 2
genCount 5406
elapsedTime 599.879
unaryHyperVol 87
binaryHyperVol 9.375
additiveEps 0.772727
entropy 0.481574
archive 2
3
7 29  100 0010101000100100111010001100111011000000101000110010100100110111010110110000010100000111000000011010
5 30  100 0110101000101100111010001100111000100000111000111010100100110111010110110100010100010111000000111010
3 34  100 0010101000100100011010001100111011000000101000110010100100111100010010110000010100010011000010001010
runNumber 3
genCount 5385
elapsedTime 599.986
unaryHyperVol 54
binaryHyperVol 14.8164
additiveEps 0.869565
entropy 0.449615
archive 3
3
12 32  100 0000010111100101101001001011100001010100000000010111110100010000010101000100011010110101000000011010
5 33  100 0110010111100101101001001011100001010000101001000100111000110101010000100100011100000100100011011010
4 35  100 0110010111100101101001001111000001011000011000010010110100100100010110000000011101100111000010001010
runNumber 4
genCount 5247
elapsedTime 600.073
unaryHyperVol 125
binaryHyperVol 12.8235
additiveEps 0.647059
entropy 0.447913
archive 4
4
10 22  100 0110000000100111010001010100101000000001101000100110101000110111100010010000011001000101000000011000
7 23  100 0110000000100111010000010100101000000001101000100110001000110100110001010000011001100101000000011010
6 24  100 0110000000100111010000010100101000000001101000100110001000010100110001010000011001100101000000011010
4 29  100 0110000000100111010000010111010000000001101000100110101000010110100110000100011100000100000000011010
runNumber 5
genCount 5398
elapsedTime 599.976
unaryHyperVol 78
binaryHyperVol 22.058
additiveEps 0.826087
entropy 0.481574
archive 5
3
6 29  100 0110101011010111011010001100010100000000100101010001010001010010101010110010001100000101101101010101
5 33  100 0110101011010111111010001101010100010000110101010001110010010010101010101110100000000101101001010101
4 35  100 0110101001010111011010001111010110000000110101010011111001000010101010101110100000000101101001010101
runNumber 6
genCount 5455
elapsedTime 600.011
unaryHyperVol 56
binaryHyperVol 22.3718
additiveEps 0.769231
entropy 0.481574
archive 6
3
6 32  100 0000010101100011001001001001101100010010101010101010100000110001000110101100000010011111100100011010
5 34  100 0000010111100001001001001101000001100000101000101010100101100000000110101100010011011111100101001010
4 38  100 0000010111100001001001001101101110111001111000101010100001100000001110001110000100011111100100101010
runNumber 7
genCount 5431
elapsedTime 599.868
unaryHyperVol 91
binaryHyperVol 50.9
additiveEps 1
entropy 0
archive 7
1
5 27  100 0110101011100111111010101100011001100010001000111110111111110001000000011100011001010001101100011010
runNumber 8
genCount 5456
elapsedTime 599.998
unaryHyperVol 47
binaryHyperVol 30.9565
additiveEps 0.956522
entropy 0.49717
archive 8
2
5 34  100 0000101001101101111010001110000011100001010101101001000100110110100000000100011001010000000000010000
4 35  100 0000101001101101111010100101100001100000010101110000011000011101000010000100011001010000000000010000
runNumber 9
genCount 5401
elapsedTime 599.866
unaryHyperVol 112
binaryHyperVol 31.3929
additiveEps 1
entropy 0
archive 9
1
4 26  100 0000101011100011111001010001101000100000101001100000110100001001000110110000011011100101000000011010
runNumber 10
genCount 5212
elapsedTime 600.034
unaryHyperVol 99
binaryHyperVol 13.7531
additiveEps 0.777778
entropy 0.447913
archive 10
4
12 26  100 0000000011100011010000100100100000100000101000000111111000010001001100010100011101000101000000010101
6 27  100 0000000011100011010000100101100000010000101010100001001000110001011100110000010101000101000010010101
5 29  100 0000000011100011010000100101110000100000101000000001101000011101011100010000011100000101000000010101
4 30  100 0000000001100011010000100101100001010000101000000001101000110001101110010000011100000111000010010101
runNumber 11
genCount 5414
elapsedTime 599.9
unaryHyperVol 45
binaryHyperVol 21.6646
additiveEps 0.869565
entropy 0.529986
archive 11
4
10 32  100 0110000000100011000000010110101001111100011000110110100100000001011110010110100101010001100001011010
9 33  100 0110000000100011000000000110001001111100011000110110100100100001011110010110100001010001000000101010
7 34  100 0110000011100011010000000111010001110100101000011110100010000010011010010110100000010010101100011010
5 35  100 0110000000100011000000010101010001110100101000011110100010000011011010010010100101010001100001011010
runNumber 12
genCount 5290
elapsedTime 600.043
unaryHyperVol 113
binaryHyperVol 8.0375
additiveEps 0.75
entropy 0.481574
archive 12
3
7 25  100 0000101001100001111010001000001000100000101000010110101000110101000101010000010001010001000000011010
5 29  100 0000101011100101111010000000011001001100101000100110001000010000110101010100010010010001000000011010
3 32  100 0000101001100011101010000001011010100000101000100010010000111110110110000000011000010011000000111010
runNumber 13
genCount 5669
elapsedTime 599.881
unaryHyperVol 32
binaryHyperVol 31.4375
additiveEps 1
entropy 0
archive 13
1
4 36  100 0000101011100000111001010110000001010000101000101000101001101100011110010010101011010101000001111010
runNumber 14
genCount 5295
elapsedTime 599.977
unaryHyperVol 67
binaryHyperVol 29.1458
additiveEps 0.916667
entropy 0.49717
archive 14
2
5 31  100 0110101000100101111001110000011000010001011000100110000001011111000000110100011001110101101111101010
4 36  100 0110101000100100011001011001101001010000011000110001000100010011110000010100011000110101100111101010
runNumber 15
genCount 5472
elapsedTime 599.97
unaryHyperVol 87
binaryHyperVol 8.232
additiveEps 0.68
entropy 0.449615
archive 15
3
8 29  100 0110101011100101111010001101011101100000111000101010101001000001010110010100010010010001100000101010
4 30  100 0010101011100010001010011001101001100000101000100010101000010011010110010100011011010011101100101010
3 37  100 1010101001100010011010001101011100100001101000101010101001011011010010010000010111010011000001101010
runNumber 16
genCount 5463
elapsedTime 599.856
unaryHyperVol 39
binaryHyperVol 20
additiveEps 0.846154
entropy 0.529986
archive 16
4
7 34  100 0110101000101000011010001001000000011001101011101010101011111001101010110010001100010001101000111010
6 36  100 0010101001100100011010001011001000010000001010100001011011111111101010101010001100010001101100001010
5 37  100 0110101000101000011010001001000000011001101011000010101011111000000110010010001100010001101000111010
4 38  100 0110101000100000011010000010000101011011101011000010101011111001010110000010000100010010100100111010
runNumber 17
genCount 5377
elapsedTime 600.039
unaryHyperVol 93
binaryHyperVol 29.6842
additiveEps 0.894737
entropy 0.49717
archive 17
2
5 28  100 0110010101010111101001000000101101110101011000010101100101111101100110110010100100100101101100001010
4 31  100 0110010101010101101001000010100101010100001000110101001101110101100110110110100100100101100100011010
runNumber 18
genCount 5340
elapsedTime 599.964
unaryHyperVol 76
binaryHyperVol 16.2727
additiveEps 0.909091
entropy 0.49717
archive 18
2
8 27  100 0110101001101011001001011101101100100000010101110111101000111111110110110100011001100101100000001010
4 34  100 0110000000100001001001011111011000000000011001000010111000000100101110110000010011110001000001001010
runNumber 19
genCount 5483
elapsedTime 599.944
unaryHyperVol 64
binaryHyperVol 15.987
additiveEps 0.863636
entropy 0.449615
archive 19
3
10 31  100 0000101000001100110000000110000001100010111001010101111000110000001110110010000001000101101100011010
5 32  100 0000101001100000110000100100000001100010111001010101111100000001101110110010000010010101101100011010
4 34  100 0000101010001100000000100100000101010010111000000001100111100001101110110010000010010101101100011010
runNumber 20
genCount 5524
elapsedTime 599.958
unaryHyperVol 103
binaryHyperVol 15.3426
additiveEps 0.777778
entropy 0.529986
archive 20
4
9 25  100 0000010111100001010101001100101000100000011000010111000000110001010110010010101101110001101000011010
7 27  100 0000010111100000010101001100101000100110101001000010101011110101000110010110101001110010101100011010
5 29  100 0000010111100001010101001100101000100000011000000111000011110000000110010110001100010000101100011010
4 30  100 0000010111100000010101001100101010100110101001000010101011010101000110010110101100010001101100011010
runNumber 21
genCount 5388
elapsedTime 599.997
unaryHyperVol 18
binaryHyperVol 50.96
additiveEps 1
entropy 0
archive 21
1
6 37  100 0110101010100010011001011101000100010101100111000000100100010011010110000110001100100101101000101010
runNumber 22
genCount 5471
elapsedTime 599.905
unaryHyperVol 48
binaryHyperVol 31.4318
additiveEps 1
entropy 0
archive 22
1
4 34  100 0110101001010111000000000111010101010001100101110010111001000001110110000000101000110001000001011010
runNumber 23
genCount 5332
elapsedTime 599.918
unaryHyperVol 82
binaryHyperVol 20.5526
additiveEps 0.894737
entropy 0.49717
archive 23
2
7 29  100 1110101011100111000000001111111101010000000000101001111000110101010110000000011001011100000001010000
4 31  100 1110101011100111000000001101010101011100001000000101001000110101010110000000011001111100000000011010
runNumber 24
genCount 5362
elapsedTime 600.03
unaryHyperVol 66
binaryHyperVol 25.0364
additiveEps 0.8
entropy 0.481574
archive 24
3
8 29  100 0000000011100101010000001101100000000000000111000101101010001101001010110010000010010001101100111010
7 30  100 0000000011100101010000001101100001000001100111000101101011001101001110110110000010010001101100011010
5 34  100 0000000001101100010000000100110000000011010001010101100011001101000110110010000010010001101010001010
runNumber 25
genCount 5378
elapsedTime 599.977
unaryHyperVol 53
binaryHyperVol 30.0625
additiveEps 0.916667
entropy 0.49717
archive 25
2
5 33  100 0110101001100111111001110101011000000100101000010010111000011101100000010100010111001101100111110101
4 36  100 0110101001100110011001010011011001010000100101000100001100011101100010110100011011011111100111110101
runNumber 26
genCount 5427
elapsedTime 599.965
unaryHyperVol 92
binaryHyperVol 29.225
additiveEps 0.9
entropy 0.49717
archive 26
2
5 28  100 0110000011100110010000100111101010100000000101000101110100111100000101110000011001101101000000001010
4 32  100 1110000011100110010000100111101010100000010101001101110100111100011010010000011001101101000000001010
runNumber 27
genCount 5306
elapsedTime 600.053
unaryHyperVol 72
binaryHyperVol 14.0932
additiveEps 0.714286
entropy 0.506429
archive 27
4
10 28  100 0110000000100100111010011101111001010100000000101010011001010001101101010010000001010001100100011010
8 29  100 0110000000100100111010011101111001010100000000101010011000010000111101000010000000010001101100011010
5 33  100 0110000000100000000000001111010001011100111000100100101000000110010000000110000101010001100100011010
4 35  100 0110000000100000111010010010110000100110011000111001001011111011000010110110000101010001100100011010
runNumber 28
genCount 5227
elapsedTime 599.963
unaryHyperVol 70
binaryHyperVol 24.4
additiveEps 0.95
entropy 0.49717
archive 28
2
6 31  100 0110101001010100011001110111010000011100101000010110101000001001000110111010101000001001100101010101
4 32  100 0110101000010100011001110101111000011100101000000110101010101001010110111010101100001001100001010101
runNumber 29
genCount 9247
elapsedTime 599.905
unaryHyperVol 50
binaryHyperVol 10.1731
additiveEps 0.846154
entropy 0.49717
archive 29
2
4 34  100 0000101011001100011010110001001101001111111000011110101000000001000110000000010001010001000000011010
3 38  100 0000101001101110011010110001110010100001000101100001111110110001001110100000010101010000000000011010
