OptimalFront
unaryHyperVol 390
4
6 9  100 1000001000010100010000000010001100010101000110011010010100000011010000110001100010001000101011110111
5 10  100 1000001000010100010000000010001100010101000110011010010111000011010000110001100010001000101011110111
4 11  100 1000001000010100010000000010001100010101000110011010010111000011110000110001100010001000101011110111
3 12  100 1000001000010100010000000010001100010101000110011010010100101011011010110001100010001000101011110111
-------------------------
runNumber 0
genCount 5619
elapsedTime 599.834
unaryHyperVol 180
binaryHyperVol 14.8889
additiveEps 1
entropy 0
archive 0
1
3 27  100 0000000100000100010010010010000100010101110010011010101001101011011010100000011111010000010111110111
runNumber 1
genCount 5494
elapsedTime 599.961
unaryHyperVol 150
binaryHyperVol 13.0455
additiveEps 0.863636
entropy 0.475082
archive 1
2
9 28  100 1111001001110000010000110010001100100101000110001010110100101010011010110000001111000111001011010111
3 31  100 1111000100010000010000110010001100100101000110001010110110101011101010011000011101001110101011000011
runNumber 2
genCount 5380
elapsedTime 599.905
unaryHyperVol 117
binaryHyperVol 13.7812
additiveEps 0.916667
entropy 0.427067
archive 2
3
15 31  100 1000001001010000001010000010001111000101001010010110101110101000011010110000010000110000011001001100
6 32  100 1000000001000100011010000010000111100011001010010110101110101000010000000100010100010000101001000001
3 33  100 1000001001010000001010010010001111101101000000001110101000101001011010110000010000010000111001001100
runNumber 3
genCount 5430
elapsedTime 599.951
unaryHyperVol 156
binaryHyperVol 14.9
additiveEps 1
entropy 0
archive 3
1
3 29  100 0100001100110100010000000010000000100111100000001010010000101011011010110000011111111101010110110111
runNumber 4
genCount 5392
elapsedTime 599.811
unaryHyperVol 248
binaryHyperVol 13.8077
additiveEps 0.923077
entropy 0.475082
archive 4
2
7 21  100 1000000100000101011001000010000100100001000110010110010100101001011010001000010010001000101011010100
3 22  100 1000000100000100011001000010000100100001000110010110010100101001011010001000010010001000101011010100
runNumber 5
genCount 5402
elapsedTime 599.934
unaryHyperVol 129
binaryHyperVol 26.7917
additiveEps 0.875
entropy 0.475082
archive 5
2
5 30  100 0011000110010000010000000001011100010110100010101010101000101001001010111101100010001000101011111110
4 33  100 0011000111010100111001000001010100010100100110010010001100101001101010110101100000001000101000011001
runNumber 6
genCount 5341
elapsedTime 600.028
unaryHyperVol 75
binaryHyperVol 19.8081
additiveEps 0.818182
entropy 0.446543
archive 6
4
14 31  100 0101111101010011010000010001011101010101000110001110010100101011111010110000010011000101100000110111
12 33  100 0101111101010011010000010001010001010100000110001110010100101011011010111000010011000101100000110111
10 34  100 0101111101010011010000000101011101010101001010011010011100101011011010101000010111000101100000100111
5 36  100 0011011100010011000000000101011101010101001010011010110110101000111010101000010011000101100000100111
runNumber 7
genCount 5411
elapsedTime 599.875
unaryHyperVol 191
binaryHyperVol 12.693
additiveEps 0.842105
entropy 0.478842
archive 7
3
9 25  100 1000000000010101010000000010000000001101001110010010110101101011011010111100010010001010011011000101
4 27  100 0100001000100101010000000010000000101101001110010010110101101011011010011000010011001010001011000101
3 28  100 1000000000010100010000000010001000100101011010010010010010101011101010111100010010001010001011001101
runNumber 8
genCount 5527
elapsedTime 599.943
unaryHyperVol 113
binaryHyperVol 21.9833
additiveEps 0.916667
entropy 0.475082
archive 8
2
8 31  100 0100011101010101011001010010000001100101001010111110110110101000011010010000010100001000101011010101
4 33  100 0111001000000101111001111110000010100001001110111010010011101000011010100100010101001000010101000011
runNumber 9
genCount 5492
elapsedTime 599.909
unaryHyperVol 121
binaryHyperVol 28.5758
additiveEps 1
entropy 0
archive 9
1
4 31  100 0000111010010100011010100010100000100100000000010010101100010100011010110000010000010000001001000011
runNumber 10
genCount 5448
elapsedTime 599.93
unaryHyperVol 41
binaryHyperVol 24.4978
additiveEps 0.848485
entropy 0.427067
archive 10
3
10 37  100 1100111111110101001001011101010111010101101010011110111000101011101010011101101011001100101010000001
6 38  100 0100010111110100001001011101011111010101111010101110001111101001101010000001101001001100101001101111
5 42  100 0100111111110101001001011101010111010101100010111110111001101000101010011000011010111100010100000100
runNumber 11
genCount 11831
elapsedTime 621.915
unaryHyperVol 108
binaryHyperVol 20.3769
additiveEps 0.807692
entropy 0.427067
archive 11
3
13 30  100 0100010000010100011010000101011100100001001110101010110001101011100101010010100001000101101000110111
6 31  100 0100100000010100011010000001011011100011000110001010110001101011010101000010100001000101101000100111
5 35  100 0100110000010100001010100001011001100001000110000010111000101001100101000010100001000101101000100101
runNumber 12
genCount 10799
elapsedTime 669.166
unaryHyperVol 223
binaryHyperVol 17.1053
additiveEps 0.631579
entropy 0.431037
archive 12
4
8 20  100 1000001000001010000000110010001101010101000110011010010100101000000000101100000001001000101011110111
7 23  100 1000001000001010000000110010001100010100010110001010010100101000000010101100000001001000101011110111
5 24  100 1000101000010010000000110110001100010101000110011010110100101010000010001100010001001000101011110111
4 28  100 1000001011010010000000110110001101010101000010101010010000101000001010001100010001001000101011110111
runNumber 13
genCount 5398
elapsedTime 599.946
unaryHyperVol 92
binaryHyperVol 13.8642
additiveEps 0.925926
entropy 0.475082
archive 13
2
5 34  100 1001000100110000111001000101011000010101110110001010000101101010001010100001001111001000001011101101
3 36  100 1110000101010000001001000001011100010101010110011010010101101001011010101100011111100111001010111100
runNumber 14
genCount 5428
elapsedTime 599.933
unaryHyperVol 155
binaryHyperVol 23.8272
additiveEps 0.666667
entropy 0.427067
archive 14
3
6 27  100 1110001100010011010000000010001101010111000000010110010000101000010101010001100001011100101011100111
5 28  100 0010001000110101000000000010000001010101010000010110010100101000010101010100010001011100101011100111
4 36  100 0110000100010011010000000010000001010101010010010110110000101001110101010100010100110110101011000101
runNumber 15
genCount 5340
elapsedTime 600.046
unaryHyperVol 176
binaryHyperVol 28.549
additiveEps 1
entropy 0
archive 15
1
4 26  100 0100000100010100101001000010001100100100010000011010110101010100111010000001101001001000111011010111
runNumber 16
genCount 5597
elapsedTime 599.931
unaryHyperVol 129
binaryHyperVol 26.7917
additiveEps 0.875
entropy 0.475082
archive 16
2
5 30  100 1000100100010001110001001110011000010100000110101010000110101010010010000011010010110100001001111111
4 33  100 1000100100010001110001000110111001010101000110100110100101001010001010000011010010110100001001111111
runNumber 17
genCount 5446
elapsedTime 599.983
unaryHyperVol 97
binaryHyperVol 13.3704
additiveEps 0.888889
entropy 0.427067
archive 17
3
8 33  100 1000000100010011110001000010011101101000000000000010010100101011111010110011001101010100001011011100
6 34  100 1110110100010011110000000110001100101101101110001010010100101011001010110000001101010101101011011100
3 36  100 1000000110010010111001000110001101101101101110001010100100101011001010010000011101010101101001011100
runNumber 18
genCount 5520
elapsedTime 599.933
unaryHyperVol 120
binaryHyperVol 14.913
additiveEps 1
entropy 0
archive 18
1
3 32  100 0101000100010001011001000010001100100101100110111110011100101010011010001100011111010001010111011111
runNumber 19
genCount 5355
elapsedTime 599.922
unaryHyperVol 101
binaryHyperVol 10.7124
additiveEps 0.75
entropy 0.427067
archive 19
3
15 31  100 1111000100110100011001001010011100100110000010100110110100101011101010110000001111001100101001010100
4 33  100 1011000100010001111001001010011000100110000010110110010100101001101010000000001111001100101001010100
3 40  100 1100010111010001111001001010010000100010000000000110100101101010101010001000011101101100101011010000
runNumber 20
genCount 5509
elapsedTime 600.047
unaryHyperVol 222
binaryHyperVol 11.6667
additiveEps 0.777778
entropy 0.427067
archive 20
3
5 23  100 1000101100010001011010000010000001010101000010011010010100101011111010111001100010010000111000111111
4 25  100 0100001000010000001010000010000001010101000010011010010100101011111010111000100010010000111000111111
3 27  100 0100011100010100011010000010001000010101010000010010011100101011011010110100010001010000111011111011
runNumber 21
genCount 5382
elapsedTime 599.955
unaryHyperVol 165
binaryHyperVol 12.9091
additiveEps 0.863636
entropy 0.475082
archive 21
2
4 28  100 0010001000000101010000011010000000100100100000010110000110101000000000000100010001001000101011111100
3 31  100 1000001100010001010000000010000000100100000000000010000110101001001010110000010110011101101001111100
runNumber 22
genCount 5412
elapsedTime 600.011
unaryHyperVol 185
binaryHyperVol 11.0568
additiveEps 0.75
entropy 0.431037
archive 22
4
7 25  100 0000100100010101011010100010010100100101010110011010010100000001011010010011100011010000011011100101
6 28  100 1000000001010000011010100010110011100110000110011010010100000001111010110000011111010000001011010111
4 30  100 0000000001010100010010001010110100100010000110011110010101000001011010010000101111010000011011000101
3 31  100 1000100101010001101010101010010100100110000110011010010100101011111010010000011100010000011011000101
runNumber 23
genCount 5520
elapsedTime 601.002
unaryHyperVol 220
binaryHyperVol 11.0877
additiveEps 0.736842
entropy 0.427067
archive 23
3
5 23  100 1000000000010011001010010010001100100001101110011010010100101011011010110001101010010000011011111111
4 26  100 1000001111010111001010010110001100101101101110011010010100101011001010110001101110010001111011110101
3 28  100 1000110000010011001010010010011100100001001010011010110100101011101010110000010010010000010111111101
runNumber 24
genCount 5330
elapsedTime 599.893
unaryHyperVol 235
binaryHyperVol 6.55952
additiveEps 0.428571
entropy 0.427067
archive 24
3
5 21  100 0100001000010101010000001110000001000110000101010110010101000000011010110011010010000100001011110111
4 22  100 0100001000010101010000101110000001100110000101010010010101000000011010110011010010000100001011110111
3 37  100 0000001000010011010000000010010101100110010010110010110011101010011010111000010000000110001010001100
runNumber 25
genCount 5566
elapsedTime 599.911
unaryHyperVol 179
binaryHyperVol 12.82
additiveEps 0.85
entropy 0.478842
archive 25
3
8 26  100 1000111100010001011010110010111100101101000110110010010100101000011010010001000001000101010111111111
7 27  100 1000111100010001011010001110000000100001000110110001110100101000001010010000000001000101010111110111
3 29  100 1000001010010001010000101010000110100001010010111010010100101000011010010000010001000101010111110111
runNumber 26
genCount 5429
elapsedTime 599.998
unaryHyperVol 90
binaryHyperVol 20.1264
additiveEps 0.758621
entropy 0.431037
archive 26
4
12 30  100 1000001000010001101010010010000001100100110110101010010000010101010101000100010001110001101001000101
11 32  100 1000001001010101011010000110000101100101110110101010100001010100000101001100010100110011101001000101
7 33  100 1000001000010101111010010010000101100000110110101010000010010100010101001100010100010011101001000101
5 38  100 1000111111010001111001010010000101100000110110101010000000010100010101001100010101110011101001001110
runNumber 27
genCount 5702
elapsedTime 599.957
unaryHyperVol 156
binaryHyperVol 12.4565
additiveEps 0.826087
entropy 0.431037
archive 27
4
7 28  100 1000000110010001010000100010000000100001010110111010110100001001101001110000010100101000010111110111
6 30  100 0100001010010001010000001101011010100101000110111110010100001011101001110000011000101100010100110111
4 31  100 1000000110010011010000100010000000100111000110101110100101000011001010010000010000111100010101100111
3 32  100 0001001100010010010000101110000000100110000110111110100100101011111010000000011111111100010111110111
runNumber 28
genCount 5363
elapsedTime 600.081
unaryHyperVol 232
binaryHyperVol 11.5098
additiveEps 0.764706
entropy 0.475082
archive 28
2
5 22  100 1000001000111001010000010010000100010101010000011010010100101010011010110000000010001000101001000011
3 26  100 1000001000010011010000010010000000010101110110101010010100101010011010110000010010001111001001100011
runNumber 29
genCount 5515
elapsedTime 599.899
unaryHyperVol 210
binaryHyperVol 11.8421
additiveEps 0.789474
entropy 0.427067
archive 29
3
6 24  100 1111000100010001011001000010111110100001010010011010010100001011001010110000010001001000101011110111
4 25  100 1111000100010001011001000010000010100001110110000110011100101001000000110000010001001000101011110111
3 28  100 0111110100010001011001000010011110100001110110011110010101101001001010110000011001001000101011110111
