OptimalFront
unaryHyperVol 321
2
6 11  100 1000000000010101010110000010101100110101110101011001010100100011010000110001100001010100101011111010
3 12  100 1000000000010101010001000010101100111001000101011001010100100011011000110001100010101000101011111010
-------------------------
runNumber 0
genCount 5263
elapsedTime 600.042
unaryHyperVol 99
binaryHyperVol 27.2778
additiveEps 1
entropy 0
archive 0
1
4 29  100 1100000000000010011010101010101000011001000101010101001000100001000101000001000001010111101011001010
runNumber 1
genCount 5327
elapsedTime 599.795
unaryHyperVol 25
binaryHyperVol 17.4954
additiveEps 0.851852
entropy 0.478871
archive 1
4
11 34  100 1000000000100111010111000010100001100101010011000011110000011101010101011000011001010110010100111010
9 35  100 0000000000100111001001001010100000110001010111010111110000010101000101001000010001010111010101111010
6 37  100 1010000001011010001010001010100100111001010111000111011000011101000101011000011001010110010100111010
4 38  100 1100100000111010001110001010100100111001010101000011110000010101000101001000011001010110010101101010
runNumber 2
genCount 5297
elapsedTime 599.791
unaryHyperVol 111
binaryHyperVol 23.9524
additiveEps 0.952381
entropy 0.509891
archive 2
2
6 27  100 1100101100000000010111000010100011111000110100010101010110010101010101110001100001010100011010111010
4 32  100 0100101000000000010111000110101111011000001100010101000011101111000101100000100001010101101010111010
runNumber 3
genCount 5302
elapsedTime 599.904
unaryHyperVol 116
binaryHyperVol 17.9127
additiveEps 0.888889
entropy 0.599401
archive 3
3
10 26  100 0100010000000100010110000010101010111000000100001001010100100011101000011000010001010110101011101010
8 28  100 1100011000000100010110000010101010001001000100011001011100100111000101011000010000010111101001001010
4 29  100 1100011000000100010110000010101010001001000100011001011100100111000101011000011001010111101001001010
runNumber 4
genCount 5224
elapsedTime 599.837
unaryHyperVol 99
binaryHyperVol 23.6232
additiveEps 0.913043
entropy 0.5994
archive 4
3
6 28  100 1000000000100101011100010010101000000011110011010010000100010110011000110011000010100011101000111010
5 33  100 0100000000000000001101010010100000000011111000010011010101010110011000111101000000100011101000001010
4 34  100 0000010011010111010100001010101000000011110001010010000100010110001001001101100000100011101000011010
runNumber 5
genCount 5265
elapsedTime 599.851
unaryHyperVol 148
binaryHyperVol 22.3333
additiveEps 0.933333
entropy 0.509891
archive 5
2
7 24  100 0011101000010111010001110010100100111001000101000001010111000000010000110000010110101001101001110101
4 26  100 0000101000010100010001010010100000011001000101011101000111000100011000110000010000000001101011010101
runNumber 6
genCount 5313
elapsedTime 599.931
unaryHyperVol 127
binaryHyperVol 13.3704
additiveEps 0.888889
entropy 0.5994
archive 6
3
6 27  100 1000100000000101010001000010100001111000101101000001111100100000001000000001000010101000101001011010
5 28  100 1010101100000101000001001010101000110000010101100101110100100001001000000000010010101000101001001010
3 29  100 1000100000000101010001000010100001111000110101000011111100100000001010000000010010101000101001011010
runNumber 7
genCount 5353
elapsedTime 599.975
unaryHyperVol 143
binaryHyperVol 27.2619
additiveEps 1
entropy 0
archive 7
1
4 25  100 1000010100000001010111000010101100001001111110011000011001100011111000010000010001100000101011111010
runNumber 8
genCount 5315
elapsedTime 599.936
unaryHyperVol 87
binaryHyperVol 13
additiveEps 0.863636
entropy 0.472411
archive 8
4
9 30  100 0000101100000001100001000100001011100111000110011001110000100010111000011100011010101000101011101010
5 31  100 0000101000001000100001000110101011100111010111011000111100100010111000011100011010101000101011111010
4 32  100 1000101000001000100001000100001011111000100110111000111100101010111000011100011010101000101011111010
3 33  100 0000101000001000100001100110100001111000101011011000111100100010111000011100011010101000101011111010
runNumber 9
genCount 5431
elapsedTime 599.955
unaryHyperVol 153
binaryHyperVol 14
additiveEps 0.933333
entropy 0.509891
archive 9
2
6 25  100 1100100101111101110100000000001100000001000101011011010111010110011001000000010010101000101010111010
3 26  100 0001100000111111010001010010101100000001000101011001110101010111101000100000010010101000101010111010
runNumber 10
genCount 5226
elapsedTime 599.781
unaryHyperVol 51
binaryHyperVol 14.7147
additiveEps 0.807692
entropy 0.599401
archive 10
3
15 31  100 1111000010000000110110100100001101101010000110011001000100010111101000010000011100010100101001010000
5 33  100 0111100100110001110100110010101100011011101110011010110100010111101000000000011100010100101001010000
4 37  100 1111000000110001110100110010101000011011101110011010110001010111101000010100011100010110101001010000
runNumber 11
genCount 8584
elapsedTime 694.882
unaryHyperVol 75
binaryHyperVol 36.7083
additiveEps 0.958333
entropy 0.509891
archive 11
2
6 30  100 0000100000000100110011100010100100011001000100011001010100101110101001011000010001010100101011001010
5 35  100 0100101100000100110100111110100101011011010010011010011010100110101000000000010000101011101011011010
runNumber 12
genCount 7319
elapsedTime 726.646
unaryHyperVol 115
binaryHyperVol 25.0702
additiveEps 0.947368
entropy 0.509891
archive 12
2
6 27  100 0000010111110101010110011010101100101001110001011011001100010111000101110001100001010011010111111010
4 30  100 0000100111010101000110011010101101001001001101011011001100010111000101100001101101010111010111111010
runNumber 13
genCount 5340
elapsedTime 599.964
unaryHyperVol 89
binaryHyperVol 20.6354
additiveEps 0.791667
entropy 0.5994
archive 13
3
7 29  100 1101101000000100010101101010100011110101000011010100110100100011010101110000011001010110101011001010
5 31  100 1000011000000111010100111110101011101001000011000100000100100011010101111000010001010110101001001010
4 35  100 0100101000000111010111000100001111101000110000001100000101100001000101000100010001010100101001001010
runNumber 14
genCount 5308
elapsedTime 599.924
unaryHyperVol 146
binaryHyperVol 23.3519
additiveEps 0.833333
entropy 0.599401
archive 14
3
6 24  100 0100100100010101010110100010101111110101110101011001010100101100000101111100011111010100101011111010
5 27  100 1110101110110101010110100010101011110101110101011001010100101101000101111100010001010100101001111010
4 29  100 1110101100110101010110100010101101101000110101111001010100101101000101111000010001010100101001111010
runNumber 15
genCount 5320
elapsedTime 600.013
unaryHyperVol 115
binaryHyperVol 10.587
additiveEps 0.75
entropy 0.472411
archive 15
4
7 27  100 0100101011010001010001000010010000011001000000000001011000100010101000010000000010101000101011111010
6 29  100 0011101011000001010001001010010000111011000000011101000000100010011000110100000000101001101011111010
4 31  100 0011100001000001010001000110011111011001100101100001011000100010010000011100010000101010101001001010
3 34  100 0011101011000001010001011010100000011010010100000001011000100010011010010000010001101010101001001010
runNumber 16
genCount 5200
elapsedTime 599.979
unaryHyperVol 184
binaryHyperVol 9.02353
additiveEps 0.647059
entropy 0.599401
archive 16
3
8 21  100 1000100101001101010100010010101110000001000101011101010111010111011000110000010010101001101011111010
5 23  100 1000100101001101010100010010101100000000010101110101010111010111011000110000010010101001101011111010
3 28  100 1000100101001101000001110110101001000001000101111001010010100111111000110000010010101001101011111010
runNumber 17
genCount 5289
elapsedTime 599.992
unaryHyperVol 95
binaryHyperVol 14.2167
additiveEps 0.95
entropy 0.509891
archive 17
2
4 30  100 1100000010001010010001111110010011001001110101010101100100010111011000111100011011101010101011011010
3 31  100 0101000011001011010001001110100001111001010100010111111101010111011000100000011010101000101010111010
runNumber 18
genCount 5281
elapsedTime 600.03
unaryHyperVol 42
binaryHyperVol 13.84
additiveEps 0.96
entropy 0.509891
archive 18
2
6 34  100 1101101110010111010001000010101010000000110101010001110000101100001000100100100100101010101011111000
3 36  100 0111100110010111010001000010101010000001101101100001110011101101001000100000101100101010101011001010
runNumber 19
genCount 5387
elapsedTime 599.968
unaryHyperVol 85
binaryHyperVol 17.1242
additiveEps 0.782609
entropy 0.599401
archive 19
3
10 29  100 0000101000000101010001000010100001000010000111010101100100100000000101010000000001010100101001001010
6 30  100 0000101000000101010100000010100011011000100100110001100100100000000101110010000001010110101001001010
4 34  100 1100101000000101010001011010100011011011101011010101100100100000000101100000011001010100101001001010
runNumber 20
genCount 5440
elapsedTime 599.929
unaryHyperVol 20
binaryHyperVol 39.6267
additiveEps 1
entropy 0
archive 20
1
5 36  100 1000100011010100000100110110100001110010000101010011100110100111100101001000010011010100010100001010
runNumber 21
genCount 5365
elapsedTime 599.954
unaryHyperVol 150
binaryHyperVol 39.5833
additiveEps 1
entropy 0
archive 21
1
5 23  100 1000000010010110011110000110101100000001000101010001010100010101010011011000011110100000101011111010
runNumber 22
genCount 5452
elapsedTime 600.038
unaryHyperVol 132
binaryHyperVol 14.9375
additiveEps 1
entropy 0
archive 22
1
3 27  100 0000100101010111110001000010100001000001000101010001110000010111011000010001100010101011101001011010
runNumber 23
genCount 5360
elapsedTime 599.913
unaryHyperVol 92
binaryHyperVol 12.9603
additiveEps 0.904762
entropy 0.5994
archive 23
3
9 29  100 0100011101110001010100010010101000111001000110000001010101001111101000000000010000101000101000101010
7 31  100 1100011100001001010100010010101000011001000001000001000101011100110101000000010000101010101000001010
3 32  100 0000101010001000010001000010101000011001000000000001001101101111110101100100010010101000101000111010
runNumber 24
genCount 5479
elapsedTime 599.946
unaryHyperVol 36
binaryHyperVol 14.9583
additiveEps 1
entropy 0
archive 24
1
3 35  100 0110100110011101010001100010101100011001111101001011001011100001000101100000011001101011101011111010
runNumber 25
genCount 5496
elapsedTime 599.989
unaryHyperVol 86
binaryHyperVol 21.731
additiveEps 0.947368
entropy 0.509891
archive 25
2
12 28  100 1101101000010101010110001010101100111010000111111001010100101100011011010100010000010101101001001010
5 30  100 1111101001110101011100001110101100111001001100011011110010100011011000110000010101010101101001001010
runNumber 26
genCount 5239
elapsedTime 599.971
unaryHyperVol 55
binaryHyperVol 36.9359
additiveEps 0.961538
entropy 0.509891
archive 26
2
6 32  100 1100101001000001010101000010101101111001001000110101101010100000101001110100010001010101101001001010
5 37  100 0000101110010001100100000110100001001001111000010001001010010110101000111000010001010111101010011010
runNumber 27
genCount 5439
elapsedTime 599.989
unaryHyperVol 57
binaryHyperVol 18.8333
additiveEps 0.84
entropy 0.54796
archive 27
4
9 32  100 0100101100110110000001000001010000111001001000010101110011101001010111001101100110101011101000010110
6 33  100 0100101101110110000001000101010000111001001000010001100011101010101010111101100110101001101011010110
5 34  100 0100101101110110010001000101010000101001001000010011110111101010010101100101100010101001101001011010
4 36  100 0100101101010110000001000101010101101001001000001000110111101010010101100101100010101011101010011010
runNumber 28
genCount 5396
elapsedTime 599.849
unaryHyperVol 84
binaryHyperVol 24.7971
additiveEps 0.826087
entropy 0.509891
archive 28
2
5 30  100 1000101010000101111011001110101001111001000000010111010111010101000111110000010001010100101001101010
4 34  100 1000101010000001110011000010101010001000000011010111111010010101000101110000010001010100101001001010
runNumber 29
genCount 5454
elapsedTime 600.014
unaryHyperVol 93
binaryHyperVol 20.3143
additiveEps 0.857143
entropy 0.599401
archive 29
3
8 29  100 0000101000010110010110001110011101111010011101010101111000100000010101010000010001010100101001001010
5 30  100 0000101000010110010110001110011101111010011101010101111000100000000101010000010001010100101001001010
4 32  100 1000101000010100010111001101011111011010011101000101010101100011000101100000010101010100101001001010
