OptimalFront
unaryHyperVol 308
1
3 14  100 0110101101010010100000000100011111101001001010000110010001100111001001110000010001100010000011111010
-------------------------
runNumber 0
genCount 5371
elapsedTime 599.961
unaryHyperVol 76
binaryHyperVol 12.186
additiveEps 0.909091
entropy -inf
archive 0
4
14 33  100 0110101101011010010000001001011111101001010010110101000001111101100011010000010001001100000011111001
13 34  100 0110101101010010010000001001011011101000010010110101010001111101100011010000000001001100000011111001
5 35  100 0110101101011010010000001001011011101001111010100110110101001101000011010000000010001101000010001001
3 36  100 0110101001010010110000011001011011101000000110110101010000111101000011010000010001101100000010001001
runNumber 1
genCount 5391
elapsedTime 600.087
unaryHyperVol 116
binaryHyperVol 18.89
additiveEps 0.85
entropy -inf
archive 1
3
8 29  100 0000101101000100110000000111001101101001001010000100010101100001001101111100011100100000100010001001
6 31  100 0000101000000100110000000101101001101001001010000100010101100001011101111100010000100000100000111001
4 34  100 0000100001100100110000110110011010101010011010000010101010110100001101111100010000100000100000001001
runNumber 2
genCount 5299
elapsedTime 599.908
unaryHyperVol 110
binaryHyperVol 20.1739
additiveEps 0.75
entropy -inf
archive 2
4
7 30  100 0110000000101010101010000001011111101001101010010011010001000101101000110000000101100111000001110000
6 31  100 0110000001101010101010000001011111101001101010000011110101001101000000110100010101100111000001110000
5 32  100 0110000001101010100010000001011111101001101010010010110101000001010000110100010000100111000001110000
4 37  100 0110000001101010100000001011100001101001110000010011110101000001000001010000000000100111000001110000
runNumber 3
genCount 5359
elapsedTime 599.962
unaryHyperVol 81
binaryHyperVol 30.3214
additiveEps 1
entropy inf
archive 3
2
5 33  100 0000100101101010101101000100000111001010000110100011011000100001111101000000010001100101000001001001
4 42  100 0010100111101001110001000011000110101010000110100011101000100001111101100000000000100001000001001001
runNumber 4
genCount 5299
elapsedTime 600.025
unaryHyperVol 39
binaryHyperVol 33
additiveEps 1
entropy inf
archive 4
2
7 37  100 1110100100101000110000000111010000001001000000011000010100100101000100000000011100100110000011101001
5 40  100 1110100000101010110000110010100001101010100000001010010100100101000101010000001100101111000000101001
runNumber 5
genCount 5358
elapsedTime 599.868
unaryHyperVol 110
binaryHyperVol 12.5871
additiveEps 0.666667
entropy -0.098896
archive 5
4
14 29  100 0101011101010001010110000111010100101001010000000110010000010110010101000100010001100101100011011001
6 30  100 0101011001010001010110000111001100101001010000000110011000110110110101000100010001100101100011111001
5 32  100 0101010101010000010110001111011100101001010000010110011000110110110101000100000011100101100011111001
4 38  100 1101010001010010010110101011000000101001010000000110011000011010001110000100010011100101101101101001
runNumber 6
genCount 5342
elapsedTime 599.978
unaryHyperVol 142
binaryHyperVol 13.1875
additiveEps 1
entropy inf
archive 6
2
4 29  100 0110101101010010100000010101000100101001001010000110010000010101000110000100011000100110000000111010
3 30  100 0110101101010010100000110111001100101001100010000101110000010100001000100000010000100010000000111000
runNumber 7
genCount 5322
elapsedTime 600.018
unaryHyperVol 110
binaryHyperVol 55
additiveEps 1
entropy 0
archive 7
1
4 31  100 0000100111010000100000011101010011101001001010000110001010101101110101011110100011101010100011111001
runNumber 8
genCount 5374
elapsedTime 600.011
unaryHyperVol 135
binaryHyperVol 11.7407
additiveEps 0.888889
entropy -inf
archive 8
3
9 29  100 0110101101010001100000000100000011101001001001110101011000000000010101110000010111100000000001110100
4 30  100 0110101101010101100000000100000011101001010000000000011001010000000101110000010000100101000001110000
3 32  100 0110100101010001110000000100000011101001010000000000011001010000000101110000010000100001000001110000
runNumber 9
genCount 5347
elapsedTime 599.873
unaryHyperVol 100
binaryHyperVol 29.27
additiveEps 0.88
entropy -inf
archive 9
3
7 29  100 0101000000010001000000000000010111010101011010000110011011110111100011011010101000100011100000111010
6 36  100 0110100001010101100000000010010111010101110010110100001011111100110011000010101000100010101100100000
5 39  100 0101000001010001000000000011000010101000100010001000001110000100000001011010101000101011100100011010
runNumber 10
genCount 5418
elapsedTime 600.017
unaryHyperVol 130
binaryHyperVol 55
additiveEps 1
entropy 0
archive 10
1
4 29  100 0110101101101001100000000111010110101001011110100110000000010111001001010100000101100010100100111011
runNumber 11
genCount 5422
elapsedTime 599.951
unaryHyperVol 72
binaryHyperVol 55
additiveEps 1
entropy 0
archive 11
1
6 33  100 1110101001101011010000000110011100101001101110000001110110001000001010110000000001101010000011101010
runNumber 12
genCount 5498
elapsedTime 600.046
unaryHyperVol 101
binaryHyperVol 10.0833
additiveEps 0.791667
entropy -inf
archive 12
3
8 31  100 0110100101010010011101001000010011001010001100001010010100010011000001000100011101101001000011010000
5 33  100 0110100101010001001101001010001000101010001100000010000101010111101000000000010100100011000011111010
3 38  100 0110100101010010000101000010000011101010010000000011000100011111101011000000010101100001000000101001
runNumber 13
genCount 5397
elapsedTime 599.864
unaryHyperVol 81
binaryHyperVol 10.4038
additiveEps 0.807692
entropy -inf
archive 13
3
7 33  100 0000101100010101110000011000000011101011100010001110010101110111100000000000101111100001000011011010
5 35  100 0110100101010001010000111000000000101011000010001110110101110101000001000000101111100100000011110000
3 40  100 0110100101010001000000111000100100101011100010110101110101110110101011000000011111100110000010100000
runNumber 14
genCount 5291
elapsedTime 599.947
unaryHyperVol 100
binaryHyperVol 19.6667
additiveEps 0.857143
entropy -inf
archive 14
3
8 31  100 0010101001100101100010000110000011101011000010000101010001101101010110111100010001010000100001001001
6 32  100 0110101101100101100010000110000011101011000000010101000001000001010101111100010001010000100101001001
4 35  100 0110101101100101100000000110000010101000000000010100000001000001000011010110000010101101100001001001
runNumber 15
genCount 5334
elapsedTime 599.952
unaryHyperVol 67
binaryHyperVol 20.0083
additiveEps 0.875
entropy -inf
archive 15
3
8 34  100 0110101001101010100000000100010011101001010010011000001000010001111101000000000101100010000001001001
7 35  100 0110101001101010000000000000010011101001000110111100110000011000111101110100010001001101000001001001
4 38  100 0110101001101000000000001100010110101011011110111110001000010001111111000000000001100010000001001001
runNumber 16
genCount 5313
elapsedTime 600.029
unaryHyperVol 117
binaryHyperVol 55
additiveEps 1
entropy 0
archive 16
1
5 29  100 0110100111101010101101000100111011010111010110001110010001010100110110000000000000100001000001111010
runNumber 17
genCount 5359
elapsedTime 600.062
unaryHyperVol 140
binaryHyperVol 17.8222
additiveEps 0.8
entropy -inf
archive 17
3
8 26  100 0110101101010011010000101000111100101001000010000001000001100101001001111010100001100001000001110000
7 28  100 0110101101010111010000001000111100101001000000010000000011100101000001110010100001100011100001110000
4 32  100 0110101101010010110000110001011110101001101010000001010100110001100110111010000001100011100001110000
runNumber 18
genCount 5511
elapsedTime 599.921
unaryHyperVol 160
binaryHyperVol 10.3889
additiveEps 1
entropy inf
archive 18
2
4 27  100 0000101100101000100000000100111100101001001010000101101101100001000110110000000001100001000011001010
3 32  100 0000101101100100100000000100111100101011111010110101011100011000001010100000010001101000000001001001
runNumber 19
genCount 5212
elapsedTime 600.018
unaryHyperVol 149
binaryHyperVol 9.78947
additiveEps 0.789474
entropy -inf
archive 19
3
7 27  100 0110100100010010101101000011011100010100001110001100110001001111000101110000010001100010000010110000
5 29  100 0110100100010010101001000101010110010100011110000111110001111111000110110000010001100010000011011000
3 33  100 0110100101010010001101000011011110101010001110001101110001001110000110110000010011100000000010000000
runNumber 20
genCount 5457
elapsedTime 599.944
unaryHyperVol 129
binaryHyperVol 21.3867
additiveEps 0.88
entropy 0.145824
archive 20
3
6 27  100 0110100001010101000000001000110101101001001010000101010001100000001111011110100001100110100011001010
5 36  100 0110101001010001110000010010000001101001001010010010000001100110011111001110100001100101101101001001
4 39  100 0110101001010000100000001110110001101010101010000110011110110101011111011100011100100100101101001001
runNumber 21
genCount 5215
elapsedTime 599.967
unaryHyperVol 94
binaryHyperVol 29.4423
additiveEps 0.769231
entropy -inf
archive 21
3
7 30  100 0000100111010001100000010100110011010100110101000100010001111100000101010100010001010010101111111011
6 34  100 0000100111010001100000010110110111010100010000001111010001111101000100010010100001010000101011011010
5 40  100 1110100111010101010000010100110001101000110110010100111000111101000101010110100101101001101111101000
runNumber 22
genCount 5240
elapsedTime 600.023
unaryHyperVol 84
binaryHyperVol 17.942
additiveEps 0.869565
entropy -inf
archive 22
3
9 32  100 0110100000010111010000001000111100101001000010000011010001010111000011011010101100100100000000001001
6 34  100 0110000000010011000000111000111100000010100000110010100001010111000011010010100100100010000001111010
4 37  100 0110000001010111000000111101111100101010000000010011100001010101000001010010101110101100000001011000
runNumber 23
genCount 5290
elapsedTime 599.861
unaryHyperVol 110
binaryHyperVol 22.4667
additiveEps 1
entropy inf
archive 23
2
6 29  100 0110011101010101010101000001110101101011001010010101010001110100100100111010100000100011101111101010
4 39  100 0110010101010001010101000011110001101001000010010101110000010100011100100100011111101011101111100000
runNumber 24
genCount 5227
elapsedTime 599.969
unaryHyperVol 65
binaryHyperVol 20.2424
additiveEps 1
entropy inf
archive 24
2
9 35  100 0110100101010001110000000101110010100100100110010000110010111011010001110100010010100010100011111001
4 36  100 0110100101010011110000011011000010101000001010010010111000010110010111110100010011100010100011111001
runNumber 25
genCount 5296
elapsedTime 600.021
unaryHyperVol 86
binaryHyperVol 22.9881
additiveEps 0.952381
entropy -inf
archive 25
3
7 33  100 0110101101010010100000100100000010101000000110000111110010111010010100000110000000101111000011111010
5 34  100 0110101101010010110000110111000111101000000110100111110010111110011101110100011101100110100001111001
4 35  100 0110101001010010110000011110000101101000000010000111100000010000000101110100011001100011000011101011
runNumber 26
genCount 5279
elapsedTime 599.891
unaryHyperVol 66
binaryHyperVol 27.0167
additiveEps 1
entropy inf
archive 26
2
12 33  100 0110101101010001010000001001000001101001010101000111111110101111000101000101001101101111100011010000
6 34  100 0110101101010001010000000101000001101001011101000101111110111001000100000101001101100010100010010000
runNumber 27
genCount 5223
elapsedTime 599.94
unaryHyperVol 90
binaryHyperVol 55
additiveEps 1
entropy 0
archive 27
1
4 33  100 0010000000101010011100100101001111000001010110110101000000010001001101000100000011100110100011111010
runNumber 28
genCount 5467
elapsedTime 599.928
unaryHyperVol 130
binaryHyperVol 55
additiveEps 1
entropy 0
archive 28
1
4 29  100 0000101100010000100000010101011100101001001010000010000000111111000000111010100010101100100010111001
runNumber 29
genCount 9154
elapsedTime 599.982
unaryHyperVol 124
binaryHyperVol 22.7206
additiveEps 1
entropy inf
archive 29
2
7 29  100 0110100001010001000000010100010101101001000000000101100001001011001000001010100010100010000000101000
4 31  100 0110100001010101000000110101000011101001100000000101110101100101001101100110100010100110100011101000
