OptimalFront
unaryHyperVol 503
3
7 11  100 1010101010100001000000111111110001101001000100001010011010000011010000111011000100101001100100111010
4 12  100 1010101010100001000000111111110001101001000100001010011010000011011010111011000100101001100100111010
2 13  100 1010101010100001000000111111110001101001000100001010011010000011011010111000010100101001100100111010
-------------------------
runNumber 0
genCount 5150
elapsedTime 599.953
unaryHyperVol 214
binaryHyperVol 17.9444
additiveEps 0.944444
entropy 0.49717
archive 0
2
9 28  100 0110101010100001001111011101000001000001111111011010011010000000111010111000100111101001101111101010
2 29  100 0010101001100001001111011100110001101001001101000110011010000000011010111000010011100100100101001010
runNumber 1
genCount 5110
elapsedTime 599.932
unaryHyperVol 184
binaryHyperVol 18.01
additiveEps 0.95
entropy 0.49717
archive 1
2
5 30  100 0100101010100000100000011110001001101001001101001010010000000011011010111101101000001111000001111010
2 31  100 0100101010100001100000010010001001101001001101011010011010000011011010011000011010101111000001111010
runNumber 2
genCount 5281
elapsedTime 599.984
unaryHyperVol 189
binaryHyperVol 24.2762
additiveEps 0.857143
entropy 0.49717
archive 2
2
4 29  100 0110101001010101101111000001000000101001000100111100011010010110011010101001100100101001100100111010
3 32  100 0101101001010101101100000001000001101000000111111110110101010010011010111011100000101001100101111010
runNumber 3
genCount 5122
elapsedTime 599.977
unaryHyperVol 245
binaryHyperVol 16.8
additiveEps 0.882353
entropy 0.49717
archive 3
2
7 26  100 0101101010100001000100111100000001101001000000001010011010000100010010111000010000100011101100011010
2 28  100 0101101010100001110110111000110001101001000000001010011010000100011010111000010001100011100100011010
runNumber 4
genCount 5300
elapsedTime 599.922
unaryHyperVol 111
binaryHyperVol 18.6169
additiveEps 0.785714
entropy 0.447913
archive 4
4
13 33  100 1101101000011101110000010011110001101000000010010010010100001011011010110000010100100010100011111010
5 34  100 1101101000011101110000010111010100101001000110111010110101001011011010110000010100100000100011111010
4 36  100 1101101001011001011100110111110100101001000010010010010111110111111010111000011010101010100110011010
3 39  100 0101101001010101110010100011010100101000010010111010001000010001101010111100010100100110100001111010
runNumber 5
genCount 5227
elapsedTime 600.107
unaryHyperVol 221
binaryHyperVol 18.2133
additiveEps 0.64
entropy 0.447913
archive 5
4
8 26  100 0110101001010001000000111011000000101000010100010110001010000100011010101011100111000001100100111010
5 28  100 0100101001010001010000111011000011101000010100111010010010010000101010101011100100100000100100111010
4 29  100 0110101001010001110000111011000011101000010100011010010000001100011010011011000111100001100100011010
3 36  100 0110101001010110101000111010100001101000011111011010010000000110101010001011100111101010101110001010
runNumber 6
genCount 5205
elapsedTime 599.844
unaryHyperVol 221
binaryHyperVol 18.9176
additiveEps 1
entropy 0
archive 6
1
2 28  100 1010101010101001000011110001110010101001000100000110010001111011011010001100011100100001100100001010
runNumber 7
genCount 5202
elapsedTime 600.039
unaryHyperVol 275
binaryHyperVol 9.7
additiveEps 0.541667
entropy 0.431679
archive 7
4
7 23  100 0110101001100001001001111110000001101001000100001010010110000001010000111000010100101111100100001010
6 24  100 0111101010101001000000111111000001101001001111000110001110000000010000111000010100100101100100001010
4 26  100 0110101001101001000000111111000001101011101100001010010110000000001010110100000100100010100100111010
2 35  100 0111101010100101000000011110100001101011000100101010010100101101111010110000010010100000101011001010
runNumber 8
genCount 5117
elapsedTime 599.931
unaryHyperVol 151
binaryHyperVol 18.2892
additiveEps 0.708333
entropy 0.472736
archive 8
5
19 28  100 1010100001100010000011000111111101010101000000011010000111110001101010001000010100101001100100011010
11 29  100 1010100001100000000011000111011101010101000000011010000111110001101010001000010100101001100100011010
10 31  100 1010100001100010010011000101000011010101000000011010000111110001101010001000010100101001100100011010
7 32  100 1010100001100001010011000111010101010100000000111110000010100011111010111000011001101101100110011010
4 35  100 1110000001101110110011001101111010010111000111000110101110000001101010111100011001100101100000111010
runNumber 9
genCount 5184
elapsedTime 600.054
unaryHyperVol 187
binaryHyperVol 18.9263
additiveEps 1
entropy 0
archive 9
1
2 30  100 0011101001100001010011101111000001101001000111010010101110001011011010001000010100101010101100101010
runNumber 10
genCount 5184
elapsedTime 599.868
unaryHyperVol 226
binaryHyperVol 14.5238
additiveEps 0.761905
entropy 0.481574
archive 10
3
5 27  100 1000011010100001010111111100110101001001110100000010101010000011011010010100010100100101100101111010
4 29  100 0000101011100001000111111100110101001001110111000010001010000011011010001100010100100100100101111010
2 32  100 1000101000100001000111111110000100101001110011000010100010000001011010101000010100100100100101111010
runNumber 11
genCount 5133
elapsedTime 599.936
unaryHyperVol 204
binaryHyperVol 18.9222
additiveEps 1
entropy 0
archive 11
1
2 29  100 1010101000100001000100111110100100101010000100001010101010110000111010111000010100100110000001001010
runNumber 12
genCount 5140
elapsedTime 599.968
unaryHyperVol 271
binaryHyperVol 17.6533
additiveEps 0.933333
entropy 0.49717
archive 12
2
3 25  100 0110101001010001010000110101100001101000000100001010011000100010011010000000010100101001100100111010
2 26  100 0110101001100000010000110101100001101000000100001010011000100010011010011000010100101001100100011010
runNumber 13
genCount 5305
elapsedTime 600.065
unaryHyperVol 276
binaryHyperVol 12.8264
additiveEps 0.75
entropy 0.481574
archive 13
3
10 23  100 1010101010100000010000001111110001010111100100001010011010000000010010010100010111100101000000111010
4 26  100 1010101010101011001000111101111001010111001000011010011010000000001010001000010111100101000000111010
2 29  100 1010101010101011001000111110010001101011110000001010011011010001011010000000010111100101000000111010
runNumber 14
genCount 5144
elapsedTime 599.947
unaryHyperVol 168
binaryHyperVol 42.9222
additiveEps 1
entropy 0
archive 14
1
5 29  100 0110101001010001000001000011110000101000100100000010011000010011000000010011010110101000000000010000
runNumber 15
genCount 5110
elapsedTime 599.909
unaryHyperVol 255
binaryHyperVol 18.9067
additiveEps 1
entropy 0
archive 15
1
2 26  100 0101101010100001000000010111100001101001000111001010101101000011001010101000010101101001101000111010
runNumber 16
genCount 5136
elapsedTime 599.97
unaryHyperVol 294
binaryHyperVol 16.3254
additiveEps 0.857143
entropy 0.481574
archive 16
3
11 23  100 0101101010100001000000101111000001101010110100001010111000000000000010111000010100101001100100111010
5 24  100 1010101011100001000000101111000001101001010110001010011000001101011010110000000000101011100100111010
2 25  100 1011101011100001000000101111000001101001010110001010011000001101011010110000010000101011100100111010
runNumber 17
genCount 5124
elapsedTime 600.048
unaryHyperVol 191
binaryHyperVol 13.0733
additiveEps 0.76
entropy 0.529986
archive 17
4
8 28  100 1000101011100000011010101000110001000000000100000010111010000011011010111000010111101000001100111010
7 30  100 1000101011100000011011101100110001000000000100000010111010001011111010111000010111101011101100011010
4 32  100 0100101010100000000110001000110101000010110110010010111010000011011010111000010111101110100100011010
2 36  100 0100101011100000000110001000100100101001100100000010100111001011111010111000010111100110101100111010
runNumber 18
genCount 5204
elapsedTime 599.953
unaryHyperVol 170
binaryHyperVol 18.93
additiveEps 1
entropy 0
archive 18
1
2 31  100 0101101010100101000011111011110110101001000100011010101001100001101010101000010101100111100000111010
runNumber 19
genCount 5122
elapsedTime 599.95
unaryHyperVol 239
binaryHyperVol 12.4696
additiveEps 0.652174
entropy 0.49717
archive 19
2
4 26  100 1010101010100001000101110111001101001001010100001010100010100011101010011100010100101010100100111010
2 34  100 1010101000100001000101110101010011101001011110011010100100110111011010011000010100100010100101101010
runNumber 20
genCount 5122
elapsedTime 600.027
unaryHyperVol 234
binaryHyperVol 16.7714
additiveEps 0.666667
entropy 0.421044
archive 20
5
12 25  100 0110101001100001000100111000110000101001000100010110011010001100000000110011100100101000101111111010
6 26  100 0110101001010001000100111000110001101001000000110110011010011101010000110001100100101001101011101010
5 28  100 0110101001010100000101111000110001101001000000110110011010011101010000110011100100101001101011101010
4 31  100 0110101001010100000101111000110000101001000100010110010111011111100101110111101100101001101011101010
3 32  100 0110101001010100000101111000110000101001000100110110000011111011001010011010100100101001101111111010
runNumber 21
genCount 5314
elapsedTime 599.891
unaryHyperVol 60
binaryHyperVol 16.4733
additiveEps 0.866667
entropy 0.49717
archive 21
2
4 37  100 1010101011100111000011110001010010101010010000110110101100111111001010010011010101101010000001111010
2 41  100 0101101011100111000011110000010010101010010000110110001100111111001010101000011010100101000001101010
runNumber 22
genCount 5173
elapsedTime 600.006
unaryHyperVol 215
binaryHyperVol 16.9895
additiveEps 0.894737
entropy 0.49717
archive 22
2
5 28  100 0110101010100110010000110111111101101001000001001010101000011100011010110111010100100101000000111010
2 30  100 0110101011100111011111111111010001101000100101000110011001110010011010110100010100101001000000111010
runNumber 23
genCount 5315
elapsedTime 599.963
unaryHyperVol 238
binaryHyperVol 22.1875
additiveEps 0.8125
entropy 0.529986
archive 23
4
14 24  100 1110101000100001010011011111110010100100110100001010010110000011101010110011000100101000010100001010
9 25  100 1110101000100001010011011111111010100100110100001010010110001011011010110011000100101000010100001010
6 26  100 1010101010100001010000111111001010101010100000001010000110000011101010110001100100101001011101101010
4 27  100 1000101000100000010010111111001010101001010100001010000110000011101010110001100100101001011100101010
runNumber 24
genCount 5138
elapsedTime 600.019
unaryHyperVol 379
binaryHyperVol 12.8704
additiveEps 0.777778
entropy 0.481574
archive 24
3
14 17  100 1010101000100001000000111111110001100111000000001010011010000011010010111000011100100001100100111010
7 19  100 0010101010100001001000111111110001101001010000001010011010000011010010111000011100100001100100111010
2 20  100 1010101000100001000000111111110000101001110000001010011100000011011010111000010111101001100100111010
runNumber 25
genCount 5087
elapsedTime 599.964
unaryHyperVol 175
binaryHyperVol 14.9652
additiveEps 0.8
entropy 0.449615
archive 25
3
12 29  100 1010101011100001000001010011100110101001010000000110011010000001010000100100011010101001100101001010
5 31  100 0100101011100001010000101101110111101001010011011110011010001111110010100100000100101001100100011010
2 34  100 0010101011100001010001010011100110101001001011011110011010001111111010100100011010101001100101001010
runNumber 26
genCount 5197
elapsedTime 599.908
unaryHyperVol 251
binaryHyperVol 16.7294
additiveEps 0.882353
entropy 0.49717
archive 26
2
4 26  100 0010101011100011000100100110111001000001000100011010011010000010011010010000010100101001100100101010
2 28  100 0010101011100011010100110110101010101000000100011010011010000010011010110000010111101001100100111010
runNumber 27
genCount 5088
elapsedTime 600.071
unaryHyperVol 191
binaryHyperVol 20.215
additiveEps 0.85
entropy 0.529986
archive 27
4
12 28  100 0110101000010100001011000011110101100100001100001010010100000000111010111011100101101101100100011010
8 29  100 0110101000010100001011000111110101100100001100001010010100000000111010110011100101101101000000111010
6 30  100 0110101001010100001111000001110101101001001100000110011011110000010000010001100010101001100100111010
3 31  100 0110101001010101011010010001100101101001001100001010100100000000101010110111100000101101100100111010
runNumber 28
genCount 5046
elapsedTime 599.965
unaryHyperVol 226
binaryHyperVol 13.8636
additiveEps 0.727273
entropy 0.49717
archive 28
2
4 27  100 1000101010101001000100111100110101101001000111001010111000011100011010111000010101101101010000111010
2 33  100 1100101010101001000100111100110101101001000111110010110000000010101010110100011001100101000011111010
runNumber 29
genCount 5289
elapsedTime 599.87
unaryHyperVol 211
binaryHyperVol 14.7091
additiveEps 0.772727
entropy 0.49717
archive 29
2
4 28  100 1110101010100011000011010111000101101001001000011010101010000001111010111000000101100101100100001010
2 33  100 0110101001100001000011010111110101101011100000010110111001101101001010111000010101100101100100001010
