OptimalFront
unaryHyperVol 329
3
7 10  100 0100011000010101010110000010001100101001000101011010010100010011110000110001100010101000101111111010
4 11  100 1000101000100101010110000010001100101001000101011010010100010011110000110000010010101000101111111010
2 12  100 1000101000100101010110000010001100101001000101011010010100010011011010110000010010101000101111111010
-------------------------
runNumber 0
genCount 5602
elapsedTime 599.792
unaryHyperVol 187
binaryHyperVol 7.8
additiveEps 0.6
entropy 0.481574
archive 0
3
5 21  100 1001011000100001010110000010000100101001000100011010010100110001110010110000010000101100101101111010
3 25  100 1000011000100001010110000010000100101010000100011110000110011100001010110000010110100000101101111010
2 30  100 1001101010100101010110000010000101101000111011110110100110011100001010110000010110100000101101111010
runNumber 1
genCount 5926
elapsedTime 599.967
unaryHyperVol 126
binaryHyperVol 12.5158
additiveEps 0.894737
entropy 0.49717
archive 1
2
5 27  100 1000101000101001010111010010000001001001100101111010111101010101011010110000010000100000101111001010
2 29  100 1000101000101000010111000001000000101011010011011010011000011110011010101000010001100000101111101010
runNumber 2
genCount 5474
elapsedTime 599.825
unaryHyperVol 204
binaryHyperVol 13.8727
additiveEps 1
entropy 0
archive 2
1
2 21  100 0101101000100101010110011010000100101001001101011010010100010011001010110000010010101001101110111010
runNumber 3
genCount 5632
elapsedTime 599.944
unaryHyperVol 126
binaryHyperVol 11.89
additiveEps 0.85
entropy 0.449615
archive 3
3
6 27  100 0100101000100001011010100000110011101001001010011010010000010000011010110111100000101000101110001010
3 28  100 0100101001010101110110000000110010101001011101011010010000011000011010000001100100101100101110001010
2 30  100 0100101000100001011010100000110011101001001010001010010000010000011010000000010110101000100010001010
runNumber 4
genCount 5484
elapsedTime 600.036
unaryHyperVol 126
binaryHyperVol 9.425
additiveEps 0.708333
entropy 0.529986
archive 4
4
6 26  100 1100000011000101010110101010001101000000001000011010010101010001111010110100010000101000101100011010
4 29  100 1100101000100011000111001110001101000000001000011010010101010001111010110100010000101000101100011010
3 30  100 0000011011101101010110000010100011101011001000111110010100010001011010100000010000101010100000011010
2 34  100 0100101011101101010110100010100011101011000101111010100101110000011010101100010100100010100100011010
runNumber 5
genCount 5317
elapsedTime 599.814
unaryHyperVol 138
binaryHyperVol 6.63889
additiveEps 0.5
entropy 0.402835
archive 5
5
11 23  100 0100101000010101011110001011001100101010010101011101110100110011101010010101100010101000101110101010
8 25  100 0100101001010101010110001011001100101010001101110101110100110011101010011000100010101000101110101010
6 26  100 0100101001010101010110001010001100001010010100100101110111011111101010011000100010101000101110101010
3 28  100 0100101001010100111110000010001000101010000101110110110100110011101010011101100010101100101010001010
2 38  100 1100101001100011110111000101001110101011101101110110010101001101101010011000010110101100101000001010
runNumber 6
genCount 5584
elapsedTime 599.798
unaryHyperVol 135
binaryHyperVol 8.48
additiveEps 0.6
entropy 0.447913
archive 6
4
9 25  100 0111101000010101010101000011010000100100000011100010010100011000011010000001100110101000101111001010
4 26  100 0111101000010101010101000101010000101001011101101010010101010000011010101101101110101000101111001010
3 31  100 0101101001010101000100000101001000101000000011100010010101010000001010000000101010101001101111001010
2 35  100 0010101001100101011100000101010000101000010011101010010100010000101010001100011101100110101111011010
runNumber 7
genCount 5472
elapsedTime 599.913
unaryHyperVol 218
binaryHyperVol 13.4861
additiveEps 0.666667
entropy 0.447913
archive 7
4
8 16  100 1101101000010101010110000001001100100101001100010110010100010011011010110001100010101000101100111010
6 20  100 0100101001010101010110000001011100100101000100100110010100010001011010111001100000101000101100111010
4 21  100 1101101000010101010110000101001100101000000100100110010000010011011010110001101110101000101100111010
3 22  100 0101101001010101010110000001001100101001000111110110010100110111111010110001100001101000101101111010
runNumber 8
genCount 5506
elapsedTime 599.963
unaryHyperVol 113
binaryHyperVol 9.9881
additiveEps 0.714286
entropy 0.449615
archive 8
3
9 27  100 0100101001010101010110011010000000001011011001010010010100100000001010110010100011101010100111101010
3 29  100 0100101001010100010110010001001100101010010101010010010101100000001010111100010011101010100111101010
2 34  100 0100101001100001010100011000001000101010000101000010010100100000001010010100010101100010100111011010
runNumber 9
genCount 5422
elapsedTime 599.869
unaryHyperVol 24
binaryHyperVol 30.6012
additiveEps 0.928571
entropy 0.49717
archive 9
2
8 34  100 0000101011101101100100001000001100101000110101111010010001111100000101010000011001011100100100110000
5 38  100 0110101011101101100100001100001001101001010101000110010001111100000101010000011001011100100100011010
runNumber 10
genCount 5826
elapsedTime 599.928
unaryHyperVol 66
binaryHyperVol 12.312
additiveEps 0.88
entropy 0.49717
archive 10
2
4 32  100 0100101000100101000111101000000001001011001101101010000111111101111010110000010010100000101100101010
2 35  100 0101101010100101010101100100110100101011001111010110000101111100001010101000010000101000101111101010
runNumber 11
genCount 8172
elapsedTime 836.027
unaryHyperVol 107
binaryHyperVol 13.24
additiveEps 0.95
entropy 0.49717
archive 11
2
3 29  100 0100101001010011011101000011111111101001111101011010100101010011111010110000011010101001101100111010
2 30  100 1000101010101001010101111111001111101001111101011010100101010011111010110000011001100001100011001010
runNumber 12
genCount 5571
elapsedTime 615.47
unaryHyperVol 132
binaryHyperVol 13.9176
additiveEps 1
entropy 0
archive 12
1
2 27  100 1000101000100101010110111100111101101001110101101010000100010001101010110100010001101000100110101010
runNumber 13
genCount 5446
elapsedTime 599.741
unaryHyperVol 117
binaryHyperVol 9.584
additiveEps 0.68
entropy 0.506429
archive 13
4
5 27  100 0100101001100001010110100010000010101011000101010010010100110011110010110110101011100100100010001010
4 28  100 0100101011100001010110000010000000101001101000010010100110101111011010110000010111100110100111110110
3 33  100 0101011000100001010110000010000010101011000101010010111110000001111010000100011111100100100010011010
2 35  100 0000101001100000010110010010000010101011110101010010011111101111111010110100011111100010101010011010
runNumber 14
genCount 5539
elapsedTime 600.005
unaryHyperVol 136
binaryHyperVol 12.4537
additiveEps 0.888889
entropy 0.481574
archive 14
3
8 26  100 1000010100100001010101000110000100101010000101101010110111011001011010001101101010100000101110111010
4 27  100 1000101001100000010101010010000100101010100101100010010111000011111010100001101010101000000011111010
2 28  100 1000101000100001010101000110000100101010000101101010110111010001011010101000011001101000000001111010
runNumber 15
genCount 5402
elapsedTime 599.962
unaryHyperVol 180
binaryHyperVol 13.8923
additiveEps 1
entropy 0
archive 15
1
2 23  100 0000101001100101011010110010000100101010100101011010000000000001011010110000010010101000101111111010
runNumber 16
genCount 5597
elapsedTime 599.897
unaryHyperVol 117
binaryHyperVol 36.1067
additiveEps 1
entropy 0
archive 16
1
5 25  100 1100101011100111010110010001010111101000000101011010010100110001111001111101000010101000101101111010
runNumber 17
genCount 5440
elapsedTime 600.01
unaryHyperVol 187
binaryHyperVol 21.2727
additiveEps 1
entropy 0
archive 17
1
3 21  100 0100101001010111010110000001000100101001100100011010010110010111011010110001100010101100101111001010
runNumber 18
genCount 5519
elapsedTime 599.931
unaryHyperVol 119
binaryHyperVol 20.5778
additiveEps 0.944444
entropy 0.49717
archive 18
2
5 27  100 0100100000010101000011001011011110101001010111011110000110000001011010100001100010101000101111111010
3 28  100 0101101001010101000111001011001110101001010111011110001101111011011010100001100010101000101111011010
runNumber 19
genCount 5753
elapsedTime 599.98
unaryHyperVol 72
binaryHyperVol 12.8188
additiveEps 0.913043
entropy 0.49717
archive 19
2
8 31  100 1000101010100100010100000011001000000010000011011010010001110101001010100000011001100100101100111010
2 33  100 1000101001100001101000111011100100101010000000011010010100110011001010000000011001100100100101111010
runNumber 20
genCount 5546
elapsedTime 600.008
unaryHyperVol 94
binaryHyperVol 20.0667
additiveEps 0.904762
entropy 0.481574
archive 20
3
6 29  100 0101101011010101010011110000001011101011001101011010011100000010011001110000101011101000100101111010
5 30  100 0101101011010101010011110000001001101011101101010010011100000010011010110001101111101000101101101010
3 31  100 0101101001010100010011111000000010101001001101011010011100010000111010100001101011101011101110101010
runNumber 21
genCount 5523
elapsedTime 599.99
unaryHyperVol 96
binaryHyperVol 11.6087
additiveEps 0.826087
entropy 0.49717
archive 21
2
5 29  100 0100101000100001010010000001111100010100011100011110010101010101111010010000010010100110101011111010
2 33  100 0000101001100000011101000001110110101001000000110010010101010101011010010000010000101010101101111010
runNumber 22
genCount 5715
elapsedTime 599.796
unaryHyperVol 36
binaryHyperVol 17.6574
additiveEps 0.833333
entropy 0.431679
archive 22
4
14 32  100 1111010110100010101010100001110100010100000100010100110100010100010101001000010110101000101111111010
6 34  100 1111010110101010100111100011110000010100000100000000110100010111010101001100010101100000101111111010
5 35  100 1011010110100010101001100011111101010100000100000000110100010111010101000100010111101001101101111010
4 37  100 1111010110100110101011100011110101010100000101011110001011101101101010001000010101101000101111111010
runNumber 23
genCount 5632
elapsedTime 599.693
unaryHyperVol 94
binaryHyperVol 12.7143
additiveEps 0.904762
entropy 0.49717
archive 23
2
9 29  100 1100101011100101100101001111001100101001010101011010000001011011001010010111010010101111101111101010
2 31  100 0101101000100101000010001010101101101001010101011010000000110111001010111000010101100101100111111010
runNumber 24
genCount 5513
elapsedTime 600.013
unaryHyperVol 130
binaryHyperVol 13.1667
additiveEps 0.944444
entropy 0.49717
archive 24
2
4 27  100 1101101001010101001010001110001100101011000000011010011000010001011010011001000010100101100111111010
2 28  100 1111101010100101001110000010000100101000001000011010011000010001011010010000010000101010101100011010
runNumber 25
genCount 5659
elapsedTime 599.904
unaryHyperVol 120
binaryHyperVol 13.9222
additiveEps 1
entropy 0
archive 25
1
2 28  100 0100101000100110100110000011110100101011111001010010010110010000101010110000010010101010100000111010
runNumber 26
genCount 5549
elapsedTime 599.814
unaryHyperVol 171
binaryHyperVol 8.98947
additiveEps 0.631579
entropy 0.49717
archive 26
2
5 22  100 1000101001101101011111110010011000010101110101101010010100010000010000110010000110101000100100111010
2 29  100 0010101001100111010010110110101100101010100101111010000111010100011010110000010110101100101111111010
runNumber 27
genCount 5782
elapsedTime 599.627
unaryHyperVol 156
binaryHyperVol 13.9067
additiveEps 1
entropy 0
archive 27
1
2 25  100 1000101000100001010110101110001000101001010111010010010111000011001010110100010010101010101111101010
runNumber 28
genCount 5449
elapsedTime 599.953
unaryHyperVol 53
binaryHyperVol 24.8611
additiveEps 0.777778
entropy 0.449615
archive 28
3
10 31  100 1000101011100101100110001010001100101000010100011110010000111100010101010011010100100001000011011010
6 32  100 0000101011100101100101001101001100101000010100011110010000010100000101010011010011100001000011111010
5 37  100 1000101011001101001110011101000010101000011001000110010000011100010101010111010000101101000010101010
runNumber 29
genCount 5726
elapsedTime 599.922
unaryHyperVol 170
binaryHyperVol 7.77273
additiveEps 0.6
entropy 0.493798
archive 29
5
6 22  100 1000101010100101010110000011001110101001000111000100001100010011011010110000010010101000100100111010
5 23  100 1000101010100101000110000001001110101001000111000100001100010011011010110000010010101000100100111010
4 26  100 1000101010100101010110000011000010101000011100001010011000010001001010110001000010100000100100111010
3 29  100 1001011000100101010110001101001010101000010000011010101010011000011010000000010010101000101001111010
2 32  100 1000101010100011100110000001001010101001001110000110110010111000011010100000010010101000100100111010
