OptimalFront
unaryHyperVol 307
2
4 10  100 1010101010101001000000111111110001100101000101001011011010000011010000111000000100011001100100110110
3 11  100 0110101001010001000000111111110001010101000101001011011010000011010000111000010100011001100100110110
-------------------------
runNumber 0
genCount 5570
elapsedTime 599.968
unaryHyperVol 65
binaryHyperVol 13.3913
additiveEps 0.956522
entropy 0.509891
archive 0
2
4 32  100 0000010111100101010110111111000001100010011000010111011101000001010010110100000000010001100111001110
3 33  100 0000010111100100010110110000110000010110011000010111011101000001010010110000010101010001100101000110
runNumber 1
genCount 5421
elapsedTime 599.961
unaryHyperVol 113
binaryHyperVol 10.5
additiveEps 0.782609
entropy 0.5994
archive 1
3
5 27  100 1010101010101001010000011111010000010101001000010001100010000000000110101100010101010010100100000101
4 29  100 0000101000101001100000010010010001100101001000000001100010000000000110111100000111010011100100000101
3 33  100 0000101011100100110000110010011101010101101001101011000010000000000110110000010000010010000001000101
runNumber 2
genCount 5396
elapsedTime 600.003
unaryHyperVol 165
binaryHyperVol 8.72222
additiveEps 0.666667
entropy 0.472411
archive 2
4
10 21  100 0010101010100101100000111110000101100101001000101011011010000001000110110000001100011001101100110110
8 22  100 0000101010100101100000111110000101100101001000101011010010000001010110110000001100011001101100110110
5 23  100 0000101001100100000000111110000101100101001010101011011010000001000110111000001100011001101100110110
3 28  100 0000101011100100010000111100000101100101001010101011011010001001010110110000011100010001101100001110
runNumber 3
genCount 5301
elapsedTime 599.934
unaryHyperVol 84
binaryHyperVol 16.8636
additiveEps 0.863636
entropy 0.5994
archive 3
3
10 28  100 0000101001101000000000011111110101100101101000001011011001011011000010100100010100111101100101000101
6 30  100 0000101000101000000000011101110001100101001000001001010010011010000110000000011100110001101101000110
4 32  100 1010101000101000010000111111110001100100011010001001100001011010011110001100001111001010100010110101
runNumber 4
genCount 5411
elapsedTime 600.034
unaryHyperVol 110
binaryHyperVol 13.9444
additiveEps 1
entropy 0
archive 4
1
3 28  100 0110101001010001010000110111110001100101111000011011001110101010010110101100010111001010000011110010
runNumber 5
genCount 5353
elapsedTime 599.982
unaryHyperVol 114
binaryHyperVol 21.7917
additiveEps 0.944444
entropy 0.509891
archive 5
2
7 26  100 1010101010101001000000011111110001101001001000111011101011000000010110110100000010100000000001010000
4 28  100 1010101010101011110000111101010001100001001000101011101001000001010110110100000010110100000000011100
runNumber 6
genCount 5458
elapsedTime 599.89
unaryHyperVol 144
binaryHyperVol 11.5
additiveEps 0.875
entropy 0.478871
archive 6
4
13 23  100 0110101001010001110001110111110001100001010101011001011110000000000110101000010100011001100100000110
12 24  100 0110101000010001100001110111110011100001100101010001011110000000000110101000010100011001100100110110
5 25  100 0110101000010001100000110111011011100001100101001110011110000000000110101000010000011001100100110110
3 26  100 0110101001010000010000010111110000100000000101110001011110000000100000101000011100011001100100110110
runNumber 7
genCount 5391
elapsedTime 600.052
unaryHyperVol 119
binaryHyperVol 10.781
additiveEps 0.8
entropy 0.599401
archive 7
3
8 26  100 0110101000010011000000110111110101010110101000000011111010000011000000001000010011111011101010110101
5 27  100 0110101001010001000001110101110110100010001000000010111010000011000000001000010111111000100110110101
3 31  100 0110101001010001000000110111110110100100001000010101111000000001100000000000010111000111101010100101
runNumber 8
genCount 5235
elapsedTime 600.005
unaryHyperVol 47
binaryHyperVol 10.5942
additiveEps 0.821429
entropy 0.472411
archive 8
4
14 31  100 1101101001010001010000100100110100100101101000110100101011000000000000011000010000010101100100001010
7 33  100 1101101001010001010000011100111100100111011001000111110000000000011010110000010000001001101001000010
4 34  100 1110101000010001010000000101010001100100011001000111101001000000000110010000010000110011101001100010
3 38  100 0110101001010000010000100100110100100101011000010111111001111000000010000100010010010011100011010010
runNumber 9
genCount 5257
elapsedTime 599.951
unaryHyperVol 50
binaryHyperVol 50.9565
additiveEps 1
entropy 0
archive 9
1
4 33  100 0000011000010000010110000101010101100001010101001010100010001001010000010011100011010001100100100101
runNumber 10
genCount 5404
elapsedTime 599.968
unaryHyperVol 72
binaryHyperVol 15.2963
additiveEps 0.833333
entropy 0.472411
archive 10
4
12 29  100 0000101000010000010000010111110000100000001000000101011101111011010110110000100110010011100100010110
8 30  100 0000101000010000010000010111110101100000001000000101000101111011010110110000100100000101000000100110
5 32  100 0000101000010000010000010111010000100001001000000101011101111001010110100001100100011011000011001110
4 34  100 0000101000010000010101010101110010100000001000111101001101111011010110110000100100001111100100111110
runNumber 11
genCount 5491
elapsedTime 599.984
unaryHyperVol 172
binaryHyperVol 10.6875
additiveEps 0.9375
entropy 0.509891
archive 11
2
4 22  100 0110101000010001011001110101110001100101111000001011111000000010010000110100010100011001100100100101
3 26  100 0110101001010001110000110111110001100001001000000001101010001000010010010100010100111101100101000101
runNumber 12
genCount 5322
elapsedTime 600.012
unaryHyperVol 120
binaryHyperVol 13.2222
additiveEps 0.944444
entropy 0.509891
archive 12
2
4 27  100 0110101000010000100000000101110001100111010101001000100101000011011110111000010100001001100001000110
3 28  100 0110101001010000100000000101111101100001000101001000110010000011011110111000011100001011100001000110
runNumber 13
genCount 5348
elapsedTime 599.933
unaryHyperVol 169
binaryHyperVol 11.9915
additiveEps 0.923077
entropy 0.509891
archive 13
2
12 21  100 0110101000010001110001110111110001010110001000000011111011000011010110110100010110011001100100000110
3 23  100 0110101001010001100000110101111101101100001010000011111010000011010110010000010100111001100100110110
runNumber 14
genCount 5300
elapsedTime 599.937
unaryHyperVol 75
binaryHyperVol 12.8261
additiveEps 0.956522
entropy 0.509891
archive 14
2
4 31  100 0110010101010011010101000000111100101101001011100101111010000000010010101000000100111101100100110110
3 33  100 0110010101010011010101000111111100101101001010100100111100000000110000001100010100000001100100110110
runNumber 15
genCount 5370
elapsedTime 599.99
unaryHyperVol 71
binaryHyperVol 21.4261
additiveEps 0.875
entropy 0.472411
archive 15
4
11 29  100 0000101010100101011010110011110001001101000101101010110011011011110000010100011100010001010100110110
8 30  100 0000101010100101011010110011110001001101010101101010110011011011110000010100011100010001010100110110
6 31  100 0000101011100100000010110011110001011101011011010001101011011011010000000100011100010001010101110110
5 32  100 0000101010100100010010011011110100100110110101101010111001011011000000010100010000010001010100110110
runNumber 16
genCount 5495
elapsedTime 600.028
unaryHyperVol 66
binaryHyperVol 22.087
additiveEps 0.913043
entropy 0.5994
archive 16
3
7 31  100 0010101010101000000000011111010001010110001000110101110010111000001100001000000001001101100101111010
5 32  100 0000101010101000100000101100010101010111001000010101011010111000001100001000000101001101100101110010
4 33  100 0010101010101000000000011101000101100110001000110101011011000001010010010100000001001100100101101010
runNumber 17
genCount 5549
elapsedTime 599.885
unaryHyperVol 101
binaryHyperVol 9.62963
additiveEps 0.962963
entropy 0.509891
archive 17
2
4 28  100 0110101001010001000000001100111011010101001001010111111001001011110000110111001111000101000000100101
3 37  100 0110101001010001000000001101111011100011001010000011110001011010110010011100011111000101101001001110
runNumber 18
genCount 5517
elapsedTime 600.043
unaryHyperVol 97
binaryHyperVol 17.1693
additiveEps 0.777778
entropy 0.290266
archive 18
6
12 23  100 0000010100010001000000010011110001100101101000000111011010000001010110100101100111110011100100111010
11 25  100 0000010100010001000000010011110001100101101001101001011010000001010110100101100101010011100100010010
10 27  100 0000010100010101000000010011110010100001101000101101011010000001010110100101100101010011100100110010
8 28  100 0000010100010101000000010010111010100001101000000101011010000001010110110101100101010011100100010010
7 29  100 1110010100010101100000010111011010100001101000010101011110000001010110100101100100111011100100110010
5 31  100 0000010100010101000000000111011010101000101000000101111010000001010110011010101101110001100000010110
runNumber 19
genCount 5293
elapsedTime 599.992
unaryHyperVol 113
binaryHyperVol 13.2708
additiveEps 0.944444
entropy 0.509891
archive 19
2
11 27  100 0000101011101001000000010111110001100001001000010101010110000000000110111000010000110000100100000110
3 28  100 0000101000100100000000010111110001100001001000010101010110000000000110111000010000110000100100000110
runNumber 20
genCount 5400
elapsedTime 600.006
unaryHyperVol 108
binaryHyperVol 13.2895
additiveEps 0.947368
entropy 0.509891
archive 20
2
5 28  100 0000010110100100000101001110000001000101001001010011011011000001010110101000010001111001100101110110
3 29  100 0000010110100100010101000011000001100101011001010011011010000011011010111000011011101011100110110110
runNumber 21
genCount 5313
elapsedTime 599.96
unaryHyperVol 164
binaryHyperVol 8.29825
additiveEps 0.736842
entropy 0.5994
archive 21
3
9 21  100 0000101010100100000000001011110001100101100111011011101000000001010000111111000100010101100100110101
4 24  100 0000101010100100000000001011110001100101100101010001100000000001010000111111000100010101100100110101
3 29  100 0000101001100100000000001011010101010101100101010011100010000001010110010100010100010101100000010101
runNumber 22
genCount 5436
elapsedTime 599.92
unaryHyperVol 82
binaryHyperVol 13.815
additiveEps 0.8
entropy 0.5994
archive 22
3
11 26  100 0110010111010001010101011111110111010101001000010100111010000000010110001111100100011011000011010110
6 30  100 0010010111010101010101011111010101010101101001000101111011000000010110011111100100011011000011100010
4 35  100 0110010101010101010101001000000011100101101000010101010011000000010110001110101111101000000011000110
runNumber 23
genCount 5525
elapsedTime 600.077
unaryHyperVol 126
binaryHyperVol 10.4091
additiveEps 0.954545
entropy 0.509891
archive 23
2
4 26  100 0110101000010000000000110101001001100101000101000010110010001010010000010000000111111001100100110110
3 32  100 0110101001010011100000111101001001100100010101010011110011101010101010001000010000001101100100110110
runNumber 24
genCount 5435
elapsedTime 599.878
unaryHyperVol 132
binaryHyperVol 13.9375
additiveEps 1
entropy 0
archive 24
1
3 26  100 0110101001010001110000000111010111010101001000001011010111000000011110111000011100001010100100101010
runNumber 25
genCount 5365
elapsedTime 600.013
unaryHyperVol 130
binaryHyperVol 50.9333
additiveEps 1
entropy 0
archive 25
1
4 25  100 0110000000010111000000010101010001100001000101001000010011000011010110001011100100010100101001110101
runNumber 26
genCount 5452
elapsedTime 599.973
unaryHyperVol 76
binaryHyperVol 13.3636
additiveEps 0.954545
entropy 0.509891
archive 26
2
4 31  100 0110101000010001000000110101111000100111001000000111000000000000000000110100011100110111100010010010
3 32  100 0110101001010001110000110101000001100011111010000111011110000001100000110100011100111100101001100010
runNumber 27
genCount 5245
elapsedTime 599.978
unaryHyperVol 145
binaryHyperVol 19.6133
additiveEps 0.866667
entropy 0.5994
archive 27
3
8 23  100 0000010110000101000000101111000001101110000111000101110110000001010000110111000100011000010100010101
5 24  100 0000010110100100000000001111000001101111000101000011010110000001010010010111000100011000010100010101
4 25  100 0000010110100101000000001111000001100110000101000010100100000001010110110100010001011000010100110101
runNumber 28
genCount 5204
elapsedTime 599.936
unaryHyperVol 101
binaryHyperVol 14.9432
additiveEps 0.772727
entropy 0.380988
archive 28
5
11 26  100 0000010100101001100000111111110001010101001000001101101101000010110110111000010101010101101001000110
7 27  100 1010010100101001100000100011110001010101001000001101101100000010110110011000010001011001101010000110
6 30  100 0010010110101001100000100000010001010101101000001101101101000000110110011000010000010001100111001010
5 31  100 0010010100101001100000010101100001010101101000001101101100000001110110011000010000010001100111000010
4 32  100 1010010100101001100010011101100001010110101000010101101110000001011110011000000000010011101001000110
runNumber 29
genCount 5751
elapsedTime 600.045
unaryHyperVol 129
binaryHyperVol 31.6562
additiveEps 0.9375
entropy 0.509891
archive 29
2
5 25  100 0110101010101001000000011011110001010101001011001111110100000000111010101000010101001001100100000110
4 26  100 0110101010101001000000010001100001010101001011001111110100000000001110111100000101011001100100000110
