OptimalFront
unaryHyperVol 388
3
5 14  100 1101000001010001010000100000011110001010011001011110010010001100010000011100010100010101101011101010
4 15  100 1101101001010001111010100000011110001010011001011110010000011100010000010100010100010000101011101010
3 17  100 0100000001010100010000100000011110001010011001011110010010001100010010011110100100010110101011101010
-------------------------
runNumber 0
genCount 5273
elapsedTime 599.969
unaryHyperVol 126
binaryHyperVol 11.3951
additiveEps 0.666667
entropy 0.449615
archive 0
3
9 32  100 0100000000010000000010000111010101111100101001000010111010001100010000010110100101010000101000101010
4 33  100 0100000001010100010010010100010000111100101000010010111010001100010000010110100101010000101000101010
3 41  100 0100000001010100010000010100001100111101101001110010001000011111011100000110101101010100101001001010
runNumber 1
genCount 5313
elapsedTime 599.933
unaryHyperVol 101
binaryHyperVol 25.4524
additiveEps 0.821429
entropy 0.481574
archive 1
3
6 33  100 0100100101010000110000000100110000100001011101111110010000001100110011010001000100010111010100101010
5 40  100 0100100101010101110000010100110000100001000110101010110101001110110010110001000110010111010100101010
4 42  100 0100100101010001110000000111110010100001000100100110011000010001111111111010000000011011010100101010
runNumber 2
genCount 5318
elapsedTime 600.039
unaryHyperVol 141
binaryHyperVol 35.7105
additiveEps 0.894737
entropy 0.49717
archive 2
2
5 31  100 1101000000010001010001110101101010011011100111101110110000010010011111100100010100111010101011111010
4 33  100 0101000000010001010001110101011101001001101110011010000000010010011111110100010100011011101000011010
runNumber 3
genCount 5331
elapsedTime 599.944
unaryHyperVol 112
binaryHyperVol 34.0833
additiveEps 0.875
entropy 0.49717
archive 3
2
5 33  100 1101000000010000101001110000001101100011000000001010010000110001000010001110000000010110101010011010
4 38  100 0100000000010000011001110101010101111111110000110010010000000001000010000010000011010111101011011010
runNumber 4
genCount 5200
elapsedTime 599.983
unaryHyperVol 171
binaryHyperVol 17.0985
additiveEps 0.666667
entropy 0.493798
archive 4
5
9 27  100 1101100101010001111001000011110010000000010100001110011110001101010010011110100001010101101011101010
8 28  100 1101100101010001111001000011011011001101011111101110011100001100010110110110100100010101101011101010
7 31  100 1101100101010101111001010011011011001101010101101110000110111001110111011110100100010101101011101010
5 32  100 1101100101010001011001000001000001111000000000101010011110001100010010011110100011010101101010111010
4 36  100 1101100101010101011001000111000011110000011000000110110100111100010111011110100100010101101010011010
runNumber 5
genCount 5385
elapsedTime 599.992
unaryHyperVol 142
binaryHyperVol 36.5
additiveEps 0.941176
entropy 0.49717
archive 5
2
7 30  100 1101100110101001011001000001010001101010011000000110010000011110010110100100000000010101101011101010
5 31  100 1101100110101001011001000011000011000000011000010110010000011110010110100100000000010101101011101010
runNumber 6
genCount 5244
elapsedTime 599.884
unaryHyperVol 89
binaryHyperVol 40.1358
additiveEps 0.888889
entropy 0.49717
archive 6
2
6 34  100 1101100001010001101010100101011101011000001101100110011010000001101000010100010010010001010111110101
5 41  100 0000101101101011001010100100001001011110000111001010011010010001101000010100010010010000010111110101
runNumber 7
genCount 5299
elapsedTime 600.04
unaryHyperVol 106
binaryHyperVol 33.6992
additiveEps 0.947368
entropy 0.49717
archive 7
2
10 32  100 1011000001101001111010100100110101011111010101101110010011010001010100010000000000010100000000101010
6 33  100 0111000011101001111010110000110111001110010000100010010011010001000100010000000000010000000000101010
runNumber 8
genCount 5282
elapsedTime 599.895
unaryHyperVol 74
binaryHyperVol 28.04
additiveEps 0.84
entropy 0.485314
archive 8
5
9 35  100 0100100101010100110001000011110001011010010101010010000100101000100110011110101100001000101000101010
8 36  100 0100100100010101110000000011110001001101010100110010010101110000111010011110101100001000101000001010
7 37  100 0100100100010101110000000011110101001101010100110010010101110000101110011110101110101000101000001010
6 38  100 0100100101010100110001000100100111010100010101110010000100101100101110101110101100001000101000101010
5 39  100 0100100101010101110001000111110111011001010111010010000100101110101010110110101100001000101000101010
runNumber 9
genCount 5177
elapsedTime 600.03
unaryHyperVol 143
binaryHyperVol 37.3824
additiveEps 1
entropy 0
archive 9
1
4 31  100 0100000000010000010001110101010010000010010001010110010000011100000000000100010110001011101010001010
runNumber 10
genCount 5248
elapsedTime 599.984
unaryHyperVol 190
binaryHyperVol 21.7111
additiveEps 0.777778
entropy 0.529986
archive 10
4
12 25  100 1101100000010001101001110000011000001000011000011110011011111100000100011100010100010101101011001010
8 26  100 1101100000010001101001110000011000001000011000011110011011011000000100011100010100010101101011001010
6 28  100 1101000001010001101001010001001010110000011000011110011011111100000011011100010100010101101010001010
5 29  100 1101100001010001101001010001001010110000011010011110111011001000010100011100010100010101101011111010
runNumber 11
genCount 5127
elapsedTime 599.976
unaryHyperVol 118
binaryHyperVol 22.1731
additiveEps 0.730769
entropy 0.449615
archive 11
3
7 32  100 1101100101010001000001010100110101010000010111010001110000010001000010010110000000111010101010101010
5 34  100 1101100101010001000001110101000101010000011000110010000001000001000010010110000000111010101000111010
4 40  100 1101100101010000000001010110000001010000101000110010000001000001101001011010000011101010101010011010
runNumber 12
genCount 5201
elapsedTime 599.957
unaryHyperVol 174
binaryHyperVol 10.1667
additiveEps 0.666667
entropy 0.481574
archive 12
3
6 28  100 0001100100010001111010100000001010110101011000000010010000010100010110000010100111010011101011101010
5 30  100 0100000001010101111010100000001010110101011000000010010000010100010110000010100110010011101011101010
3 38  100 0100000001010100010000111011010100110101011000000010100000111100110110010010100011010111101010101010
runNumber 13
genCount 5279
elapsedTime 599.95
unaryHyperVol 152
binaryHyperVol 18.9143
additiveEps 0.666667
entropy 0.447913
archive 13
4
13 27  100 1101100101010111110101010011111111011001101001011010010010001100010010010010100100010111101001001010
10 28  100 1101100101010111110101000011011111011001101101011110110010001100110010010010100100010111101001001010
7 30  100 1101100100010111110101000111011111010001101001011110100000010100110010010010100100010111101001101010
5 35  100 1101100101010011110101000011010111010011101010011010110100011110010010100010100111010011101001001010
runNumber 14
genCount 5420
elapsedTime 600.015
unaryHyperVol 46
binaryHyperVol 22.1943
additiveEps 0.96
entropy 0.49717
archive 14
2
10 38  100 0100101100010001011001110111011011111100101000010110011110100001000101100110101100010110101000111010
4 39  100 0100100100010000011001110101110100110100101000010010010011000000000100110110101110010110101000111010
runNumber 15
genCount 5478
elapsedTime 599.922
unaryHyperVol 117
binaryHyperVol 37.3947
additiveEps 1
entropy 0
archive 15
1
4 33  100 0100000000010000000001110101110001011111011010001110110010101100001010011110100101011011101001101010
runNumber 16
genCount 5234
elapsedTime 599.975
unaryHyperVol 130
binaryHyperVol 42.5789
additiveEps 0.894737
entropy 0.49717
archive 16
2
6 31  100 1101001100010010010000010101010010100101101001001110010000010011000010010100010010010100101011011010
5 33  100 0101001100010001010000010101010011000101101101101010010000010000011110000100010010010100101011001010
runNumber 17
genCount 5224
elapsedTime 600.04
unaryHyperVol 148
binaryHyperVol 16.6369
additiveEps 0.666667
entropy 0.472736
archive 17
5
10 29  100 1101101001010001111010000101011100101101101001100010110110111100010000010100011100010100101001011010
8 30  100 0101100000010001111010000101010101001111100011111010110110111100010000010100010100010000101011001010
6 32  100 1101101001010011011010101111111101001101110010010101110000110100000100010100010100010100101001111010
5 33  100 0101100000010011001010000111011110011101100001011010110100011100000100010100010100010000101000111010
4 38  100 0101100001010000011010000101010101001111100011111010110100011100000100010100010101010000101000111010
runNumber 18
genCount 5389
elapsedTime 599.529
unaryHyperVol 146
binaryHyperVol 21.9
additiveEps 0.8
entropy 0.481574
archive 18
3
8 30  100 1100000000100101010000000010000000001011011111011100110000010000010010000100010000010100101011001010
5 32  100 0100000000100101010000000011000000001011011111001100110000010000010010000100010000010100101011001010
4 34  100 0100000000100101010000000111000000001011011111001110100000010000010000000100010000010100101011001010
runNumber 19
genCount 5099
elapsedTime 599.93
unaryHyperVol 135
binaryHyperVol 20.375
additiveEps 0.894737
entropy 0.481574
archive 19
3
11 31  100 0100000000010100010001110011011000000000100101010010101000001100010000010110100101110000101011101010
5 32  100 0100000000010100011001110001010111100011000111010110011000001100010000010110100111110000101011101010
4 33  100 0100000000010100010001110101010100000000100101010010101000001100110000010110100101110000101011101010
runNumber 20
genCount 5347
elapsedTime 599.841
unaryHyperVol 76
binaryHyperVol 18.44
additiveEps 0.84
entropy 0.449615
archive 20
3
13 35  100 0100010101010000010101000101011101111001000111001010010010001111011110100100101101110100101010001010
6 36  100 0100011100010000010101000101011000001001000111001110100000011100100011001110100011010000101011001010
4 39  100 0000011100010000010101000101010110001101000111001010000000111111001000011110100011010000101010001010
runNumber 21
genCount 5331
elapsedTime 599.936
unaryHyperVol 156
binaryHyperVol 37.375
additiveEps 1
entropy 0
archive 21
1
4 30  100 0101100101010101111001000000000010001000011001110010010101000001011100011010000000100000101011101010
runNumber 22
genCount 5253
elapsedTime 600.013
unaryHyperVol 44
binaryHyperVol 57.9444
additiveEps 1
entropy 0
archive 22
1
6 38  100 1101100101100101101001000110000000010010111100010010010110000011010111001100011110010100101010010101
runNumber 23
genCount 5311
elapsedTime 599.914
unaryHyperVol 110
binaryHyperVol 28.9532
additiveEps 0.894737
entropy 0.481574
archive 23
3
12 31  100 0100000010100100000010100011011010111000010011010101110000000011011111011110001100010000101011001010
11 32  100 1100000010100100010000010101101010000010011010010101110010010011010011011110001100010100101010111010
6 33  100 0100000000100100000000101101011010111000010011010101110000010011010011010010001100010000101011001010
runNumber 24
genCount 5193
elapsedTime 599.934
unaryHyperVol 130
binaryHyperVol 37.3889
additiveEps 1
entropy 0
archive 24
1
4 32  100 1111000011100101010000101000000001111010001111010010010000011110110000110100010000010110101010101010
runNumber 25
genCount 5216
elapsedTime 600.019
unaryHyperVol 130
binaryHyperVol 42.5789
additiveEps 0.894737
entropy 0.49717
archive 25
2
6 31  100 0100000000010011010000111000001101011010010111011010000010000000010010000010101011011000101001101010
5 33  100 0100000000010100010000111000001101001010010111011010000010000000010000111010101011011000101001001010
runNumber 26
genCount 5227
elapsedTime 599.767
unaryHyperVol 108
binaryHyperVol 22
additiveEps 0.947368
entropy 0.49717
archive 26
2
17 32  100 1100000000010001010000110111110101000111011000010010010010100010010011010000010011000000000000111010
5 33  100 0101000000010001010000110111010101011101011000010010011110000010010011000000010011001001000000111010
runNumber 27
genCount 5331
elapsedTime 599.914
unaryHyperVol 85
binaryHyperVol 33.8704
additiveEps 0.888889
entropy 0.49717
archive 27
2
5 35  100 0000100101100100101001000011001010001001011001010001110100000001011100000110000011010100101011101010
4 41  100 1000100101100100101001000011100010001101111010100110110100010010011101000100010111010100101001001010
runNumber 28
genCount 5421
elapsedTime 599.915
unaryHyperVol 96
binaryHyperVol 57.9
additiveEps 1
entropy 0
archive 28
1
5 34  100 1100100110100100011001000000001010001100111001000010110110000011000110011110001100010100101000101010
runNumber 29
genCount 5152
elapsedTime 599.959
unaryHyperVol 73
binaryHyperVol 23.1087
additiveEps 0.956522
entropy 0.49717
archive 29
2
9 36  100 0100101001010000110000000011110011110001010101111110010010000010001111110010101011010111101011011010
4 37  100 0100101001010101110000010010000011111000011101101010000010000010001111110010101011010111101011011010
