OptimalFront
unaryHyperVol 334
2
5 10  100 0000011101010100101010000100011111011001001010000110010001100111001001111001100001010001000011110101
3 11  100 0000011101010100101010000100011111011001001010000110010001100111001010111001100001010001000011110101
-------------------------
runNumber 0
genCount 5241
elapsedTime 600.048
unaryHyperVol 72
binaryHyperVol 25.5417
additiveEps 0.916667
entropy 0.599401
archive 0
3
6 31  100 0000101111010100110000000100110011011011001010001100000001100100110010000001101111010110100101101010
5 33  100 0000100101010101110000000100110011011011001010110000011101100000000010000000100011010101101100100101
4 34  100 0000101111010000111010000000110011000010111010100000011101100000010000000000100101010001000011000101
runNumber 1
genCount 5397
elapsedTime 599.937
unaryHyperVol 122
binaryHyperVol 17.2778
additiveEps 0.944444
entropy 0.509891
archive 1
2
11 25  100 0000011101110100010101000101011111011001101010000010010110100001011010110011010101010011000011001010
4 28  100 0000011101110100010101000101011111011001101010100010011110101011101010010100011000010011000001011010
runNumber 2
genCount 5379
elapsedTime 599.983
unaryHyperVol 52
binaryHyperVol 12.8889
additiveEps 0.962963
entropy 0.509891
archive 2
2
5 33  100 0000001110010000000000110100001100011010111010000011101110101000001110111100010001010110100000000110
3 37  100 0110001011010000010000010010000101011010011010000010110111101010000110001000010011010110100000000110
runNumber 3
genCount 5342
elapsedTime 599.965
unaryHyperVol 93
binaryHyperVol 13.0652
additiveEps 0.869565
entropy 0.509891
archive 3
2
4 30  100 1110001101010011010010011000010001011001001010000011011101100111000110011100010000010101100000110101
3 33  100 0110001111010011010000001001011000001001001010000111011000101000000110010100010001010101100000110101
runNumber 4
genCount 5563
elapsedTime 599.896
unaryHyperVol 75
binaryHyperVol 10.7708
additiveEps 0.75
entropy 0.54796
archive 4
4
15 30  100 0110010100010001011001000100000101011001001001000000010000000000010110111000010001110110000001000010
5 31  100 0110010100010001011001000110000101011001001001000000010000000000000110101000010001110110000001000010
4 33  100 0110010100010011011001000000000111011001011001000000000100100000010110101000010001010101100001000110
3 38  100 0110010101010001011001001100100101001000101010000000000100100000010110101100011001010101100001000110
runNumber 5
genCount 5408
elapsedTime 599.971
unaryHyperVol 76
binaryHyperVol 32.8182
additiveEps 0.954545
entropy 0.509891
archive 5
2
5 31  100 0110000000110000010001110101101001000011001010100101010001100001001110111000010011001001100011110110
4 32  100 0110001001110010010001010001111010000000001010100001010001100000001110111000010011101000101100110110
runNumber 6
genCount 5397
elapsedTime 599.973
unaryHyperVol 107
binaryHyperVol 14.225
additiveEps 0.95
entropy 0.509891
archive 6
2
4 29  100 0000011101100100111001000111011011011011001010100110011001100000000000011100010000010100101100111110
3 30  100 0000010101000100111001000111011011011011001010100110011001100000100000011000010000010100101110111110
runNumber 7
genCount 5343
elapsedTime 599.991
unaryHyperVol 113
binaryHyperVol 10.8021
additiveEps 0.833333
entropy 0.5994
archive 7
3
7 27  100 0110111100110000010010010101010111011001101010001010010010100011000000011000011001010100000011111110
4 31  100 0110111101110000001010010101010101011001101010000011110101101011110000011000011000010000000011101110
3 34  100 0110001100010000010000010011010111001001111010001010010000101000000000011100011010010100100011100110
runNumber 8
genCount 5542
elapsedTime 600.061
unaryHyperVol 56
binaryHyperVol 14.3958
additiveEps 0.958333
entropy 0.509891
archive 8
2
7 33  100 0000011100101010001001001111011011001010111010100000110101100110001010000000000000010100100000010110
3 34  100 0000000100010000101001000001001111011010111010000010110101010110001110000100010000010101000000010110
runNumber 9
genCount 5177
elapsedTime 599.698
unaryHyperVol 144
binaryHyperVol 17.6875
additiveEps 0.75
entropy 0.478871
archive 9
4
7 23  100 0000000100110100010001000111010011001001011010100111110001100111111010011001100001101010000011111110
6 24  100 0000000100110100010001000101110001011001001010101011000001100111111010011001100001101010000011111110
5 32  100 0000000100110000010001000101110100001000101010101010100101100000011010011001101010101010100011000110
4 34  100 0000000100010000010001000111110000001010101010101010100101100100010110010001101001101001100011110010
runNumber 10
genCount 5414
elapsedTime 599.789
unaryHyperVol 76
binaryHyperVol 21.4
additiveEps 0.84
entropy 0.599401
archive 10
3
7 30  100 0000001101110100010000000111011100000100001010000111110000100001100000011000000010010110101101111010
6 32  100 0000001101110100010000000101000101110100001010000111110000100001100000011000000010010110101101111010
4 35  100 0000000101010000010000100111110101010100001010110111110100100111010000010000010010010110101111110010
runNumber 11
genCount 5213
elapsedTime 599.808
unaryHyperVol 97
binaryHyperVol 26.6
additiveEps 0.95
entropy 0.509891
archive 11
2
6 29  100 0110010101110010101001001000111010011000000101111101010000100101100000000000010001100000101001110101
4 30  100 0110011101110010101001001000110010011010000101111101010000100001100000000000010000100001101101110101
runNumber 12
genCount 5404
elapsedTime 599.978
unaryHyperVol 27
binaryHyperVol 23.1944
additiveEps 0.962963
entropy 0.509891
archive 12
2
7 35  100 1110001000000111001010010111100100111000111001011111010001100110111110110100011001010111000001110010
4 37  100 1010001000000111001010010010000111111000111010101110110011100110110110110100011011010011000001110010
runNumber 13
genCount 5341
elapsedTime 599.96
unaryHyperVol 144
binaryHyperVol 10.775
additiveEps 0.95
entropy 0.509891
archive 13
2
7 24  100 0000000101010100000001000111110100011000001010010001000001100101001010111001100001101010000001110110
3 30  100 0000000101010100010001000111110101000000001010010010010000100111011010011000101000001010000001110010
runNumber 14
genCount 5305
elapsedTime 599.851
unaryHyperVol 192
binaryHyperVol 14.9167
additiveEps 1
entropy 0
archive 14
1
3 22  100 0110000001010010001010000100011111011001111010000100010001100100000000011000010001010001000011010101
runNumber 15
genCount 5484
elapsedTime 599.948
unaryHyperVol 128
binaryHyperVol 12.1905
additiveEps 0.809524
entropy 0.509891
archive 15
2
4 27  100 0110011101110001101001000000110000001001101010010100010001100111001010001000011111010111100011000010
3 31  100 0110010110010001001001001100100000111001111010010110010001100111011010001000011111010111100011000010
runNumber 16
genCount 5399
elapsedTime 599.985
unaryHyperVol 73
binaryHyperVol 31.22
additiveEps 0.96
entropy 0.509891
archive 16
2
5 31  100 0110001100010001010000000111001101011001011010010111010000010111101001010111010011010101000011011110
4 35  100 0110001100010000010000000111001001011001011010010111000011010110000000000011010010010101000011011110
runNumber 17
genCount 5452
elapsedTime 599.882
unaryHyperVol 59
binaryHyperVol 21.1204
additiveEps 0.962963
entropy 0.509891
archive 17
2
7 31  100 0010110001010101010000000100000111011000001010110101101001100010001110000101101001010001011011010101
4 37  100 0000110001010100010010001001101101001000101010110101101101100001110010000111100100010001100101010101
runNumber 18
genCount 5284
elapsedTime 599.988
unaryHyperVol 96
binaryHyperVol 14.95
additiveEps 1
entropy 0
archive 18
1
3 30  100 0110101101010010001010001111111111000001001010110011110000101011001110011000010101010001100001100101
runNumber 19
genCount 5419
elapsedTime 599.959
unaryHyperVol 129
binaryHyperVol 14.1852
additiveEps 0.944444
entropy 0.509891
archive 19
2
6 27  100 0010011101010010101001011111010011001001101010000101010000100100001110110000010001000001000011010101
3 28  100 0110010100010010011001000110011011001011001010000101010001101111010000100000010001100001101111100101
runNumber 20
genCount 5370
elapsedTime 599.999
unaryHyperVol 114
binaryHyperVol 11.3333
additiveEps 0.75
entropy 0.509891
archive 20
2
4 28  100 0000011111010001110000000111010101001001001010000011011101100111000110000100010001010110100011011010
3 34  100 0000001011010001010000010001010011001000001010100001011001100111000010111000010000010110101010011010
runNumber 21
genCount 5367
elapsedTime 599.982
unaryHyperVol 66
binaryHyperVol 33.4545
additiveEps 1
entropy 0
archive 21
1
4 32  100 1010000100010010101010010111111100111001000101111101011000100111000110000100010000010001000011000101
runNumber 22
genCount 5443
elapsedTime 599.939
unaryHyperVol 143
binaryHyperVol 7.94815
additiveEps 0.6
entropy 0.5994
archive 22
3
8 24  100 0000011101010100000010000011010001011001001010100110100001100010000000101000011101010000100011110110
4 27  100 0000011101000100000000100100010101011001001010001010100010100010000010001000010101010100100011100110
3 37  100 0000000111010100010000010010111010001001101010101110001001100011000010100000010010010101000000111010
runNumber 23
genCount 5558
elapsedTime 600.068
unaryHyperVol 113
binaryHyperVol 12.3864
additiveEps 0.909091
entropy 0.5994
archive 23
3
5 28  100 0110011111010101001001001000010111011001101010010101000001101011110110001011101010010110000011001110
4 31  100 0110011100010001011001001000000101011001001010010101001000101011111110011000010010010110100011000110
3 32  100 0010010100010011101001001000010111011001001010010101101000101011111110011000010010010111000011011110
runNumber 24
genCount 5353
elapsedTime 599.924
unaryHyperVol 50
binaryHyperVol 12.2963
additiveEps 0.851852
entropy 0.472411
archive 24
4
13 32  100 0110111101010010010000000001011011011001101010000000110010010100000010100000011101010111100111100110
12 33  100 0110111100110011010000010001011001011001101010101010010000010111100000010000101001010111100111100110
4 34  100 0110010111010010000000011011010001011001101010001111010110010100001010100000011010010111100011100110
3 37  100 1110001101010001010000001011010001011001101010001111010100010100001010010000011100010111101010000010
runNumber 25
genCount 5338
elapsedTime 599.925
unaryHyperVol 101
binaryHyperVol 22.2727
additiveEps 0.772727
entropy 0.5994
archive 25
3
10 27  100 1100111100010100000101000100000100000000001001001110110001100101000110111101101101010111100111111010
6 28  100 1100111100010100010101000101000100000000001001000110110001100101000110111101101111010111100111111010
5 32  100 1100110100010000000101011100110000000000001010000100101001100111000010111101101111010011100111110010
runNumber 26
genCount 5404
elapsedTime 599.985
unaryHyperVol 115
binaryHyperVol 17.192
additiveEps 0.68
entropy 0.54796
archive 26
4
8 26  100 1010011001010101001010101000010111011001001010000001010101100000000001110111000011010111000011110110
6 28  100 1110000000010101101010110001000101011001001010000101010001100001000010110111100011010011000011110010
5 30  100 1010100000010101101010110001000111011001001010000101010001100001000010100100101110010011000011010010
4 35  100 1010100001010001101010010000110101111011001010010001000000100001000010110111000011010011000011100010
runNumber 27
genCount 5231
elapsedTime 600.028
unaryHyperVol 72
binaryHyperVol 10.713
additiveEps 0.75
entropy 0.472411
archive 27
4
11 29  100 0110011101110011110001000101010000011001001010101111111001100011010000111000011111110001000010110101
7 31  100 0110011101010011110001000100000000011001001010000011000100100011000000000000001111110001000010110101
5 35  100 0110011101010000110000010001000000111011001010100111011011100101100000111100011111110001000010110101
3 37  100 0010000101010000111001000101011101111000001010101011110001101001100000000000011111000001000010100101
runNumber 28
genCount 5481
elapsedTime 599.918
unaryHyperVol 56
binaryHyperVol 13.84
additiveEps 0.96
entropy 0.509891
archive 28
2
5 33  100 0000001101010001010000100110110100110001101010000101111100100000001110111000010001010110000001000010
3 35  100 1110000100010001010000100100110101011001101010010101000000101000001010001000011101010110000001000010
runNumber 29
genCount 9215
elapsedTime 599.943
unaryHyperVol 102
binaryHyperVol 13.6349
additiveEps 0.952381
entropy 0.509891
archive 29
2
6 29  100 0110000101110010010000001000001011111000001010010110000001100111100000010000011001010101100011110100
3 31  100 0110000101010010010000001010100010011001001010010101100001100100110000011000011001010111101111110110
