OptimalFront
unaryHyperVol 349
2
4 11  100 0110101100010011101001110101100010111111100010001010111110101001001011100010011000101000111100101100
3 13  100 0110100101010011101001000100000010111111100000001010111110101001001011100010011000101000111100101100
-------------------------
runNumber 0
genCount 5488
elapsedTime 599.902
unaryHyperVol 62
binaryHyperVol 12.5309
additiveEps 0.833333
entropy 0.5994
archive 0
3
9 32  100 0010100100101000000000100100000110001111000000101010001111101001000101010000000001100001001000011011
4 34  100 0010100100101000000000110100000101011001100000101010001111101001000101011100000000100111010011110011
3 38  100 1110000010101000010000110000000100111101000010101010000100101000101010001000000000101011110001101011
runNumber 1
genCount 5343
elapsedTime 599.976
unaryHyperVol 126
binaryHyperVol 14.3684
additiveEps 0.894737
entropy 0.509891
archive 1
2
5 28  100 0000100100100100110000111000000001010001100010010110111110101001001011010001011011101100011000001100
3 30  100 0000000011100100010000111100000010110100000110011010111111101001001011010001111000101100000000001100
runNumber 2
genCount 5443
elapsedTime 599.937
unaryHyperVol 154
binaryHyperVol 21.3194
additiveEps 0.666667
entropy 0.599401
archive 2
3
6 24  100 1110101100010011000000110101100001110111000000000100110010101001001011001110001101100100111100100111
5 27  100 1110101100010011000000110101100001110111000000000110010100101001001011001110001101100100111100100111
4 35  100 0110100001010011000000110000000101010101011110010010110000101001001000000110111001100000010100010000
runNumber 3
genCount 5393
elapsedTime 600.027
unaryHyperVol 69
binaryHyperVol 18.625
additiveEps 0.875
entropy 0.468496
archive 3
3
11 31  100 0000101011010100110000110100000010011111010000111100111001101011111001000001000111100100011000101101
5 33  100 0000000010100100110000110100000011011101110000111100011101101001111001000000000100101011011100011101
4 34  100 0000000010100101010000010100000001011101110000111100111101101001011001010000000110100100011100011101
runNumber 4
genCount 5373
elapsedTime 599.942
unaryHyperVol 117
binaryHyperVol 15.8889
additiveEps 1
entropy 0
archive 4
1
3 29  100 0110000001010011010000000101100000011111010010000010001110101010100101010010011000100001110000111111
runNumber 5
genCount 5093
elapsedTime 599.939
unaryHyperVol 162
binaryHyperVol 10.552
additiveEps 0.823529
entropy 0.472411
archive 5
4
16 22  100 0000000000100100000000110111010000111111100000010000011110101001001011100011011000101000110100101101
8 25  100 0000000000100100000000010110010000011111110000010000011110101001001011101011011000101011110100101100
4 26  100 0000000010100100010000110100101010111011010010000000001110101001010101100011011000101000110110100100
3 28  100 0000000000100100010000101100101010111011010010011110100110101001001011100011011000101000110100101101
runNumber 6
genCount 5276
elapsedTime 599.938
unaryHyperVol 184
binaryHyperVol 11.9429
additiveEps 0.857143
entropy 0.5994
archive 6
3
10 22  100 0110100100010010101001000101100011111100000001001010100110101001011011100001011000100010111100101100
6 25  100 0110100101010000101001000000000011110100010101001010100110101001011011100001011000100010111100101100
3 26  100 0110100101010010101001001001100011101111010110001010110110101011001011100011010000100010111100101100
runNumber 7
genCount 5667
elapsedTime 599.98
unaryHyperVol 76
binaryHyperVol 14.6087
additiveEps 0.913043
entropy 0.509891
archive 7
2
4 32  100 1010100111010000000000010000000001010101100010000000111110101011010101010000001111101010110001100110
3 34  100 1110000000101000010000010000100001010101101010010010111110101001010101010000001100101000110111101001
runNumber 8
genCount 5476
elapsedTime 599.922
unaryHyperVol 143
binaryHyperVol 15.875
additiveEps 1
entropy 0
archive 8
1
3 27  100 0110100101010000101001000101100010110001010000111010110010101001001011110100011011101010011100101101
runNumber 9
genCount 5395
elapsedTime 599.9
unaryHyperVol 98
binaryHyperVol 19.9683
additiveEps 0.857143
entropy 0.478871
archive 9
4
9 29  100 1110000000010111001001010101101001001101000110001110110110101000001011101010010000101000111110010100
8 30  100 1110000000010111001001010101101111010001000110001110110110101000001011101010010000101000111110010100
5 31  100 0010000000010111001001010101101101001100000110000010010110101001001011100011110001100010111111101110
4 32  100 0010101100010011101001010101101100000000010110000010010110101001001011100111110001100011111111110110
runNumber 10
genCount 5634
elapsedTime 599.962
unaryHyperVol 20
binaryHyperVol 52.9733
additiveEps 1
entropy 0
archive 10
1
6 36  100 0000101101100100101010100000000111000101001010011010111111101001001011001011110011010000111001110011
runNumber 11
genCount 5307
elapsedTime 600.007
unaryHyperVol 131
binaryHyperVol 12.25
additiveEps 0.809524
entropy 0.599401
archive 11
3
11 27  100 0000000011100100010000110100000010010101000010000000101101101001001011100000111000101100111100011111
4 28  100 0000000011100101010000110100000000111101110010011110110101101001010101100000111000101000111100011000
3 32  100 0000000011100100010000110100000010010101000010001110010000101000000101000010111010101001111000001111
runNumber 12
genCount 5511
elapsedTime 599.939
unaryHyperVol 77
binaryHyperVol 52.95
additiveEps 1
entropy 0
archive 12
1
5 31  100 0110101101010010001001110101100000011101100000111010101110101000001000100101100011101010000001111100
runNumber 13
genCount 5309
elapsedTime 599.929
unaryHyperVol 127
binaryHyperVol 19.5
additiveEps 0.75
entropy 0.472411
archive 13
4
7 26  100 0010100000101011101010110001100001001000100000010000111110101000000101010000001000010000010100011100
6 28  100 1010000000101011101010110011100001101000110000010000111110101001000101100000000100010000011101011100
5 32  100 0010100000101001001010011001100001001000000010010010110001101001000101111000000000010000111100011100
4 35  100 0010000000101011101010000000000001001100001110111110000111101000000101011000001001010000010100010100
runNumber 14
genCount 5409
elapsedTime 600.038
unaryHyperVol 118
binaryHyperVol 14.4035
additiveEps 0.894737
entropy 0.509891
archive 14
2
9 28  100 0000101110100101110000110110100111110111010110001010110001001000001000011001011000100100110000111100
3 30  100 0000000000100100010000000110100111111111011110001010110000101000011000001001011000100100110000101100
runNumber 15
genCount 5193
elapsedTime 599.955
unaryHyperVol 178
binaryHyperVol 12.3529
additiveEps 0.882353
entropy 0.509891
archive 15
2
4 24  100 0000000000100101010000111000000001111111100010001110011110101000000101100010001000101100011111101100
3 28  100 0000000010100100010000111101100110001111101010001010011110101000000101100010001000101100011111101101
runNumber 16
genCount 5423
elapsedTime 599.93
unaryHyperVol 153
binaryHyperVol 19.9
additiveEps 0.75
entropy 0.5994
archive 16
3
7 24  100 0010000000100111010000010000000000010011100000000100110110101010000101100110001000101000111100100001
5 28  100 0110000000100101010000010000000000100100010000000010110010100101000101100001011000100100110100100101
4 31  100 0110000011100101010000101100000000010000100000000110110111101010000101100110001000101100111100100001
runNumber 17
genCount 5369
elapsedTime 599.79
unaryHyperVol 125
binaryHyperVol 12.5
additiveEps 0.909091
entropy 0.509891
archive 17
2
4 28  100 0110000000010011010000000101100001110100000010000010110100101010000101000010011000100000111111000000
3 33  100 0110000001010001010000000000100110001001101110100010101100101000010101000010011000100000111100100111
runNumber 18
genCount 5438
elapsedTime 599.945
unaryHyperVol 134
binaryHyperVol 12.2571
additiveEps 0.8
entropy 0.5994
archive 18
3
8 27  100 0110100101010010001001010100001111111100001110001110111110101001111011100010100000101000111100110011
4 28  100 0110100100010010101001010101100100010000101110000110111100101001111011100010100100101100111100101001
3 32  100 0110100101010010111001000101101111111101010110001010110100101000111010101011100100101100111100100000
runNumber 19
genCount 5356
elapsedTime 600.056
unaryHyperVol 180
binaryHyperVol 13.8667
additiveEps 0.866667
entropy 0.509891
archive 19
2
4 24  100 0000100100010010011001000101010010111101100000000110100010101010001001010011011001101000111100101100
3 26  100 0110100101010010001001000101101010111111100000000110100010101011001001010011011001101000011100101100
runNumber 20
genCount 5292
elapsedTime 599.924
unaryHyperVol 92
binaryHyperVol 13.2403
additiveEps 0.863636
entropy 0.5994
archive 20
3
10 29  100 0110101100010011011001111010100000111111000110100010010001101000001000010010011000101100011101010101
7 32  100 0110101100010011011001111010101000111111000110100110010001101000011000000010111110101100111111111111
3 33  100 0110100101010000111001001110101110011111001110000110010000101001011000010010011111101100110100111110
runNumber 21
genCount 5463
elapsedTime 599.909
unaryHyperVol 108
binaryHyperVol 10.9259
additiveEps 0.925926
entropy 0.509891
archive 21
2
4 29  100 0110000001010000010000110010100000110100010010000010111111000001001000111011011010101000111101110000
3 38  100 0110000001010010010000101110100000010100010010010010111100101000001000111000101011101001100001110000
runNumber 22
genCount 5477
elapsedTime 599.954
unaryHyperVol 107
binaryHyperVol 12.6957
additiveEps 0.913043
entropy 0.509891
archive 22
2
5 29  100 0000100100101011001001001100000011100011010010000110111101101010101011000001010100101011010100101100
3 34  100 1010100100101000001001001000100010100011010010000110111101101010101011000000000101100101011100111000
runNumber 23
genCount 5421
elapsedTime 600.014
unaryHyperVol 124
binaryHyperVol 13.65
additiveEps 0.85
entropy 0.5994
archive 23
3
7 28  100 0000100100100100011001001000000011110111010010011100111110101001001000001010010100100100111001101111
4 29  100 0010100100100101001001001000000011110111010000010110111110101001001000001010010100100100110100000011
3 31  100 0000100101100100011001001000000011110111010000010110111110101001001000001010010100100100110100000011
runNumber 24
genCount 5622
elapsedTime 599.923
unaryHyperVol 78
binaryHyperVol 15.9048
additiveEps 1
entropy 0
archive 24
1
3 32  100 0000100100100100011001001100001000001100100000000110111110101001001010100011110010100111001000001111
runNumber 25
genCount 5229
elapsedTime 599.971
unaryHyperVol 183
binaryHyperVol 14.8333
additiveEps 0.923077
entropy 0.509891
archive 25
2
15 23  100 0110100101010000011001000111010000111100110000000000011110101001000101100001010100101100111100101100
3 24  100 0110100101010000001001001000000000111110100000000010111010101001100101100001010100101000111100111100
runNumber 26
genCount 5210
elapsedTime 600.039
unaryHyperVol 106
binaryHyperVol 32.95
additiveEps 0.9
entropy 0.509891
archive 26
2
5 29  100 0010101101101011000000100101100101011111100010001010111100000001011011101000000111011101001000001101
4 31  100 0000101101101011000000100101100101011110000110001010111101000001011011101000000101101100011100001101
runNumber 27
genCount 5374
elapsedTime 599.932
unaryHyperVol 57
binaryHyperVol 14.16
additiveEps 0.88
entropy 0.599401
archive 27
3
6 33  100 0000000000100100010000101101100100110110100000001010101111101001010011011000011000011000011001010000
5 35  100 0000000000100100010000101101100100110110100000011010101111101001110011111001001000011000011001010000
3 36  100 0000000010100100010000100000100001110110100000001010101110101000001000011000100111101000000001000100
runNumber 28
genCount 5505
elapsedTime 599.906
unaryHyperVol 59
binaryHyperVol 33.8043
additiveEps 0.956522
entropy 0.509891
archive 28
2
5 33  100 0110000001101000010000001000000101111100101110101010000010010100101000100000001011101001110100001100
4 34  100 0010000001101000000000110000000101011111010000010110110100010100111001000100001000101010110001100000
runNumber 29
genCount 5406
elapsedTime 599.97
unaryHyperVol 181
binaryHyperVol 11.4353
additiveEps 0.8
entropy 0.472411
archive 29
4
8 23  100 0110100101010011101001010110100110110000010110011010110101001010001011000010011000101000110000101100
5 25  100 0110100101010011101001000011000010100001010110001010110111101011001011101010010000101011111100101100
4 26  100 0110100101010011101001010010100110110000010000011010000101101010001011000010011000101011110000101100
3 28  100 0110100101010011001001000010100010111001000110001010100111101011001011000010010000101011111110011100
