OptimalFront
unaryHyperVol 325
3
5 10  100 0011111100100101110000101110100111010100011010001010010001011010000101011010001101010111101000010000
4 12  100 0011001100100100010000101100000110100100011010001010010001011010000101010000011101100111000000011010
3 13  100 0000001100100100010000101100000110100100011010001010010001011010000101010000011101100111000000011010
-------------------------
runNumber 0
genCount 5294
elapsedTime 599.962
unaryHyperVol 96
binaryHyperVol 11.2514
additiveEps 0.8
entropy 0.529986
archive 0
4
10 30  100 0100000001010100000000101100000101010111011010000000101001111010101001101001000010100110100000101010
7 31  100 0100000001010100000000101100000100010111010010000001001001111010101001101001000010100101100000001010
4 32  100 0100000001010100000000101100000101010111011010000000001001111010101001101010100011101001100100001010
3 35  100 0100001101010100010000101100000000010110100000000010001110111010001010101010100000101011100101001001
runNumber 1
genCount 5363
elapsedTime 599.955
unaryHyperVol 110
binaryHyperVol 23.6528
additiveEps 0.791667
entropy 0.481574
archive 1
3
6 28  100 0111000100010101010000111000000010100110010110001110000011011110010101011010100011000011100011101010
5 32  100 0111000100010101010001111000000011100110010110011110010011001101000101010110100111000011100010101010
4 34  100 0110001001010101010000111000000010101010000110001000010011111101000101010110100100100011101011101000
runNumber 2
genCount 5428
elapsedTime 600.011
unaryHyperVol 140
binaryHyperVol 33.3438
additiveEps 1
entropy 0
archive 2
1
4 26  100 0000001110100100010000100100001010100110011110101010010111110000000101111110000101100111100100011010
runNumber 3
genCount 5314
elapsedTime 599.973
unaryHyperVol 108
binaryHyperVol 12.6591
additiveEps 0.909091
entropy 0.49717
archive 3
2
4 30  100 0100011101010101001001000100000010010101110010000000010001101100010101010000101101100101000000011010
3 32  100 0100110101010100001001000100000111010101110000011010010001110110110101010010101001101110000000011010
runNumber 4
genCount 5429
elapsedTime 600.009
unaryHyperVol 122
binaryHyperVol 9.75641
additiveEps 0.692308
entropy 0.449615
archive 4
3
6 28  100 0111011101010000101001000011101000100001011010001010010000011010110101010000010101001111000000101010
4 29  100 0111011101010000101001000011101000100001011010001010010000011010110101010000010101101111000000101010
3 36  100 0111010101010000111001000101100110100010011110100100010001011111101011010000011001100101000000101010
runNumber 5
genCount 5258
elapsedTime 599.956
unaryHyperVol 116
binaryHyperVol 11.0833
additiveEps 0.791667
entropy 0.49717
archive 5
2
4 29  100 0011000100100100010000010110101110100000010010010111110001011011001001010000010001101110000011111010
3 34  100 0000000100100100010000010000101110100000010110010101110001011001101000110000010001100110000001101000
runNumber 6
genCount 5201
elapsedTime 599.95
unaryHyperVol 86
binaryHyperVol 41.9524
additiveEps 0.904762
entropy 0.49717
archive 6
2
7 29  100 0100000001010101010000100100000100000110010000000001010000100000010101010001000100100111010100001010
6 31  100 0100000001010001010000101100000001100110000000000001010000100000000101010001000100100111010100001010
runNumber 7
genCount 5232
elapsedTime 599.978
unaryHyperVol 112
binaryHyperVol 21.2841
additiveEps 0.818182
entropy 0.481574
archive 7
3
7 28  100 0111111100010111010000010101101001010101010000001010010001011010011000101010101001100100000000111001
5 30  100 0111110001010111010000000110100101010101010000011110010101011001101011001010101101100100000000011001
4 32  100 0110000111010111000000010001101001010101000000001011010001011010101000011010101100100101000000011001
runNumber 8
genCount 5402
elapsedTime 599.986
unaryHyperVol 78
binaryHyperVol 32.3125
additiveEps 0.916667
entropy 0.49717
archive 8
2
5 32  100 0100110111010000001001000000000111100000011010101010101001111000010101101010101110101111100000011010
4 34  100 0100110101010000001001000000000101100000110010111010101001011010001000011010101110101111100000001001
runNumber 9
genCount 5315
elapsedTime 599.907
unaryHyperVol 160
binaryHyperVol 33.3214
additiveEps 1
entropy 0
archive 9
1
4 24  100 0000110000100100010000101100000110100100010001010011011100010000001000010100010001100111101000010000
runNumber 10
genCount 5465
elapsedTime 600.04
unaryHyperVol 88
binaryHyperVol 38.7424
additiveEps 0.909091
entropy 0.49717
archive 10
2
6 30  100 0111110001010111000001111000001110100111010110000101010000011010110101011010101101100000000001000000
5 32  100 0001110000010111000000111000000110100111010110000101000011010001110101011010101010100000000010111001
runNumber 11
genCount 5205
elapsedTime 599.89
unaryHyperVol 18
binaryHyperVol 17.5167
additiveEps 0.9
entropy 0.529986
archive 11
4
11 37  100 0100000101010111000001110000100110100000000110000001011001111100001010101010100100100100100111011010
7 38  100 0100000101010111000001010000100110100001000000000101000101011000011010000010101000100100100100011010
6 39  100 0100000101010011001001000011101110100001001110000001000001010100001010111010000001100100100111111010
4 40  100 0101000101010111001001010000100110100000000110000001000101111101001000000010100100101100100100011010
runNumber 12
genCount 5146
elapsedTime 599.977
unaryHyperVol 164
binaryHyperVol 24.4583
additiveEps 0.8125
entropy 0.49717
archive 12
2
6 23  100 0000110000000100010000101010100101010100011010000001010000010000001001010100000001100111101110011010
4 26  100 1000110001100100010000101010100101010101011010001001011000010000001001010100010001100111100110011010
runNumber 13
genCount 5381
elapsedTime 599.957
unaryHyperVol 96
binaryHyperVol 14.6818
additiveEps 0.818182
entropy 0.449615
archive 13
3
14 29  100 1111110000010001010000110101101010101100010000010101010001010110101000011100010001100111101011010000
5 30  100 1111110000010000010000110101100100100100010000010101010001011110001000110100010000100111100000010000
4 34  100 1111110000010001010000110101101000100100010000010001110000010110001000110100010000100110100010010000
runNumber 14
genCount 5332
elapsedTime 599.968
unaryHyperVol 71
binaryHyperVol 22.14
additiveEps 0.88
entropy 0.49717
archive 14
2
7 32  100 0100111101010100011001111000000100100101101010001101110101010100000101111010100010100111100011011010
4 35  100 0100110001010100011001011000001001100000101010010101011101011100010101011010100001100100000001011011
runNumber 15
genCount 5293
elapsedTime 600.092
unaryHyperVol 127
binaryHyperVol 31.425
additiveEps 0.85
entropy 0.49717
archive 15
2
5 27  100 0011001101101000010000011100001110100000011010000101010001010001000101000000010010100111000001001011
4 30  100 0010001100101000010000001100001110100000010010001000110110010001100101000000000010100011000001001010
runNumber 16
genCount 5371
elapsedTime 599.934
unaryHyperVol 166
binaryHyperVol 13.8797
additiveEps 0.684211
entropy 0.529986
archive 16
4
10 21  100 0011001100100101010000101100001010010100011010101010010001001101010101010110000000100011100100010000
8 23  100 0011001100100101000000101100000010010100011010111010011001000000010101010110000000100000100100010000
5 25  100 0011001100100100010000111100000010010111011010101010010001001101000101110110000010100000100100010000
4 29  100 0011000110100100010000101100101010100100011010101110101001000001111001010110000011100100100100010000
runNumber 17
genCount 5360
elapsedTime 599.9
unaryHyperVol 83
binaryHyperVol 17.1931
additiveEps 0.724138
entropy 0.447913
archive 17
4
8 29  100 0100000101010001010000101100000100000100111001000011010010111101110101001010100100100111000010011010
7 31  100 0100000101010101010000100100000100000000100101000010010110111101110101001010100000100111000010011010
6 34  100 0100000101010101010000101100000101011100110101010101011010111101110101001010100010100111000010011011
4 39  100 0100000101010000010000100100000001101101110010010001010010110100010101000110100100101111000010011010
runNumber 18
genCount 5288
elapsedTime 600.038
unaryHyperVol 77
binaryHyperVol 31.84
additiveEps 0.88
entropy 0.49717
archive 18
2
5 32  100 0011000111101001101001001100001011100100000000000010010100010001001010010000010000100110000000101011
4 35  100 1010000111101001101001001010101011101100100000000010010100010001001010010000000000100111000010101000
runNumber 19
genCount 5281
elapsedTime 599.99
unaryHyperVol 120
binaryHyperVol 13.2
additiveEps 0.95
entropy 0.49717
archive 19
2
4 29  100 0100001101010101010000101100000000101101011010000010011001100101001001011010101111101001101010001010
3 30  100 0100001001010100010000101100000011101001011010000010010000010001001001011010101111101001101010001010
runNumber 20
genCount 5341
elapsedTime 599.942
unaryHyperVol 114
binaryHyperVol 25.0635
additiveEps 0.857143
entropy 0.49717
archive 20
2
6 28  100 1101001101101000010000100100000110101100011110101101010000010110111001010000001111001111000000001011
4 31  100 1101001100101000010000000100000100010110011010101101010000010110111000110000001111001101000011011001
runNumber 21
genCount 5413
elapsedTime 600.022
unaryHyperVol 101
binaryHyperVol 10.3132
additiveEps 0.730769
entropy 0.447913
archive 21
4
10 29  100 0011001100010101000000010101101010010100000000000001011010011110111001010000010011100111000000111011
5 31  100 0011000100010001010000110101101010010100000000010000110101011010111001010000000001100000000010111010
4 32  100 1000001100010100010000110101101010010101101010000010111000011010111001010000010011101111000000111011
3 36  100 0000001101100100010000110101101010010101000000000011101110010010111001110000010011101011000010111000
runNumber 22
genCount 5226
elapsedTime 599.925
unaryHyperVol 94
binaryHyperVol 21.4688
additiveEps 0.833333
entropy 0.449615
archive 22
3
7 30  100 0011110011101011010000001000000100100111010110101010000101010010101010010000010001100000000001011010
5 31  100 0010110010101000000000100100001100100110010000010000010001010001101000010000010001100100000000111010
4 34  100 0000110011101001110000100000000100100110010000100010000100010001101010000000000000100101000001000000
runNumber 23
genCount 5267
elapsedTime 599.911
unaryHyperVol 146
binaryHyperVol 30.6316
additiveEps 0.842105
entropy 0.49717
archive 23
2
5 25  100 1111000000100101000000101000000010100111111110000101010001011001010101011100011101100100100111011001
4 29  100 1111000000100101010000111000000000101011100110010101010001011001010101011100011101100100100111011001
runNumber 24
genCount 5407
elapsedTime 600.049
unaryHyperVol 81
binaryHyperVol 9.7931
additiveEps 0.724138
entropy 0.472736
archive 24
5
9 30  100 0011000100010101010000000000000111010100011010010100110101110111001001110010100111100111100100101010
7 33  100 0100000101010100110000100000000101010100011010010101110101111000101001110010101111100111100100111001
6 34  100 0100000101010001010000100000000111010101011010110000110000001010101001011010100011100011100111101011
4 35  100 0100001101010101010000000100000001010100011110110000110101110101001011011010100000100111100111111000
3 39  100 0100000101010100111001000000000111010100011110110100110101010010101001001110101111101010100111101011
runNumber 25
genCount 5326
elapsedTime 599.944
unaryHyperVol 99
binaryHyperVol 32.7619
additiveEps 0.952381
entropy 0.49717
archive 25
2
5 30  100 0000011111100100101001001100100110100101110110100110000000110100000101000100011010100111101000001010
4 31  100 0000011111100100101001001100101010101101010110110101100000011111000101010100011010100111101001001010
runNumber 26
genCount 5320
elapsedTime 600.044
unaryHyperVol 130
binaryHyperVol 10.3545
additiveEps 0.8
entropy 0.481574
archive 26
3
8 26  100 0111000100010010111001111000000110100000010110001010000001010010000101010100011101100101000000011011
5 30  100 0100000100010010111001111000000110100000010110000010010001010111100101010000011101100101000001001010
3 32  100 0111000101010011111001001000100010101000010110000010110001010111100101010000011101100101000011011010
runNumber 27
genCount 5254
elapsedTime 599.96
unaryHyperVol 75
binaryHyperVol 12.349
additiveEps 0.875
entropy 0.49717
archive 27
2
11 31  100 0100001101010100010000111000000110100111100000100110011001010110011001010000011110100101000000110011
3 34  100 0100001101010100010000110000000110100100100000100110011000010110010101000010101010100100000001001001
runNumber 28
genCount 5450
elapsedTime 599.898
unaryHyperVol 0
binaryHyperVol 333
additiveEps 333
entropy 333
archive 28
0
runNumber 29
genCount 6364
elapsedTime 599.988
unaryHyperVol 45
binaryHyperVol 19.1067
additiveEps 0.8
entropy 0.481574
archive 29
3
8 34  100 0010010111010011011001010000100110100110100010001010111011110110001010011010000101100011100100011000
5 37  100 0010010111010010111001010100001110100000011110010110111001010111111001110010000101100111100101110000
4 40  100 0010010111010011111001010100101110100000010010011100111011111101101010010010000101100011100100010000
