OptimalFront
unaryHyperVol 390
2
4 15  100 0100000001010101110001011110000011000000101000011110110001001011001101000110101011001000101001001010
3 17  100 0100000001010100010000011110110011000011101000011110110001001011001101000110101011010100101001001010
-------------------------
runNumber 0
genCount 5280
elapsedTime 599.886
unaryHyperVol 166
binaryHyperVol 15.1111
additiveEps 0.888889
entropy 0.509891
archive 0
2
4 31  100 0101000001010101010000110011000000000010011101010010110001001001000110000110101101010100101001111010
3 33  100 0100000001010100010000111011000011000010110100100110110001001001000100000110101000010111101011101010
runNumber 1
genCount 5149
elapsedTime 599.836
unaryHyperVol 137
binaryHyperVol 27.2727
additiveEps 0.772727
entropy 0.599401
archive 1
3
6 32  100 1000100100100101110000000001000001000011001101010001111110100001011101000100010100011000101001001010
5 33  100 1000100101100101110000001101000001000001000101000010001110101001011101000100010100001000101001001010
4 37  100 0000100100100101110000001101000001010001000111000010011100011001111101110100010100011000101001101010
runNumber 2
genCount 5265
elapsedTime 600.029
unaryHyperVol 116
binaryHyperVol 15.6615
additiveEps 0.782609
entropy 0.417715
archive 2
5
17 32  100 0101100101010000111001010110110011000000011101011110010101111101001101010010000101010100101001001010
12 33  100 0100100001010010111001011101110111000000000100010110010101111101101101010110000101010100101001001010
7 34  100 0100100101010000111001010010011010000001110000001110110001001101000101010110000001010101101001001010
5 35  100 0100100001010000111001011101111111100000011101010110010001001101000101010010000001110100101001011010
4 38  100 0110100101010000101001011101110111000000010000011010010111110001001011110110000001010110101001001010
runNumber 3
genCount 5235
elapsedTime 599.752
unaryHyperVol 108
binaryHyperVol 14.113
additiveEps 0.869565
entropy 0.472411
archive 3
4
13 34  100 0100100101010000110000011100110001001000101010010100110100101010011111001110101010010101101001111010
6 35  100 0100100101010000110000011100110001001000101010010110110100101010011111001110100011010110101010111010
5 37  100 0100100101010000110000011111000000100001111010000110110110100010011101000110100011010110101011111010
3 38  100 0100100101010100101001000000110101001011101010011010111010010011000101011110101000010101101011111010
runNumber 4
genCount 5091
elapsedTime 599.716
unaryHyperVol 59
binaryHyperVol 17.0821
additiveEps 0.821429
entropy 0.54796
archive 4
4
13 36  100 0101100101011001111001010111110111001101010111010110000010000000000100000100000010010101101000101010
8 38  100 0110100101010001111001000111110011001101011111110110010110001100000101010100010011010101101000001010
6 40  100 0110100101010010111001000101110110001100001101010110010110000010000101000100010110010101101000001010
4 43  100 0101100101010011111001000000110110001100011111010110000110100001010111100110000010010101101000001010
runNumber 5
genCount 5182
elapsedTime 600.013
unaryHyperVol 130
binaryHyperVol 14.6667
additiveEps 0.857143
entropy 0.468496
archive 5
3
7 33  100 0101000000010101111001110011001001001111000111010110100000010111010100110110101001010100101001001010
6 34  100 0101000000010001010000100000110001001111000111010110001100011111011111111010100001010100101001001010
3 36  100 0100000001010100010000100000000001101111000100010110100000001001011111111110101101010100101001001010
runNumber 6
genCount 5162
elapsedTime 599.879
unaryHyperVol 80
binaryHyperVol 21.6923
additiveEps 0.923077
entropy 0.509891
archive 6
2
8 35  100 0111100101010000001001010001010011001100001101000110000001001010001101010100011010010110101001001010
4 41  100 0110100101010000001001000101011011010000001101010110000100011000011100010100011000010110101001001000
runNumber 7
genCount 5324
elapsedTime 599.943
unaryHyperVol 0
binaryHyperVol 333
additiveEps 333
entropy 333
archive 7
0
runNumber 8
genCount 5120
elapsedTime 599.768
unaryHyperVol 164
binaryHyperVol 14.3684
additiveEps 0.842105
entropy 0.599401
archive 8
3
5 31  100 0100000000010000010000000111010001011100101011001010010001001000011101000110101011010100101011001010
4 32  100 0100000000010100010000000101000001111000100100001110110101001011010001010010101111010100101001001010
3 34  100 0100000001010100010000000101111001011101011101011110110100001000011101000110101011010101101011001010
runNumber 9
genCount 5177
elapsedTime 599.965
unaryHyperVol 128
binaryHyperVol 23.2717
additiveEps 0.826087
entropy 0.472411
archive 9
4
7 32  100 1001000000010001111010010101010011110010000100000001110100110001000100000010000001010100101001001010
6 36  100 0001000000010001111010000101010011110000000100000001110100110001010100000010000000010000101010001010
5 37  100 0001000000010001111010000101000001110010000101000110010000110000000000010010100000010000101010001010
4 38  100 0001000000010001111010000101000001110000110011010110011100100001100000010110000000010000101010001010
runNumber 10
genCount 5651
elapsedTime 599.953
unaryHyperVol 0
binaryHyperVol 333
additiveEps 333
entropy 333
archive 10
0
runNumber 11
genCount 7652
elapsedTime 873.76
unaryHyperVol 113
binaryHyperVol 16.9708
additiveEps 0.863636
entropy 0.472411
archive 11
4
17 33  100 0101000000010111000000000101110000111101001010010010110101000001101101101110100011010100101011001010
6 34  100 0101000001010011010000011001010101011101001011010010110101000011011101110110101010010100101010011010
5 35  100 0101000001010011000000010001010001011101000001010010110101000011011101110110101010010101101010011010
4 37  100 1101000001010111000000010001010001011100000111010010110101100000111101101110100011010100101010111010
runNumber 12
genCount 5219
elapsedTime 624.8
unaryHyperVol 73
binaryHyperVol 25.52
additiveEps 0.88
entropy 0.5994
archive 12
3
7 37  100 1000011111010010010101011001000001010000001000010010100101000001011100010110000001110100101001111010
5 38  100 1000011111010001010101011001000001010000001000000010100101010001011100010110000001010000101001111010
4 40  100 0000010111010010010101011001001100010000101000000110100001010001010100010110000001010000101001111010
runNumber 13
genCount 5267
elapsedTime 599.886
unaryHyperVol 104
binaryHyperVol 20.0333
additiveEps 0.8
entropy 0.472411
archive 13
4
9 34  100 0100100100010100011001000111110100000111011000011101111101011100011111000110100111010100101011111010
6 35  100 0100100100010100011001000111010100000111011000011101111101011100011111000010100111010100101001111010
5 38  100 0000100100010000001001000101000100010011000100011100111111010100011101101010101001010111101001101010
4 40  100 0000100100010100011001000101100110010011010110001110011001111100110101100010101111010100101001111010
runNumber 14
genCount 5280
elapsedTime 599.998
unaryHyperVol 140
binaryHyperVol 19.8765
additiveEps 0.888889
entropy 0.509891
archive 14
2
12 31  100 1000000001100100110000011000110101110011100100101010100001110001001100010110000011010100101001001010
4 33  100 1000000011100100010000101000111000110011100100101010100001110001001100010110000011010100101001001010
runNumber 15
genCount 5184
elapsedTime 599.958
unaryHyperVol 123
binaryHyperVol 21.3947
additiveEps 0.947368
entropy 0.509891
archive 15
2
11 33  100 1000100101100100110000000011110011110001001001111110110101000001111101000110000010010100101000001010
4 34  100 0000100101100100011001010011110010100000001001011110110101000001111101000110000010010100101000001010
runNumber 16
genCount 5309
elapsedTime 599.988
unaryHyperVol 84
binaryHyperVol 16.9091
additiveEps 1
entropy 0
archive 16
1
3 37  100 0100000001010100010000010101010110010001101010010010011101011001100111100110101000010101101001011010
runNumber 17
genCount 5191
elapsedTime 599.877
unaryHyperVol 100
binaryHyperVol 17.9755
additiveEps 0.909091
entropy 0.472411
archive 17
4
16 34  100 1000100101100100111010011111010011111111001111001110110100000001000000001110000011010000101001001010
8 35  100 0000101000100100111010011010000011111111001101101010100000000001000001001110000011010100101000001010
5 36  100 1000100100100100111010011111110011111110001111001010110000000001000000011110000001010100101000001010
4 37  100 1000100100100100111010011111001011111111001101101010100000000001000000011110000011010000101000001010
runNumber 18
genCount 5316
elapsedTime 599.987
unaryHyperVol 168
binaryHyperVol 58.9286
additiveEps 1
entropy 0
archive 18
1
5 29  100 0100000000100101110001011110000011000000010100101110100100011100000101110000010011001000000000011010
runNumber 19
genCount 5324
elapsedTime 599.957
unaryHyperVol 113
binaryHyperVol 22.1909
additiveEps 0.909091
entropy 0.468496
archive 19
3
14 32  100 0011000000100101010000100011110100100011101000001100010001111100110101000110000010010100101001011010
6 34  100 0011000000100100010000010011110000110111101100001110110101011100111101000010000001010110101001111010
5 35  100 0011000000100100010000011011110011110000010100001110110001011100110101010010000000010110101001011010
runNumber 20
genCount 5122
elapsedTime 599.952
unaryHyperVol 172
binaryHyperVol 26.7544
additiveEps 0.894737
entropy 0.509891
archive 20
2
6 29  100 0100000001010100010000101110110010111011000000011010010001000001011101000101000000000000011001010101
4 34  100 0100000001010100010000111010110011000000000101111110010000000001000000010001000000000000011000010101
runNumber 21
genCount 5335
elapsedTime 599.944
unaryHyperVol 77
binaryHyperVol 22.2615
additiveEps 0.846154
entropy 0.599401
archive 21
3
8 36  100 0001100001100101000000110111000001010101100100010100110000010011010100010100011110010100101001001010
5 39  100 0100000010101011010000100000001111010000000101101110110000010101000110010100001100010101101010001010
4 41  100 1010100100100101000000110111000001010101010111110110000000011010101111010100010100010101101000001010
runNumber 22
genCount 5340
elapsedTime 599.828
unaryHyperVol 107
binaryHyperVol 16.9365
additiveEps 0.777778
entropy 0.380988
archive 22
5
10 32  100 0111011101010001010101010010000000000001011100010010110100010111111001000100011011010100101001001010
7 36  100 0100011101010001010101000111011001000001011000110110011001000111011100010100010011010000101001001010
6 37  100 0110011101010001010101010010000001001100010100010110110100010111010100010100010010010100101001001010
5 41  100 0111010101010000010101010010011001001100010100110010110100010111011100010100010010010000101000111010
4 42  100 0111010101010011010101000010011001001100010100110010110100010111011100010100010010010000101000111010
runNumber 23
genCount 5135
elapsedTime 599.986
unaryHyperVol 144
binaryHyperVol 58.9375
additiveEps 1
entropy 0
archive 23
1
5 31  100 1000000000100101010000011101000001010010101000010010110010110010000101000010001100010101101000001010
runNumber 24
genCount 5216
elapsedTime 600.026
unaryHyperVol 152
binaryHyperVol 11.2899
additiveEps 0.826087
entropy 0.472411
archive 24
4
9 30  100 0100000001010001010000000011000011110000101110010101110001000001001111000110100011010100101001011010
5 34  100 0100000001010001010000000011000001110001101110010001110001011011011101011110100110010110101001011010
4 36  100 0100000001010101110000000011000001010000110111000010110000100001000011000001000010010100101001001010
3 38  100 0100000001010100010000000001100100110000101000010110100100100011011001001110100001010100101000101010
runNumber 25
genCount 5179
elapsedTime 599.658
unaryHyperVol 144
binaryHyperVol 58.9375
additiveEps 1
entropy 0
archive 25
1
5 31  100 1000000001100100010001011101110100010001000100001110110000010000000101010100010100001000101001001010
runNumber 26
genCount 5321
elapsedTime 599.862
unaryHyperVol 169
binaryHyperVol 58.8667
additiveEps 1
entropy 0
archive 26
1
4 30  100 1001000000101001111010101000110000100110000100010110110000010001001100010100000000010000101001001010
runNumber 27
genCount 5218
elapsedTime 600
unaryHyperVol 157
binaryHyperVol 10.4074
additiveEps 0.925926
entropy 0.509891
archive 27
2
4 31  100 0100000000010000010001110101110000000001110000010110010000111001001111100110101011010101101001001010
3 42  100 0100000001010100010000110111110100100000100011000110011110010101010100011110101101010101101001001010
runNumber 28
genCount 5095
elapsedTime 599.328
unaryHyperVol 128
binaryHyperVol 32.6458
additiveEps 0.916667
entropy 0.509891
archive 28
2
7 31  100 1011000000100101001001011101000000010000111000010100010101000001011101100110001100010101101001001010
5 39  100 1100101010100101101001011110000000010000110000010100010110010001000101110010001100010101101010001010
runNumber 29
genCount 5434
elapsedTime 599.976
unaryHyperVol 113
binaryHyperVol 31.4762
additiveEps 0.857143
entropy 0.5994
archive 29
3
8 33  100 0000000000100100010000010011011000000011010000010110100001011011010001010100010010010101101001001010
6 35  100 0000000000101001010000010011100101000111011000010010100000110110000111010100010010010101101000001010
5 36  100 0100000000100100010000010011010000011011010000010110110000110110011100010100000010010100101000001010
