OptimalFront
unaryHyperVol 361
2
4 7  100 1000000111010001110000011100101001101110110110000010110111010001101000011110000011101000101101111000
3 9  100 0100000101010100010000111100101001101110110110000010110111010001101000011110100011101000101101111000
-------------------------
runNumber 0
genCount 5522
elapsedTime 599.725
unaryHyperVol 154
binaryHyperVol 12.1071
additiveEps 0.857143
entropy 0.5994
archive 0
3
7 25  100 0100000101010001010000110000100101001010000000000101111101010000010101101110101011101000101101100000
6 27  100 0100000101010001010000010000101000100010010000000111111110110101010101101110101011101000101101100000
3 28  100 0100000101010100010000001010100101101010000000001010111110110101010101101110101011101000101101100000
runNumber 1
genCount 5350
elapsedTime 600.003
unaryHyperVol 176
binaryHyperVol 13.8824
additiveEps 1
entropy 0
archive 1
1
3 24  100 0100000101010000010000011100100100010101000110000010110010110001100101010000010011101000000011111000
runNumber 2
genCount 5575
elapsedTime 599.834
unaryHyperVol 148
binaryHyperVol 26.2807
additiveEps 0.947368
entropy 0.509891
archive 2
2
6 25  100 1101001101010111010000111100001100101110111010000011111100010101001011011110100011100100101100101001
4 26  100 0110000001010111000000110000100001010110011110110010111100010111101011010110100011101010101100001000
runNumber 3
genCount 5255
elapsedTime 599.666
unaryHyperVol 171
binaryHyperVol 11.4048
additiveEps 0.809524
entropy 0.5994
archive 3
3
5 24  100 0100000101010001010000111100000001001101110000000010110000011101001011010110101000100101100001110000
4 25  100 0100000101010101010000111100000001101100110000110001100100011101011000110100011011100100100101111010
3 28  100 0100001101010100010000011100001000100101000000010001110100111101011000010010101001101100101101111010
runNumber 4
genCount 5666
elapsedTime 599.94
unaryHyperVol 220
binaryHyperVol 13.8462
additiveEps 1
entropy 0
archive 4
1
3 20  100 0100000101010100010000001100000001100010110010001010110111010001001011010110100011101100101101101000
runNumber 5
genCount 5175
elapsedTime 599.678
unaryHyperVol 161
binaryHyperVol 13.2895
additiveEps 0.947368
entropy 0.509891
archive 5
2
7 25  100 0100000111100100010000111101101001010110110101000111100111000001000101010000000001011110000001001000
3 26  100 1100000111100100010000111100101001010110100110010100110111010011000101010000010101101111000001011000
runNumber 6
genCount 5488
elapsedTime 600.045
unaryHyperVol 136
binaryHyperVol 17.0507
additiveEps 0.833333
entropy 0.599401
archive 6
3
9 24  100 0000000111100111000000111111101010101101000110000001110110000001001000011010000000100111101100111010
7 27  100 0100000111100111010000111110100000101100000000000001110110000001011000001110000000101111100100111010
4 30  100 1000000111100100010000011110100000100010000000010001101110110001001000111110000100100010100100111000
runNumber 7
genCount 5413
elapsedTime 599.907
unaryHyperVol 200
binaryHyperVol 11.0185
additiveEps 0.777778
entropy 0.468496
archive 7
3
6 21  100 0100110111010101111001001101101011100101000000000010110011110001101000110110100011100100101101111000
5 22  100 0100110111010101111001011101101011100101000000000010110001110001101000110110100011100100101101111000
3 25  100 0100100101010100111001001101101011100100000000000010110011110001101000110110100111100100101101110000
runNumber 8
genCount 5309
elapsedTime 599.673
unaryHyperVol 196
binaryHyperVol 10.9762
additiveEps 0.833333
entropy 0.5994
archive 8
3
10 21  100 0000010100010101111001001001101011101110010110011111110100010001101000001110100011101000101100111000
5 22  100 0100011101010001111001001100000000101110010110110010110100010001101010001110100011101000101100111001
3 25  100 0100010101010100111001001100000001101110000110011111110100000000111000010010100011101000101010111000
runNumber 9
genCount 5527
elapsedTime 600.02
unaryHyperVol 149
binaryHyperVol 11.6136
additiveEps 0.909091
entropy 0.509891
archive 9
2
7 25  100 1000000111000100110000110010101000101110110000000110110011111101110101010000010100100100000001110000
3 29  100 1100000110100100010000111110101000101110010000000110110011111101010101010000010110101101000001110000
runNumber 10
genCount 5691
elapsedTime 599.867
unaryHyperVol 122
binaryHyperVol 17.8296
additiveEps 0.777778
entropy 0.472411
archive 10
4
8 26  100 0100000100010101101001000010100100011100100000000011111011010011101010011110101111101000101011001000
7 28  100 0100000101010111001001001011100100011101010010001111111011010011101010011110101111101000101011001000
5 30  100 0100000101010011001001000010100100100000110010001111110011010011011000010110101111101001101001011010
4 34  100 0110000101010111001001000011100100100000110000001111111011010011110010010110101101101001101011001000
runNumber 11
genCount 6990
elapsedTime 783.193
unaryHyperVol 132
binaryHyperVol 11.2222
additiveEps 0.833333
entropy 0.54796
archive 11
4
9 26  100 0011000011010001010000111100001101100110000110010011111100010110101010010000010011100111000001101000
7 28  100 0011000111100100011010111100001101100010000110000010000110110101011010010000010011100111000001011000
6 29  100 0011000111100100011010111100001101100010000110000010001100010110001010010000010011100111000001011000
3 31  100 0000000110100100010000111000101101101000110110001101000100111100101011010000010010100111000011001010
runNumber 12
genCount 5648
elapsedTime 641.245
unaryHyperVol 193
binaryHyperVol 12.4118
additiveEps 0.882353
entropy 0.599401
archive 12
3
6 22  100 0100000101010100010000110100000001001110111110101010111111001100011001011110100011101000101111111000
5 23  100 0100000101010001010000110100000000101101110110101010111011000001011010011110101100100100101111111000
3 24  100 0100000101010100010000110100000000101100111110101010111111001100011001011110100011101000101111111000
runNumber 13
genCount 5398
elapsedTime 599.942
unaryHyperVol 176
binaryHyperVol 18.1765
additiveEps 0.833333
entropy 0.5994
archive 13
3
9 21  100 1000000111101001110000110000000011101101000110000010110001111101101000010000010011100000000001001000
8 23  100 1000000111100100110000110000000010101101000110000010110001111101001000010000000011100000000001001000
4 24  100 1000000111100101110000010100000011101101000110010010111001111101101000010000010011100010000001001000
runNumber 14
genCount 5703
elapsedTime 599.911
unaryHyperVol 176
binaryHyperVol 8.62963
additiveEps 0.925926
entropy 0.509891
archive 14
2
4 23  100 0111010101011001111001001101101001010110110110000001010110110001101000010000000011101000000011011000
3 34  100 0110010101010001101001001101100001010101111110000100100110100000011011110000011101100000000011111000
runNumber 15
genCount 5567
elapsedTime 599.998
unaryHyperVol 157
binaryHyperVol 17.4097
additiveEps 0.888889
entropy 0.5994
archive 15
3
11 23  100 0100001001010111010000111011100000101100010000010110111111010001001000011110100010101100101101111000
10 24  100 0100001001010111000000011100100000100100010000010110111111010001001000011110100010101100101101110000
4 25  100 0100000101010000010000001100100000101110010000011111100111110001001000001110100010100111101101110000
runNumber 16
genCount 5690
elapsedTime 599.975
unaryHyperVol 182
binaryHyperVol 11.2368
additiveEps 0.894737
entropy 0.509891
archive 16
2
7 22  100 1000000111100111010000111110100000001100110000000011110101010000101000010000010011101010000011111001
3 26  100 1000001111100100010000111100100000010110100000011101000100010011001000010000010011101010000011111000
runNumber 17
genCount 5528
elapsedTime 599.919
unaryHyperVol 125
binaryHyperVol 11.75
additiveEps 0.875
entropy 0.472411
archive 17
4
11 27  100 1000010111101001011001001101101010010110010000000001110100010001010101010000001100101001000001111000
9 28  100 1000100111100101011001001100101000010101110000000001100100011001010101010000001100101001000001111000
5 29  100 1000100111100101011001001100101000010101110000000001100100011001010101010000011100100010000001111000
3 31  100 1000110111100100011001001100101000010101110000000001100100011001010101010000011100101010000001101001
runNumber 18
genCount 5418
elapsedTime 600.075
unaryHyperVol 226
binaryHyperVol 9.19608
additiveEps 0.764706
entropy 0.5994
archive 18
3
9 18  100 0100000111010001110000011100101000101010111010100001111111010001001000011110101011101100101110111011
4 20  100 0100000111010101010000010100000000100110110010000011110111010101001010011110101111101000101110111000
3 24  100 0100000101010100010000001000000000101010111010100001111111010001001000011110101011101100101110111011
runNumber 19
genCount 5500
elapsedTime 599.918
unaryHyperVol 146
binaryHyperVol 13.3375
additiveEps 0.95
entropy 0.509891
archive 19
2
11 26  100 1100100111010000011001001001101000100010010010100000110100100001001000011110100011101000100101001010
3 27  100 0100110101010100111001001001101000100010010010100000110100100001001000011110100001101011101110011000
runNumber 20
genCount 5339
elapsedTime 599.969
unaryHyperVol 208
binaryHyperVol 22.3725
additiveEps 0.882353
entropy 0.509891
archive 20
2
6 18  100 0100000101010001010000001100000011011101110101000110110100011101101000011100010000101000101101111001
4 24  100 0110001101010101010000000100000011010101110000001110110100011101101000011100010000101000101101111001
runNumber 21
genCount 5383
elapsedTime 599.803
unaryHyperVol 173
binaryHyperVol 13.2407
additiveEps 0.944444
entropy 0.509891
archive 21
2
6 24  100 1000000111100101110000010011101001100010110000000011111100011100101011010000011111101000000010110011
3 25  100 0000000111100100010000110001101001101011110000000010110111010110111000000000011101101000000010111001
runNumber 22
genCount 5462
elapsedTime 599.866
unaryHyperVol 130
binaryHyperVol 9.44444
additiveEps 0.727273
entropy 0.290265
archive 22
6
14 25  100 1100000111100100010001000000000101001100111001000001001111010001011000010000010100101000000011111000
12 26  100 1100000111100101010000101000000001010100111001000001101011000001011000010000010100100000000011111000
8 27  100 1100000101100101011001000000000101000110111001010000010111100001011000010000010100101000000011111000
6 28  100 1000000111100100010000000000000001000100000000000001110111101101011010010000010100100000000001001000
4 30  100 1100000111100100010001000000000100001101110000110101010111100010111000010000010100101000000011111000
3 34  100 0000010110100100011001001000001001101110010000000001001111100011011010110000010100100000000001101010
runNumber 23
genCount 5484
elapsedTime 600.023
unaryHyperVol 87
binaryHyperVol 29.0417
additiveEps 0.958333
entropy 0.509891
archive 23
2
8 30  100 0100001011100100011010111100000100101110100000000001111110000001101000101100000101010000100001001001
5 31  100 1000110111100101011010000000001000101110100000000001111110000001101010100010000001010000101011001011
runNumber 24
genCount 5433
elapsedTime 599.871
unaryHyperVol 145
binaryHyperVol 9.75
additiveEps 0.928571
entropy 0.509891
archive 24
2
4 26  100 0101000101010010111001001001100101101110010110000010110000010010001001010100011011100000101101111001
3 35  100 0100010101010011111001000001100010101010101110000101011010011010101000100000011001101010000010111001
runNumber 25
genCount 5451
elapsedTime 600.036
unaryHyperVol 136
binaryHyperVol 20.4375
additiveEps 0.75
entropy 0.599401
archive 25
3
7 25  100 1000000111010000001001001111101010100110110110110010000101000001000101100110100001101000010001001001
6 27  100 1000000111010100101001011111100010100110110110110010000101000000000101100110100001101000010001001001
4 31  100 1000000111010000001001011101101000100000000110010011110101100001000101000110100001001101100001001001
runNumber 26
genCount 5571
elapsedTime 599.913
unaryHyperVol 181
binaryHyperVol 22.1364
additiveEps 0.666667
entropy 0.468496
archive 26
3
6 21  100 1000000111101010010000111100001001010100010110001101110111011010101000011100000010101100000001111001
5 22  100 1100000011000100000000111100101001010100110000011110110111011010101000011100000010101100000001111001
4 29  100 1000111011100100000000010001100101010100110000001111111111011110001000011100011000101100000001111001
runNumber 27
genCount 5447
elapsedTime 599.909
unaryHyperVol 78
binaryHyperVol 32.5
additiveEps 0.925926
entropy 0.509891
archive 27
2
5 32  100 0000000111100100011001001100001000010110100110100001111000110100100101010100011011100000101001001010
4 34  100 0100000110100100011001001000100001010101010000000001010100011100110101010100010100100100101111111010
runNumber 28
genCount 5649
elapsedTime 599.992
unaryHyperVol 8
binaryHyperVol 24.3463
additiveEps 0.939394
entropy 0.509891
archive 28
2
10 38  100 0110010100101010111001000001100111101011100110100011010001111101000101111100010001100100100011111001
5 40  100 1110110100101010011001000001100111101011101010101001100001110001111011001100010001100000100011011001
runNumber 29
genCount 5883
elapsedTime 600.006
unaryHyperVol 142
binaryHyperVol 10.4231
additiveEps 0.846154
entropy 0.5994
archive 29
3
5 26  100 0100110100010001110001110011101001100011100110110010000100011001011000010000011100101000000010111001
4 31  100 1010010111010001111001010101100111100000101110010010000110010111101000010000011110101010000011011000
3 33  100 0101010101010000111001000000100101100000010110010010101101011101011000010000010100100110000011101000
