OptimalFront
unaryHyperVol 335
3
6 9  100 0000011001000100100011111110000000100100100000000101101010001001001010110110111010100101101011001110
3 10  100 0000101001000100100011111110000000100100100000000101101010001001001010110110111010100101101011001110
2 12  100 0000101001010000100011111110000000100100100000000101101010001001001010110110111010100101101011001110
-------------------------
runNumber 0
genCount 5355
elapsedTime 599.916
unaryHyperVol 122
binaryHyperVol 9.53846
additiveEps 0.730769
entropy 0.449615
archive 0
3
6 28  100 0000101001110100010011000100110000100000010110000111000101011011001010111010111010100101001010000101
3 29  100 0000101001110100100011101110010101001000010110000111000100001010101010111010111010100111101011000101
2 35  100 0010101001010000000010101110010011001000000010110011010100001011001010111010110110100111001010000101
runNumber 1
genCount 5173
elapsedTime 599.985
unaryHyperVol 154
binaryHyperVol 8.37
additiveEps 0.64
entropy 0.449615
archive 1
3
5 25  100 0000101000000100010011111110000101011101010000010101101000001001110010001010111010100001101011011110
3 26  100 0000101011100100110111101010000000110101100000000101111110011010001010100110101010101101101001001110
2 34  100 0000101011010011110010111010000111011101010000001001101000111011111010001010111010100001001001001010
runNumber 2
genCount 5201
elapsedTime 600.012
unaryHyperVol 132
binaryHyperVol 9.78472
additiveEps 0.75
entropy 0.449615
archive 2
3
8 27  100 0000101001000100100011000010000000011000010000000001110011001000000010110110100100100100001001000101
3 28  100 0000101001000100100011000110000000100000010000000001110001001000001010000110100111100001011001010101
2 33  100 0000101001010000100011001110010001000100000000000000010011111011111010000110001100101010101000011110
runNumber 3
genCount 5321
elapsedTime 599.918
unaryHyperVol 200
binaryHyperVol 7.46429
additiveEps 0.571429
entropy 0.49717
archive 3
2
3 21  100 0000101010000100111111011110000000000100010000110001011010000001001010110110110010100101101011001110
2 30  100 1110101010010000111111011010000101110101110000110101011001001011101010110110111110100101011011001110
runNumber 4
genCount 5153
elapsedTime 600.019
unaryHyperVol 109
binaryHyperVol 19.74
additiveEps 0.76
entropy 0.481574
archive 4
3
5 28  100 0000011000010100000111110110000000100100010110010101101111111000111010110110000010100111001000001110
4 33  100 0000011001010001000100101110000000100100010110110101001111111000111010110110000110100111001000110101
3 34  100 0000011010010001010110101110000000100100010110100101001111111000111010110110000110100111001000010101
runNumber 5
genCount 5218
elapsedTime 599.977
unaryHyperVol 153
binaryHyperVol 9.49351
additiveEps 0.727273
entropy 0.449615
archive 5
3
9 25  100 1010011001010000010101111001110000100100010000000010101000001000101010100110110110100101101010001110
3 26  100 1110011001010000010101111101010000010110000110000110101000001000001010110110111110100101101011000010
2 31  100 0110101010010000010100110101010000010110001110111111011010001000001010110110111010100101101011010101
runNumber 6
genCount 5337
elapsedTime 599.948
unaryHyperVol 64
binaryHyperVol 12
additiveEps 0.925926
entropy 0.49717
archive 6
2
3 34  100 0000101001010100010000100010001101111111010110100101100000001000001010010010110101100101010110001010
2 36  100 0000101011010010010100010010000001101100110010100011011011000000101010001110111010100001011001001110
runNumber 7
genCount 5337
elapsedTime 599.988
unaryHyperVol 114
binaryHyperVol 11.3152
additiveEps 0.869565
entropy 0.481574
archive 7
3
5 29  100 0000101011010100111111011110010011010100100001000111111101111001001010010110110010100110101011101010
3 31  100 0000101011010100110111011110110011010000110110010100101001011001001010010110111000101110101011000010
2 32  100 0000101001010010111000111110010000010011110010001100101000111000001010001010111010101110101011000110
runNumber 8
genCount 5284
elapsedTime 599.928
unaryHyperVol 134
binaryHyperVol 11.7053
additiveEps 0.9
entropy 0.49717
archive 8
2
12 26  100 0000101000001001010010100110000000110100100010100001101010001001010000110000001010100111000011001010
2 28  100 0000101000010011010110001110000000110101100010001001101010001001111010110010001010100110001011000110
runNumber 9
genCount 5411
elapsedTime 600.02
unaryHyperVol 143
binaryHyperVol 7.47222
additiveEps 0.75
entropy 0.449615
archive 9
3
5 24  100 0000101001011000100011111110000000110110100000000001011011000001111010110010010010100101101001000101
4 33  100 0110101001110000000110111110001000010110000000011001010001111010001010111010010100100101101001000101
2 36  100 1110101001010000010100111110000101111110010000010011111111001001011010000010110010100110011001000101
runNumber 10
genCount 5096
elapsedTime 600.009
unaryHyperVol 115
binaryHyperVol 10.3833
additiveEps 0.791667
entropy 0.481574
archive 10
3
7 28  100 0000011000010100010101011010000010100100100000000101100001011011000010010110011100100001111011001010
5 29  100 0000011000010100010111110110000100010101100000110101101110101000010000111010111111101110111011101110
2 33  100 0000101001010001010001001010000010100110100000110111011110001001011010010110011100101100111011010010
runNumber 11
genCount 5210
elapsedTime 599.941
unaryHyperVol 113
binaryHyperVol 12.3929
additiveEps 0.952381
entropy 0.49717
archive 11
2
10 29  100 0000101001100100100011000100000011000001000010010101000110011010001010001010011110100101101010000110
2 30  100 0000101001010011101001000101010000100000000010110101011000011010011010000110111010100101101010000110
runNumber 12
genCount 5307
elapsedTime 599.954
unaryHyperVol 177
binaryHyperVol 9.63158
additiveEps 0.736842
entropy 0.49717
archive 12
2
4 23  100 0000101000000100011110100100110001110110100000001101101000000001001010110110111010100101101011000101
2 28  100 0000101001010000001110101110110101100110100000001101101001000000001010100110111000100101001011000101
runNumber 13
genCount 5203
elapsedTime 599.938
unaryHyperVol 206
binaryHyperVol 7.58647
additiveEps 0.578947
entropy 0.449615
archive 13
3
9 20  100 0000101000000100010011001101110000100100100000000111101011111001001010110110110010100100101011000101
3 21  100 0000101000000100010011000001010000100100100000000111101011111001001010110110110010100100101011000101
2 28  100 0000101011010001101000111101010000110110100000011101000011111001001010110110110110100110101011000101
runNumber 14
genCount 5160
elapsedTime 600.011
unaryHyperVol 100
binaryHyperVol 8.83871
additiveEps 0.677419
entropy 0.49717
archive 14
2
3 30  100 1110011001010011010111101110001100110100101110001001101110000001101010001110101011100101001010001110
2 40  100 1110101011010000101111100110001111101001111010101010000000000000101010001110100001100101011001001110
runNumber 15
genCount 5431
elapsedTime 599.993
unaryHyperVol 128
binaryHyperVol 22.0263
additiveEps 0.947368
entropy 0.49717
archive 15
2
5 27  100 0000010101000100001111111110000000111101101010010110011011001011001010111110100110100101011000101110
3 28  100 0000010101010100010101111110000000110101100000100001001001011000101010100110000010100101011000011110
runNumber 16
genCount 5210
elapsedTime 599.94
unaryHyperVol 129
binaryHyperVol 9.83333
additiveEps 0.75
entropy 0.481574
archive 16
3
5 27  100 0000101011000100010011010110100001111100010000000101100010110101001010100110111010100001010100000010
3 31  100 0000101011000100010011010110100101011100010000000101100010001001011010100010011011100001010100010110
2 33  100 0000101001010011000111100001010100011100000000000101000010011001001010101110101001100001010100001010
runNumber 17
genCount 5334
elapsedTime 600.063
unaryHyperVol 182
binaryHyperVol 10.0972
additiveEps 0.777778
entropy 0.481574
archive 17
3
4 23  100 0000000001010000000011000010000001100100100000000101101010101001101010011010110110100101010111001010
3 24  100 0000101000000100000011011110000100100100100000010101101011001010101010111010111101100111010111001010
2 27  100 0000101010010000000101110110001101101100100000000101101010001011101010111010110110100111010111001010
runNumber 18
genCount 5222
elapsedTime 599.93
unaryHyperVol 143
binaryHyperVol 12.9167
additiveEps 1
entropy 0
archive 18
1
2 27  100 0000101001010001100000110010000000010110100000000001011010001010101010010110010010100101001011110101
runNumber 19
genCount 5264
elapsedTime 599.908
unaryHyperVol 129
binaryHyperVol 30
additiveEps 0.8
entropy 0.449615
archive 19
3
6 25  100 0000010111010100100011100110000000110000100000000101011001011010001001011010001010100110010111111101
5 27  100 0000010111010000001011100110000000110000100000000101011001011001001001011010001010100110010111111101
4 29  100 0000000001010100101011100110000000110000100000000111011001011000001001011010001010100110010101110101
runNumber 20
genCount 5379
elapsedTime 600.076
unaryHyperVol 106
binaryHyperVol 21.5682
additiveEps 0.909091
entropy 0.49717
archive 20
2
5 29  100 0000010101000101000000001110101011101000000000001111110110001011001010010110100010101101001011101110
3 31  100 0000010101000100010101010010111001101100000000000111110110001000011010110110100000101111001011000110
runNumber 21
genCount 5349
elapsedTime 599.971
unaryHyperVol 78
binaryHyperVol 20.0714
additiveEps 0.785714
entropy 0.49717
archive 21
2
5 31  100 0010101001111000010001001101110100010100100000001000010111000011001010110000001010100101001011010010
3 37  100 0110101001111000010001010010101001010000000110011000100001001011001010110000001010100111001011010010
runNumber 22
genCount 5362
elapsedTime 599.879
unaryHyperVol 98
binaryHyperVol 16.869
additiveEps 0.689655
entropy 0.449615
archive 22
3
7 29  100 1100010100000100001100010010000101111100100010100101101010001011101010100110111000100001001001000101
4 30  100 1100010101000100010111011110101101111100010000110101100010101010101010101110111010101011001000111110
3 38  100 0110010101010000010110011110001101111100000000110010101001011011101010101110001100100011101000010101
runNumber 23
genCount 5367
elapsedTime 599.984
unaryHyperVol 99
binaryHyperVol 12.9318
additiveEps 1
entropy 0
archive 23
1
2 31  100 0000101001010000010011111010100010110100110110101010100010001000011010101110111110100101011001001110
runNumber 24
genCount 5312
elapsedTime 599.955
unaryHyperVol 102
binaryHyperVol 11.3958
additiveEps 0.875
entropy 0.449615
archive 24
3
5 30  100 0000101010010001001111001110000000110100100000100110011000011011000010110110111101001111001011000101
4 32  100 0000101001010101000011101110000000100101110000111110100000001001101010000010011111101101001000110101
2 33  100 0000101001010001100011001110000000100101100110110110000100001011001010010010010111101101001000110101
runNumber 25
genCount 5344
elapsedTime 600.034
unaryHyperVol 162
binaryHyperVol 10.9079
additiveEps 0.842105
entropy 0.49717
archive 25
2
3 25  100 0000101000110100101111111110000100100110111110000111011110001011001010110010111010101101101011000010
2 28  100 0000101001010001011111101110000100100110111110000101011010001001001010000010111000100100011011000010
runNumber 26
genCount 5307
elapsedTime 599.929
unaryHyperVol 150
binaryHyperVol 9.55682
additiveEps 0.75
entropy 0.481574
archive 26
3
6 25  100 0000101001000100100011110100001100110001010010100001110010111001011010110110101010100101101011101010
3 28  100 0000101001000100100011101101011101010010001010010001100010111001011010110110101010100101101011101010
2 31  100 0000101001010001011111000110001100000000010010000001110010111001011010110110101010100101111000101110
runNumber 27
genCount 5196
elapsedTime 599.925
unaryHyperVol 102
binaryHyperVol 10.8826
additiveEps 0.833333
entropy 0.447913
archive 27
4
13 29  100 1010101000010011001101001110000000010100100000000101011001000011110000000100011010100100000011110010
5 30  100 1010101001010011001101101110000000011100100000011101011001000011110000110100111011100001110011110010
4 32  100 1010101000010011001101101010000000110100100000000101111100000011110000110010010011100100100011110010
2 33  100 1010101001010011001111011001011010010110100000000101111100001010011010110010110011100100101011110010
runNumber 28
genCount 5270
elapsedTime 600.005
unaryHyperVol 121
binaryHyperVol 12.925
additiveEps 1
entropy 0
archive 28
1
2 29  100 0000101001010001100011111110100011100111000010010001001000001011111010111110111010101001011001000110
runNumber 29
genCount 5307
elapsedTime 600.012
unaryHyperVol 104
binaryHyperVol 21.5909
additiveEps 0.909091
entropy 0.49717
archive 29
2
6 29  100 0000010100010100010100001010000000100010100000000101100010000101001010011010010010100000011011010010
3 31  100 0000010100010100010100001010000000100010100000000101100001000000001010011010010010100000011011010010
