OptimalFront
unaryHyperVol 322
2
5 13  100 0100011100000100110000110100000000100100101000000110101010001001001110110110111010101001101011001011
3 14  100 1000001101000100010000111110100000100100101000000110101010001001001110110110111010100001101011001001
-------------------------
runNumber 0
genCount 5625
elapsedTime 599.905
unaryHyperVol 107
binaryHyperVol 38.7544
additiveEps 0.947368
entropy 0.509891
archive 0
2
6 29  100 1100001111001100000000010001010000010110101000000010100010001010001110000110110011010101010100011001
5 32  100 1111001111101100010010000001010100010110101000000110100110000000001110010110110011010101010100111001
runNumber 1
genCount 5449
elapsedTime 599.973
unaryHyperVol 144
binaryHyperVol 14.9333
additiveEps 1
entropy 0
archive 1
1
3 28  100 1001000101110001010001001010100000100100101000000110111010010101000110100110110000101001101001001011
runNumber 2
genCount 5467
elapsedTime 599.965
unaryHyperVol 109
binaryHyperVol 10.6174
additiveEps 0.826087
entropy 0.5994
archive 2
3
8 29  100 1111001100011100010001111110100010100100101000111110100010110101111110101010101011101001101011001011
4 33  100 0111000100011100010001111100100101100011101000110110000000001001011110101010010111100001101011001001
3 36  100 1111000100011101010000111110101010100100101000110010000010111001011010101010110101100001101010111001
runNumber 3
genCount 5576
elapsedTime 599.996
unaryHyperVol 70
binaryHyperVol 13.6957
additiveEps 0.913043
entropy 0.509891
archive 3
2
4 34  100 1100110100000101110000001110101101100101101000011010110101001010000010110110101011101011010110001000
3 36  100 1011000100000111010001001010101101100101101000010110111000110110001110101010111110101011001001101010
runNumber 4
genCount 5435
elapsedTime 599.987
unaryHyperVol 103
binaryHyperVol 15.8889
additiveEps 0.888889
entropy 0.599401
archive 4
3
15 28  100 0101111101111111000000010010100001010101101011110110101010011001000110110110111010101001101011000000
11 30  100 0101111101111111000000000010100001010101101011110110101110011001000110110010111010101001101011000000
4 31  100 0101110101011111000001000010101101010101101011110010101010011101001110110110111010101001101011000000
runNumber 5
genCount 5604
elapsedTime 600.021
unaryHyperVol 53
binaryHyperVol 19.1259
additiveEps 0.888889
entropy 0.5994
archive 5
3
8 33  100 1100000100100110010000111110100101010101111000001010101110001000100110000010000001010101101011001001
6 38  100 0100000000010001010000001110100100010101011001111010010110110101101010010110010001010101101011011001
4 40  100 0000100101011010000000001110100101010101011011011010001111100111101110110010010010101001101001111001
runNumber 6
genCount 5532
elapsedTime 599.893
unaryHyperVol 57
binaryHyperVol 13.22
additiveEps 0.88
entropy 0.509891
archive 6
2
4 35  100 1000011101001110011001001010100100100001001010101010110010001010000010111010000000100001011010001001
3 38  100 1101110100000110011001001010101100100001001000101010110010011011000010111010000000100001011011001001
runNumber 7
genCount 5408
elapsedTime 600.002
unaryHyperVol 150
binaryHyperVol 10.6
additiveEps 0.7
entropy 0.509891
archive 7
2
4 27  100 0100000100010101010001111110100000010100001001010110010110001001001110111110111010100001101000001001
3 33  100 1111000100000101010001001110100001010100001001010110010110001010111110110110100010101011001001001011
runNumber 8
genCount 5346
elapsedTime 600.043
unaryHyperVol 162
binaryHyperVol 11.3611
additiveEps 0.777778
entropy 0.478871
archive 8
4
12 25  100 1001000101000100010001010000100010100000101000000110101001011010001101010010111010101001101010111011
10 26  100 1100000101110101010000010000000000100000101000000110101001011010111101010100101010101001001010001011
4 27  100 1001000101000100010001010010100010100000101000000110101001011011001110111010111000101001001010011011
3 29  100 0000000100000111010001000110100010100000101000000110101001011010001110110000111110101001001011011000
runNumber 9
genCount 5512
elapsedTime 599.922
unaryHyperVol 150
binaryHyperVol 14.0444
additiveEps 0.933333
entropy 0.509891
archive 9
2
9 27  100 0101001100000110010000110010100000100100011000010110100110000101101010000100110110101001001011001011
3 28  100 1100001101010110010000110010100000100100011000010110100110001111001010000000001010100001001011001001
runNumber 10
genCount 5401
elapsedTime 599.979
unaryHyperVol 109
binaryHyperVol 20.5684
additiveEps 0.947368
entropy 0.509891
archive 10
2
8 29  100 1001011101100000011001001110100000100100001000000110101000001000000110100010010000010110011001001000
4 32  100 0000011100100000111001001110100001100110101000010010100001010001000110100010111001010110011001001011
runNumber 11
genCount 5677
elapsedTime 599.919
unaryHyperVol 69
binaryHyperVol 18.5568
additiveEps 0.909091
entropy 0.5994
archive 11
3
11 33  100 0100011101000110011010001110100100100100011001110110000001110110000110010000110101010111000000011011
5 34  100 1001011101000000101010001110100110101010011010110110100000110101000110010100110101010011001000011011
4 35  100 1101011101000000101010000010100110010111101000110110000000010101000110010100111001010011001000011010
runNumber 12
genCount 5441
elapsedTime 599.982
unaryHyperVol 69
binaryHyperVol 22.8913
additiveEps 0.913043
entropy 0.5994
archive 12
3
7 33  100 0000011101101000001001010100000111100101101011000000110101010011000110000010101001010101111010001011
6 35  100 0101010100101100111001001100000101100101101011111110100101010001000110001010111001010100111010001001
4 36  100 0011010101111100001001001110100111100101101011100110100101010010000110001010101001010101111010001001
runNumber 13
genCount 5551
elapsedTime 599.928
unaryHyperVol 71
binaryHyperVol 13.1232
additiveEps 0.913043
entropy 0.468496
archive 13
3
9 33  100 1000000010100100101001011110100110100000100101000001110101111011011100010010110010100001111011111001
4 35  100 1000000000100100101001011110100110100000100101000010111001111111010000010010110010100001111011111001
3 36  100 1100000111100101010001000110100100010100010101000110110001111001010000000110110000100001111011101001
runNumber 14
genCount 5336
elapsedTime 599.991
unaryHyperVol 196
binaryHyperVol 8.5
additiveEps 0.555556
entropy 0.509891
archive 14
2
4 23  100 1011001111000100010001110010100000101100101000010110101010101001000010110110111000101011011011001011
3 31  100 0001001111000100010000110010100100100011101000010110111010111101001110110010110000100001001010011001
runNumber 15
genCount 5370
elapsedTime 599.971
unaryHyperVol 140
binaryHyperVol 8.58667
additiveEps 0.64
entropy 0.472411
archive 15
4
6 27  100 1111011100111100000001000000000000100001001000000110100101111001001110100110111010100001111001001001
5 29  100 1111011100111100110001000000000000100000010101000110100101001101000110111110000110100001101001001001
4 30  100 1111010100001100101001000100000011100000000101000110100101001001000110100110100110100001101001111001
3 38  100 1111110101001100001001000110100010100000001000001010110111101010100110101110010110100001101000111001
runNumber 16
genCount 5361
elapsedTime 599.967
unaryHyperVol 141
binaryHyperVol 14.0833
additiveEps 0.9375
entropy 0.509891
archive 16
2
6 28  100 1001010101100100101001000100000110100000101000111010101000110101001110010010001010100001101001001001
3 29  100 1000110101000100101001000010100100100100101000100010101001110101010110001110111110100001101001001001
runNumber 17
genCount 5381
elapsedTime 599.979
unaryHyperVol 82
binaryHyperVol 23.3929
additiveEps 0.952381
entropy 0.509891
archive 17
2
7 32  100 1001011111001100011010110010100100100001110101001010101010011010000000100110100000010100101011010000
4 34  100 0110001110001000001010010010100100101100100101001010101010001010000000010010100000010000101011010000
runNumber 18
genCount 5322
elapsedTime 599.909
unaryHyperVol 153
binaryHyperVol 12.3824
additiveEps 0.823529
entropy 0.509891
archive 18
2
4 27  100 0010001101000100010001011110100001100000101001000110011011001001101110100110110010100001010111011001
3 30  100 0100000101010100010001000010100011100000001001000110101011001001101110100110111100100001010111101001
runNumber 19
genCount 5430
elapsedTime 600.053
unaryHyperVol 185
binaryHyperVol 11.1111
additiveEps 0.733333
entropy 0.472411
archive 19
4
6 24  100 0111001100011101000000111110100000100100101000000110101010001001001110110110100001101011001011001011
5 25  100 0111001100011101010000111110100000101100101000000110101010001001101110110110011010101011011010001011
4 26  100 0111001100011101010001111110100000100100101000000110101010001001000010011010111011100001011000001001
3 28  100 0111001100011101010000111110100000101100101000000110101010001010000010100110001011100001011000001001
runNumber 20
genCount 5347
elapsedTime 599.872
unaryHyperVol 105
binaryHyperVol 17.7654
additiveEps 0.944444
entropy 0.509891
archive 20
2
12 29  100 0100011100100000011001001100010000010101101000010100101011001001000110100010011101010100101001000000
4 31  100 1000011110111000011001001110100010101000011000100110100110011001000110100010011001010100010111110000
runNumber 21
genCount 5442
elapsedTime 599.962
unaryHyperVol 100
binaryHyperVol 13.56
additiveEps 0.9
entropy 0.599401
archive 21
3
8 31  100 1101001000100101010000110010100000010100011000000000100000110101001110110110100100000001101011001001
6 32  100 0100001000001101010000111010100000010100011000000000101010100001010110110110100101000001001011111001
3 33  100 0100001100000101010000110010100010010110101011010010101010011010010000110010000100100001010111001001
runNumber 22
genCount 5374
elapsedTime 600.005
unaryHyperVol 120
binaryHyperVol 14.9412
additiveEps 1
entropy 0
archive 22
1
3 30  100 1011001101001000010000001110100010101101101000001110100010000110000000101010100110100001101011101001
runNumber 23
genCount 5414
elapsedTime 599.972
unaryHyperVol 164
binaryHyperVol 33.3462
additiveEps 0.923077
entropy 0.509891
archive 23
2
5 25  100 1011011110001000101001001110100000010100001000000110001010000001000110111110110111010101101011110000
4 26  100 1000011110001000101001001110100000010100001000000110001010000001000110111010010101010111101011100000
runNumber 24
genCount 5388
elapsedTime 599.927
unaryHyperVol 89
binaryHyperVol 20.0833
additiveEps 0.95
entropy 0.509891
archive 24
2
9 31  100 1011000010000101010000011110101101101010011000110101110010111001000110100010101001010101101011001001
4 33  100 1011000000101110010001011110101101100000011011000110011110011001000110111010111001010100001011001001
runNumber 25
genCount 5488
elapsedTime 599.964
unaryHyperVol 51
binaryHyperVol 26.8056
additiveEps 0.958333
entropy 0.509891
archive 25
2
6 35  100 1001001110000111010000110110100100010100011000010110100100110110000110010010101101010011001011001010
4 37  100 1001001110000111010000110110100100010100011000011010000000111100000110010010101101010111101000101010
runNumber 26
genCount 5355
elapsedTime 600.051
unaryHyperVol 117
binaryHyperVol 26.4074
additiveEps 0.944444
entropy 0.509891
archive 26
2
6 29  100 0100111101110101000000110101010101010101111000000110101011001000001110110110010010101001001011010000
4 31  100 0100011100111111000001000010010101010101101000000110101011001010000110110010010110101001110011110000
runNumber 27
genCount 5362
elapsedTime 599.787
unaryHyperVol 115
binaryHyperVol 13.6883
additiveEps 0.714286
entropy 0.472411
archive 27
4
14 27  100 1000111111111101000000010010010100100110001000010110101010011101000110100110111001010101101011001011
8 28  100 1000111111111101000000010010010101010110011000010110101010001101000110100110111001010101101011001011
5 32  100 1101000111011101000000111110010001010110101000000110000010111111000110100110111001010101001010001011
4 34  100 1100111111111101000000011010010101010110011000000010100010011111000110100110111001010101011011101011
runNumber 28
genCount 5784
elapsedTime 600.044
unaryHyperVol 86
binaryHyperVol 12.4783
additiveEps 0.869565
entropy 0.5994
archive 28
3
7 32  100 1100011111000000011001001110100001010110111001110110101001001101011001000110111000010111111011010000
4 34  100 1100011111000000011001001110100001010100101011000010011001110010110010101110110000010101111011010000
3 36  100 1001000100001000010001001110100111100100101011000010011001110010111110011010010110101001001001111000
runNumber 29
genCount 5391
elapsedTime 599.998
unaryHyperVol 120
binaryHyperVol 12.1667
additiveEps 0.95
entropy 0.509891
archive 29
2
6 29  100 1111001110010101000000111100000000100011011000001010101010000111000000111010010101100001101011011001
3 33  100 1101000111001100010000101110100101010110101001100010101010001001000000111110001001100001111000001001
