OptimalFront
unaryHyperVol 243
2
4 8  100 0011010100010100111000000101011011100110101011110010101100111011001001000001101100001011101011010110
3 13  100 0000001011100100111000000101011011010110101011110010101100111011001001000000011100010111101011011010
-------------------------
runNumber 0
genCount 5280
elapsedTime 600.005
unaryHyperVol 71
binaryHyperVol 10.3478
additiveEps 0.956522
entropy 0.509891
archive 0
2
4 30  100 1101011001010010001000111110101001101110101000011101101110111010011001000000010000010111101011011010
3 31  100 0111001001010010001000111110101001101110101000101101100101101010001001000000010001010111111011011010
runNumber 1
genCount 5181
elapsedTime 600.005
unaryHyperVol 33
binaryHyperVol 9.88506
additiveEps 0.896552
entropy 0.599401
archive 1
3
6 34  100 0100001011000100011011001010101110100011111010000111010100000001000101100000010001110111001011011010
4 36  100 0100001001010100011000000010000000001100011000010101100100111010011000010000010000010110001000011010
3 37  100 1000101011100100011011001010101110100011111010000111010100000001000101100000010000010110001000011010
runNumber 2
genCount 5387
elapsedTime 599.998
unaryHyperVol 34
binaryHyperVol 9.54483
additiveEps 0.862069
entropy 0.5994
archive 2
3
8 33  100 0000001010000100001010111110100111000111100101110001101011001000000101111100010000010111011001001010
5 35  100 1000001011101010001000110110100111100100011011100101010100000001000101101100010001000001111001011001
3 37  100 0000001010100100111010100010101101101111100101100001110101000000000101011100010000010111011001001010
runNumber 3
genCount 5190
elapsedTime 599.859
unaryHyperVol 16
binaryHyperVol 28.6694
additiveEps 0.870968
entropy 0.509891
archive 3
2
7 35  100 1111111000101001111010111010000101101010101000101010101110011010101000010000010000110000001011011010
5 39  100 1011111000101001111010111010000101101010001000010101100010111010101000100100000000010110101001001010
runNumber 4
genCount 5197
elapsedTime 600.013
unaryHyperVol 81
binaryHyperVol 8.22222
additiveEps 0.814815
entropy 0.509891
archive 4
2
4 28  100 1101011001010011111000000010101001101110101011110001111110101001001000000000010000010111011011011011
3 35  100 0000111001100100101000000010000010101000101000110001010100101000001000000000011001010111011001111011
runNumber 5
genCount 5241
elapsedTime 599.904
unaryHyperVol 29
binaryHyperVol 9.83333
additiveEps 0.9
entropy 0.509891
archive 5
2
4 35  100 1101111001010011101000010101011111100101011000100011000110000011111010000000010100010110111000011000
3 38  100 1100011010100100011000010101011110010101011011011100000110000011111010010000010100010100111001110000
runNumber 6
genCount 5441
elapsedTime 600.092
unaryHyperVol 64
binaryHyperVol 10.7826
additiveEps 1
entropy 0
archive 6
1
3 31  100 0100010101010100101000011001010111010100101011100111100101011001101000010000101100010100101011011001
runNumber 7
genCount 5315
elapsedTime 599.941
unaryHyperVol 95
binaryHyperVol 10.25
additiveEps 0.95
entropy 0.509891
archive 7
2
4 27  100 0111010101010011001000101010101011100101101011110111101100111011001010000000000111010111010100111011
3 28  100 0111010101010010001000001010101011100100101011110111101100111011001010001000010111010110010100011001
runNumber 8
genCount 5286
elapsedTime 600.015
unaryHyperVol 89
binaryHyperVol 7.97917
additiveEps 0.75
entropy 0.472411
archive 8
4
7 25  100 0011100010100100111000000101011011100101101010010010101010011011111001000100010100010111001010011010
6 29  100 0100000000100100110000010010001000100100101000000010101000011001011001000000011100010011001011011011
4 31  100 0011001000010011011000110101010111100101111001100010111110011001101000000000011001010111101001111011
3 32  100 0101010101010001111000010010100111100101101000100010011010011001011001000100010100010111001011001010
runNumber 9
genCount 5247
elapsedTime 599.957
unaryHyperVol 34
binaryHyperVol 9.87931
additiveEps 0.896552
entropy 0.509891
archive 9
2
5 34  100 0111011001010001101011100101011001100011010010101010111100110101101001000000010111000001010111011001
3 37  100 0111011001010011101011100101011001100011011001110100000001101001101001100000010111000001010111111001
runNumber 10
genCount 5230
elapsedTime 599.955
unaryHyperVol 94
binaryHyperVol 9.80952
additiveEps 0.904762
entropy 0.509891
archive 10
2
4 27  100 0000010100010001011000100101010111010100101011110010101011111011001001100011010111010110001011011001
3 29  100 0100010101010000001000110010010111010101101011110010101101001011001001100000011110010100001001011010
runNumber 11
genCount 5334
elapsedTime 599.969
unaryHyperVol 41
binaryHyperVol 10.1975
additiveEps 0.925926
entropy 0.5994
archive 11
3
9 33  100 0100001010100100001010000110111010100000101000010101101001110111001011001000010100010110001011011011
4 34  100 0100001010100100010000000110101010100000101000010101101001100100111001011000011101010110001011011010
3 35  100 0100001010100100011000010010101110101000101001010111100001001011001011001000010100010110001011011011
runNumber 12
genCount 5178
elapsedTime 599.924
unaryHyperVol 94
binaryHyperVol 7.18
additiveEps 0.68
entropy 0.472411
archive 12
4
9 24  100 0100001000000100111000110101011100010110101000111001101100111010101001110100011100000011001011010100
8 25  100 0100001000000100111000110101011100010111101010110001100100111010101001010100011100000011001011010100
4 28  100 0100001000010100111010110101011101010111101010010001100100111010101001010100011100000011001011010100
3 33  100 1100001010100100010001110001010101010110101000111001111100111010101001110100011100111011011000110000
runNumber 13
genCount 5143
elapsedTime 600.036
unaryHyperVol 55
binaryHyperVol 22.7391
additiveEps 0.913043
entropy 0.5994
archive 13
3
9 29  100 0100001001010100110001001110100101010110001000000010100100000000110101010001101100111011111000001010
6 30  100 0100001001010100110001011110101001010110001000000010110100000001110101010001101100011011111001101010
5 31  100 0100111001010101110001100110101001010110101000001001101111101011100101101101100100111001111011001010
runNumber 14
genCount 5154
elapsedTime 599.92
unaryHyperVol 68
binaryHyperVol 10.0694
additiveEps 0.916667
entropy 0.5994
archive 14
3
6 30  100 1100001011101000011000000110101011100101011011000001011100000000001011010000000000010001010100011001
4 31  100 0011001010100100011000000110101011100101011011000111001111000011101010000000010101010100010101001001
3 32  100 0100001000100100111000100110101011100111011000010101011001001010001001010000010100010111010110001010
runNumber 15
genCount 5565
elapsedTime 600.055
unaryHyperVol 56
binaryHyperVol 10.7917
additiveEps 1
entropy 0
archive 15
1
3 32  100 0100111001010001111000010110001010100000101011110011101010001000001001000000010100010111010100111001
runNumber 16
genCount 5216
elapsedTime 599.981
unaryHyperVol 84
binaryHyperVol 48.8529
additiveEps 1
entropy 0
archive 16
1
5 25  100 1111010111101000101000000110101001101010111000010010100100011010101001001100000000001011101001011010
runNumber 17
genCount 5118
elapsedTime 600.013
unaryHyperVol 60
binaryHyperVol 48.881
additiveEps 1
entropy 0
archive 17
1
5 29  100 0010010111101001001010010110111011100001101001010001111100000011000101000100001100000011000011000000
runNumber 18
genCount 5157
elapsedTime 599.904
unaryHyperVol 58
binaryHyperVol 10.1333
additiveEps 0.92
entropy 0.509891
archive 18
2
6 31  100 0100001000010111001001001010000111010110101001110001010101011011101001101100011100010110101000011000
3 33  100 0100001001010001011001001010100111010110101001010101100101001011001001001000010101010110101000011001
runNumber 19
genCount 5243
elapsedTime 600.031
unaryHyperVol 82
binaryHyperVol 9.58696
additiveEps 0.869565
entropy 0.509891
archive 19
2
5 28  100 0101000001010010111000010101011010101001101011110010111100000011001010000000010010010101010111011001
3 31  100 0101001001010010111000000001011011101001101011101000101000000011111001001000011011000001010100011001
runNumber 20
genCount 5261
elapsedTime 599.931
unaryHyperVol 110
binaryHyperVol 8.4125
additiveEps 0.75
entropy 0.5994
archive 20
3
7 23  100 0111001001010111010000000110001001010101001011000010101100011011000101001100011101110111101011010110
5 27  100 0111001001010011000000000110001001010101001011000010100100011011000101001100010110010111101011010100
3 28  100 0111001001010011010000000110001001010111001011010010100100001011000101001000010110010100101011011010
runNumber 21
genCount 5237
elapsedTime 599.945
unaryHyperVol 68
binaryHyperVol 7.0625
additiveEps 0.7
entropy 0.54796
archive 21
4
11 27  100 0011010111010100111000111001111111010110101010100001111101111011001000011100011111110001010111011001
5 29  100 0011010101100100001000010001111111010110101011100001111101111001101011000100011111010100010111011001
4 32  100 0011010110100100111000010001010100101001111010110011010001111011001011000100011011010101010111011001
3 38  100 0000010100100100011001010101011110101001111010111011011001011010111011100100011111010101010111011001
runNumber 22
genCount 5016
elapsedTime 599.976
unaryHyperVol 42
binaryHyperVol 48.8
additiveEps 1
entropy 0
archive 22
1
4 33  100 0100010101010100110101000101010011010110011011000001111111111001010011000100011111010001010101011001
runNumber 23
genCount 5459
elapsedTime 600.012
unaryHyperVol 61
binaryHyperVol 9.65385
additiveEps 0.884615
entropy 0.509891
archive 23
2
4 31  100 1000011011100100011000011101011001100001111011110010100111011001000001100000011001000001101011011001
3 34  100 1100101011100100011001011101011001101101011011110111100100011001001000000100011111100001101001011001
runNumber 24
genCount 5179
elapsedTime 599.973
unaryHyperVol 61
binaryHyperVol 16.904
additiveEps 0.84
entropy 0.472411
archive 24
4
8 29  100 1111001011000101111011100110000101100110011001100101001100111010000101110100010010000011001011010111
7 30  100 1111001010101011111010000110000101100110011001100101001100111010000101100100010010000011001010010110
5 31  100 1011001000100101111011100010000000100001011001110001001100011011000101100000010000010011001011011010
4 33  100 1011001000100101111010100010000001100001011001110001001100011011000101100000010010010111001000011010
runNumber 25
genCount 5229
elapsedTime 600.025
unaryHyperVol 78
binaryHyperVol 9.91304
additiveEps 0.913043
entropy 0.509891
archive 25
2
4 29  100 0011010111100100111011011110101011010111111010000001110001000001001001110000011110010100101011111010
3 31  100 0000010110100100011000101110100001010111111010000011111110111001001001010100011100010100101000011010
runNumber 26
genCount 5190
elapsedTime 599.941
unaryHyperVol 64
binaryHyperVol 9.7
additiveEps 0.88
entropy 0.5994
archive 26
3
9 30  100 0100011001010100011010000110100000000010001011000001101100001010000101110000100100010111001011011011
4 31  100 0100111001010100111011000110100000000010001010000101101101011010000101010000100100010111101011011011
3 33  100 0100111001010100011011000110100000101100111001000000101010111010000101110000100100010111001011011011
runNumber 27
genCount 5249
elapsedTime 600.064
unaryHyperVol 104
binaryHyperVol 9.87368
additiveEps 0.894737
entropy 0.5994
archive 27
3
8 25  100 0011000011000111001000011001011000001110101000110001101000101000001001001100010011000001101000011001
6 26  100 1011000011000111001000011001011000001110101000110101101000111000001011110000011111000001101000011001
3 27  100 0000001011100100001000111001010010010110001000110110101100111000001001110000010111000001101000011001
runNumber 28
genCount 5364
elapsedTime 599.794
unaryHyperVol 44
binaryHyperVol 10.1987
additiveEps 0.923077
entropy 0.509891
archive 28
2
9 32  100 1111010100100100001000110110101011100110101001011110011001011001101001000000010111010001011001101001
3 34  100 1100010100100100001000111110100100101001101011100100011110001011001001110000011111010001010110011001
runNumber 29
genCount 7922
elapsedTime 599.953
unaryHyperVol 54
binaryHyperVol 8.81034
additiveEps 0.793103
entropy 0.5994
archive 29
3
5 31  100 0011001011010011010011110010101111100110101011100010100111011011111000001000000101000000010100111001
4 35  100 1101011001010011111000100110000101100110001001011000111100111011111000010100010101000000010111001001
3 37  100 0101011001010010111010010010000001100110001001011101101000111000111000001000011101010100010110011010
