OptimalFront
unaryHyperVol 304
3
6 9  100 0001100111000001001100001100001011011001000001111111010111101011000101001100011001010111101010101010
4 10  100 0001100111000001001100001110101011011011000001111111010111101011000101001100011001010111101010101010
3 13  100 0001100111000001000001001110101011011011000001111111010111101011001000001100011001101011101010101010
-------------------------
runNumber 0
genCount 5417
elapsedTime 599.912
unaryHyperVol 135
binaryHyperVol 25.875
additiveEps 1
entropy 0
archive 0
1
4 25  100 0010101011001101001101110110100011111011001001110001010101101010000101001100011001010111101011001010
runNumber 1
genCount 5450
elapsedTime 600.045
unaryHyperVol 85
binaryHyperVol 16.2391
additiveEps 0.869565
entropy 0.529986
archive 1
4
11 29  100 1101100111000001000111100010101010101011110100001111111101101001010101000001000101010100010100101010
8 30  100 1101100111000000001100100110101110101001000000000101100010101001010101000001000101010100010100101010
7 31  100 1100100111000000001110100110101100001001000000001101100010101001010101000001000101010100010100101010
4 32  100 1011100100000001000111100010101010001001110000001101100011100101000101010001000101010110010100101010
runNumber 2
genCount 5326
elapsedTime 599.988
unaryHyperVol 135
binaryHyperVol 25.875
additiveEps 1
entropy 0
archive 2
1
4 25  100 0001101111000001001000000110101011001011010011000001010110100100000101101100011001010110101010001010
runNumber 3
genCount 5346
elapsedTime 599.977
unaryHyperVol 82
binaryHyperVol 10.6173
additiveEps 0.814815
entropy 0.481574
archive 3
3
5 31  100 1101100111000001010000111001010101011011001100000000100101100101001000111100011000101000101000101010
4 34  100 1000100111010101010001100101011111011011001000101111011101100101001001110100011000101001101001101010
3 36  100 0101100111010010000001100010101111011001001111011001111001100110001000110100011100101011101000111010
runNumber 4
genCount 5608
elapsedTime 600.01
unaryHyperVol 98
binaryHyperVol 10.43
additiveEps 0.8
entropy 0.449615
archive 4
3
11 29  100 0000100111000101001100001110100001101011100011000011111000100001011000001000010101011001101010101010
4 30  100 0000100111000111000000001110101001011011001111010111001101100011011000001000010011101010101010001010
3 34  100 0001100111011010110001001110100011011001101010000011111001100001011000001000010011101010101010101010
runNumber 5
genCount 5436
elapsedTime 599.871
unaryHyperVol 128
binaryHyperVol 11.6333
additiveEps 0.9
entropy 0.49717
archive 5
2
4 27  100 1101100101100001100000000110101011001011011110010001011011101000001000001100011001101011101010011010
3 29  100 1101100101100001100001010110101011001011011010010001011011101000001000001100011001101011101010011010
runNumber 6
genCount 5555
elapsedTime 599.978
unaryHyperVol 57
binaryHyperVol 12
additiveEps 0.925926
entropy 0.449615
archive 6
3
5 34  100 0100000011001110011101010000000101111000010101001000010111101011110101001100011100101001101001001010
4 35  100 0100000011111101000001100000100101111000010100001000010111101011100101001100011010101001101001001010
3 36  100 0000101001011000000001010110100101111000010100001001010111101011110101001100011010101001101001001010
runNumber 7
genCount 5307
elapsedTime 600.006
unaryHyperVol 108
binaryHyperVol 23.2899
additiveEps 0.782609
entropy 0.481574
archive 7
3
6 27  100 0001100111000001001000101110101111011010101100011100010111100001011000110000000001010111101001001010
5 31  100 1000100010011101100100101110101011011000110001001101111101100011011000111100011001010111101001001010
4 32  100 0010101000010011110110001110101011001000110001100011000111100001011000011110000000010110101001010000
runNumber 8
genCount 5317
elapsedTime 599.95
unaryHyperVol 96
binaryHyperVol 22.1071
additiveEps 0.952381
entropy 0.49717
archive 8
2
7 29  100 1111011101000001001100001010100011001011010001110111010110100101001001111100011110101001101010101010
4 30  100 1110010111000001010100001010100011001011010001110111010110100101001001111100011110101001101010001010
runNumber 9
genCount 5510
elapsedTime 600.049
unaryHyperVol 80
binaryHyperVol 38.9048
additiveEps 1
entropy 0
archive 9
1
5 30  100 0000011101000001000100000010100001011011010011111100001010100001001000111100010001101001101010101010
runNumber 10
genCount 5570
elapsedTime 599.973
unaryHyperVol 88
binaryHyperVol 10.1026
additiveEps 0.807692
entropy 0.529986
archive 10
4
9 29  100 1101100111100001000001001010010011111001010010101100100011101011000101000000011100101011101010111010
6 31  100 1101100111000001110000000110010011101001000000010000001011101101000101001000001100101001101001101010
5 33  100 1000100111000010000001001010010000111001001100010000110111101011000101001000001100101001101000011010
3 35  100 1100100110000001000001110010100000111001000000010001001011101101010101001100011100101010101001101010
runNumber 11
genCount 5324
elapsedTime 599.888
unaryHyperVol 102
binaryHyperVol 22.96
additiveEps 0.76
entropy 0.49717
archive 11
2
5 28  100 1101100010010000000110010100000101110010000100111111010111100011000101001000011101010111101011101010
4 34  100 1011101111110001111001010000000001111001010100101001010011101100000101001100011101010101101000001010
runNumber 12
genCount 5385
elapsedTime 599.95
unaryHyperVol 151
binaryHyperVol 11.81
additiveEps 0.65
entropy 0.447913
archive 12
4
13 21  100 0001100111001101001100001100000011011001000000010111110111100000001000001101000101101011101001001010
6 22  100 0011100111000001001100001110100111011000001100110011110111101000001000001101100001101011101001011010
5 26  100 0101100111000001001100101100000011011001001000010101000011100001001000101101000001100011101001001010
4 29  100 1001100111010101010000001110100011011001000000011101000011100001001000101101000001100011101001001010
runNumber 13
genCount 5570
elapsedTime 599.978
unaryHyperVol 95
binaryHyperVol 10.0865
additiveEps 0.769231
entropy 0.481574
archive 13
3
7 29  100 1011100111000010100000011110101000011010001111101100011011100011001000000000011110101011101010011010
4 32  100 0100100101101110110000001110101010101011001101100111011011100011001001100000011110101011101010011010
3 35  100 0100100101101100010001000110101010011001001111100100011011100011001000100000011110101011101010011010
runNumber 14
genCount 5409
elapsedTime 599.933
unaryHyperVol 126
binaryHyperVol 11.1167
additiveEps 0.85
entropy 0.481574
archive 14
3
9 26  100 1000100101101100001100010100001111000001000001111101010111101111101000011100011001101011101001101010
5 28  100 1000100101011100001100010100001111000000000001111101010111101111101000011100011011101010101001101010
3 29  100 0001100101100001110001010010101011000001000101111111011111100111101001011100011001101011101001111010
runNumber 15
genCount 5346
elapsedTime 600.06
unaryHyperVol 99
binaryHyperVol 25.9
additiveEps 1
entropy 0
archive 15
1
4 29  100 0011100111001001000000001101010100011011100000000011110111010101000101010000011010101010101010011010
runNumber 16
genCount 5472
elapsedTime 599.853
unaryHyperVol 99
binaryHyperVol 25.9
additiveEps 1
entropy 0
archive 16
1
4 29  100 1011100111000110001111111110100100011001011101101011010101101010000101000100010001010100101001101010
runNumber 17
genCount 5262
elapsedTime 599.949
unaryHyperVol 100
binaryHyperVol 19.3523
additiveEps 0.727273
entropy 0.506429
archive 17
4
11 25  100 0001101001010110101000111110101010011011001101110011110111100000001000001110100111010111101010101010
9 26  100 0001101001010110101000101110101010011011001101110011110111100000101000001110100101010101101010101010
6 29  100 0011101001010110001000111110100000011011010101101011110100101000101000001110101101010101101010101010
5 31  100 0001101001010110101000111110100100011011010100110001101001101000101000001110100101010101101010101010
runNumber 18
genCount 5338
elapsedTime 600.015
unaryHyperVol 119
binaryHyperVol 21.2564
additiveEps 0.692308
entropy 0.481574
archive 18
3
6 25  100 0011100111100001001100000000000001011000001101000111010000010111001000000000011101101000101010101010
5 31  100 0011100111001001001101010000100110011010010111000101110011010101001000000000011001100000101010101010
4 35  100 0011100111000101101001010010100001011001001101100101100000010111011000010100010001100000101010101010
runNumber 19
genCount 5270
elapsedTime 600
unaryHyperVol 163
binaryHyperVol 8.97744
additiveEps 0.714286
entropy 0.444471
archive 19
4
10 22  100 1101100101110101001100000010101011011001000001101101010111100011000101001100010101101011101001110110
9 23  100 0101100101110101001000000010101011011001010001101101010111101011000101001100010101101011101001110110
4 24  100 0101100101110101001000000010101011011001010001101101010111101011000101001100010101101011101001111010
3 28  100 1101100101110001000001000010101011011001010001101101011011100011010101001100010100101001101000101010
runNumber 20
genCount 5337
elapsedTime 599.959
unaryHyperVol 167
binaryHyperVol 10.6471
additiveEps 0.823529
entropy 0.49717
archive 20
2
4 23  100 0000100111000001000100000110101011001011010101111111110011100011001000001000011000101011101010111010
3 26  100 0100100111000000110001110110101011001011010101111111110011101011001000001100011000101011101010111010
runNumber 21
genCount 5422
elapsedTime 599.927
unaryHyperVol 133
binaryHyperVol 24.5185
additiveEps 0.888889
entropy 0.49717
archive 21
2
5 25  100 0101101001110101101100010010100111011001000000111011110011101011000101001110101001010101101010111010
4 27  100 0000100111010100011110011110100111111000000101110010011011100011000101001110100001010111101011111010
runNumber 22
genCount 5359
elapsedTime 599.952
unaryHyperVol 126
binaryHyperVol 25.8824
additiveEps 1
entropy 0
archive 22
1
4 26  100 1100100111110001001100001101010100011011000000001101000011100110000101000100010001010111101001001010
runNumber 23
genCount 5426
elapsedTime 600.029
unaryHyperVol 104
binaryHyperVol 11.3043
additiveEps 0.869565
entropy 0.449615
archive 23
3
7 29  100 1001100111111101111100000110010111001000110010010100010111100011001000010100010101100000101010101010
4 30  100 1001100111111101000000000110100101011010100010101101000111100010001000010000010101100000101010101010
3 32  100 1101100101111101000001001110100011111001100100001101010111100011011000011100011110101000101010001010
runNumber 24
genCount 5565
elapsedTime 599.939
unaryHyperVol 90
binaryHyperVol 12.9091
additiveEps 1
entropy 0
archive 24
1
3 31  100 1001100010110000110001010110100001011000100011110111010111100111000101000000010100101011101010101010
runNumber 25
genCount 5488
elapsedTime 600.015
unaryHyperVol 125
binaryHyperVol 19.7619
additiveEps 0.761905
entropy 0.506429
archive 25
4
7 25  100 1101100101111101001100101100001011100100111101101111110101100010000101010000011001010111101010101010
6 26  100 1101100101011101001100101100001011000101111101000101010101100000000101000000011001010101101010101010
5 29  100 0101100101011101001110101100000011111001111010100010111111100100000101010000011001010111101010101010
4 30  100 1001100101011101001100101010101001000100011110010101010101100000000101000000011001010111101010101010
runNumber 26
genCount 5363
elapsedTime 600.037
unaryHyperVol 35
binaryHyperVol 37
additiveEps 0.870968
entropy 0.49717
archive 26
2
6 35  100 1101100000000100011111101110101010011001111100010000011010101010111010000001000111010111010100111010
5 40  100 0100000001110110011111110010101010011001111100010011110001101010111010000001000011010110010100001010
runNumber 27
genCount 5439
elapsedTime 599.958
unaryHyperVol 150
binaryHyperVol 12.875
additiveEps 1
entropy 0
archive 27
1
3 25  100 0000101111000001000001101110100111011011000011001101010101101011011000001100011000101000101001101010
runNumber 28
genCount 5458
elapsedTime 599.953
unaryHyperVol 71
binaryHyperVol 11.5385
additiveEps 0.884615
entropy 0.49717
archive 28
2
6 32  100 0000101001010110000001001110101011011011000110010011111101001101001000111100010101101000100000101010
3 35  100 0000100011010110000001001110100100011001000100011111101011010101011000111100010100101000101000101010
runNumber 29
genCount 5302
elapsedTime 599.977
unaryHyperVol 119
binaryHyperVol 26.5333
additiveEps 0.833333
entropy 0.49717
archive 29
2
8 24  100 0000100100000101110001001110100111011011001101111111010100100011000101000101001101010101010100010000
5 27  100 0000100100000101110001001110101111011001001101001111100100100011000101000001001100010101010110010000
