OptimalFront
unaryHyperVol 373
3
6 11  100 1110100000011000101010100010011101001001000101010001011101000001000000011000000010010000000000100010
4 12  100 1110000000011000010000100010011101001001001010010001011101100001100000101000000010010110000000100010
3 13  100 1110000000010000010000100010011101001001001010010001011101100011101110101000010010010110000000100010
-------------------------
runNumber 0
genCount 5345
elapsedTime 599.861
unaryHyperVol 160
binaryHyperVol 11.2029
additiveEps 0.695652
entropy 0.481574
archive 0
3
5 27  100 1110111100010011101001011101101111000001001010010001011100101100100010100100001111000011000000110010
4 29  100 0110011100010011011001000001101101000001001010011001101011101100100010100100001111000011000000100010
3 34  100 0110110101010011101001001000011101001001111010011101001110101100000010101100011111010001000000010101
runNumber 1
genCount 5502
elapsedTime 599.972
unaryHyperVol 145
binaryHyperVol 9.79762
additiveEps 0.607143
entropy 0.49717
archive 1
2
4 28  100 0010100010010000011010000000110101011000000101010001011101000000000000100100011101010001000001000101
3 39  100 0000101010010100011010100100110010101000001010011101001000100001000010110000011111010001000001010101
runNumber 2
genCount 5479
elapsedTime 599.904
unaryHyperVol 112
binaryHyperVol 13.9275
additiveEps 0.869565
entropy 0.481574
archive 2
3
5 31  100 1110000111010001010001000011011101001001101010010101001111100111100000000101001101010101101100010010
4 33  100 1110000100010001010001000011111101001001001010011101101111101101011010010100000100010101100100010110
3 34  100 1010100100010011111001001011011100000001001010011101000101100111001010001000011101010110101110000101
runNumber 3
genCount 5464
elapsedTime 599.954
unaryHyperVol 120
binaryHyperVol 22.9773
additiveEps 0.909091
entropy 0.49717
archive 3
2
7 29  100 0110010100010000001001000101010001000001000000010010101000101111111110011000011011010110000000100010
4 33  100 1110110100010000001001000001011100000001010000010110000000001110001110011000011011010111000001000110
runNumber 4
genCount 5435
elapsedTime 599.917
unaryHyperVol 87
binaryHyperVol 13.5267
additiveEps 0.84
entropy 0.529986
archive 4
4
9 32  100 1110000100010011011001001001000000011001111001000011010010100010110000111000000010010101000011100110
7 34  100 1110000100010011011001001001000100011000111001000011110010100010110000011000000010010101000011100110
4 35  100 1110000100010011011001001001000100011000111001000011110010100010110000011000010010010101000011100110
3 36  100 1110000100010001011001000001100000111011111010100000010010100010011110001000011011010101000000111010
runNumber 5
genCount 5221
elapsedTime 600.049
unaryHyperVol 120
binaryHyperVol 28.9298
additiveEps 1
entropy 0
archive 5
1
4 30  100 0010110100010000000001000001010101011000001010100001010101100000111110011000010010110001101101000101
runNumber 6
genCount 5347
elapsedTime 599.918
unaryHyperVol 126
binaryHyperVol 13.2174
additiveEps 0.826087
entropy 0.49717
archive 6
2
4 30  100 0110000100010001010000100011011001001000000000100101110001010101011110101000010110010100101101100010
3 34  100 1110000101010001010000010001000100000000001010000111010100010110011110100000010110010101101000000010
runNumber 7
genCount 5329
elapsedTime 599.806
unaryHyperVol 126
binaryHyperVol 11.65
additiveEps 0.75
entropy 0.529986
archive 7
4
7 29  100 0000110011010000000000000010011110011010111010011011101101100011001110101011100001110001100100100101
5 31  100 0000100011010000000000101000001100011010001010101001001101100011001110100000011101110001100101100101
4 35  100 0000000110010000010000000000101100011011001010101001001101100011001110100000101011010111101011110101
3 36  100 0000000101010100101001000010001011011010111010101101100001100001011110101011101100110001100100110101
runNumber 8
genCount 5474
elapsedTime 599.843
unaryHyperVol 81
binaryHyperVol 27.1067
additiveEps 0.88
entropy 0.49717
archive 8
2
5 33  100 1010100000010111011010000001011101011010011010011111110001010101000010101000011010010101100000100101
4 36  100 1110111100010001011010000001011101011001001010011111100000101111010010000100011111010101101001010101
runNumber 9
genCount 5399
elapsedTime 599.976
unaryHyperVol 96
binaryHyperVol 11.6322
additiveEps 0.724138
entropy 0.49717
archive 9
2
4 32  100 0000110111000100101001110011011110111000001010010101110001100010101010000000010010010001000000100101
3 40  100 0010010111010000001010000101000111111001101010000101101000100100011010000000010010010001000001010101
runNumber 10
genCount 5372
elapsedTime 599.787
unaryHyperVol 91
binaryHyperVol 15.9394
additiveEps 1
entropy 0
archive 10
1
3 33  100 0000101000010100001010000001000000000010001010010001110110101011000000100000100000010001101111100101
runNumber 11
genCount 8815
elapsedTime 731.427
unaryHyperVol 96
binaryHyperVol 28.9365
additiveEps 1
entropy 0
archive 11
1
4 32  100 0110110100010000011001000011000101001010010101001001100111010100100000010000011011110000101010100010
runNumber 12
genCount 7321
elapsedTime 706.044
unaryHyperVol 168
binaryHyperVol 12.0556
additiveEps 0.75
entropy 0.447913
archive 12
4
12 26  100 1110010000010001000000001010010100001001001010110001111101101111101110011000011100010101000000010010
5 27  100 1110000101010001000000010011110101011001001010110001011101101011101110011000011100110101000000010010
4 28  100 1110011110010001101001000011000101001001001010110001111101101111101110011000011100010101000000010010
3 31  100 1110000100010001001001000011010101001001001010010001110001101101000110001000011100010101000000011010
runNumber 13
genCount 5450
elapsedTime 600.027
unaryHyperVol 112
binaryHyperVol 20.0884
additiveEps 0.904762
entropy 0.481574
archive 13
3
10 30  100 0110001000010111010000110001001110000011001010000001101100100001001110101101000011010111000000101010
6 31  100 0110001000010111010000110001001110000011011010000101101100100001001110101100000010010111100000101010
4 32  100 0010001100010011010000110000010110000001001010000001110111100001110110101101000001110011100110001010
runNumber 14
genCount 5305
elapsedTime 600.001
unaryHyperVol 21
binaryHyperVol 33.4112
additiveEps 0.961538
entropy 0.49717
archive 14
2
16 36  100 0000000111110100011010010000000101011001000001000011110101011101001101000111010000010001000000100101
9 37  100 0000111111010100011010110001001101011001000010000011000001010110001101010111010010010101000011110101
runNumber 15
genCount 5397
elapsedTime 599.878
unaryHyperVol 209
binaryHyperVol 13.7778
additiveEps 0.857143
entropy 0.481574
archive 15
3
12 23  100 0110000000010000000000100010010101011001001010000001010000100001011110010000000001110110100000100010
6 24  100 0110000000010000000000100000010101011001001010000001100001100010101110011000010001110110100100110010
3 25  100 1110000001010001010000100010001101001001001010000001001000100010101110011000010111010110100100100010
runNumber 16
genCount 5236
elapsedTime 600.009
unaryHyperVol 180
binaryHyperVol 14.0784
additiveEps 0.882353
entropy 0.49717
archive 16
2
4 26  100 1110000100011000010000001011011000000011001010010001101001100001100110010100000000010101101000100010
3 28  100 1010000110010000101001000011111111000001001010010010101101100000110110001000010010010101101001100010
runNumber 17
genCount 5317
elapsedTime 599.988
unaryHyperVol 169
binaryHyperVol 15.9167
additiveEps 1
entropy 0
archive 17
1
3 27  100 0000111111010100001010010001000101000001001010010001011101101111101110101000100010010001100000110101
runNumber 18
genCount 5498
elapsedTime 599.921
unaryHyperVol 72
binaryHyperVol 20.2976
additiveEps 0.916667
entropy 0.49717
archive 18
2
10 33  100 1110101001010011101001010001101101000010000010001000110010010111100010100000011000000001000001100101
4 35  100 1010101001010011101001010001101101000000001010101000110110100111000010100000010101000001000010100101
runNumber 19
genCount 5401
elapsedTime 599.966
unaryHyperVol 127
binaryHyperVol 15.1833
additiveEps 0.95
entropy 0.49717
archive 19
2
6 30  100 0010010100010000010101000010000101011010011010011001101101100011100000011100010010010100101011111110
3 31  100 0000000100010001010001001000111101011010101010011001111101100001100000011000010010010100101000101010
runNumber 20
genCount 5348
elapsedTime 600.01
unaryHyperVol 117
binaryHyperVol 12.205
additiveEps 0.76
entropy 0.449615
archive 20
3
11 30  100 0000001011110100010000110001010101011001101010000001011001001010110000011011000000110000101000100101
4 31  100 0000101111110100000000110001110101011001101010000001011110100001100000011011000001110000101010010101
3 36  100 0000000111110100010000111001110101011001101010000000000110101110100000001000010000010001101000100101
runNumber 21
genCount 5543
elapsedTime 599.947
unaryHyperVol 91
binaryHyperVol 15.9394
additiveEps 1
entropy 0
archive 21
1
3 33  100 0000000101010100010000100010000000001010001010100011010110100010011110110100011000010110101100110010
runNumber 22
genCount 5329
elapsedTime 599.961
unaryHyperVol 152
binaryHyperVol 14.3158
additiveEps 0.894737
entropy 0.49717
archive 22
2
5 28  100 1110100100010000101010001101111001000001011010010001010100101011011100010000010010010001101011000101
3 30  100 1110110100010000001001001111011111000001011010010001010100100011011110010000010010010001101111110101
runNumber 23
genCount 5428
elapsedTime 599.969
unaryHyperVol 90
binaryHyperVol 20.752
additiveEps 0.84
entropy 0.481574
archive 23
3
8 31  100 1110010110010101111010010011000001000010001010011111110101101011110000100100011111110011000001100010
7 34  100 1110011111010101101010010011000001011010101010011101110011100011110000100100011111110111000010111110
4 36  100 1110010111010001111010010011000011001010011010001101010111101011110000100100011111010011000011011010
runNumber 24
genCount 5435
elapsedTime 599.983
unaryHyperVol 152
binaryHyperVol 25.8667
additiveEps 0.8
entropy 0.49717
archive 24
2
5 27  100 1110100111010000000000101010000101110100000101000000110001000100001010101000010111010111000000100010
4 31  100 1110000111010000010000100100000101110100000101000000110001000100001010101100010111010111000010100010
runNumber 25
genCount 5258
elapsedTime 599.958
unaryHyperVol 69
binaryHyperVol 24.7473
additiveEps 0.846154
entropy 0.449615
archive 25
3
10 33  100 0010001100010001010000101100110101001011011010010001111101101100000000001100100000010101000001100101
6 34  100 0010000100010101010010100000110101011011011010010101111101100111000000001000100111010101000001100101
5 37  100 0000000100010101010010001100110001000000001010000011110101100101000000001000100000010101000001100101
runNumber 26
genCount 5384
elapsedTime 600.029
unaryHyperVol 99
binaryHyperVol 11.0828
additiveEps 0.7
entropy 0.449615
archive 26
3
13 31  100 0000100100110100101001010001001110000001000000001101110000000010100000010000010011000000000001100101
4 32  100 0000100101010100101001000001011110000000011010011101110000100010100000010100010011010000011010100101
3 40  100 0000000101010100001001001000010011000000011010001101100000100111010000010010101100000001101001100101
runNumber 27
genCount 5368
elapsedTime 599.977
unaryHyperVol 161
binaryHyperVol 12.8667
additiveEps 0.8
entropy 0.481574
archive 27
3
6 27  100 0110000100010111011010100001001100000001001010010001001101101010100000101000010010010001100000010101
4 29  100 1110000000010111001010100000001000000011001010010001001101101110110000101100010010010001101001110101
3 31  100 1110100000010011011010100001001000000001001010111101000110101110010000101100010010010001100001100101
runNumber 28
genCount 5392
elapsedTime 599.942
unaryHyperVol 82
binaryHyperVol 22.0899
additiveEps 0.857143
entropy 0.481574
archive 28
3
10 29  100 0110110100110111110101000111011001111001000101010001110001100000100110101000100110010000101000001110
9 32  100 0110010100110111110101000001010010011001000101010111010001100000000110101000101000010000101000110110
5 38  100 0110100100110011110101000101000100101001000101001011110011100111101110101111101100010001101001110101
runNumber 29
genCount 5290
elapsedTime 599.99
unaryHyperVol 147
binaryHyperVol 10.36
additiveEps 0.68
entropy 0.444471
archive 29
4
9 27  100 0000110000011010010000100010000101011001111010111001001110100000000000000100000010110011000000001010
8 28  100 0000110001010100000000100011010100011001111010011101010010100001111110000100000010110011000000011110
4 30  100 0000110000011000000000100011110101011010011010010001111010100001110110000100000001010111000000101010
3 36  100 0000000010010001010000101011100101011010011010010001111010100001110110000100010011010111000000001010
