OptimalFront
unaryHyperVol 265
3
6 11  100 1000001000100100010110000010001100110101001010011001010100000011010000010000010010010100101111110101
5 12  100 1000001000100100010110000010001100110101001010010001010100000011010000010000010010010000101111110101
3 13  100 0100001001010100010110000010001100110101001010011001010100101011011000110001100010010001101111110101
-------------------------
runNumber 0
genCount 5346
elapsedTime 599.822
unaryHyperVol 52
binaryHyperVol 9.37179
additiveEps 0.846154
entropy 0.481574
archive 0
3
12 31  100 1111001001010000000000110010000100110110000101000001001000010100001011000000010000010101001100110110
4 35  100 1101101001010000110000110010011100110110101010010001011100101000001001000000010000010101001100110010
3 37  100 0111101001010000110000110010000100110100101010101000111100101000001001000000010000010101001100110010
runNumber 1
genCount 5466
elapsedTime 599.959
unaryHyperVol 128
binaryHyperVol 10.6176
additiveEps 0.882353
entropy 0.481574
archive 1
3
7 26  100 0100110100100101010101001010110100110101001010010001111000000001111000010000011100000000101000110101
6 27  100 0100110100100100010101000110000100110101001010010001111000000011111000010000011100010001101101010101
3 28  100 0000010100100100000101001110111100110101001010010001011001101011101000000000011100000001101000110101
runNumber 2
genCount 5481
elapsedTime 599.953
unaryHyperVol 120
binaryHyperVol 10.1184
additiveEps 0.842105
entropy 0.449615
archive 2
3
7 27  100 1000110100100101010101001010000100101000001010010001000100101011111000011100011000010100101110110101
4 28  100 1100110100100101010101000010000000101111101010010001000100101011111000011100011001010100101110110101
3 30  100 1000010100100100001101001110000100011001011010110001100100101011011000011100010001010101101100110101
runNumber 3
genCount 5527
elapsedTime 600.042
unaryHyperVol 112
binaryHyperVol 17.3039
additiveEps 0.882353
entropy 0.481574
archive 3
3
9 26  100 1100001000100101010110000010000000111101011010010101101001101001010000110011000100010111000100000110
7 27  100 1100001000100101010110000010000100110001001010010101101001101001011000010101000100010111000100100110
4 28  100 1100001000100101000110000010000000111101001010010101001001101000001000010101000110010011000100100110
runNumber 4
genCount 5403
elapsedTime 599.913
unaryHyperVol 109
binaryHyperVol 9.74286
additiveEps 0.809524
entropy 0.449615
archive 4
3
8 28  100 1101011000010001010000000010010001000101001010111001011101101011011010110000010010010100011100000101
4 29  100 1101011001010001010000000010010001000101001010111001011101101011011010110000010010010100011100000101
3 32  100 0101001001010010010000100010010001000101001010111000011100101001011010110000010010010100010010010101
runNumber 5
genCount 5339
elapsedTime 599.998
unaryHyperVol 54
binaryHyperVol 24.8056
additiveEps 0.958333
entropy 0.49717
archive 5
2
6 34  100 0011010100100100001100010101011001110110001010011110011001101011011000011000011010010100101111010110
4 35  100 0011010100100100011001000101011001110110001010111110011001101001011000101100011110010100101111011010
runNumber 6
genCount 5408
elapsedTime 599.886
unaryHyperVol 48
binaryHyperVol 38.1389
additiveEps 0.958333
entropy 0.49717
archive 6
2
6 34  100 0011010101100100001101000010100001000101101010100001010111000011011000110101001100110011000001000110
5 35  100 0100010100100100010001001110011000011000111010010001010100000011000101010101001100100011000001001010
runNumber 7
genCount 5031
elapsedTime 600.013
unaryHyperVol 80
binaryHyperVol 10.0694
additiveEps 0.833333
entropy 0.481574
archive 7
3
6 31  100 0100110101010001001100000010100001110111001010011010011011101000111001110000010010001000011100010010
5 33  100 0100110101010001001100000010100001010111001010011001011011101000111001110000010001001010011100010010
3 35  100 0100010101010001001101000010000000110111001010011010100111101010111001010100010101010100011100011010
runNumber 8
genCount 5370
elapsedTime 600.011
unaryHyperVol 135
binaryHyperVol 8.91228
additiveEps 0.736842
entropy 0.449615
archive 8
3
6 25  100 1100001000100101010000010110000001111101000101000101000100101011011010111100010010010100101101000010
4 27  100 1100001000100101010000010110000001111101001010000101000100101011011010111100010010010100101101000010
3 30  100 0000001000100100010000010110100001111101001010010001010100101011101000111100011011010110100000110010
runNumber 9
genCount 5321
elapsedTime 599.826
unaryHyperVol 147
binaryHyperVol 9.15625
additiveEps 0.8125
entropy 0.449615
archive 9
3
7 23  100 0100010111010100010000110010001100110111001010001001011001101011010010110001100010010101011111110101
6 26  100 0100010101010100100010110010001100110111001010001001001001101011010001110000100010010101011111111101
3 27  100 0100010101010100100000010010101100110111001010001001001011101011011001110011100010000001111111110101
runNumber 10
genCount 5127
elapsedTime 599.999
unaryHyperVol 184
binaryHyperVol 7.01786
additiveEps 0.571429
entropy 0.481574
archive 10
3
7 19  100 0100001000010001010000000010001100010101001010011001010000101011010000010000010000010100101111111010
5 20  100 0100001001010001010000000010001100010101001010011001010000101011010000010000010000010100101111111010
3 25  100 0100001001010001010000000010001100010101001010011001010010101000001010010000010000010100101111111010
runNumber 11
genCount 9137
elapsedTime 763.529
unaryHyperVol 158
binaryHyperVol 8.97917
additiveEps 0.75
entropy 0.49717
archive 11
2
4 23  100 1000001000100100010110000010110001111111111010011000010101101011011000110100010010010101011111110101
3 27  100 1100111001100100010110000010110100111111111010011010010101101011011000110100011110010001011111010101
runNumber 12
genCount 6317
elapsedTime 672.649
unaryHyperVol 122
binaryHyperVol 7.48913
additiveEps 0.652174
entropy 0.529986
archive 12
4
7 25  100 0100001000010001110110000001011110110001101010011101011000000010011000010000011010010000101101100101
5 28  100 0101111000010001111110000101011010110101101010010010010100000011011000010000011010010000011011110101
4 32  100 0101011000010001110000000101011111100101101010010010111000101011011000000000011010010100100110110101
3 34  100 0101010101010011010000000001011110110000101010011101011000101010111000010000010010010101101011100101
runNumber 13
genCount 5521
elapsedTime 599.957
unaryHyperVol 95
binaryHyperVol 10.8413
additiveEps 0.904762
entropy 0.49717
archive 13
2
5 30  100 1101001001010010011100111010000000110101001010111001010100101000000101110000010001110101000011010101
3 32  100 0101001001010000010000111010000101110101001010101001011000101001010101111000010000110001101001100101
runNumber 14
genCount 5363
elapsedTime 599.929
unaryHyperVol 41
binaryHyperVol 8.92381
additiveEps 0.8
entropy 0.506429
archive 14
4
10 33  100 0100010101010000001110101010010011110110011001010110100100000000001000010001000000010100110011000101
9 36  100 0100010101010001100000011010000011010011011001010110100100000000001000011001000000010100110010100101
4 37  100 0110011001010000100000010010000111100111011001000101000100101001011010111100010100010101110010110101
3 41  100 0100011001010000100000011010000111100101011010110110100101101001001010101100011100010101111101100101
runNumber 15
genCount 5292
elapsedTime 600.017
unaryHyperVol 51
binaryHyperVol 9.5
additiveEps 0.785714
entropy 0.529986
archive 15
4
11 33  100 1101010100010000110010000101011100110101101010111001010110101010001001110000000110010011000100110110
8 34  100 1111101000010011110000010001011100101101101010111001010110101000001001110000010010010011001100010110
4 36  100 0111010101010001000001000001010101100101101010001000010111101001011001110000000110011011100100010010
3 39  100 0101011001010000010000000001010101001111101010000100101000101011011000100000010110010111000000010110
runNumber 16
genCount 5388
elapsedTime 599.914
unaryHyperVol 62
binaryHyperVol 11.0417
additiveEps 0.916667
entropy 0.49717
archive 16
2
8 33  100 1101011000010001000000000010111111111001111010100000011000101011101000111000010011010001011011010101
3 35  100 0101011001010001000000010010111111110001111010100000011000101011101011101100011100010100111111110101
runNumber 17
genCount 5454
elapsedTime 599.968
unaryHyperVol 132
binaryHyperVol 9.96296
additiveEps 0.833333
entropy 0.49717
archive 17
2
4 26  100 0100001001010100010000000001010100110111010010011001000101101011111000110101101110000001111111100101
3 29  100 0100011001010100000000010001011100000100001010011001010100101010111000010001101110100001110011000101
runNumber 18
genCount 5503
elapsedTime 600.014
unaryHyperVol 82
binaryHyperVol 10.9432
additiveEps 0.909091
entropy 0.49717
archive 18
2
7 31  100 1000010100100100010001000110001001100001001010010001010100101000001001110001000100010111111100010010
3 33  100 1000010100100100010001000110001001100001001010010101010100101000001010010100010000010101111100010010
runNumber 19
genCount 5230
elapsedTime 599.957
unaryHyperVol 118
binaryHyperVol 10.7083
additiveEps 0.888889
entropy 0.49717
archive 19
2
7 27  100 0100010100010100010000000010011100110101011010000111010100101001000101110010100000010101100111110101
3 29  100 0100010101010100101010010010001100110101111010001111010100101001010101111000100110010001101101000101
runNumber 20
genCount 5210
elapsedTime 600.032
unaryHyperVol 93
binaryHyperVol 13.0971
additiveEps 0.64
entropy 0.444471
archive 20
4
10 26  100 1000001001101010100000000010000000110101001010010101010100101000000101110000000001110100100100000110
6 28  100 1000001000101001010000111010000000110110001010010001010100101000000101110100000010010101001001000110
5 35  100 1010011001101010100000110010010001110101001010010101010100101000000101110000000101110110000100010010
4 36  100 1000001010101001100000000010010101100001111010010101101100101000000101100000000111010110000100010110
runNumber 21
genCount 5270
elapsedTime 599.977
unaryHyperVol 148
binaryHyperVol 19
additiveEps 0.916667
entropy 0.49717
archive 21
2
8 22  100 0100001001010101110010001010000101011010000101010101010101000000101010000001100010010100101111110101
4 23  100 0100001001010100010000011010000100010110000101011000010101000000011000000101100010010100101110100101
runNumber 22
genCount 5359
elapsedTime 600.176
unaryHyperVol 108
binaryHyperVol 11.9074
additiveEps 1
entropy 0
archive 22
1
3 29  100 1000001000100100110000110001011111110101011010001001011000101011011011001000010010010101111110100101
runNumber 23
genCount 5349
elapsedTime 599.883
unaryHyperVol 59
binaryHyperVol 10.2099
additiveEps 0.851852
entropy 0.49717
archive 23
2
4 34  100 0101001001010011000000110010011100110000011010101101110011000000011000110000011111110001001110110101
3 38  100 0101001001010011000000100010011000010000011010111110110101101000011000010000011111110001001110110101
runNumber 24
genCount 5133
elapsedTime 599.98
unaryHyperVol 150
binaryHyperVol 24.2778
additiveEps 0.916667
entropy 0.49717
archive 24
2
6 22  100 0000001000100100011100000010000100111101000101010011110101000001011000010000010001000001101011110101
4 23  100 0000001000100100011100000010000100101101000101010011110101000000000000010000010001000001101011110101
runNumber 25
genCount 5361
elapsedTime 599.979
unaryHyperVol 100
binaryHyperVol 19.7375
additiveEps 0.9
entropy 0.49717
archive 25
2
7 27  100 0100110100010100001101000010000000110101101010010001011101101001010000000000010001010100000011110101
4 31  100 0110110101010001010101000010110100000000001010101001011100101010011000000100010001010100000011110101
runNumber 26
genCount 5251
elapsedTime 599.921
unaryHyperVol 74
binaryHyperVol 11.4675
additiveEps 0.954545
entropy 0.49717
archive 26
2
10 32  100 0101001001010001110000010010000100010010110010001000100100101011010000000100011010010111001011110101
3 33  100 0101001001010001110000001010000111000110001010011010110101101001011000010100011010010111001011110101
runNumber 27
genCount 5451
elapsedTime 599.866
unaryHyperVol 125
binaryHyperVol 8.25758
additiveEps 0.681818
entropy 0.481574
archive 27
3
5 26  100 1100001011100100010010001010011111011101001010010001010100101001011000010100010010010100000011110100
4 29  100 1100001011100100010010001010001101011100001010010000111000101001011000010100010010010000000011110100
3 33  100 1100011000100100010000010010010001110100101010010001111000101011111000010100010001010100101001101110
runNumber 28
genCount 5357
elapsedTime 599.967
unaryHyperVol 44
binaryHyperVol 19.52
additiveEps 0.96
entropy 0.49717
archive 28
2
8 35  100 1000010101100100010000000001111101110101010000010101101111101011000101010100001111110011001101010110
4 36  100 0000010101100100010001000010001100010110011010010101101100101001100101000100010100100011001101100010
runNumber 29
genCount 5459
elapsedTime 599.958
unaryHyperVol 117
binaryHyperVol 11.902
additiveEps 1
entropy 0
archive 29
1
3 28  100 0100001000100100010000000110010001111101001010010111110101101001101000000000010011010100101111110101
