OptimalFront
unaryHyperVol 297
1
4 10  100 0100101001110110101010000100011111101001001001000110010001101011000101111001100001010010100011110010
-------------------------
runNumber 0
genCount 31026
elapsedTime 600.006
unaryHyperVol 97
binaryHyperVol 13.6
additiveEps 1
entropy inf
archive 0
2
5 28  100 0110101001010010101001011101011011101001001101111010100000101011100111011111100001100011101011110110
4 30  100 0000101011111101110000010111011111101001000111111010100000101011100101011010101101101011101011110010
runNumber 1
genCount 31216
elapsedTime 599.997
unaryHyperVol 120
binaryHyperVol 11.37
additiveEps 0.8
entropy -inf
archive 1
4
9 25  100 0100101001110100101001010100001111000001001101101010010100000001011001000001100011101001011011110110
6 26  100 0110101001110111101001010100001111000001010101011010010101001011111001000001011111100011011011110110
5 29  100 0110101001110100101001011101001111001001101110101010101010101011111001000001000001101001011011110110
4 30  100 0110101011110100001001011101001111000000001101101010101010101011111001000001000001101001011011110110
runNumber 2
genCount 31532
elapsedTime 600.003
unaryHyperVol 183
binaryHyperVol 11.5
additiveEps 1
entropy inf
archive 2
2
9 19  100 0100010101111101101001000011010100101001001000000110010111101011001001111001010001101010101011110110
4 22  100 0100010100111001001001000011011100101000001000000110010111101011001001111001001001100110101011110110
runNumber 3
genCount 31552
elapsedTime 599.989
unaryHyperVol 88
binaryHyperVol 333
additiveEps 333
entropy 0
archive 3
1
4 29  100 0100101000001001111001111100100110101001000101000110000001101001111111110101100001100010101000000010
runNumber 4
genCount 31488
elapsedTime 600.011
unaryHyperVol 119
binaryHyperVol 19.6543
additiveEps 0.740741
entropy -inf
archive 4
3
7 23  100 0111010100011101101001001000110100101001001101001110010001101011101001111011100000101110101011110110
6 30  100 0010010100111111101001001000111100101011010111000010010001101011101000011111011010101110101011110110
5 37  100 1011011011000111101001110000001100101011011110001110110110101000111100111011101100101111101001101110
runNumber 5
genCount 31516
elapsedTime 599.999
unaryHyperVol 43
binaryHyperVol 14.4167
additiveEps 1
entropy inf
archive 5
2
5 33  100 1000101001000000011001110101010011101001111001010010100000101010010111010101101000101010101011100101
4 34  100 0000101011001111101001110100110001101010000111001010010010101000010111010100101000101010101011110101
runNumber 6
genCount 31074
elapsedTime 599.996
unaryHyperVol 40
binaryHyperVol 13.3
additiveEps 0.96
entropy -inf
archive 6
3
10 32  100 0110101001000010011001110111010001101001001100000110001010010101010100111101010100100001101011000110
7 34  100 0111101011000010101001110001011001101010011000010000011001010101001101011011000100100001101011000110
4 35  100 0111101011000110111001110001000001101001011100010110001110010100001101011011000100100001101011000110
runNumber 7
genCount 31008
elapsedTime 599.998
unaryHyperVol 108
binaryHyperVol 13.5263
additiveEps 1
entropy inf
archive 7
2
5 27  100 0110101001110101011001110101010000101010110000000110010011101011111111001101100001100010101010110110
4 29  100 0110101000110101011001110101000000101010111000001110010110101001111101110101100001100010101010110110
runNumber 8
genCount 31465
elapsedTime 599.982
unaryHyperVol 125
binaryHyperVol 12.5294
additiveEps 1
entropy inf
archive 8
2
10 24  100 0100101001110111101010000110011100101010000011011010010011101000010101111001010001010010101001000110
4 27  100 0100101001110111101010000110011100101010000011011010100111101000000100111011010001010010101001000110
runNumber 9
genCount 31935
elapsedTime 599.988
unaryHyperVol 102
binaryHyperVol 13.5263
additiveEps 1
entropy inf
archive 9
2
8 27  100 0100101001110100001001111001011100101001001101110110010001101000110100000010100011100001101011100110
4 29  100 0100101011000100101001110001011110101000001101100110010001101000010000110010100111100000101011100110
runNumber 10
genCount 31894
elapsedTime 599.995
unaryHyperVol 145
binaryHyperVol 9.975
additiveEps 0.75
entropy -inf
archive 10
3
6 23  100 0110010101110101101001000011001100010101111101000010010101101011001001110001000001101011101011001010
5 25  100 0000010100010110101001000100000101010101110110111010010100101011001001110001000001100011101011101010
4 30  100 1010010101000110101001001101000101010111111111000010010111101001001001010111000001100000101011001010
runNumber 11
genCount 31629
elapsedTime 600.014
unaryHyperVol 135
binaryHyperVol 10.4632
additiveEps 0.789474
entropy -inf
archive 11
4
9 23  100 0100000001111101000000010111010100101001001000001010010001101011111001111101100001100011101000110010
7 25  100 1111000001111100000000010111010100101001001000001010010001101011111011111101100001100011101011111110
6 26  100 1111000001111001010000010111010100101001001000001010010001101011111011111101100001100011101011101110
4 29  100 0111000000011101010000010111000000101001001100001010000000101011011000111001100001100010101010111110
runNumber 12
genCount 32022
elapsedTime 600
unaryHyperVol 163
binaryHyperVol 7.8
additiveEps 0.7
entropy -1.37294
archive 12
5
8 20  100 0100101010111101101010000100101111101001001001000110010010101001000101111001100000010011101001000110
7 23  100 0100101001101101101010000110100111101000001001000110010001101000001101011001010000010010100000010010
6 24  100 0100101001101101101010010111101111101000001101000110010010101011000111111001000000010010100000010010
5 27  100 0100101001101101101010000011101111101001001001000010100001101000001101100100001001010001101001100110
4 30  100 0100101001101101101010000011101010101000001101000110010010101001000111101111100001010011101001001110
runNumber 13
genCount 31262
elapsedTime 599.988
unaryHyperVol 100
binaryHyperVol 51
additiveEps 1
entropy 0
archive 13
1
5 27  100 1100010101111010010101000101000111101001001110000110110101101000111001000001000000100101010111110101
runNumber 14
genCount 31766
elapsedTime 600.009
unaryHyperVol 143
binaryHyperVol 333
additiveEps 333
entropy 0
archive 14
1
4 24  100 0100101000110110111001111000010011101001001101000110010000101000001010101001100010101110101001010101
runNumber 15
genCount 31237
elapsedTime 599.988
unaryHyperVol 110
binaryHyperVol 333
additiveEps 333
entropy 0
archive 15
1
4 27  100 0100000011000010010000011000111111101011011001011010111000101001001100111001100001100010101011110010
runNumber 16
genCount 31623
elapsedTime 600.004
unaryHyperVol 118
binaryHyperVol 13.3102
additiveEps 0.941176
entropy -inf
archive 16
3
15 25  100 0100101001010110101010000111011110101010111001000110100001010101011111110101100100010011101011010010
7 26  100 0000101001010110101010000111011110101010101100000110110001010101001101111101100100010001101011010010
4 27  100 0100101001010110101010000111011110101010111000010110100011010100011111110101100100010010101011010010
runNumber 17
genCount 31470
elapsedTime 599.996
unaryHyperVol 118
binaryHyperVol 14.1765
additiveEps 1
entropy inf
archive 17
2
7 26  100 0100101010100101101010000110011111101010000001100110010001101000011001000101110011100100010101000101
4 27  100 1000101010110100101010000110011110101010011011000110010001101000110101000001110001100101010100000101
runNumber 18
genCount 31469
elapsedTime 600.003
unaryHyperVol 132
binaryHyperVol 333
additiveEps 333
entropy 0
archive 18
1
4 25  100 0111101001100110101010000101011110101001001011010110111001101000010101111100100001100101101001110101
runNumber 19
genCount 31529
elapsedTime 599.987
unaryHyperVol 155
binaryHyperVol 28.625
additiveEps 1
entropy inf
archive 19
2
6 21  100 0100101001110101110000000101011111010100010101100110010100101001001011111001100001100100101011110110
5 26  100 0100101000011111110000000101110011010100001101000110110101101011001010110010100111100010101011010110
runNumber 20
genCount 31765
elapsedTime 599.996
unaryHyperVol 108
binaryHyperVol 13.5263
additiveEps 1
entropy inf
archive 20
2
5 27  100 1100101001110111101010000100010011101001001101010110010100101011110100010000111101100100101011010101
4 29  100 1100101001101111101010000101010011101001001001011110010000101010100111001010110010100101101011000101
runNumber 21
genCount 31889
elapsedTime 600.004
unaryHyperVol 119
binaryHyperVol 13.4444
additiveEps 1
entropy inf
archive 21
2
5 26  100 1100000001111110010000010101011101101001001001000010010000101000001101101011111010101110101011000110
4 28  100 0100000000111110010000010111011101101001001101010010010010101010001111111101111001100110101000100110
runNumber 22
genCount 31328
elapsedTime 599.998
unaryHyperVol 127
binaryHyperVol 12.5926
additiveEps 0.888889
entropy -inf
archive 22
3
7 25  100 1000000011111100010000010110011101101000001001101010010001101011011101111001010001100110101011110101
5 26  100 1000101011100101110000010000011100001000001001001010010001101011010101111001110011100110101011100101
4 28  100 1000101011100101110000010000011100101000001001101010010001101011011101111001111011100110101011100101
runNumber 23
genCount 32269
elapsedTime 599.998
unaryHyperVol 69
binaryHyperVol 11.5267
additiveEps 0.84
entropy -inf
archive 23
4
10 29  100 0100101010110101101010000111110100000011001101010010000001000011000011010101010001100100101011101110
8 31  100 0000101001100001101010000011111111101000001101010010000000000000101010000101000001100100101011110010
5 32  100 0011101001110001110000000111111111101000001111010010000001100111110101110001011110100100101001100010
4 35  100 0000101000110001110000000110001111101011110010111110101110100111110101110000011110100100101001111110
runNumber 24
genCount 31586
elapsedTime 600.004
unaryHyperVol 70
binaryHyperVol 12.14
additiveEps 0.88
entropy -inf
archive 24
3
6 30  100 0100011011111101010101010100110011101001010111010010010001101000110011111001111001100101101001110101
5 32  100 1100011011000101000101110110110111101000111101010010010101101011000011111000010001100101101001010101
4 35  100 0100101011111101001010111010000101101000001100010110110101101001111010101000011001100101101001110101
runNumber 25
genCount 31799
elapsedTime 599.997
unaryHyperVol 132
binaryHyperVol 12.4824
additiveEps 0.882353
entropy -inf
archive 25
3
9 24  100 0100010101111101101001001110010100101001001010010110011111101011000101110111100110100000101011110110
7 25  100 0100010101111111001001011111010100101001001010010110010000101011011110111001110001101110101011111010
4 27  100 0100010101111101001001001111010100101001001010011110011110101011001001110101110010100000101010010101
runNumber 26
genCount 32321
elapsedTime 600.005
unaryHyperVol 99
binaryHyperVol 10.42
additiveEps 0.8
entropy -inf
archive 26
3
6 27  100 0111011000100000000001110100110000101010000100001110010001101011001010110001001001100010011011110101
5 30  100 1101101000100110001001110100110000101010010100001110010010101011001010110001001001100010011011101110
4 35  100 0101101000110001001001110010100000101011010000100110111001101001011101110101111011100010101011100110
runNumber 27
genCount 31080
elapsedTime 599.99
unaryHyperVol 101
binaryHyperVol 11.2826
additiveEps 0.869565
entropy -inf
archive 27
3
6 27  100 0100101000110100110000001100000001101001001010010110010011010101000101111001010100100010101001010010
5 30  100 1100101001010100110000001100000011101000100000010010010001100100001101111100010101100010101001000010
4 33  100 0100101010010101110000100100000001101001000000010110111110100100000100111100010101100000101001000010
runNumber 28
genCount 31396
elapsedTime 600
unaryHyperVol 109
binaryHyperVol 13.4167
additiveEps 0.944444
entropy -inf
archive 28
3
12 26  100 1000000011111111010000010100101110101001001001001010010011101010011101100001100000101010100011110010
8 27  100 0011000011111111000000010100101110101001001001001010010001101000010101111110110010101010101011110110
4 28  100 1000000011001110010000010100001110101001001001001010010001101001011101111110011100101010101001110110
runNumber 29
genCount 31993
elapsedTime 600.004
unaryHyperVol 127
binaryHyperVol 11.5
additiveEps 1
entropy inf
archive 29
2
5 25  100 0100101001110001110000000100000101101001011011101010011101100100001001111101010001100110101010100110
4 30  100 0100101001110001110000000101000000101011010100010010111001100100001011111101010001100110101010100110
