OptimalFront
unaryHyperVol 328
2
4 7  100 0101101000111111000001000110101011101000011010100111000111101000101000000000000000000001000101010101
3 9  100 0101101000111111000001000110101011101000011010100111000111101000101000000000000000101001000101011010
-------------------------
runNumber 0
genCount 5226
elapsedTime 599.865
unaryHyperVol 157
binaryHyperVol 10.6
additiveEps 0.75
entropy 0.472411
archive 0
4
6 22  100 0111101000111111010100110110100000100001001010110101000011101000011000000100000000000011001111111010
5 23  100 0111101000111111010100110110100000100001001010110101000111101010011000000100000000101010001111011010
4 24  100 0100011000111111010100110110100000100001001010110101000011101000011000000100000000100011001111111010
3 27  100 0100101000111101000001011001011100100000111010111111010111101000011000000100000000101011001111011010
runNumber 1
genCount 5193
elapsedTime 599.973
unaryHyperVol 86
binaryHyperVol 11.2083
additiveEps 0.875
entropy 0.472411
archive 1
4
14 26  100 0001101000111101000001100100010101100001101010101011001011101000001000100000110000100000000100001010
8 28  100 0111101010111101000001000001010111100000101010111011001011101000001000100010110011100000010101101010
6 30  100 0001101000111101000001100001010101100001101010001011001011101001010101100000110000100000000101001010
3 31  100 0001101000111111000001100001010101100001101010111011001011101001000101100000110000101000000100001010
runNumber 2
genCount 5044
elapsedTime 599.985
unaryHyperVol 139
binaryHyperVol 9.2253
additiveEps 0.695652
entropy 0.54796
archive 2
4
14 22  100 0111101000111111000101000110001011100101101010101011000001001000011000000111110000100000010100001010
8 23  100 0111101000111111000101000110001111100101101010001011000101001000011000000101010000100000010100001010
4 25  100 0111101000111111000101000110001011100101101010101011001100000011001000010101010000100000010100001010
3 30  100 0111101001010110000001000101010010101001101010101011000100101010011000000011010010101000010100011010
runNumber 3
genCount 5021
elapsedTime 599.912
unaryHyperVol 103
binaryHyperVol 10.5556
additiveEps 0.925926
entropy 0.509891
archive 3
2
4 27  100 1100101000110000000001001010011011101110111010101111001100001010101000011000001001101001001001001010
3 34  100 0101101010100000010001011010111010100111101010110001000101101010101000011001000101101011001001111010
runNumber 4
genCount 5214
elapsedTime 599.996
unaryHyperVol 54
binaryHyperVol 12.4815
additiveEps 0.9
entropy 0.5994
archive 4
3
13 31  100 1001101000110111000001101010110000101110011001010011111101000000000101101100100100101001010101001010
4 32  100 1101101011111111000001010010110000101110011010010010010000001011011000000101101010101001110101001010
3 34  100 0001101011000111000001010010100010100100011010110011011000101000010101110111001010101001011101001010
runNumber 5
genCount 5192
elapsedTime 599.947
unaryHyperVol 111
binaryHyperVol 21.119
additiveEps 0.904762
entropy 0.509891
archive 5
2
7 25  100 0110101000111111101010000110001111101001010000110001010100001011101000010101010000100000110100011010
4 28  100 0101101001100111001010000110001011101101011010010001010000001011101000010101000000100000111100001010
runNumber 6
genCount 5022
elapsedTime 599.997
unaryHyperVol 144
binaryHyperVol 23.7963
additiveEps 0.888889
entropy 0.509891
archive 6
2
6 22  100 0101101001010111000100001010001011101000001010101100001001101000101000011000110100100001001001110101
4 25  100 0001101001101100000100001010001011101110111010100100001000101010111000001000110100100001000111110101
runNumber 7
genCount 5106
elapsedTime 599.838
unaryHyperVol 121
binaryHyperVol 18.1294
additiveEps 0.9
entropy 0.509891
archive 7
2
13 20  100 0101101000111111100000110110101011101000101010000011110111010101101000000000110000010000011101001010
5 24  100 1001101000111111001010011010100001101000101010100001110111010101101000010000110000010101000111001010
runNumber 8
genCount 5183
elapsedTime 599.903
unaryHyperVol 128
binaryHyperVol 11.5455
additiveEps 0.909091
entropy 0.509891
archive 8
2
4 25  100 0101101000111111110001000010011111100011111010100111000100101010101001111101000010101000000111101000
3 29  100 0101101000111111110001100010011111100011111010000111000100101010101000111101110111101001001010101010
runNumber 9
genCount 5246
elapsedTime 599.959
unaryHyperVol 140
binaryHyperVol 49.875
additiveEps 1
entropy 0
archive 9
1
4 23  100 0101101001111101001000000110010111101000101010101100010101101001101000000101101100100001000111110101
runNumber 10
genCount 5423
elapsedTime 599.889
unaryHyperVol 78
binaryHyperVol 16.4348
additiveEps 0.913043
entropy 0.5994
archive 10
3
13 28  100 0100101000110000000100110110100010010111011010101010100000101000111000000110000010100001111111110101
7 29  100 1100101000110000000100110110100010010111011010101010100000101000111000000001001010100001111111110101
4 30  100 1010101000101101111111111010101010010111011010101010100000101000111000000110000010100001000111110101
runNumber 11
genCount 7715
elapsedTime 862.939
unaryHyperVol 109
binaryHyperVol 31.3
additiveEps 0.95
entropy 0.509891
archive 11
2
5 26  100 0101010111011111000100000010010100100000011010100101000011101000000101000000001101010111110100011010
4 27  100 0111010100111101010100001010011000100000011010100101000011101000000101000000001101010100110100111010
runNumber 12
genCount 5227
elapsedTime 621.375
unaryHyperVol 81
binaryHyperVol 12.8854
additiveEps 0.916667
entropy 0.5994
archive 12
3
7 29  100 0100101000001000101000010010100000010101111010000111000111101010101001100001000011101000000101101010
6 30  100 0100101000001010110001110001110011011101110101000111000111101010101001100001000011101000000101101010
3 31  100 0010101000001100000001001010100110101111101010001110100101101001101001100001000011101000000101101010
runNumber 13
genCount 5202
elapsedTime 599.944
unaryHyperVol 30
binaryHyperVol 12.6333
additiveEps 0.933333
entropy 0.509891
archive 13
2
4 34  100 0001101010101001000001100001010000010100010000010110010110101000111011110111001000101001001010011010
3 37  100 0000101010000000000001101001010011100001101010010010011011101000111011010011001100101001101010001010
runNumber 14
genCount 5117
elapsedTime 599.995
unaryHyperVol 156
binaryHyperVol 24.3333
additiveEps 0.875
entropy 0.509891
archive 14
2
6 21  100 1101101010111111000100001010101000101000101010100111100100001011111000010001010000100001011111110101
4 23  100 0101101000111111010100001010101001101100101010101101010100101001101000110001010100100001100111110101
runNumber 15
genCount 5016
elapsedTime 599.976
unaryHyperVol 180
binaryHyperVol 11.415
additiveEps 0.52381
entropy 0.393583
archive 15
4
10 16  100 0101101000111111000100010110100001100000000101000111110101001001001000000000111101000001000101010101
6 18  100 0101100000111111000100010110100000100000010101000111110100000101011000010000110000000001000111110101
5 26  100 0111100000111111000100010110100101001010011010110011110011101001011000010000110000100000011111110101
4 28  100 0110101001011111100001100001011001101010011010110001011011101001011000010000110100000001000111010101
runNumber 16
genCount 5261
elapsedTime 599.941
unaryHyperVol 80
binaryHyperVol 14.1652
additiveEps 0.785714
entropy 0.472411
archive 16
4
11 26  100 0001101000111111010101000110100111101011001010010101001011101000010101010000110101010111001001001010
6 29  100 1101101000111111010100100110100111101101101010000100001010101001010101100000000100010100011111001010
5 32  100 0001101000001000010101000110100111101101101010010101001010101000010101010101010000010110010111001010
4 35  100 0011101000001001010100001010110100101100101010010001001111101000000101010100110101010111001100001010
runNumber 17
genCount 5256
elapsedTime 600.048
unaryHyperVol 140
binaryHyperVol 49.875
additiveEps 1
entropy 0
archive 17
1
4 23  100 0111101000101111001000010110101011100110011010100100110110101000101000101101110001100001110111110101
runNumber 18
genCount 5146
elapsedTime 599.942
unaryHyperVol 136
binaryHyperVol 10.2857
additiveEps 0.818182
entropy 0.599401
archive 18
3
10 23  100 1011101001111111000001000110001111001100010101111111110000001000101000000000010011101001000111111010
4 25  100 1001101000001111000001000110001111001100111010100000111001101000101000000000100011101001000111111010
3 29  100 1001101001000111110001101110001011100100111010000111110100101000001000010001011010101001000111011010
runNumber 19
genCount 4998
elapsedTime 600.029
unaryHyperVol 11
binaryHyperVol 21.5441
additiveEps 0.965517
entropy 0.509891
archive 19
2
12 35  100 1000011011110001000111000110000101100101101010010011110001101000011010110000011111010101100011001010
5 36  100 1000011011110001000101000110000100101101001010010001110011101000111001101100111111010111110111001010
runNumber 20
genCount 5155
elapsedTime 599.939
unaryHyperVol 176
binaryHyperVol 13.8571
additiveEps 1
entropy 0
archive 20
1
3 21  100 0101101000111111000001100110001010101101101010100011010111101001001000000000000001101001010101011010
runNumber 21
genCount 5215
elapsedTime 599.905
unaryHyperVol 132
binaryHyperVol 13.8889
additiveEps 1
entropy 0
archive 21
1
3 25  100 0111101000111000010001010110101000101100011010110111110001101010101011000000000000101001110110111010
runNumber 22
genCount 5078
elapsedTime 599.922
unaryHyperVol 80
binaryHyperVol 49.9091
additiveEps 1
entropy 0
archive 22
1
4 29  100 0101101000010101001110011010001011101011001010100100110111010111110101010101000011100011000001011010
runNumber 23
genCount 5098
elapsedTime 599.896
unaryHyperVol 68
binaryHyperVol 23.4423
additiveEps 0.833333
entropy 0.472411
archive 23
4
9 28  100 1010101000111100010111000110000101001000101010000101000101101010101000011100110001010101010111001010
8 29  100 0011101000111100010111000110000101001000101010000101000111101010101000111000010100010111011111001010
7 30  100 1001101000010000011111110110001001010110010101000001000101101010101000011100110000010110000111001010
5 33  100 1011101010111100010001000110000100010100100101001101110100101010101000010100110100010110110111001010
runNumber 24
genCount 5057
elapsedTime 599.974
unaryHyperVol 90
binaryHyperVol 11.3974
additiveEps 0.807692
entropy 0.599401
archive 24
3
6 28  100 1101101000101101010100110110000101010100010101000111110100101010011000010000010101101000110101001010
4 30  100 0111101000001111010001111110000101010100010101000111101110101010011000010000000101101000000111101010
3 33  100 1101101000111111110001111110000100010100011010000000111110101011011000000000010101101000001010001010
runNumber 25
genCount 5092
elapsedTime 599.887
unaryHyperVol 100
binaryHyperVol 49.9
additiveEps 1
entropy 0
archive 25
1
4 27  100 0101101000111111111101000101011111101000011010100111101111101000000101110100010101010100001011111010
runNumber 26
genCount 5170
elapsedTime 599.97
unaryHyperVol 129
binaryHyperVol 15.0395
additiveEps 0.875
entropy 0.599401
archive 26
3
11 21  100 0101010101011111000101110110101011101001011010100111100101101000011000000111110100100000000101110000
7 25  100 0100010101111111000110000110101000101101001010000111000101101011001000010101110100100000000101110000
4 26  100 0111101001111111000011011110101000101100011010101110001001101001001000010101110000100000000100000000
runNumber 27
genCount 5019
elapsedTime 599.932
unaryHyperVol 122
binaryHyperVol 13.4323
additiveEps 0.708333
entropy 0.5994
archive 27
3
11 22  100 0101101001111100010100000010001101010110011010001011000111101000101000000000000000010101101001001010
6 24  100 0101101000111110010100000010101100010101001010011011110111101000101000000000100001010101100001001010
4 31  100 0100011000011011100100010110101101010101101010011011000110101001000101001000010001010101000001001010
runNumber 28
genCount 5115
elapsedTime 599.939
unaryHyperVol 93
binaryHyperVol 12.3333
additiveEps 0.916667
entropy 0.509891
archive 28
2
5 28  100 0101101000101111000001110110111010101100101010001101010111100100010101000011110000101010001101111010
3 31  100 0101101000101111000001000010010011101100101010001101010110101010010101000011010000101011110010111010
runNumber 29
genCount 5345
elapsedTime 599.604
unaryHyperVol 70
binaryHyperVol 36.8889
additiveEps 0.916667
entropy 0.509891
archive 29
2
6 29  100 1001101010011111000000000110100100010110011010001011100111101011101001000110011001010101110001101010
5 31  100 1100101010010101000000101010000100010101001010000111000111101010101011111111000000010101000111001010
