OptimalFront
unaryHyperVol 385
3
9 11  100 1000010110100100001001000011110001101000010110010010101000100111101010110010111100111010001000001010
4 12  100 1000010110100101001001000011110001101000010110010010101000100111101010110010111100111010001000001010
3 13  100 1000101010100100011010000011110001101000010110010010101000100111101010110000111100010010001000001010
-------------------------
runNumber 0
genCount 5342
elapsedTime 599.883
unaryHyperVol 137
binaryHyperVol 20.8
additiveEps 0.85
entropy 0.49717
archive 0
2
6 28  100 0111011000101000001010110000110001001000010000010010101000111111101010100010111110010000011011000010
4 31  100 1111011000101000101010100000110001011011100000010010101000111111101010100010110101010000011011001110
runNumber 1
genCount 5395
elapsedTime 599.899
unaryHyperVol 143
binaryHyperVol 17.3133
additiveEps 0.64
entropy 0.449615
archive 1
3
9 27  100 0000101010100000110001010011110001000000010110001010101000110110011010010010111001001010010100001010
5 28  100 1000101010100101111001011111110001000000010110001010101000110101001010110100101001001010010100101010
4 36  100 0000101010100000111001011101100001000000011110010010001000011110011010010100000010001101011001001110
runNumber 2
genCount 5274
elapsedTime 600.022
unaryHyperVol 109
binaryHyperVol 18.8509
additiveEps 0.857143
entropy 0.431679
archive 2
4
10 29  100 1101101010100100001010000000110001000011010110011010000001010111111001010000111100110101001010100101
6 32  100 1000101001101100001010000000110001001010010110010010000001010100111001001010110101110101001001100101
5 33  100 1000101000100100001010000000110000000010110110110010000001010111011001000000110101100101001010100101
4 34  100 0011101001100101011010000000110001000011011110010010000001011101101010010000111101100101001010100101
runNumber 3
genCount 5153
elapsedTime 599.961
unaryHyperVol 175
binaryHyperVol 17.7222
additiveEps 0.666667
entropy 0.49717
archive 3
2
5 25  100 1101000000101100010000011111110001011000010110110010100100101111101010010010000001111010001000001010
4 32  100 0100000000100101000000011101100001011000010110110010110100010101101010001010000001111010001010011010
runNumber 4
genCount 5216
elapsedTime 599.956
unaryHyperVol 195
binaryHyperVol 23.2436
additiveEps 1
entropy 0
archive 4
1
4 24  100 1111101010100100000000000011111101011011010110010010101000100111011010110000111111110010001010011110
runNumber 5
genCount 5340
elapsedTime 599.923
unaryHyperVol 207
binaryHyperVol 19.2212
additiveEps 0.875
entropy 0.49717
archive 5
2
11 22  100 0100101010001100011001010110000000110000010000010010001000100111101010110010110100111011101000001010
4 24  100 0100101010001100011001010010000000000000100000010010001000100111101010110010110110111101101000001010
runNumber 6
genCount 5318
elapsedTime 599.842
unaryHyperVol 144
binaryHyperVol 12.587
additiveEps 0.73913
entropy 0.449615
archive 6
3
6 28  100 0100101010101100011001010011110001000001000110010010000111111010101010110010001100010010111000111010
4 30  100 0100101010101100001001010011110001000000000110010010000111001010111010111010110100110001111001001010
3 34  100 0111101010101000011010100011011001000001000010111010000111000010101010110010001100010010101010001010
runNumber 7
genCount 5243
elapsedTime 599.902
unaryHyperVol 148
binaryHyperVol 16.134
additiveEps 0.789474
entropy 0.485314
archive 7
5
14 25  100 1000000011000100010000010011110011011010010110010010100101010111011010000000001100110100001000001100
11 27  100 1000000011000101010000010011110011011010010110010010100101110111011010000100001100110101001011001000
10 28  100 1000000011000100010000010011110011011010010110010010100101010111011010000000001101110101001010111100
5 29  100 1000000011000101010000010011110011011010010110001010000100110111011010000100001100110100001011001000
4 30  100 1000000011000101010000010111110111001010010110010010100100010011001010000000001101110101001011011110
runNumber 8
genCount 5292
elapsedTime 599.991
unaryHyperVol 91
binaryHyperVol 23.2778
additiveEps 1
entropy 0
archive 8
1
4 32  100 0100000000101001110000011110110001101011011110011010001010111001001010100010110000001010111000001010
runNumber 9
genCount 5307
elapsedTime 599.892
unaryHyperVol 87
binaryHyperVol 32.0733
additiveEps 0.833333
entropy 0.49717
archive 9
2
8 30  100 0100000001001100010000000111011101100100100110000110101000010100011010110010111011010111001011101110
6 36  100 1000101001100101110000000101011111110100100110000010101000110100011010010010000011010111101000100110
runNumber 10
genCount 5345
elapsedTime 599.864
unaryHyperVol 149
binaryHyperVol 16.037
additiveEps 0.944444
entropy 0.49717
archive 10
2
8 28  100 0101101010100100011010111100110001110010000000010010110111100000101010110010110100010000001000001010
3 29  100 1010101011100100011010110100110001111011011010011110110100100100001010110010110100010000001000000010
runNumber 11
genCount 6789
elapsedTime 805.598
unaryHyperVol 74
binaryHyperVol 20.7244
additiveEps 0.846154
entropy 0.49717
archive 11
2
5 33  100 1101000000101100010000010011110010101001011010011010001011110101111010001110111110010000001001101010
4 37  100 0101000000101100010000010011110000111001111110110010011011110101111010000110001000010111001010010010
runNumber 12
genCount 5768
elapsedTime 640.776
unaryHyperVol 48
binaryHyperVol 19.4694
additiveEps 0.857143
entropy 0.447913
archive 12
4
10 34  100 0101000000010100010000000001101001001001001110110010000001000011101010100010101110110100001000000101
6 36  100 0101000001011011010000000010110000000001010110000010001001011100101010001010101111000101001000010101
5 38  100 0000000001100101010000010101100000000000001100001010001001011101111010000010101110000100001000100101
4 39  100 0101000000010100010000010101110100000001001110100010000111011101011010000010010111110100001000000101
runNumber 13
genCount 5214
elapsedTime 599.946
unaryHyperVol 164
binaryHyperVol 12.0786
additiveEps 0.8
entropy 0.529986
archive 13
4
10 25  100 1000101010100100011010001111110001010111100110010010001001000111011010000010111000010010111011001010
8 28  100 1000101011100010011010001111110001010111100110010010011000011111101010000010110000010010101001011010
6 29  100 1000101011101000011010000111110101100111010110011110011011010011101010000010101000010100111001001010
3 31  100 1011101011100100011010000111111101111011000110011010101011010011001010000010111001010010101001000110
runNumber 14
genCount 5346
elapsedTime 599.877
unaryHyperVol 207
binaryHyperVol 15.8167
additiveEps 0.55
entropy 0.449615
archive 14
3
6 22  100 1000101010100100011010110011010011000010010110010010100100010111110101010010111111010001001000001010
5 27  100 1000101010100100011010110011010011000010010110011010001001110111111001010110111011010001001000001010
4 31  100 1100101010100100011010000011110011000010011110101110000001110011110000110010010101010001001000011010
runNumber 15
genCount 5421
elapsedTime 600.003
unaryHyperVol 156
binaryHyperVol 10.3267
additiveEps 0.64
entropy 0.481574
archive 15
3
7 26  100 0100101000100100011010000011011011111010000110010010100001010110100101000010111100010001001000111010
5 29  100 0100101000100100011010000011011011111010000110010010110001011000100101010110111100010001001000111010
3 36  100 1100101000100110111010001010011011111010000110110010010110011000011010100010111100010001001000111010
runNumber 16
genCount 5348
elapsedTime 600.036
unaryHyperVol 122
binaryHyperVol 20.2803
additiveEps 0.818182
entropy 0.49717
archive 16
2
6 29  100 0000010101100001010101000101110000111000010110010010111000010101111001010010111100110101111000010101
4 33  100 0000010101101001001001000101110000111001010110010010011110110101001010100010111101110100001001000101
runNumber 17
genCount 5501
elapsedTime 599.919
unaryHyperVol 156
binaryHyperVol 23.2604
additiveEps 1
entropy 0
archive 17
1
4 27  100 1000101001100101110000010011110011101000010000100010101001101001101010001110100101111001001000001010
runNumber 18
genCount 5271
elapsedTime 599.976
unaryHyperVol 181
binaryHyperVol 22.1444
additiveEps 0.933333
entropy 0.49717
archive 18
2
5 25  100 1010101010100100011001010011110011000000010000110110101000010011010000110010011100101010011001000010
4 26  100 1010101010100100011001011011110000000000010110010010111110100111001010110010111000011000111001000010
runNumber 19
genCount 5369
elapsedTime 600.007
unaryHyperVol 104
binaryHyperVol 23.275
additiveEps 1
entropy 0
archive 19
1
4 31  100 1001101010100100000000010111110001011000111110101010000000100101011010110010110111001000001010011010
runNumber 20
genCount 5296
elapsedTime 599.945
unaryHyperVol 109
binaryHyperVol 25.5278
additiveEps 0.75
entropy 0.481574
archive 20
3
7 29  100 0100101000101100011010000000000000110100010110010001110111110111011001010110111100010101001000000101
6 34  100 0111101000101000011010000100100011000000100000110001110111010111011001010110001100100101001000000101
5 35  100 1111101000101000011010000100101011000000100010010010101011010111011001010110001100010001001001110101
runNumber 21
genCount 5396
elapsedTime 599.976
unaryHyperVol 104
binaryHyperVol 23.275
additiveEps 1
entropy 0
archive 21
1
4 31  100 0000010110100100010101000111010101001000000000001110001011010100101010010010101100010010101011110110
runNumber 22
genCount 5271
elapsedTime 599.966
unaryHyperVol 192
binaryHyperVol 11.7281
additiveEps 0.684211
entropy 0.49717
archive 22
2
6 24  100 0010101010101100011001010111110101101001010110010010011000010011101010110110111100110010111000001010
3 30  100 0010101010101100011010110000111000101001110110010110011000010011101010010010111101010001111000001010
runNumber 23
genCount 5270
elapsedTime 599.851
unaryHyperVol 170
binaryHyperVol 13.8318
additiveEps 0.65
entropy 0.529986
archive 23
4
14 23  100 0100101000010000011001110011110001011000000110010010100100100110111010110010111100110111001010001010
8 25  100 0100101000011110011001110111110000011000000110010010100100100110101010110010111100110000001000001110
5 29  100 0100101000011100011001110111010001111010000110010010100111000111101010110010111100010101101010001110
4 31  100 0100101000011000011001110101110000001000000110010010000100100110101010110010101101000000001010101110
runNumber 24
genCount 5079
elapsedTime 599.827
unaryHyperVol 111
binaryHyperVol 17.4298
additiveEps 0.818182
entropy 0.529986
archive 24
4
14 29  100 0100101000100101110000100000001101101000010000010010100000111100111001000010111000110001010100001010
8 30  100 1000101010100101110000000001001101111000100110000010011010100111011001010010001100011101010100110010
5 32  100 1100101000100101110000010001001101001010010000011110101000110110101001010010101000011100010100111010
4 33  100 1000101010100101110000100000001101101000010000011010100000111100111010111110100010011101010100111010
runNumber 25
genCount 5162
elapsedTime 599.848
unaryHyperVol 149
binaryHyperVol 16.037
additiveEps 0.944444
entropy 0.49717
archive 25
2
8 28  100 1000101001101010011010001101000100101000011010100010011000110111101010100010101100110100010100001010
3 29  100 1000101001101010011010001101000100101000011010100010011000110111101010100010110100010000010100001010
runNumber 26
genCount 5371
elapsedTime 599.99
unaryHyperVol 168
binaryHyperVol 16.9271
additiveEps 1
entropy 0
archive 26
1
3 27  100 1000101001100100001010000011000001011000100000010010101100100001001010100110100100010000001000001010
runNumber 27
genCount 5260
elapsedTime 599.976
unaryHyperVol 96
binaryHyperVol 16.1894
additiveEps 0.954545
entropy 0.49717
archive 27
2
5 32  100 0101101010101000011010110011100001011010100110010110110100011111101010101110110011000101000000000101
3 33  100 0101101010100100011010110001100001101011100110000110110000000010101010100010011111010001101000000110
runNumber 28
genCount 5293
elapsedTime 599.808
unaryHyperVol 155
binaryHyperVol 14.4596
additiveEps 0.565217
entropy 0.455879
archive 28
6
17 23  100 0000000001001100010000000011110001110000000110010010100100000110100101111010110000010010101001111010
13 24  100 0000000001001100010000000111110001110000000110010010100100000110100101111010110000010010101001111010
9 25  100 1100000001001100010000000011110000110100110110010010100100010111111010110010110100010010111011111010
7 27  100 0000000001001100010000000111011101110100000110010010110100010110100101111010110000010000101000111010
6 29  100 1100000001101100010000000001110001110101000110010010100100010101100101111010010010010011111011111010
5 34  100 0000000001001100010000000011110101010101110110010010000100011010111010110110010010010011011011110110
runNumber 29
genCount 5465
elapsedTime 599.864
unaryHyperVol 148
binaryHyperVol 13.754
additiveEps 0.809524
entropy 0.449615
archive 29
3
5 28  100 0110101001101100011010000011001101101000010000000000100111100011001010110110111100010010010100110110
4 30  100 0100101001001100011010000000111101111010000110100110100111100011001010110110011100010010010100000110
3 32  100 1111101011101000011010010011111101101001011110000010101100010101111010110110101111010011010100000110
