OptimalFront
unaryHyperVol 399
3
5 12  100 0001100111010001000000011100000001011011000001111110010111101011000100001110101001010111101010101010
4 13  100 0000100111010000000000011100001001011011000001111110010111101011000100001110101001010111101010101010
3 15  100 0100100101010100001001001100001011011011000001111110010111101011000100001110101001010111101010101010
-------------------------
runNumber 0
genCount 5373
elapsedTime 600.004
unaryHyperVol 118
binaryHyperVol 29.2576
additiveEps 0.954545
entropy 0.49717
archive 0
2
6 33  100 0011000010101001010000000100000111010001000101111110100000010111011100000100001111000000101011101010
4 34  100 0001000011101000010000010100001111110001000101111110000100011111111100010100001111000000101010111010
runNumber 1
genCount 5514
elapsedTime 599.972
unaryHyperVol 151
binaryHyperVol 33.6522
additiveEps 0.869565
entropy 0.49717
archive 1
2
5 30  100 1101000001010001010000001000000000001011000010101110100111000000100000110010101010010111101010111010
4 35  100 0101000001010101010000001101000000001011000000101110101101010000101010010010101110010111101010011010
runNumber 2
genCount 5243
elapsedTime 600.004
unaryHyperVol 88
binaryHyperVol 57.913
additiveEps 1
entropy 0
archive 2
1
5 35  100 0100000001010101010000110011000000001111001101100000010010000011000000011100011011010101101010101010
runNumber 3
genCount 5394
elapsedTime 599.915
unaryHyperVol 134
binaryHyperVol 29.8312
additiveEps 0.772727
entropy 0.529986
archive 3
4
10 28  100 0000100111100100110000001111011010010011010000010110000111101001000111011100011010010100101010010101
9 30  100 0000100111100100110000011111001010010010001100000110000011101001010111001100011010010100101010010101
7 32  100 0000100101100101110001000100001000000011000100010110100110101001010111011100011010010100101000010101
6 34  100 0000100101100100110000001101001000001011011000000110100001011001000111011100011010011000101001010101
runNumber 4
genCount 5367
elapsedTime 600.035
unaryHyperVol 83
binaryHyperVol 43.8448
additiveEps 0.896552
entropy 0.49717
archive 4
2
7 34  100 0000000010100101010000000000110100010011101100010110010111110011001101110010001100010111101000101010
6 41  100 0100000010100100010000010001000000110101101101110010100110111101001101111010001100010111101000001010
runNumber 5
genCount 5197
elapsedTime 599.972
unaryHyperVol 82
binaryHyperVol 25.8542
additiveEps 0.958333
entropy 0.49717
archive 5
2
11 35  100 0100100101010001110000000011110001010000101000011110000101011100001000000001000101101011010100001010
5 36  100 0100100101010000110001000111000010000101101110011110000101110110001000000001000101101011010100101010
runNumber 6
genCount 5439
elapsedTime 599.999
unaryHyperVol 126
binaryHyperVol 25.725
additiveEps 0.95
entropy 0.49717
archive 6
2
11 31  100 0101000000010001010001110101001011011011010000111100000010011011110100100000011010010100000011110000
5 32  100 0101000001010001010001110101001011011011010000111110010010001011111111100000011000010101000011110000
runNumber 7
genCount 5312
elapsedTime 599.888
unaryHyperVol 80
binaryHyperVol 57.942
additiveEps 1
entropy 0
archive 7
1
6 35  100 0101100101010011001001000000000011001111011000000001111101011101010100110100011000010111101011001010
runNumber 8
genCount 5327
elapsedTime 600.032
unaryHyperVol 138
binaryHyperVol 11.6743
additiveEps 0.76
entropy 0.479898
archive 8
6
10 30  100 0101100101010001101001000001011001011101011111001110110100011001000100001010101010010110101010101010
9 32  100 0101100101010101101001000001011000001011011111001110010110100111000111110110100000010100101010111010
7 33  100 0101100101010001101001000011001010011001010011001110011100100100101111110110100110010100101011101010
5 35  100 0100100100010100101001000111011001001111011110001110110100011001000110001010101010010101101010111010
4 36  100 0100100101010100111001000111011000011011011111000100101100011001000101011110101110010100101010111010
3 37  100 0100100101010100101001000111011001011101011111000110010111100110001110111010101011010100101011011010
runNumber 9
genCount 5332
elapsedTime 599.996
unaryHyperVol 144
binaryHyperVol 38.7895
additiveEps 0.842105
entropy 0.49717
archive 9
2
8 28  100 0000100111100100000000001100010001011011110101010100110011000111010111001100010011010111101010101010
6 31  100 0000100100100100000001001111010001011011110010010000110011001011010111001100010010010111101010011010
runNumber 10
genCount 5283
elapsedTime 600
unaryHyperVol 110
binaryHyperVol 13.5314
additiveEps 0.84
entropy 0.506429
archive 10
4
10 33  100 0100000001010001010000110110011000010100010000010100010101001101000100001010101000010111101001101010
9 34  100 0100000001010000000000110110000101011100000000010001110011010011001100000010101000010100101011101010
4 36  100 0100000001010000010000110110010100010100011000010100010011000011000100111010101001010110101000101010
3 37  100 0100000001010100010000110101010000010000101001110010010011001011101100001010101000010110101000111010
runNumber 11
genCount 5141
elapsedTime 599.787
unaryHyperVol 127
binaryHyperVol 15.2576
additiveEps 0.954545
entropy 0.49717
archive 11
2
6 33  100 0100000001010100010000000100110001001101000011111110000110101011000111010010101010010100100011001010
3 34  100 0100000001010100010000000111110000001100000010111110010101101001110111101110101101010111101011001010
runNumber 12
genCount 5352
elapsedTime 599.86
unaryHyperVol 123
binaryHyperVol 15.4615
additiveEps 0.8
entropy 0.444471
archive 12
4
16 31  100 0101100101010001001001000011110011100000000101110010100101111101000100000001000100000001010100010101
6 32  100 0101100101010001001001001001000010011011111110101010000101110001001100000001000100000001010100010101
5 36  100 0100101101010100001001010111100011100000000101110010100101010001000100000001000110000001010100010101
4 37  100 0100101101010100001001010100110101100000001100010010100101101100000100000001000100000001010100010101
runNumber 13
genCount 5257
elapsedTime 600.073
unaryHyperVol 155
binaryHyperVol 36.1053
additiveEps 0.947368
entropy 0.49717
archive 13
2
5 30  100 0101000001010001000000110001000101011000100101001110010100011000110100000100000001010100101010101010
4 31  100 0101000001010001000000110001000101011000100001001110010100011001110101000100010010010100101010101010
runNumber 14
genCount 5549
elapsedTime 599.958
unaryHyperVol 114
binaryHyperVol 33.5926
additiveEps 0.888889
entropy 0.49717
archive 14
2
5 33  100 0100000001010001010000111101000011010001000011001110111010101110001100000110101111010100101010011010
4 39  100 0100000001010000010000110101100100001100101100001110111010101010001100000110101111010100101010001010
runNumber 15
genCount 5412
elapsedTime 599.967
unaryHyperVol 90
binaryHyperVol 17.7222
additiveEps 0.884615
entropy 0.431679
archive 15
4
12 33  100 0000100101100100001001010100001000010000010100101010010101111101000100000010000010010101101010001010
8 36  100 0000100101100100111001010100010110100001000101001110010101001101100110001110000010010101101000011010
6 37  100 0100100101100100101001010100001000010001010100001110110100001101100110000010000010010101101010001010
4 38  100 0100100101100100101001000000100000010000111100110110111100110001110110001110000010010101101010001010
runNumber 16
genCount 5265
elapsedTime 599.896
unaryHyperVol 48
binaryHyperVol 32.2077
additiveEps 0.961538
entropy 0.49717
archive 16
2
13 37  100 0100000001010000000000111010100100011110011101110000011110100001100100010000010101110001000000010101
7 38  100 1101000000101001010001110000001000010010011111000100000110100001000101100000010000110001000000010101
runNumber 17
genCount 5170
elapsedTime 600.047
unaryHyperVol 84
binaryHyperVol 26.043
additiveEps 0.774194
entropy 0.449615
archive 17
3
6 35  100 0101100001010011011001110001001011110011000101110010110000011011011011000100010010010100101001101010
5 39  100 0100000001010000010000101101001110110011000101110010110010011111000011010100010010010100101001001010
4 43  100 0101000001010011001001010011110000110000000100110110110100011100010011010100010110010100101000001010
runNumber 18
genCount 5265
elapsedTime 599.998
unaryHyperVol 107
binaryHyperVol 21.944
additiveEps 0.84
entropy 0.481574
archive 18
3
8 33  100 0100000000010000010000000001111111010000000100111100110111101111001110001110100111010100101001001010
5 36  100 0100000000010000101001110111011010110000000000010010100110101111001101001110100111010100101010101010
4 37  100 0100000001010000010000110111010100110010001100010010010111101111011000011110100011010100101010011010
runNumber 19
genCount 5306
elapsedTime 599.858
unaryHyperVol 105
binaryHyperVol 18.96
additiveEps 0.857143
entropy 0.481574
archive 19
3
10 32  100 0000100111100100001010101101000100010000011101010101110100010011000000000100011101010100101010101010
7 36  100 0000100111100100001010111111010000011000110101010101110000010011000100010100010111010000101000101010
4 37  100 0000100111100100001010111101010001001000010111011110110100010010000100010100010111010000101000101010
runNumber 20
genCount 5288
elapsedTime 600.056
unaryHyperVol 127
binaryHyperVol 27.4028
additiveEps 0.833333
entropy 0.481574
archive 20
3
6 32  100 0000000011100101010000111100110011111101110101001100010101001101110101001110000001010111101011001010
5 33  100 0000000010100101010000111100110001111111010101111110000111001101111101001110000001010111101011001010
4 36  100 1000000010100100010000111111001011111100111010101110100110010001111100001110000001010110101011101010
runNumber 21
genCount 5508
elapsedTime 599.896
unaryHyperVol 161
binaryHyperVol 35.2778
additiveEps 0.888889
entropy 0.49717
archive 21
2
7 28  100 0101100101010011111010001000110111111010000101110110100100011011000110001100011010010100101010010101
5 30  100 0101100101010001001010010101101011001010010101110110000100110000000100011100011010010101101010010101
runNumber 22
genCount 5486
elapsedTime 600.022
unaryHyperVol 104
binaryHyperVol 16.9933
additiveEps 0.84
entropy 0.447914
archive 22
4
15 33  100 0100100001010100011001110111110000011001000001010010010100011011001100010110101001010110101000101010
6 34  100 0100100101010000011001110111010100010110000011000010010100011011001100010110101101010111101000011010
5 36  100 0100100000010000011001110111010101100101000101010010010100011011001100010110101101010111101000111010
4 37  100 0100100000010000011001110101010101100101000100010010010100011011001100010110101101010111101000111010
runNumber 23
genCount 5500
elapsedTime 599.941
unaryHyperVol 195
binaryHyperVol 25.3833
additiveEps 0.7
entropy 0.449615
archive 23
3
6 26  100 0100100111010000111010010000001011011011010010111110010011010011001100001110101100010100101010111010
5 29  100 0000100111010000001010010000010011011111010010111110000011010001001100001110100110010000101010101010
4 32  100 0000100111010000111010010001110011111111010010111110010111010000001100010010100110010000101010101010
runNumber 24
genCount 5278
elapsedTime 599.995
unaryHyperVol 184
binaryHyperVol 10.38
additiveEps 0.64
entropy 0.481574
archive 24
3
5 28  100 0101000001010101010000000111110111011000000000001110000000101011010100011110101001010110101010101010
4 30  100 0100000001010000010000000111110111011000000100001010011110001001001100001110101001010111101010101010
3 37  100 0100000001010100010000110011110100011001001100100010000000100110000000001110101011010100101001101010
runNumber 25
genCount 5429
elapsedTime 599.893
unaryHyperVol 182
binaryHyperVol 12.3333
additiveEps 0.761905
entropy 0.449615
archive 25
3
6 28  100 0100100101010101001001001100001001110011000011001110000001101011001010111110100101010110101010001010
5 31  100 0100010101010001001001000110000001010001010101101110010111000011110000100010101101010111101010001010
3 33  100 0100100101010100001001000011111001010001010101100110010111101011001010111110101111010100101000001010
runNumber 26
genCount 5246
elapsedTime 599.996
unaryHyperVol 88
binaryHyperVol 57.913
additiveEps 1
entropy 0
archive 26
1
5 35  100 0100000000010001010000110011000000010011000101101010100001111101110100000010101000101011101010001010
runNumber 27
genCount 5508
elapsedTime 599.976
unaryHyperVol 197
binaryHyperVol 9.74
additiveEps 0.6
entropy 0.481574
archive 27
3
5 27  100 1101100101010001001001000001000011011000000101001010000001101111010100011110101001010101101001101010
4 28  100 1101100101010101011001001010000011011010000100000010000011101111000100000010101001010100101001101010
3 37  100 0100100101010100011001000011000011000010000100110010000001110010010100000110100100010100101011101010
runNumber 28
genCount 5285
elapsedTime 600.019
unaryHyperVol 84
binaryHyperVol 46.237
additiveEps 0.888889
entropy 0.49717
archive 28
2
8 33  100 0010000000101000010000001101001001010100011101000110101011100001000100101100010000000001000000010101
7 39  100 0110000000101000010000011101011001110100011111000110111011100001000110101100010000000000000000010101
runNumber 29
genCount 5390
elapsedTime 599.975
unaryHyperVol 132
binaryHyperVol 36.9
additiveEps 1
entropy 0
archive 29
1
4 32  100 1000010100010101001001000101000000011000001011000010010101110101010100111010101001010100101010101010
