OptimalFront
unaryHyperVol 385
3
5 10  100 1010100110100001000000101111100001010100000101001011011010000011010100111010000100010001010100110111
4 12  100 1010100110100001001000111111100001101001001000001011011000010011010100111010000100010101010100110111
3 13  100 0110100101010101001000111111100001101001001000001011011010000011010100111010100100010101101000110111
-------------------------
runNumber 0
genCount 5128
elapsedTime 600.018
unaryHyperVol 102
binaryHyperVol 20.8571
additiveEps 0.954545
entropy 0.49717
archive 0
2
10 31  100 0110100110101101001000110001100001101011101010001011110100111101010000010010000001010001101000000101
4 32  100 0010101001101101001000110001100000101001101000100111011010010001010011010010000010010001101000010001
runNumber 1
genCount 5223
elapsedTime 599.918
unaryHyperVol 120
binaryHyperVol 35.375
additiveEps 1
entropy 0
archive 1
1
4 30  100 1010100101101000001000111011100000101010011000000100110110011011010100011100011000010000101001110101
runNumber 2
genCount 5116
elapsedTime 600.09
unaryHyperVol 138
binaryHyperVol 26.1667
additiveEps 0.818182
entropy 0.449615
archive 2
3
6 28  100 0010100001100001001000111001100001101001000101111011000000010011011100000100010101010000010100011101
5 30  100 1010101101100001011011010111100011101001000101111001000110010011011100000100010101010100010100011101
4 32  100 0010100011100101111000010101100011101001000101111000010000010011011100000100010101010100010100011101
runNumber 3
genCount 5114
elapsedTime 599.893
unaryHyperVol 31
binaryHyperVol 21.9345
additiveEps 0.964286
entropy 0.49717
archive 3
2
9 37  100 1010101001100111011001101111101110101001011000110001110000111101111100001100011010010001101000110101
4 38  100 0010101001101110101010111101100001101001111010000001110000001011111000011100011010010000101010011101
runNumber 4
genCount 5079
elapsedTime 600.048
unaryHyperVol 161
binaryHyperVol 21.3263
additiveEps 0.842105
entropy 0.529986
archive 4
4
8 26  100 0101000010100001001010011100000101101001111000001011101010001111010100111010101010010101101000011100
6 27  100 0101000010100001001000001100001011101001101000000111101010001111010100111010101010010101101000011100
5 28  100 1101000010100001001001000100000001101001011010001011101010001111010100111010100110010111101011011110
4 29  100 1010100110100001001000001100000101101001011010000010011011000001010000010010000010010101101001011100
runNumber 5
genCount 5022
elapsedTime 599.931
unaryHyperVol 78
binaryHyperVol 20.9167
additiveEps 0.958333
entropy 0.49717
archive 5
2
10 33  100 0000100001100000111000110000100001101001011000000111011000000001001111011100010100010000101001001001
4 34  100 0000101001100000111000111000001001101010011000000111011000010001011111010100011100010001101001010101
runNumber 6
genCount 5034
elapsedTime 599.991
unaryHyperVol 117
binaryHyperVol 33.4348
additiveEps 0.869565
entropy 0.49717
archive 6
2
5 30  100 0110101001101011000101111100000001101011011001000011011010110010000100011100010000010001101010010111
4 33  100 1110101101101011000101111001100001101011011001000011011010110010000100011100011000010000101010010101
runNumber 7
genCount 5077
elapsedTime 599.999
unaryHyperVol 157
binaryHyperVol 20.0526
additiveEps 0.842105
entropy 0.481574
archive 7
3
9 26  100 1001100100100110111000110100000001100101001000001011101010000000000100001010000011010101101010011011
5 28  100 1101101001100010011000111000000001100101001000001011101010000000110100001010000011010100101010111000
4 29  100 1001100000100110111000110000000001101001001000001011101010010001000100001010000011010101101011111010
runNumber 8
genCount 5029
elapsedTime 599.959
unaryHyperVol 121
binaryHyperVol 15.0769
additiveEps 0.730769
entropy 0.449615
archive 8
3
13 28  100 0110101011100001101000111111100001101001001010000001011101000000001111011100010100110001101000110101
6 29  100 0110101011100001101000101111100001101001001010000001010101010000100011011100010100010001101000110101
4 36  100 0110101011100101101000010010100101101011001010000010011100100011111111011100010100010100101010111101
runNumber 9
genCount 5192
elapsedTime 599.931
unaryHyperVol 137
binaryHyperVol 22.3478
additiveEps 0.782609
entropy 0.449615
archive 9
3
7 28  100 0010101110101001001001100111100100101001001000011011010111110110010100001100010100010001101000110101
5 29  100 0000101110100010001000111111100000101001001000011011010111011100010100001100010100110000101000011101
4 33  100 0010101110100001111000000011100101101001111000010110111011111100010100011100010100000000101000011101
runNumber 10
genCount 5255
elapsedTime 599.984
unaryHyperVol 216
binaryHyperVol 35.2917
additiveEps 1
entropy 0
archive 10
1
4 22  100 0000100110100000001001110111100001101000000101001011011000000011010100110000101111010101000011110011
runNumber 11
genCount 4966
elapsedTime 600.011
unaryHyperVol 199
binaryHyperVol 9.10033
additiveEps 0.608696
entropy 0.449615
archive 11
3
16 23  100 0110101110100001001000111100000001100101001000100111110010110001010100011010000000010101101001110011
4 24  100 0110100110100011001000111100000001101010011010000111011010000001010100011010000000010111101001100111
3 33  100 0110100001010101001001101000000001101010111010000111001101001111110100011010100111010101101010100001
runNumber 12
genCount 5266
elapsedTime 599.893
unaryHyperVol 103
binaryHyperVol 23.7812
additiveEps 0.875
entropy 0.449615
archive 12
3
7 31  100 1010100110100001011001101100001001101011011001110100111110100111110100110100011001010101101001110111
5 32  100 1010100100100110101001100000101001100100001001110100011101010011110100110100011001010101101001110111
4 34  100 0010100110100110111010100001101001101000100101010011010100011011110111000100011100010101101001110111
runNumber 13
genCount 5171
elapsedTime 600.05
unaryHyperVol 186
binaryHyperVol 28.5341
additiveEps 0.75
entropy 0.481574
archive 13
3
7 22  100 0000100110100000011000111100000001000001010111000101011010001111011000001010100100010101101000110101
6 24  100 0000100110100000011000111100000001000001010101101000011000111111011000011010100100010101101000110101
5 32  100 0000100110100000001010110100000100001001010111000101000010000101001111010010100000010101101001110111
runNumber 14
genCount 5272
elapsedTime 599.875
unaryHyperVol 72
binaryHyperVol 35.3958
additiveEps 1
entropy 0
archive 14
1
4 34  100 1010100100101110001010100001101101101010000101101011110010111001000100010110001111000001101010110101
runNumber 15
genCount 5081
elapsedTime 600.009
unaryHyperVol 95
binaryHyperVol 23.1217
additiveEps 0.740741
entropy 0.449615
archive 15
3
10 30  100 0110000010100000010000000000001101010101011000100111110100010011010100000000010100000001000011000111
6 32  100 0110000011101101000010000000000101010101011011101111100101010011010100000000010100000001000011000111
5 37  100 0110000010101100000001110000100101010111011010100111110100100011110000010000011100000000000011001011
runNumber 16
genCount 5086
elapsedTime 599.931
unaryHyperVol 65
binaryHyperVol 20.25
additiveEps 0.96
entropy 0.49717
archive 16
2
11 34  100 1110100111101000111000000001100001101011000111000101010100001010110100001010001101010110101010011111
4 35  100 0110100110101000111000000001101000101000010000001010111110011000100110001010001111001010101000010111
runNumber 17
genCount 5198
elapsedTime 600.079
unaryHyperVol 53
binaryHyperVol 26.4111
additiveEps 0.833333
entropy 0.481574
archive 17
3
6 35  100 0010100010101100001000001010100000101010111000110111110111010011101010001100010000000001101001110111
5 37  100 0110000010101100001000001110100000101010111001111001010111010011101000001100010000000000101001111001
4 40  100 0110100010101100001010000110101010101001111011010101110111010010100100011100010000100000101001111001
runNumber 18
genCount 4953
elapsedTime 599.939
unaryHyperVol 129
binaryHyperVol 33.3409
additiveEps 0.863636
entropy 0.49717
archive 18
2
5 29  100 1110000010101001011000111111100001101001000101000110110000110110010100110100011111010111101000100111
4 32  100 1110000010101001011000110111100001101001000101000110110000011100010110010100011111010111101000100111
runNumber 19
genCount 5115
elapsedTime 599.928
unaryHyperVol 140
binaryHyperVol 13.7727
additiveEps 0.863636
entropy 0.49717
archive 19
2
4 29  100 0110100100010101001011110101100000101001011011000001110110000011011000111010101100010111101010010100
3 32  100 0110100101010111001001000000000010101001001011110101111110000011000100001010100100010111101001010000
runNumber 20
genCount 5095
elapsedTime 599.974
unaryHyperVol 179
binaryHyperVol 17.4027
additiveEps 0.764706
entropy 0.529986
archive 20
4
16 22  100 1010100010100011011000001111101010101001001000000000011010000000010100110000010000010101000000110111
10 23  100 1010100110100001001000101011101010101001001001000111101000000001010100110000010000010101000000111011
6 24  100 1010100010100011011000001111101010101001001000000000011010000000000111110000010000010101000000110111
5 27  100 1010100110100001001001001011101010101011001000000000010111010001010101110000011000010101000000111011
runNumber 21
genCount 5052
elapsedTime 599.9
unaryHyperVol 124
binaryHyperVol 24.8205
additiveEps 0.730769
entropy 0.481574
archive 21
3
6 29  100 0110100101100001001000111111101001101010000101101011110000000011000000001100011111010000101001100101
5 30  100 1010100110100010001000110110101010101001010101111011010000011010010100011100011111010101101011111001
4 36  100 1110100011101100111001000111101110101000000101001011010000000000001100011100011100100000101000100001
runNumber 22
genCount 5044
elapsedTime 600.094
unaryHyperVol 96
binaryHyperVol 17.5833
additiveEps 0.875
entropy 0.449615
archive 22
3
14 31  100 1110100110100101111010100111101010101000001001000011110001110001010110010100010100010100011000110111
5 32  100 1110100110100101111010100111100100101000001001000001111100010001010110010100010100010100011000110111
4 34  100 1110100100100101001010111011101000101000001001000011110100010001010100010100010011010100011001010101
runNumber 23
genCount 4981
elapsedTime 599.965
unaryHyperVol 208
binaryHyperVol 19.05
additiveEps 0.8125
entropy 0.49717
archive 23
2
8 21  100 1110100110100001111000100001100001101001001000001011010010000011011111100110000100010101010100010111
4 26  100 0010100111100001101000010111100001101001001000001011011011010001100111100110000000010100010100010101
runNumber 24
genCount 5023
elapsedTime 599.937
unaryHyperVol 139
binaryHyperVol 39.0635
additiveEps 0.857143
entropy 0.49717
archive 24
2
6 27  100 0010100111010101001000011111101101010100000101100011010100001001001010001010100100010001101000111101
5 31  100 0010100111010101011000010110101110010101000101100011011000000101011100001010101000010100101001101101
runNumber 25
genCount 5163
elapsedTime 599.949
unaryHyperVol 76
binaryHyperVol 41.3056
additiveEps 0.958333
entropy 0.49717
archive 25
2
6 33  100 1110100101100011011000010111100100000001001000110101110001101111000011110100011000010001101000110101
5 34  100 1110100101100011011000100100000100000001111000110000011000011011100101010100011000010100101000110101
runNumber 26
genCount 5098
elapsedTime 600.029
unaryHyperVol 83
binaryHyperVol 19.9929
additiveEps 0.857143
entropy 0.481574
archive 26
3
8 31  100 1010000000101011111000110111101101010101011001110011110001011111010100010100011000010111101000110111
5 37  100 0010101010100010001001111110100111101010111001101000110100110110010111010100011000010110101010111110
4 38  100 0010101011100010001001111110100110101010111001101111110100010101110100010100011100010110101010111110
runNumber 27
genCount 5092
elapsedTime 600.014
unaryHyperVol 82
binaryHyperVol 33.65
additiveEps 0.88
entropy 0.49717
archive 27
2
7 32  100 1010100110100000010111000100000001000001000101110111010100000001000000001100011011010101101011011001
5 35  100 1010100111101100010111001000000001100101110101000001100101110011000100011100011010010100101011001001
runNumber 28
genCount 5099
elapsedTime 599.938
unaryHyperVol 122
binaryHyperVol 25.6071
additiveEps 0.9
entropy 0.49717
archive 28
2
10 28  100 0110101001010001001000011111101001010100000101001111010100110001010111001010000000010100101010111100
5 30  100 0110101001010011001000010110100001010101000101100111011011011000110100001010000000010100101010111100
runNumber 29
genCount 5262
elapsedTime 599.934
unaryHyperVol 159
binaryHyperVol 18.4286
additiveEps 0.8
entropy 0.449615
archive 29
3
10 26  100 0000100100100001001001011001100001101001011000101011001110000000000100111010000000010101101001110111
5 27  100 0000100100100001111010110100101001101001111000001011001110001101000100111010000000010101101001110111
4 30  100 0000100100100001110010110100100010101001001000000100101110010001011101101110000000010101101001110111
