OptimalFront
unaryHyperVol 306
2
4 10  100 0100011101110110101001000110011111010101001001000110010001100111001010111010100001100001111011111001
3 12  100 0100010101110110101001000110101111101101001001000110010001100111001010111010100001100001111011111001
-------------------------
runNumber 0
genCount 31684
elapsedTime 599.96
unaryHyperVol 70
binaryHyperVol 50.9048
additiveEps 1
entropy 0
archive 0
1
4 31  100 1000011111100100101001000010101111100001000101010110101001001111000000010010001110100000010111001001
runNumber 1
genCount 30843
elapsedTime 600.001
unaryHyperVol 112
binaryHyperVol 11.3889
additiveEps 0.833333
entropy 0.5994
archive 1
3
9 27  100 0111010101110110000000111010101001010101001001000110010001100110110000000001001011101010011000111001
4 28  100 0101011101110110000000011010100101010101001011110110010001100110110000010010000011100001101000111001
3 31  100 0101001100110010010000111010101001010101001001100110010001100110110000010010000011100001101000011001
runNumber 2
genCount 31525
elapsedTime 600.016
unaryHyperVol 75
binaryHyperVol 27.5429
additiveEps 0.904762
entropy 0.509891
archive 2
2
8 29  100 0100011101010101011010001010100011010111001010100110010010110110101010010001000111010001001011011001
5 31  100 0100011101010101011010001010100010101111111010100110010011010001001010010101000111010001011000111001
runNumber 3
genCount 30651
elapsedTime 599.973
unaryHyperVol 85
binaryHyperVol 12.9964
additiveEps 0.76
entropy 0.472411
archive 3
4
14 27  100 1010001101110110101010000110101111101101011011000110011100111101000110110000110101010011001001001010
13 28  100 1010001101110110101010000110101111101101101011000110001100111101000110110100110101010011001001001010
5 29  100 1110011101111011111010001110101111101101001001000110011100011100000110010100110101010111001001111010
4 35  100 0111101111101001101010001010101011101101011011000110001100111101000110010110110101010011001001001011
runNumber 4
genCount 30970
elapsedTime 599.963
unaryHyperVol 108
binaryHyperVol 31.0789
additiveEps 0.894737
entropy 0.509891
archive 4
2
5 27  100 0100010011000110000000110110100001010111001000010110011001000101000110111010010101101000110011110000
4 29  100 0100001011001010010001111110100001010111011000000110010001000011001010111010000101101010010111110000
runNumber 5
genCount 31225
elapsedTime 599.958
unaryHyperVol 82
binaryHyperVol 11.562
additiveEps 0.909091
entropy 0.599401
archive 5
3
14 28  100 0100111100111111001001000010101101101101000101000110010110010100110110010110101001100011110000001010
6 30  100 0101011111111111001001001010101011101110000101000110010110101100110110010110001001100011110000001010
3 32  100 0010010101111101001001001010101011101110000101000110010100100100110110010110101001100001010100001001
runNumber 6
genCount 31047
elapsedTime 599.996
unaryHyperVol 139
binaryHyperVol 11.1579
additiveEps 0.894737
entropy 0.509891
archive 6
2
4 25  100 0101011110110110011001001010101111101100000101000110110000110100100010111010000001100001101011111001
3 29  100 0101010100000111011001001110101101101101000101100110100010110111001110111110010001100001111010101001
runNumber 7
genCount 31334
elapsedTime 599.998
unaryHyperVol 66
binaryHyperVol 30.2917
additiveEps 0.833333
entropy 0.5994
archive 7
3
7 30  100 0100001001110100000000010010101001011100000001100110110101010011010000001010100001010001011011111001
6 32  100 0100000000111100010000110001010001010100001001001010110000010011010000101010110001010001011011111001
5 34  100 1100000011101000010000011110101101010100001001001010110000010011010000101010110001010001011011111001
runNumber 8
genCount 31257
elapsedTime 600.014
unaryHyperVol 178
binaryHyperVol 8.5
additiveEps 0.75
entropy 0.472411
archive 8
4
7 20  100 0100011111110110101001000000101111100001001001100110010011010111000000010010100001100000111001111001
6 23  100 0100011101110110001001010100001111100000101001101110010001110111000000010010110001100000111001111001
4 25  100 0001110101110100101001000010101111101101001000100110010011010111000000010010100001100000111001111001
3 27  100 1000010101110110101001000010100001100101001010110110000001110111000000000010100011100001101001111001
runNumber 9
genCount 31111
elapsedTime 599.971
unaryHyperVol 71
binaryHyperVol 21.5326
additiveEps 0.913043
entropy 0.509891
archive 9
2
7 30  100 0111001101111111110000011100101111100011001001010010010010100101000010110000101000010110001011010000
4 33  100 1100001101111111010000110010101111100001001001000110110010000001010010110000101000010110001001010000
runNumber 10
genCount 30952
elapsedTime 599.94
unaryHyperVol 87
binaryHyperVol 9.82692
additiveEps 0.807692
entropy 0.5994
archive 10
3
9 28  100 0111000101110101010001010110101101101101000101000110100011010011100110010010100001101010001001111010
4 31  100 1111000101100101010000000110101101101001000101001110100011010011100010010010100001101010001001111010
3 36  100 0011000100000100010001000110100100100101010101000110000000110101110010010010000100101010111000011010
runNumber 11
genCount 31425
elapsedTime 599.969
unaryHyperVol 29
binaryHyperVol 18.6852
additiveEps 0.888889
entropy 0.468496
archive 11
3
9 34  100 0000001101101010010001010110101101100000101000110001110001110111000000010110010100101010010100111010
5 36  100 0011001101100010010001010110010011100000111011110010110011110001011010000110110010101010010100101010
4 37  100 0000001101100010010001010110010010100000111000110010111000100001111010100110010000101010010110001011
runNumber 12
genCount 31201
elapsedTime 599.983
unaryHyperVol 53
binaryHyperVol 12.88
additiveEps 0.92
entropy 0.509891
archive 12
2
4 33  100 1100000100000100010001000010010111101111011000000110100000101101110110010010100010100001011011101001
3 35  100 0000000101100100010001000110100100100000011011101110010011010000110110000010100001101010111010001001
runNumber 13
genCount 31143
elapsedTime 599.975
unaryHyperVol 57
binaryHyperVol 35.7531
additiveEps 0.925926
entropy 0.509891
archive 13
2
6 31  100 0100000111000110011001000000001101101001101001000100110001110111000110001010011100010100010111001001
5 37  100 0110000111100100010000000000000100101001101001000110111001010110100110000010110100010100010111001001
runNumber 14
genCount 30462
elapsedTime 599.97
unaryHyperVol 173
binaryHyperVol 11.2667
additiveEps 0.866667
entropy 0.509891
archive 14
2
4 22  100 0101000101000110010000000110101100101101000101000110010100100111011010111010100001101010111001011010
3 25  100 0100000101000110010001000110101100101101000101000110010100100111011010001010100110101010011010101010
runNumber 15
genCount 32078
elapsedTime 599.959
unaryHyperVol 140
binaryHyperVol 50.8571
additiveEps 1
entropy 0
archive 15
1
4 24  100 0100011100110110000001000010100101010101001011110110001110100100000010111010100001101010010111111000
runNumber 16
genCount 31051
elapsedTime 599.973
unaryHyperVol 127
binaryHyperVol 16.6228
additiveEps 0.833333
entropy 0.599401
archive 16
3
9 24  100 0100110101110110101001001110101110101101001001000110110011110101011101111010100001010110010110010000
5 26  100 0100100111000110101001001110101110101101001001000110010001100000011010001010100100010110010111000000
4 29  100 1100010101111010011001000010101110100101001000000110010001100000011010001010000100010110010111010000
runNumber 17
genCount 30923
elapsedTime 599.968
unaryHyperVol 123
binaryHyperVol 10.6286
additiveEps 0.8
entropy 0.54796
archive 17
4
10 25  100 1000011101111010111001000100101111100001101010000010110001110111101010001110011011100001111011111001
7 26  100 0100010101100110111001010100001011100001101010100110010001011010001010000010100011100001111011101001
6 27  100 0100010101101100001001000000101101100001101010100010010001110111101010001110101001100001111011111001
3 30  100 0111110101111000111001000110101111100000111000100110010001011010001010000110100101100001011011101001
runNumber 18
genCount 31279
elapsedTime 599.989
unaryHyperVol 96
binaryHyperVol 12.6857
additiveEps 0.9
entropy 0.509891
archive 18
2
10 28  100 1001000101000100010001000110101011101100011010000110100001110111101010100110001101100001110111110101
3 30  100 1001000101000100010001000110101011101100011000000110100001110111101010100110000101100001111011001001
runNumber 19
genCount 31100
elapsedTime 599.944
unaryHyperVol 129
binaryHyperVol 31.625
additiveEps 0.9375
entropy 0.509891
archive 19
2
5 25  100 0100011001110000011001110101011111010111011010001010010011010111000110110010110001010100111011111010
4 26  100 0100011100110010011001110101011111010111011010001010010011010111000110110110110001010100011011011010
runNumber 20
genCount 31537
elapsedTime 599.975
unaryHyperVol 86
binaryHyperVol 13.3333
additiveEps 0.952381
entropy 0.509891
archive 20
2
5 30  100 0000000111010100101001000110010100010101010101101010010001110000111010110010110001100001111000101001
3 31  100 0100000111110011001001000110101000101101010101101010010001110000111010110010110001100001111000011001
runNumber 21
genCount 30366
elapsedTime 599.998
unaryHyperVol 84
binaryHyperVol 29.34
additiveEps 0.92
entropy 0.509891
archive 21
2
5 29  100 1100100101110100110001010100000000100000000101000110010111100000001110111010000011101010111001111001
4 35  100 0100100100000001110001010100000100100000110101100110110101001101101110111010010011101010011011111011
runNumber 22
genCount 30900
elapsedTime 600.004
unaryHyperVol 74
binaryHyperVol 16.8624
additiveEps 0.904762
entropy 0.509891
archive 22
2
12 29  100 0100111110010100000000000100100100101110000101111110010001010111000110101010011101010001001010010101
4 31  100 0100001110010100010000000000001100101110010101101110010001010111000110101010011101010001001010011001
runNumber 23
genCount 30530
elapsedTime 599.965
unaryHyperVol 137
binaryHyperVol 12.4314
additiveEps 0.882353
entropy 0.509891
archive 23
2
6 25  100 0100000100111100010001000000100100100001000101000110010101100111000110111010100001101001101011011010
3 27  100 1111000100111101010001000110100100100101000101000110010101000111000110111010100001101011111001111010
runNumber 24
genCount 30827
elapsedTime 599.971
unaryHyperVol 81
binaryHyperVol 17.2826
additiveEps 0.833333
entropy 0.472411
archive 24
4
9 28  100 0111110001111101000000000010100100010101101000010100000001100111000110111010000101010110110011110000
7 31  100 1101111101011101000000101010010101010101001010010100000001100011000110111010001001010101010011110000
5 32  100 1111001101011101010000101010010000010110001000010100000001100001000110011010110101010110110011110000
4 33  100 0111001001011001010000100110101100010110101000010100000101100011000110011010001001010100110011110000
runNumber 25
genCount 31614
elapsedTime 599.994
unaryHyperVol 132
binaryHyperVol 13.875
additiveEps 1
entropy 0
archive 25
1
3 26  100 0100000101111111010001000110101000100111101001100110010001101111001110111010101100101010111011011010
runNumber 26
genCount 31561
elapsedTime 599.999
unaryHyperVol 39
binaryHyperVol 29.875
additiveEps 0.88
entropy 0.468496
archive 26
3
11 30  100 0101000101010110000000010100001100101101101011000110101110000000001110010110010101100011110011000000
8 34  100 1101000101000100000000010100000100101000101011000110101110001101001010000110010101100011110011001000
7 35  100 1101000101000100000000010100000100101000001011000110111011001100001010000110010101100011001011000000
runNumber 27
genCount 31682
elapsedTime 600.007
unaryHyperVol 74
binaryHyperVol 10.9231
additiveEps 0.846154
entropy 0.5994
archive 27
3
6 30  100 0000011101001101110001000100000101100000101011001010100010101011000110111010110101101000010111001010
4 34  100 0011000100001101010001000100001101100011001010001010101101100100011010111010111001101000010100101011
3 36  100 0011000100001101010001000010101101100000001011001010100011100100011010101010101100101000001011101011
runNumber 28
genCount 31496
elapsedTime 599.953
unaryHyperVol 70
binaryHyperVol 10.6786
additiveEps 0.928571
entropy 0.509891
archive 28
2
4 31  100 0100001100111001010001110010101100100011101001000110010011010000101010010110110001100001111010111001
3 38  100 0110000000111111010000110010101010100010111010100110101001011000001110111110001001100001001001111001
runNumber 29
genCount 30870
elapsedTime 600.012
unaryHyperVol 151
binaryHyperVol 8.08696
additiveEps 0.652174
entropy 0.5994
archive 29
3
6 23  100 0100001110010101010001010010101111100101001001000110100001100101001010111010100010100001111011011001
4 25  100 0100000100010110010000000010100011101101011001000110101001100101001010111010010001101000111010111001
3 33  100 0100000101111100010001000010100011100000011001000110001000000000011010001010100000101011011010011010
