OptimalFront
unaryHyperVol 286
1
3 15  100 0110000001010001010000100000101110001010011010011110010010101000011010011100110100101110001011101011
-------------------------
runNumber 0
genCount 5381
elapsedTime 600.035
unaryHyperVol 76
binaryHyperVol 13.35
additiveEps 1
entropy inf
archive 0
2
4 34  100 0000100100100101011001000100000000000010010110011010011110101001001011011110111101101100000011001010
3 35  100 0000100100100100011001000100000000000010010110011010011110101001001011011110111101101100000011011010
runNumber 1
genCount 5349
elapsedTime 599.9
unaryHyperVol 104
binaryHyperVol 12.5278
additiveEps 0.944444
entropy -inf
archive 1
3
7 31  100 0110000001010000010000100111010100110111001010010010011010101000011010011100011100100010000001101001
5 32  100 0110000001010000000000001111010001110111011010010010001010101000011010011100001100100100001011111111
3 33  100 0110000001010000010000101101100000110111011010010010001000101000011010011100001100100100001011111111
runNumber 2
genCount 5364
elapsedTime 600.03
unaryHyperVol 104
binaryHyperVol 12.5556
additiveEps 1
entropy inf
archive 2
2
6 31  100 0110100100010000011001000011101101001111110110011110001110101000011010011100111101101110000011000101
3 33  100 0110100101010001111001000001100111000011010000111110011101101000011000010000111001101110011011000101
runNumber 3
genCount 5409
elapsedTime 599.916
unaryHyperVol 37
binaryHyperVol 11.9808
additiveEps 0.961538
entropy -inf
archive 3
3
5 37  100 0110100101010101111001001111100111011001000000011110110011101011011010000000000100101111010000101110
4 40  100 0110100101010001101001001011101111001001000000111100110101101001001001010101010000101011010100101010
3 41  100 0110100101010001111001001111100111011001000000111110100011101011011011000001010001100000000000101110
runNumber 4
genCount 5213
elapsedTime 599.984
unaryHyperVol 100
binaryHyperVol 11.8553
additiveEps 0.894737
entropy -inf
archive 4
3
11 31  100 0010100111010001001001011111010100111101100010010000110010101000010101011100110100100110001011101100
4 32  100 0010100111010011001001010111101000000000001010010010100010101000010101011101110100101100001011101100
3 34  100 0000100110100100011001001101101100000011000010010010100010101000000101011101110100101100001011101100
runNumber 5
genCount 5506
elapsedTime 600.083
unaryHyperVol 108
binaryHyperVol 32.4706
additiveEps 1
entropy inf
archive 5
2
5 30  100 1110000000100101111010100000000010001110011110011010011011101010101010111000011100100101001100010111
4 32  100 1010000000100101010000100000000010001110011110011010011011101010101010111000011100100100001101100111
runNumber 6
genCount 5188
elapsedTime 599.666
unaryHyperVol 95
binaryHyperVol 20.25
additiveEps 0.857143
entropy -inf
archive 6
3
7 30  100 0110000001010001111001010100101110010000010110101101110001000011011000001011110111100110000111001011
6 33  100 0110000001010001111001010110100110010001010110101101110011000011011000001011110111100110001111011001
4 36  100 0110000001010001111001010000101000110000000110101110110000000011111000101010000111101100000010001011
runNumber 7
genCount 5210
elapsedTime 600.034
unaryHyperVol 102
binaryHyperVol 9.66883
additiveEps 0.772727
entropy -inf
archive 7
3
10 30  100 0000000000100100010000011000010101011010010000010010010000100100011010011111110101101110001110000101
4 32  100 0000000010100100010010010000000101011001010010000110010010101000011010011111110101100101001001111101
3 37  100 0000000010100100010000011000000101011000010000110010010011101000101000010000110101100110011110111001
runNumber 8
genCount 5316
elapsedTime 599.973
unaryHyperVol 99
binaryHyperVol 11.8722
additiveEps 0.894737
entropy -inf
archive 8
3
10 31  100 0110100101010001001001000001101110000000011010010110010101001001101001010101110000101110001011011110
5 32  100 0110100101010001001001010000001001000000011110010110000110100101011001010000110000101110001011011110
3 34  100 0110100101010000101001001101101100000001011110110010110110101000010101010011110100101110001011011110
runNumber 9
genCount 5564
elapsedTime 600.03
unaryHyperVol 100
binaryHyperVol 54
additiveEps 1
entropy 0
archive 9
1
4 31  100 1110101100101000101010100000001101011001010000010110010010101001000101101100001101010010000011001010
runNumber 10
genCount 5471
elapsedTime 599.913
unaryHyperVol 82
binaryHyperVol 12.675
additiveEps 0.95
entropy -inf
archive 10
3
7 33  100 0000100100000100111001011101101110101101011110011110011111101000011000010100010101101100011100101011
5 34  100 0000100100000100011001011101100010101101011010011110011010101000011000001100000000101001111001011011
3 35  100 0000100100100100011001001101101110011101011010011110011010101000011011100001010000101110110100011001
runNumber 11
genCount 5218
elapsedTime 599.998
unaryHyperVol 112
binaryHyperVol 10.1429
additiveEps 0.761905
entropy -inf
archive 11
4
6 30  100 1100100100100100111001000000000010110000011010110010110110101010011010011100111111101110010111111011
5 31  100 1100100100100100111001010000000110010000011010010010110110101000101000111000111111011111000111101011
4 32  100 1110100100100101011001000000000000111100011010010010111110101010011010011101111011101110010111111000
3 36  100 0000100100100100111001000000000010110000011010110010110110101010011001000110011110101110010111111011
runNumber 12
genCount 5322
elapsedTime 599.891
unaryHyperVol 119
binaryHyperVol 9.20455
additiveEps 0.863636
entropy -inf
archive 12
3
5 29  100 0000000000100101110000010100000000111010010000010110000010101000000010011111000101001101001001000111
4 34  100 0000100111100101110000101100000000111110010010100010010110101000011001011111001101001101011011011001
3 37  100 0000000010100100010000001100000110110110000000010110010010101000001001100011000100100001001101000111
runNumber 13
genCount 5309
elapsedTime 600.022
unaryHyperVol 66
binaryHyperVol 10.7292
additiveEps 0.958333
entropy -inf
archive 13
3
7 33  100 0110100100010001111010100101100101101010000110011110010010101010101010010011001111100111111111000111
5 38  100 0110100101010000011010010100100100111000110000011010110010100100101010100001010001100101011111100111
3 39  100 0110100101010000011001000101101101010100010000011110110110101000101001010010110111100111111111000100
runNumber 14
genCount 5299
elapsedTime 599.938
unaryHyperVol 67
binaryHyperVol 11.2917
additiveEps 1
entropy inf
archive 14
2
5 34  100 1101000001010001000000111000001101110100101010101010111101101011011000010000001100100010111111101010
3 39  100 0110000001010001010000111000100101111101101010101010011101101001011000010000001100101000111110001010
runNumber 15
genCount 5339
elapsedTime 599.986
unaryHyperVol 67
binaryHyperVol 11.058
additiveEps 0.869565
entropy -inf
archive 15
3
12 33  100 1110000010101000010000100000000101110101110101011010010110101001001010010000001111101010001010011011
4 35  100 1110000000101000010000101000010100110101100000001010010100101001001010010000000111101010001000010011
3 38  100 1110000000101000010000010100000100110101100000001010100110101011001010001000000111101001001000011011
runNumber 16
genCount 5277
elapsedTime 599.991
unaryHyperVol 75
binaryHyperVol 17.704
additiveEps 0.72
entropy -inf
archive 16
4
8 32  100 1010000001100101101001011101010100010001010000010100010001101001001010011100110100101010000111010011
6 33  100 1010000001100101101001011101010100010000110000000100010110101001011010011100110100101010000111010011
5 37  100 1010000001101000010000011101010100110110110000000100000010101001011010101000000110100010101011001001
4 40  100 1010000001101001101001011101010100010000010000000100010110101001011011101000000011100011101001100100
runNumber 17
genCount 5294
elapsedTime 599.982
unaryHyperVol 129
binaryHyperVol 11.7059
additiveEps 1
entropy inf
archive 17
2
4 29  100 0000000001100100000000110000000101011001111010010010011010101000110101011100000100101110001011101001
3 32  100 0000000001100100010000011001100000110101000110010010010010101000100101011100010100101110001011101001
runNumber 18
genCount 5232
elapsedTime 599.903
unaryHyperVol 135
binaryHyperVol 10.9412
additiveEps 1
entropy inf
archive 18
2
5 28  100 0110100101010001111001010000101101001100010000011010010000101001010101011100110101100010001011001111
3 32  100 0110100101010001001001000001100110001100010010011010010000101001001010011100110010100110001000001111
runNumber 19
genCount 5324
elapsedTime 600.011
unaryHyperVol 134
binaryHyperVol 10.2111
additiveEps 0.777778
entropy -inf
archive 19
3
8 28  100 0000000000000100010000000011001100001000010110101110000010101000011010011100000100001101000111011111
4 29  100 0000000001000100010000000000000100011010010110001110000010101000001010011100000101101110011001101011
3 33  100 0000000001100100010000001000101111001100010110001110000101101000011010011100000101101111111000011011
runNumber 20
genCount 5225
elapsedTime 600.046
unaryHyperVol 130
binaryHyperVol 54
additiveEps 1
entropy 0
archive 20
1
4 28  100 0000101000100101110000100000000010101001000110111110110001001001011000010001110000101101001001101011
runNumber 21
genCount 5273
elapsedTime 599.974
unaryHyperVol 110
binaryHyperVol 333
additiveEps 333
entropy 0
archive 21
1
3 31  100 0000100100100100101001000100000110001101010010100010000010101000010101011111110100101110001001010111
runNumber 22
genCount 5519
elapsedTime 599.897
unaryHyperVol 65
binaryHyperVol 11.1667
additiveEps 0.833333
entropy -inf
archive 22
4
9 34  100 0110000001010011010000010111101110100001011010001010010101001001010000000000000100100100011011001000
5 35  100 0110000001011001010000010001101101000001011100010001110100101011010000000000000100100100011010100001
4 37  100 0110000001010011010000010111101110100101011010011010101111001000001000111111111101100100011011001100
3 39  100 0110000001010011010000010111101110100001011010001010101100101011011000111111011101100111000011001000
runNumber 23
genCount 5226
elapsedTime 599.941
unaryHyperVol 66
binaryHyperVol 13.35
additiveEps 1
entropy inf
archive 23
2
14 34  100 0110000001010011010000000111011100110000011010010010011010101000011010000011010000101010000100110011
3 35  100 0110000001010011010000000111101100110000011010010110011010101000011010000011010000101010000100110011
runNumber 24
genCount 5258
elapsedTime 599.993
unaryHyperVol 72
binaryHyperVol 11.6739
additiveEps 0.869565
entropy -inf
archive 24
3
5 34  100 0110000000010000010000100101101100011111011101110001110110101010101000001101110110100100010011101011
4 35  100 0110000000010000010000100101101100111111010110000010011010101000101000001000101101101001001010101011
3 38  100 0110000001010000010000010100100100111111110110000010011110101001001010001011111101100001001011001011
runNumber 25
genCount 5303
elapsedTime 600.027
unaryHyperVol 72
binaryHyperVol 24.4783
additiveEps 0.913043
entropy -inf
archive 25
3
6 33  100 0010100101101011111001001101101110001000011001111101110000101000000101010100000011100110000111110010
5 36  100 0010100101101011111001001101101110001000001010111110110101101000010101010011000110100110000111110000
4 38  100 0010100111101001111001000110100001001010010000101110100101010111110101100100000011100110000011100010
runNumber 26
genCount 5278
elapsedTime 599.977
unaryHyperVol 94
binaryHyperVol 11.0455
additiveEps 1
entropy inf
archive 26
2
4 32  100 0110000001010001111001010110011111010000000010011110000101101001011001011101011100100110001010101011
3 37  100 0110100101010001101001001001100111010001010110011110000100101001011001011101010000100110001010100010
runNumber 27
genCount 5365
elapsedTime 599.931
unaryHyperVol 131
binaryHyperVol 13.1333
additiveEps 1
entropy inf
archive 27
2
4 29  100 0110000001010000000000110000000101010110010110100010010110101011011010011010110100101110001000101011
3 30  100 0110000001010000010000110000000101010110010110101110010000101011001011011011110100101110001000101011
runNumber 28
genCount 5193
elapsedTime 599.959
unaryHyperVol 152
binaryHyperVol 10.3905
additiveEps 0.8
entropy -inf
archive 28
3
10 26  100 0000000000100100010000101100101010001010010000010100110010101000010101011111010100101110001111100011
5 27  100 0000000000100101010000100011101010001000100000000000010010101000010101011111010100101110001111100011
3 30  100 0000000011100100010000101101101010001000100000001110000010101000010101011111000100101100000011101011
runNumber 29
genCount 5429
elapsedTime 599.976
unaryHyperVol 139
binaryHyperVol 13.0714
additiveEps 1
entropy inf
archive 29
2
7 28  100 0110000000010001010001111000100111001010101010011110000010101011011010011000110100000000000000010111
3 29  100 0110000001010001010000111001100111001010101010111110000010101011011010010000010100101100000011100111
