OptimalFront
unaryHyperVol 355
3
5 7  100 0011111100100101110000101110100110100100011011001010010001011010000110011010001101010111111000011010
4 8  100 0011111100100101000000101110100101010100011011001010010001011010000110011010001101010111111000011010
3 11  100 0011001100100101010000101110100110100100011011001010010001011010000110011010001101100001111000011001
-------------------------
runNumber 0
genCount 5473
elapsedTime 599.966
unaryHyperVol 150
binaryHyperVol 10.0903
additiveEps 0.708333
entropy 0.449615
archive 0
3
9 23  100 1111110011100111010000011110100010100010011011001010000101011010000110000000110001000001001000011001
4 25  100 0011110001100101010000011110100010101111001010001010011001100010100110001010000101100001001000011001
3 31  100 0011000101110111010000111110101011100010011011011010000001011011000010000010110001100001001001001001
runNumber 1
genCount 5375
elapsedTime 599.904
unaryHyperVol 63
binaryHyperVol 13.8654
additiveEps 0.923077
entropy 0.481574
archive 1
3
11 31  100 0100111110110101001001000010101110100100000011110110111001011010100001010010000101100001010100111001
4 32  100 0101110110010101001001010010101110100000011011111110100101011010000010010010000001100001010111111001
3 33  100 0100110110010001011001000010100110100100011011111110100101011010000010000010000011100001010111111001
runNumber 2
genCount 5353
elapsedTime 599.996
unaryHyperVol 105
binaryHyperVol 9.64667
additiveEps 0.733333
entropy 0.449615
archive 2
3
8 26  100 1100110000100100010001010110100110100000100101111010011001010110111101001010001100101011111000011001
4 30  100 0011110000100100010001010110101110100000100101010110101001110111000110001010011100101011111001011001
3 37  100 1100000110010000010000010110101100100000110101010110111101111111110110101010001101100001001001011001
runNumber 3
genCount 5415
elapsedTime 600.005
unaryHyperVol 149
binaryHyperVol 20.1275
additiveEps 0.941176
entropy 0.49717
archive 3
2
9 23  100 0001110101100101011001010010100110100101011011111010010001011010010000010000000001100011001010001010
4 24  100 0011110101100101011001000010100110100101011011011010010001011010110000010010000101100000101001001010
runNumber 4
genCount 5446
elapsedTime 599.922
unaryHyperVol 108
binaryHyperVol 13.1196
additiveEps 0.869565
entropy 0.49717
archive 4
2
7 27  100 0001110100110101111001001110100110100100010101000010010001110100011101000110001110100001111001011001
3 30  100 0010110100111000101001000010100110100100010101000010010101111111110110010010000110100001011000011001
runNumber 5
genCount 5333
elapsedTime 600.048
unaryHyperVol 132
binaryHyperVol 14.8684
additiveEps 1
entropy 0
archive 5
1
3 26  100 1011100101100001101001001110100101100101011011001010110001010100000110010000010100100001001000011001
runNumber 6
genCount 5496
elapsedTime 599.941
unaryHyperVol 116
binaryHyperVol 29.9792
additiveEps 0.833333
entropy 0.49717
archive 6
2
5 26  100 0011110101010101110000001110101010101000011001001010010010011110100110100010000100100001001010011001
4 31  100 1100111100011101110000010010101111100000011001001110010010011110100110100010000100100001011001001001
runNumber 7
genCount 5351
elapsedTime 600.046
unaryHyperVol 25
binaryHyperVol 36.0643
additiveEps 0.964286
entropy 0.49717
archive 7
2
8 34  100 1011111100100001010000001010100110101011000101000001110100111100000000010010000111010000001010001001
6 35  100 0001001100000001010000001110101110101011011011010001110100001101000000000010000111010101010110001001
runNumber 8
genCount 5445
elapsedTime 599.94
unaryHyperVol 55
binaryHyperVol 32.9
additiveEps 1
entropy 0
archive 8
1
4 32  100 0000010100111101110001000010100010100100111000010110000101111110000110001100000011101000011000111001
runNumber 9
genCount 5329
elapsedTime 599.947
unaryHyperVol 124
binaryHyperVol 18.2339
additiveEps 0.947368
entropy 0.49717
archive 9
2
12 25  100 0011111001000111000000111010100101010100001011001010000001010011110000011010101001000000001000011001
4 26  100 0111110100000011000000111010100101010100001011001010000001010101000110111110011001100001111000011001
runNumber 10
genCount 5390
elapsedTime 599.858
unaryHyperVol 166
binaryHyperVol 15.053
additiveEps 0.681818
entropy 0.449615
archive 10
3
9 20  100 0000111101100101010000000110100110010100010101001010010001011001010110010010001100010011001000010000
5 23  100 0010111000100101011010100110100110010100010101000010010001110110010010010110001100010111001000010000
4 29  100 0010111101101101111010000010100100010111110101001110010001011001110010010110001100010011001010010000
runNumber 11
genCount 5457
elapsedTime 599.95
unaryHyperVol 49
binaryHyperVol 13.4286
additiveEps 0.892857
entropy 0.529986
archive 11
4
9 32  100 1111000101111100000000001001010101010111011011010010000101010101000110110000001001101011001001001011
7 33  100 1111000100011101010001001010100101010100001000010100000111010101000110110000011001101011001001111010
4 34  100 1111000101011101010000001010100000010100001000010010000101011101001110110010000101101011001001111011
3 35  100 1111000100010101010001000010100001010101101010011110010111101110001010010000110011101000001001111011
runNumber 12
genCount 5573
elapsedTime 600.029
unaryHyperVol 98
binaryHyperVol 14.7614
additiveEps 0.909091
entropy 0.481574
archive 12
3
15 24  100 0111111101111111000000010010100101010101111011001010000001011110000000010010000001101011111000011000
5 28  100 0110011101010011000000000010101001010101011011001010001101011010000000000010001000101011111000011001
4 29  100 0100110101101111000001000010101001010101011010001010011010010011000110101010001000101011111000011000
runNumber 13
genCount 5367
elapsedTime 599.95
unaryHyperVol 96
binaryHyperVol 13.1736
additiveEps 0.875
entropy 0.506429
archive 13
4
9 28  100 0011000100000100010000000110101001000100010101010110010001111110010110111010111101101000001000111011
8 29  100 1101000101100101010000010010101101100101010101000110010001111110010110101010111101101000111000111011
4 30  100 0011000100000100010000001110101001010101110101010110010001111111000110111010111101101000001000111011
3 31  100 1101000100010100010001000110101001010100010101010110010001111110010110101010111101101000111000111011
runNumber 14
genCount 5596
elapsedTime 600.039
unaryHyperVol 132
binaryHyperVol 32.8611
additiveEps 1
entropy 0
archive 14
1
4 25  100 0011000000001101010000101110100100010100011000000100001001100001000110101010001001010111001001001010
runNumber 15
genCount 5596
elapsedTime 599.946
unaryHyperVol 95
binaryHyperVol 21.5182
additiveEps 0.954545
entropy 0.49717
archive 15
2
8 28  100 1111110001100001010001010000000111100000010101011010110001011001110110010100010101101011001001011000
4 29  100 1111110001100001010001010000000111100000010101011010110001011001010110010110010101101011001001011000
runNumber 16
genCount 5514
elapsedTime 599.973
unaryHyperVol 165
binaryHyperVol 32.8333
additiveEps 1
entropy 0
archive 16
1
4 22  100 0100000100100100101010111110101110100110011011001010010001011010000110110000010101010101001000011001
runNumber 17
genCount 5331
elapsedTime 599.966
unaryHyperVol 136
binaryHyperVol 11.3125
additiveEps 0.75
entropy 0.481574
archive 17
3
5 25  100 0100110000100101110000100110100110100110011001001010010001011100101101010110111111100001001010101001
4 27  100 0100110100100101110000100110100110100111011000001010010001011100100000010110110111100001001010101001
3 31  100 0100110110100101101001001010100001101000011011001010010001011111110000100000011010100001001010111001
runNumber 18
genCount 5398
elapsedTime 599.99
unaryHyperVol 78
binaryHyperVol 16.4697
additiveEps 0.875
entropy 0.529986
archive 18
4
14 28  100 1111001101111101010000110101010000010100111000001010011001111001000110111010001100101010111010001010
11 29  100 1111001101111101000000110101010001010100111000001010010010111001001110101110001100101010111000001010
8 30  100 1101001101111101010000110101010000010100111000001010011001111001000110101110001100101011001011011001
4 31  100 0111001100111001010001110001010101010101111000001010011001111001000110101110001100101010001011001000
runNumber 19
genCount 5484
elapsedTime 599.961
unaryHyperVol 155
binaryHyperVol 15.3778
additiveEps 0.833333
entropy 0.431679
archive 19
4
13 21  100 0011111101100111010000000110100111100101011000001010010001011011000110101010101001010100001010011010
6 23  100 1111111111100101101010100110100011100101011000011110010001011011000110001010101101010000001000011010
5 24  100 1111111111100101101010100110100011100101011000010010010011011011000110001010101101010000001000011010
4 25  100 0001001011100111010000001110100111100101001000101010010001010010000110101110101101010100001000011001
runNumber 20
genCount 5320
elapsedTime 599.91
unaryHyperVol 100
binaryHyperVol 12.66
additiveEps 0.84
entropy 0.49717
archive 20
2
5 28  100 0111001111000111101001011110100111100000011001011010000000011010100000010010001010100011011011011010
3 32  100 0111110101110101011001001110100111101100011010000110011011110100100000010010001110100001011010011001
runNumber 21
genCount 5504
elapsedTime 600.051
unaryHyperVol 110
binaryHyperVol 13.0978
additiveEps 0.869565
entropy 0.481574
archive 21
3
7 27  100 0010000100001101010001000100100110010100011000000110010001011000000010000100110001101001001000001010
5 29  100 0011000110010111010001000010100110010110011001000110010100011101000001010100000001101001001010101001
3 30  100 1001000110011101010001000010100110010100011001010110010001011000000010010000100001101001001010111001
runNumber 22
genCount 5411
elapsedTime 599.937
unaryHyperVol 105
binaryHyperVol 10.2908
additiveEps 0.75
entropy 0.449615
archive 22
3
10 26  100 0101000100000100010000110100000110100100011011001010010000011101110101000010001110100001001001011001
4 29  100 0111001000000101010001110100000111100000011011111010010001001010101110000010000011000001101001111001
3 35  100 1111000100011110010000110110101000100010101011101110010001001010101110000010010011100001001001011001
runNumber 23
genCount 5386
elapsedTime 600.005
unaryHyperVol 153
binaryHyperVol 22.9206
additiveEps 0.809524
entropy 0.49717
archive 23
2
6 22  100 0000101100100110000000001001010100100100101000000110010001010011000110111010001001010111111000101010
4 28  100 1000010100111100001001001001010100100100101000000110010001010011000110111010001001010111111000101010
runNumber 24
genCount 5296
elapsedTime 600.026
unaryHyperVol 63
binaryHyperVol 50.9275
additiveEps 1
entropy 0
archive 24
1
6 30  100 0011011110010111111001001110100011000111001000001110000000100110000110011010011111010111010111110111
runNumber 25
genCount 5424
elapsedTime 599.92
unaryHyperVol 145
binaryHyperVol 12.7368
additiveEps 0.842105
entropy 0.481574
archive 25
3
12 23  100 0111001100000001010000100010100110100100011011000110010001111111110101010100100101100001001011011001
10 24  100 0100001100101001010000100110100110100100011011000110010001011111111001010010000001100001001001001001
3 26  100 1111001101000100010000111010100110101100011011001010010000111111111010010000001001100001001000011001
runNumber 26
genCount 5496
elapsedTime 600.014
unaryHyperVol 110
binaryHyperVol 32.875
additiveEps 1
entropy 0
archive 26
1
4 27  100 1011110011100001001010101110101111100100011011100010101101011001000110010000000001010001001001001001
runNumber 27
genCount 5575
elapsedTime 600.005
unaryHyperVol 149
binaryHyperVol 11.6364
additiveEps 0.772727
entropy 0.481574
archive 27
3
5 24  100 0001001110110101010000111110100010100100010101001010010001010011010110101010110001010111111010111001
4 26  100 1111001100110101010000010000001010100000010101011010010001010001000110100010001101010001111011101001
3 29  100 0001001110110100010000111010100010100100010101001010010001010000000110101010110100100001011011001001
runNumber 28
genCount 5452
elapsedTime 599.99
unaryHyperVol 48
binaryHyperVol 22.899
additiveEps 0.923077
entropy 0.49717
archive 28
2
11 31  100 1100000100100011010000101110100101010110011011101010001101101000010110011110010100010101010101001001
5 33  100 1100000100100001010000111110100101010110101010000110111110011001010110111010100011010001010100001001
runNumber 29
genCount 6803
elapsedTime 599.922
unaryHyperVol 110
binaryHyperVol 32.875
additiveEps 1
entropy 0
archive 29
1
4 27  100 0101001100011111010000111010100101010100101011101110110000011001000110101010000001010110111000101000
