OptimalFront
unaryHyperVol 286
3
5 11  100 1000101000001010011001011010101110100100010011000010101101101101101000000110000100010100110100001001
4 12  100 1000101000001010011001011010101110100100010011000010101101101101101000000110000100010100010100001001
3 14  100 1000101000001010011001011010101110100100010011000010101101101101101000000000010100010100001011001001
-------------------------
runNumber 0
genCount 5434
elapsedTime 600.017
unaryHyperVol 129
binaryHyperVol 9.8375
additiveEps 0.75
entropy 0.481574
archive 0
3
7 26  100 1100011000000110101001010110000100101100110011010000111000011101000101100110000100010100110100011001
4 28  100 0100101000100110011000010010100101100000000011001110001110101101010101000110000100010111010100011001
3 31  100 1011101000010101011000010110100101100000000011001110010001100001001001000110100100010111010100011001
runNumber 1
genCount 5351
elapsedTime 599.905
unaryHyperVol 102
binaryHyperVol 8.01786
additiveEps 0.607143
entropy 0.529986
archive 1
4
7 28  100 1000101011001001001001011010101110100001011111110110110101000101001010000000010111100000001011101001
5 29  100 1000101011001001001011011010100110100101011111110110000100001101111000010000011100100000001011111001
4 33  100 1000101011100001001011010010101100100001011101000010110100101101101000010000011101100000001010111001
3 39  100 1111101011100001001010010010101101101011011111100110000100101101111001010000011111000001001011111001
runNumber 2
genCount 5326
elapsedTime 599.977
unaryHyperVol 72
binaryHyperVol 32.4048
additiveEps 1
entropy 0
archive 2
1
4 32  100 0101000000010110011011010110011110010100010001000010101110101111101001101110100101010101001000101000
runNumber 3
genCount 5492
elapsedTime 600.029
unaryHyperVol 113
binaryHyperVol 9.15652
additiveEps 0.73913
entropy 0.529986
archive 3
4
8 27  100 1000101000001011011011110101011010100110010011000110100000001101001000000000010110000000001011101001
5 29  100 1001101010101010011011111001011010100110010011000110100000001101001000010000011000110000001010001001
4 31  100 0101101000001001011001100101011010100100010100001010110101100110101000010000010011100000001011011001
3 34  100 0000101010001101001011100101011000100000010101001110101001101101011000000000010000000001001011101001
runNumber 4
genCount 5616
elapsedTime 599.928
unaryHyperVol 90
binaryHyperVol 10.8261
additiveEps 0.826087
entropy 0.481574
archive 4
3
6 30  100 1000101000000001011010110000000010101001010101110100101101100000101000001010100100010101111010111001
4 33  100 1000101000000000011011011110000011100101110001001110001110100000001000011010101100010111111011011001
3 34  100 1000101000010111011001011110010000100101110001001110001110100100001000011010101100010111111011011011
runNumber 5
genCount 5532
elapsedTime 599.964
unaryHyperVol 110
binaryHyperVol 12.8889
additiveEps 1
entropy 0
archive 5
1
3 29  100 1000101000010101011010101010011110100011110111000010101101101110101000100110100001010110001011001011
runNumber 6
genCount 5452
elapsedTime 599.998
unaryHyperVol 173
binaryHyperVol 5
additiveEps 0.666667
entropy 0.457133
archive 6
4
6 19  100 1000101000001010011001011010101110100100000111001010101100001101101000000000010000000000001011001001
5 28  100 1100101001101001110001111010101100100110001111001010101100001101101010000000010100010100001010001001
4 32  100 1000101000001010011001111010111110100101000100011010100001001011011011000000011011010101001010001000
3 34  100 1101101001011010011001111110101010100110001111001010010000101011011011000000010100010101001010001001
runNumber 7
genCount 5621
elapsedTime 600.011
unaryHyperVol 114
binaryHyperVol 21.9853
additiveEps 0.941176
entropy 0.49717
archive 7
2
7 27  100 0100101000001010101001010110101101100001010011010000100011100001001010100110000000000001011001001001
4 28  100 0000101000001010001001111010110000100000010011010010000000100001101000111110000000100001001011111001
runNumber 8
genCount 5621
elapsedTime 599.92
unaryHyperVol 37
binaryHyperVol 31.5288
additiveEps 0.923077
entropy 0.449615
archive 8
3
7 35  100 0100101000001100110001100010111010101100100010101110110011100000011011111100010100101000010111110111
6 36  100 0100101001001100110001110010101000101100000100001110011110101010010101110100010001101000010111110111
5 37  100 1100101001111001110001100010101000101100101000001110010010101000111011111100010000101000010111110111
runNumber 9
genCount 5343
elapsedTime 600.034
unaryHyperVol 62
binaryHyperVol 19.25
additiveEps 0.875
entropy 0.481574
archive 9
3
8 32  100 0100000001110101010011010001011110100001000011000110100001100001100101101100010000110000001001001001
6 34  100 1100000001110101010011000101011110100001000011010110101001100001000101101100000000010000001001001001
4 35  100 0100000001110101010011000001011111100001000011110010111001100001100101101100011100010100111010011001
runNumber 10
genCount 5476
elapsedTime 599.996
unaryHyperVol 80
binaryHyperVol 51.8947
additiveEps 1
entropy 0
archive 10
1
5 30  100 0101101000000011010101110110101110010111010101000010011001100001000101000110001100010001101010001001
runNumber 11
genCount 5449
elapsedTime 599.943
unaryHyperVol 126
binaryHyperVol 11.5556
additiveEps 0.888889
entropy 0.49717
archive 11
2
5 27  100 1100101000010110111001011010011110100111010011110010000100010101101011001010101010010100110111001000
3 29  100 1011101000010110111001011010011110100111010011110010000100010101101011001010101010010100111000111001
runNumber 12
genCount 5504
elapsedTime 600.004
unaryHyperVol 59
binaryHyperVol 12.3958
additiveEps 0.958333
entropy 0.49717
archive 12
2
4 34  100 0000101001011010011011101010111011100011000101001010111101000001011000000000010000010100001000001010
3 35  100 0011101001011010011011101010111011100011000101001010111101100001011000000000010000010100001000001010
runNumber 13
genCount 5363
elapsedTime 599.94
unaryHyperVol 49
binaryHyperVol 30.2857
additiveEps 0.892857
entropy 0.49717
archive 13
2
5 34  100 0011010100000001000001010101011101010111100001110010100001010100011000111110001111001011111011110000
4 39  100 0000010101000001001011100101010001010101111111000010011000010110111000000100001111000011001000110000
runNumber 14
genCount 5485
elapsedTime 599.942
unaryHyperVol 86
binaryHyperVol 20.16
additiveEps 0.95
entropy 0.49717
archive 14
2
8 30  100 0101101000001100111000110100101111100100011101010001110001100001001000000110000000010110010111001011
4 31  100 0101101010001001011001110110111111101100010010001110110001100001001000000010000100010110010100101010
runNumber 15
genCount 5554
elapsedTime 599.988
unaryHyperVol 87
binaryHyperVol 13.5057
additiveEps 0.666667
entropy 0.529986
archive 15
4
9 26  100 1000101001001010011001011010101110010100011011000110111100101100010101000110000000010101010101110000
8 30  100 1000101011111110011001111010101110010100011011000110110100101100010101000110000000010101010100110000
5 33  100 1000101011111110011001111010101110010100101011010110110101101000010101010110000111010101010101110000
4 40  100 1000101011000000001001000010000101010100101001111010011010101000010101000110100000010101010100110000
runNumber 16
genCount 5509
elapsedTime 600.094
unaryHyperVol 108
binaryHyperVol 11.65
additiveEps 0.9
entropy 0.49717
archive 16
2
4 29  100 1001100011000001011000011101011110010100011101000110100101010101101001000000010100010100001011001010
3 31  100 0000101000001001011000000110100001100000010111001010100100010101101001000000011101010100001001001001
runNumber 17
genCount 5576
elapsedTime 599.858
unaryHyperVol 24
binaryHyperVol 51.9231
additiveEps 1
entropy 0
archive 17
1
5 37  100 0100000000010011001001101110100110100000000000011110000011101101000101100110100101110100011000010000
runNumber 18
genCount 5408
elapsedTime 599.996
unaryHyperVol 97
binaryHyperVol 31.2
additiveEps 0.9
entropy 0.49717
archive 18
2
5 29  100 1011101000010001000101010010011110100001010011000010100101100001000101111010001100010101101011001001
4 31  100 0011101000010001100101010010011110100001010011000010100101100001001010000010000010010001101011011001
runNumber 19
genCount 5481
elapsedTime 599.927
unaryHyperVol 80
binaryHyperVol 51.8947
additiveEps 1
entropy 0
archive 19
1
5 30  100 1100101000001101110001011110010110010110000100000010101110101110101010000100011111101011111010001010
runNumber 20
genCount 5472
elapsedTime 600.047
unaryHyperVol 147
binaryHyperVol 9.89844
additiveEps 0.75
entropy 0.481574
archive 20
3
11 23  100 1000101000010100011001011010001110100100010000010010101100100001010101000110000000110100111001001001
8 24  100 1000101000100100011001011010001110100100010000010010101100100001010101000110000101010100111001001000
3 27  100 1001101000010100011001011010001110100110010000010010101001100001010101100110100000010100111001001001
runNumber 21
genCount 5580
elapsedTime 599.958
unaryHyperVol 82
binaryHyperVol 10.8667
additiveEps 0.833333
entropy 0.449615
archive 21
3
8 31  100 0110101011110100011000110010100001100100110000000100100001100001101000000110100000010001011010001001
4 32  100 0001101010010101011000110010100001100101111010100010101100000001101000000101000000010101111011011001
3 35  100 1010101011000001111010110010100111010101011110110110010001100001101000100000010100010001001011001001
runNumber 22
genCount 5270
elapsedTime 600.053
unaryHyperVol 75
binaryHyperVol 10.5192
additiveEps 0.807692
entropy 0.49717
archive 22
2
4 32  100 0000101010111010011010100010110001101000000110001010100101100000101011110110000100010110010100001001
3 37  100 0001101000010100101011001010101001101010001100001010100101100000101011110110100000010100011010011001
runNumber 23
genCount 5605
elapsedTime 599.927
unaryHyperVol 65
binaryHyperVol 10.6111
additiveEps 0.814815
entropy 0.49717
archive 23
2
4 33  100 0001101001010110101001101010001101010100110010000000011101101101010101111110101001010111111000001000
3 38  100 1000101011010110101001101010000101101001010110000010011101100000010101010010101011010111101011010000
runNumber 24
genCount 5403
elapsedTime 599.942
unaryHyperVol 69
binaryHyperVol 9.70833
additiveEps 0.75
entropy 0.447913
archive 24
4
11 31  100 0010101000001011011001100110000111010100011111000001110000101110001000100000010110010100001011001001
6 32  100 1100101000011010111001100110100001010100001101100110101110101110011001000100010110010101111011111001
5 33  100 0010101000001011001001000110100111010100011101010101110110101100001000000000010110010100001011001001
3 38  100 1000101011111010101000100110101110100010111100011110101010101110001001110000010010010101001001001000
runNumber 25
genCount 5176
elapsedTime 600.058
unaryHyperVol 99
binaryHyperVol 15.5444
additiveEps 0.9
entropy 0.49717
archive 25
2
13 27  100 1000000000001010010011001010110000010111001111010010100101001101011000001010000100010101010100101001
4 29  100 1000000000010001010011001110110001010101001111000010101101101101011001000110000111010101010100001001
runNumber 26
genCount 5455
elapsedTime 599.912
unaryHyperVol 97
binaryHyperVol 8.30247
additiveEps 0.666667
entropy 0.485314
archive 26
5
9 28  100 1001101000001000011001110010001101100100010111011110110110101101101000010100010011100000111001011001
7 29  100 1100101000101000011001110010001101101100101011110100110101101101101000010100010011100000111001011001
5 30  100 1100101000101000011011110110001101101100101011110100010101101101101000110100010000100011001011101001
4 35  100 1100101000100000011001100010011000100001011110110010000101101100101000011100010010110000111001011001
3 38  100 0100101001110000011011100010001000100001010111110010010110101101111000110000010010100001001010101001
runNumber 27
genCount 5395
elapsedTime 599.959
unaryHyperVol 103
binaryHyperVol 11.1714
additiveEps 0.857143
entropy 0.449615
archive 27
3
8 29  100 1000101010001010101000010110001110100000101001010110101001001101011000000000010100010101001010001001
4 30  100 1010101010100111111001010110101110101001000111000110101001001111011000000000010100010100001011011001
3 32  100 1000101001111011011000010110001100101110000111000110101001101101001000000000011101010001001000001001
runNumber 28
genCount 5528
elapsedTime 599.964
unaryHyperVol 88
binaryHyperVol 11.7727
additiveEps 0.909091
entropy 0.49717
archive 28
2
4 31  100 0100101000010100101010010001011100100100001110000010001001101001101010010101000111010110010100001001
3 33  100 0100101000010100101010010001011100100100001110000110001100100101001000101010101100010100010111111001
runNumber 29
genCount 7497
elapsedTime 600
unaryHyperVol 100
binaryHyperVol 11.15
additiveEps 0.85
entropy 0.447913
archive 29
4
11 28  100 0000101000010001011000011010111010100100100011000000100101100001010101000100010001110101001001001001
10 29  100 0000101000000001011000011010011010100100100011000000100111101001000101000000010000110101001001001000
8 30  100 1000101000010001011000011010001010100100100011000000100111101000000101110000010100010101001001001000
3 31  100 1000101000010001011000011010011010100100100011000010101110100100000101110000010101010101001001001000
