OptimalFront
unaryHyperVol 318
2
3 11  100 0000101011000100111000000101011011110110101010110010101100111011001010000010101100101011101011010110
2 12  100 0000101011010011111000000101011011110110101010110010101100111011001010000010101100101011101011010110
-------------------------
runNumber 0
genCount 5414
elapsedTime 600.013
unaryHyperVol 90
binaryHyperVol 8.27586
additiveEps 0.724138
entropy 0.5994
archive 0
3
7 29  100 0000101000000101100100000110000101111010110000110001011111111011111010111010111100101000111011010110
4 32  100 0000101000000100010101000110000101111010100001000101101110111011101010001010100010101010010111111010
2 40  100 0000101000010000010011111110000101111111110110110001011110101011101010001010010110101000111010111010
runNumber 1
genCount 5277
elapsedTime 599.987
unaryHyperVol 118
binaryHyperVol 27.3393
additiveEps 0.964286
entropy 0.509891
archive 1
2
4 27  100 0000010111010001000000110110101101110100001110110011100111000011001010000010101011101011101000010110
3 39  100 0000010111010001010100100010010010110000000110101000110001001000001010011010110011101101101000010110
runNumber 2
genCount 5272
elapsedTime 599.913
unaryHyperVol 117
binaryHyperVol 9.02667
additiveEps 0.76
entropy 0.54796
archive 2
4
5 28  100 0000010100010111010100000010101001010100110010111010001100111001001010000010010001101110111011010110
4 31  100 0000010100010010101000000110000101010010101010100000001111111000001010000110010001101111101011001110
3 32  100 0000011010010010010100100110000011111110101010100000001110111000001010000110010001101111101011001110
2 36  100 0000101011010001010010000110000011110001110010101011001100011011001010000110010001101110011011100010
runNumber 3
genCount 5500
elapsedTime 600.006
unaryHyperVol 129
binaryHyperVol 10.5625
additiveEps 0.85
entropy 0.5994
archive 3
3
6 27  100 0110101001010101111000100101010111110101101010110110010001000011111010000001001100101011010110001010
5 29  100 0110101001010101111000100101010111010111010110111110101000000001111010000001001100101011010110001010
2 31  100 0110101001010011111010111101010111110101101010110110011001000011111010011110101000101011010110011010
runNumber 4
genCount 5479
elapsedTime 599.951
unaryHyperVol 99
binaryHyperVol 12.95
additiveEps 1
entropy 0
archive 4
1
2 31  100 0110101011010001101000110101011011110000101010000010011110101000011010000010010000101101001010010101
runNumber 5
genCount 5229
elapsedTime 599.998
unaryHyperVol 142
binaryHyperVol 7.62963
additiveEps 0.962963
entropy 0.509891
archive 5
2
3 26  100 0000010100000100010111000110101010110101101010010010101100101000001010010110011000101001101011110010
2 38  100 0000101010010000010111011110101010010101110110010000111101111000101010010010011010101000011010010010
runNumber 6
genCount 5165
elapsedTime 599.964
unaryHyperVol 75
binaryHyperVol 10.5513
additiveEps 0.846154
entropy 0.5994
archive 6
3
11 32  100 0000101001000100110100000110100101010101010110111011011000011011101010010010010000101011110000001110
3 33  100 0000101001010100110100000110101010110001010000111000100100101001101010110110010100101000011000000110
2 37  100 1010101010010000001010110110101010110001010000111000100100101001101010110110010100101000010110010010
runNumber 7
genCount 5278
elapsedTime 599.97
unaryHyperVol 96
binaryHyperVol 18.7943
additiveEps 0.909091
entropy 0.599401
archive 7
3
13 28  100 0000010101010011010101000100011111001101100000110010101000001000101001010010101100101010101010010101
7 29  100 1010010101010001010100000100011111001100100010110000101000001010001001010010101100101010101010010101
4 30  100 0000010101010001010100000110011111001101100000110010101000001000101001010010101100101110101000000101
runNumber 8
genCount 5314
elapsedTime 599.932
unaryHyperVol 98
binaryHyperVol 10.1
additiveEps 0.96
entropy 0.509891
archive 8
2
4 30  100 0110000000010000110000010101010011001010100110000110101101011011111010000010101101100100001011010101
2 36  100 0110101001010010111100010101010010000110101010110100001101011000111010101010100111101110001011001110
runNumber 9
genCount 5256
elapsedTime 600.001
unaryHyperVol 125
binaryHyperVol 11.0965
additiveEps 0.947368
entropy 0.509891
archive 9
2
8 27  100 0000101011110100101000000110001011110110000000110111111100001010101010010001111100101001101000000101
2 30  100 0000101010010010111000000101011110111111000000010011101100001011001010010110111100101001101000110101
runNumber 10
genCount 5326
elapsedTime 600.015
unaryHyperVol 110
binaryHyperVol 12.9474
additiveEps 1
entropy 0
archive 10
1
2 30  100 0000101011010000110011110010100000110110100000000001111000111011001010000110001100101101001011110110
runNumber 11
genCount 5257
elapsedTime 599.941
unaryHyperVol 89
binaryHyperVol 10.8357
additiveEps 0.869565
entropy 0.599401
archive 11
3
11 30  100 0000011000010001000011010101011011110010011010110110101001001000000101010010101000100101101011011110
6 31  100 0000011000010001000111001101011011100010111100110100111100111001001010000010111010100111101011011110
2 34  100 0010101000010001000011011001011011111010111110011001100100000001101010001110001101100101101011010110
runNumber 12
genCount 5321
elapsedTime 599.931
unaryHyperVol 120
binaryHyperVol 8.928
additiveEps 0.72
entropy 0.5994
archive 12
3
7 28  100 0000101001000100110110000110011011110101000110110000100100011011011010001010001000001100101000110110
3 29  100 0000101001000100111110000110011011110101000110110000100100011011011010001010001000101100101000110110
2 36  100 0010101011010001010000011110111001001011011010010011100100111001011010010010001010101000111000110110
runNumber 13
genCount 5355
elapsedTime 600.071
unaryHyperVol 125
binaryHyperVol 10.006
additiveEps 0.809524
entropy 0.472411
archive 13
4
10 27  100 0000101000000100110100001001110101011011011010010010101100111011111010000010100000101100001011010010
6 28  100 0000101000100100110100001001110011100011011010110001101100111011111010000000000000101100001011010010
3 30  100 0000101000100100110100001010011110100110010110010001101000111011111010000010100000101100001011010010
2 32  100 0000101000010000100100001010011110011011101010110010110100011010001010000010101110101010001011110010
runNumber 14
genCount 5373
elapsedTime 599.902
unaryHyperVol 99
binaryHyperVol 12.95
additiveEps 1
entropy 0
archive 14
1
2 31  100 0000101000010000011000010101011000110100010110110110110000011000001010011010011100100011101010000110
runNumber 15
genCount 5303
elapsedTime 599.987
unaryHyperVol 192
binaryHyperVol 8.70588
additiveEps 0.941176
entropy 0.509891
archive 15
2
3 22  100 0000101011000100011000111101011111110111101010010010101111101001001010000010100111101011101011010110
2 28  100 0000101000010011011000101101010101110110010110110110111111101001001010000010110110101011101011010110
runNumber 16
genCount 5320
elapsedTime 600.003
unaryHyperVol 87
binaryHyperVol 10.2115
additiveEps 0.961538
entropy 0.509891
archive 16
2
4 31  100 1110101001010111110101000110000101010010000101111101110000101011001010011110100100101011111011010110
2 37  100 1110101001010010100010100110010111010100011110101100011100101000011010011110101100100011111011110110
runNumber 17
genCount 5288
elapsedTime 600.02
unaryHyperVol 113
binaryHyperVol 12.3618
additiveEps 0.947368
entropy 0.509891
archive 17
2
10 29  100 0000101011010100011010001110100001110101111001010101111100110101001010110010010000101011011011000110
2 30  100 0000101011010000011010001110101111101110101110110011100111000000011010000010010000101011011011000110
runNumber 18
genCount 5296
elapsedTime 599.947
unaryHyperVol 97
binaryHyperVol 17.7619
additiveEps 0.904762
entropy 0.599401
archive 18
3
8 29  100 0000010100000101000111010110101010001100101010010011010001111011001010010110011111101011101011010010
6 31  100 0000010100000100011111000100101011001001100010101001011001001010001010001110000000101011001011000110
3 32  100 0000010101000100010111010110101010001100101010010011010001101011001010010110011111101011001011000010
runNumber 19
genCount 5249
elapsedTime 599.95
unaryHyperVol 101
binaryHyperVol 9.48667
additiveEps 0.76
entropy 0.417715
archive 19
5
8 29  100 0000101001000100011011110001110001110111001010010011001011001011001010000010101100101111101010010010
6 30  100 0000101001000100110111110001110000110100111010110011111101111001001010000010101101100101101000111010
5 32  100 0000101010010010011010110001110001110101000010010011001011001011001010000010101100101111101010010010
3 33  100 0000101011000100111001110001010100010111100110010001111000001001001010110110111100101111001000111010
2 36  100 0000101000010000011001100010110100101111000000101011111000111001101010000010101110101011101000011110
runNumber 20
genCount 5258
elapsedTime 599.971
unaryHyperVol 136
binaryHyperVol 9.30435
additiveEps 0.956522
entropy 0.509891
archive 20
2
3 27  100 0000101011000100011100001010001000110110100010000010011110001001011010100010100100101000101011011010
2 34  100 0000101011010000000000100001011111110111010000010000011010001001011010001010011100101110101011011010
runNumber 21
genCount 5191
elapsedTime 599.94
unaryHyperVol 121
binaryHyperVol 9.27174
additiveEps 0.826087
entropy 0.599401
archive 21
3
6 27  100 1010101000010101001001000101110111110100010000000110101100111011001001011101000110101101101011010110
4 31  100 1010101000110111110101001001010011110110010000001001101000111000001010001110100010101011001001000101
2 34  100 1010101000010001111000010110110111110101010000000101101000111000001010001110000011101001001001010101
runNumber 22
genCount 5251
elapsedTime 600.032
unaryHyperVol 132
binaryHyperVol 12.9412
additiveEps 1
entropy 0
archive 22
1
2 28  100 0000101011010010111100100110111011110110101010100010101000111011001010010110010001101111111000001010
runNumber 23
genCount 5415
elapsedTime 600.012
unaryHyperVol 114
binaryHyperVol 9.38542
additiveEps 0.75
entropy 0.5994
archive 23
3
6 28  100 0110101001000111011000100110001001110110111010101000110101011011001010000010110010101011011011010110
4 30  100 1110101000000101111000110010000000111111011010010001011100111000101010000010110010101011011011010110
2 35  100 1110101010010010011000100010001001110110111010101000111100011011001010100010100101100100001000001110
runNumber 24
genCount 5200
elapsedTime 599.942
unaryHyperVol 135
binaryHyperVol 10.575
additiveEps 0.95
entropy 0.509891
archive 24
2
4 27  100 0010101000000111110100010110101011011111100000011101111100111001001010001010101100101011010100000010
2 31  100 0010101000010000111110010110101011111101000000010000001110111001001010000010101100100000010101010010
runNumber 25
genCount 5267
elapsedTime 599.987
unaryHyperVol 172
binaryHyperVol 11.6667
additiveEps 0.5
entropy 0.325186
archive 25
5
8 20  100 0000000011000100111111000110000011000110101010110001001100111011001010001010101100101001101011010101
6 22  100 0000000011000100011111000110101111001100101010110001001100111011001010001110101100101001101011010101
5 24  100 0000000011000100011111100110101111001100101010110001001100111011001010001110101100100001101011010101
4 25  100 0000000011000100111111010110101111001100101010110001001101111000111010001110101100101001101011010101
3 35  100 0000101011100100111111010110101111001100100010010110100001001011001010001110111011101101001010100101
runNumber 26
genCount 5366
elapsedTime 599.865
unaryHyperVol 128
binaryHyperVol 20.2105
additiveEps 0.947368
entropy 0.509891
archive 26
2
6 26  100 0000011011000100010101110110000000110110011001110010100100101001001010001110000000100011101011010110
3 30  100 0000011001010100010100100110000101111101111010110001011100011000001010001110000000101010101011010110
runNumber 27
genCount 5311
elapsedTime 600.025
unaryHyperVol 80
binaryHyperVol 11.9304
additiveEps 0.913043
entropy 0.5994
archive 27
3
7 32  100 1101101010010010010001010100101000010011101010010000101100111011001010101110100111000011101010100101
5 33  100 1101101000010010010001010110000111010011101010010001101100011011001010111010100111000011101011100101
2 34  100 1110101011010010010001010110101000010011101010010001101100111011001010111010100111101100001001100101
runNumber 28
genCount 5365
elapsedTime 599.882
unaryHyperVol 175
binaryHyperVol 11.2302
additiveEps 0.888889
entropy 0.5994
archive 28
3
11 23  100 0000000011010010111011100110110011010101101110110010101100011011001010000010101110101001010111010110
5 24  100 0000101011010010111011111001110011110000100110110001101100001011001010000010100100101011010111010110
2 25  100 0010101010010000011011101110110011010101101110110010101100011011001010000010101100101011010111010110
runNumber 29
genCount 8389
elapsedTime 599.989
unaryHyperVol 75
binaryHyperVol 11.9583
additiveEps 0.958333
entropy 0.509891
archive 29
2
3 33  100 0000101011100100111011110001010100100111011110110000001111011010111010010010010111101011011011000110
2 35  100 0000101001010000111001110001011100001110111110110001000000101001111010011010101111101011010111110010
