OptimalFront
unaryHyperVol 403
2
4 10  100 0110000000101010001101010100010001100000011010001011000010000000111010110100001111000110100001100110
3 13  100 0110101001010010000000010100010001100000010101001011000010000000111010110100010111000110100001100110
-------------------------
runNumber 0
genCount 5603
elapsedTime 600.037
unaryHyperVol 122
binaryHyperVol 15.4773
additiveEps 0.909091
entropy 0.509891
archive 0
2
5 30  100 0110101000010011000000110111010000101100100101011011000011011000011010000100010011100111101101001110
3 32  100 0110101001010011010000110101010000100100001001011011000011011000011010000100010011100111101101001110
runNumber 1
genCount 5545
elapsedTime 599.981
unaryHyperVol 56
binaryHyperVol 16.88
additiveEps 1
entropy 0
archive 1
1
3 35  100 0000101010100100010000000010010101010100001011000111011101001010010010011100010111001111100001110110
runNumber 2
genCount 5530
elapsedTime 599.976
unaryHyperVol 101
binaryHyperVol 12.8071
additiveEps 0.785714
entropy 0.5994
archive 2
3
8 31  100 0000101010000101010110011101010101000100011010000001110000000000111110111000000111010011101001110010
4 32  100 0000101010100100011110000111100101100001011010000011110001000001001110110001000001010010101010110110
3 38  100 0000101010100100010110000001110101101101101011000011110000000001110110111000010011010011100011110010
runNumber 3
genCount 5433
elapsedTime 599.94
unaryHyperVol 180
binaryHyperVol 15.0556
additiveEps 0.888889
entropy 0.509891
archive 3
2
4 26  100 0110101001010010101101010100011001100000001010011011111001000000011010000000010101000100100001001010
3 28  100 0110101001010010000000010101001101100000101010011001001001001000001110101000010101000100100001000110
runNumber 4
genCount 5444
elapsedTime 600.002
unaryHyperVol 228
binaryHyperVol 7.46154
additiveEps 0.615385
entropy 0.410016
archive 4
4
6 21  100 0110000001010001010000010111010010101000000101001111000101101000111010110100001111000110000001100110
5 22  100 0110000001010001000000010101010010100000101000101011001011001000111010101100001111000110000001110110
4 29  100 0110100000010001000000010101111010100100101000001111000101011000010010000100001111000110101100100110
3 36  100 0110101001010001100000011001010011101010101010111110000001011010011010101100011111001100000000010010
runNumber 5
genCount 5553
elapsedTime 599.91
unaryHyperVol 115
binaryHyperVol 11.623
additiveEps 0.75
entropy 0.5994
archive 5
3
12 29  100 0110000000010001100000000000000010010101010101001011001110011001000110010100011111110000100001100110
4 31  100 0110000000010001010000010101000101010101100101001011001100111001110000010100011111110001101001100110
3 38  100 0110101001010001100010000000000010010101101010100100001100011000110110010100011101010001100100101110
runNumber 6
genCount 5438
elapsedTime 599.991
unaryHyperVol 118
binaryHyperVol 13.072
additiveEps 0.8
entropy 0.468496
archive 6
3
8 29  100 0110101001010000000000100110101000100011111001001111000110000001111110010101000101000111000001000101
4 33  100 0110101001010101010000111100000001101111001010011101000110000001111110110100101111111111000010100101
3 35  100 0110101001010000000000100110101000100011111001001101000110000001111110011100010111011111101000100101
runNumber 7
genCount 5372
elapsedTime 599.9
unaryHyperVol 76
binaryHyperVol 34.66
additiveEps 0.92
entropy 0.509891
archive 7
2
5 33  100 0000011000010001000000110111011111101100011000111011001111000000001010111100011011101010101011101110
4 35  100 0000011000010001000000110101100000010110011000000010100111000001001010111000011011101010100000100110
runNumber 8
genCount 5481
elapsedTime 600.085
unaryHyperVol 143
binaryHyperVol 54.8333
additiveEps 1
entropy 0
archive 8
1
4 28  100 0000101000010100000000010101011001100011101010111000000101011000110010000001100111000110100001100101
runNumber 9
genCount 5543
elapsedTime 599.899
unaryHyperVol 113
binaryHyperVol 17.77
additiveEps 0.8
entropy 0.5994
archive 9
3
11 29  100 0110101010101010000000010001010011101101000101010011111111000011101010110100001100101110000001000110
6 30  100 0110101010101000100000000101100001100000110101000001111111001011101010100100001100000010100001001110
4 35  100 0110101010101000100000010011111011101111000101100001001111000001101110111100000010000101000001001110
runNumber 10
genCount 5466
elapsedTime 600.06
unaryHyperVol 177
binaryHyperVol 10.28
additiveEps 0.64
entropy 0.54796
archive 10
4
11 25  100 0110010001010000000000010101000001010100010111000011010001000001011010110100010001000111000001000110
6 26  100 0110100001010001000000010111010001010100010101100010000001000001001010000100010100000111000001000010
4 27  100 0110100000010101000000010101000001010100010101010011100101000001001010000100010100000111000001000110
3 35  100 0110101001010001100000001001000101010101001011000011101010001001010010110100010110111110000001001110
runNumber 11
genCount 5221
elapsedTime 599.955
unaryHyperVol 221
binaryHyperVol 10.9825
additiveEps 0.736842
entropy 0.599401
archive 11
3
6 22  100 0000101001000100100000010100010001100000011010001010000010001000010010110100000001000110101001100110
4 27  100 0000101001101000000000010100010101100000111010000011010101000001011010110000000001000110101101100110
3 29  100 0000101001100100000000010000010001100000111001001011000101000000010000101100010001000110101101100110
runNumber 12
genCount 5197
elapsedTime 599.9
unaryHyperVol 124
binaryHyperVol 15.4091
additiveEps 0.909091
entropy 0.509891
archive 12
2
4 30  100 0110101001010101000000111010000001101001010101010110000010001010111110100100010111110111000010010110
3 32  100 0110101001010001100000011010000101100000010101000101010110000010110110101000010011110100000010101010
runNumber 13
genCount 5423
elapsedTime 600.076
unaryHyperVol 157
binaryHyperVol 22.0421
additiveEps 0.842105
entropy 0.509891
archive 13
2
8 26  100 0110101000101000001100000100110101010100001010001011000010000001000110001100000101010110100001001110
4 29  100 1110101001101010010000010100111101010110011010001011000010000000000110011100000101010111100100001010
runNumber 14
genCount 5439
elapsedTime 599.867
unaryHyperVol 130
binaryHyperVol 54.8421
additiveEps 1
entropy 0
archive 14
1
4 29  100 1010101000010010000000010101010001010101010101101000000101111011001010010011010100000110000010100101
runNumber 15
genCount 5297
elapsedTime 599.971
unaryHyperVol 96
binaryHyperVol 16.2391
additiveEps 0.956522
entropy 0.509891
archive 15
2
5 32  100 0110101001010000000000010000011111100010000001001111010000001010010000110100010111110010100110000110
3 33  100 0110101001010000000000000010000001100000001000001101010001101010100000110100010111110010100110100110
runNumber 16
genCount 5365
elapsedTime 600.026
unaryHyperVol 96
binaryHyperVol 54.9286
additiveEps 1
entropy 0
archive 16
1
5 31  100 0110101000101000000101110111110001101110101000000010000110000000001010100100000100001000101101110010
runNumber 17
genCount 5470
elapsedTime 599.951
unaryHyperVol 187
binaryHyperVol 12.9
additiveEps 0.8
entropy 0.5994
archive 17
3
5 25  100 0000101010100100100000010100001001100000111010001011000010111000110010000110000110000101000001110010
4 29  100 0000101010100100100001011101000001100000111010001001000000001000010010000100010110000101000001110010
3 30  100 0000101010100100100000010100001001100000111010001011000011011000011010000100011010011000100011101110
runNumber 18
genCount 5527
elapsedTime 599.943
unaryHyperVol 144
binaryHyperVol 25.4493
additiveEps 0.869565
entropy 0.509891
archive 18
2
6 27  100 0110101010101011010000100100010001101100101010101001110000000000011010100100000001000110101001000010
4 33  100 0110101001101011010000100100110010100100001000010001010000000001011010010100000001000110101001000010
runNumber 19
genCount 5483
elapsedTime 599.982
unaryHyperVol 218
binaryHyperVol 16.5882
additiveEps 0.764706
entropy 0.5994
archive 19
3
10 21  100 0110000000010010100000010101110001100001010010001011000000011000111010010111010111000111000011101110
5 23  100 0110000001010010100000010101100001100011011010001010000001011000111010010011010111010111000011100110
4 27  100 0110101001010010000000010011010110100100000101001000100000011000111010010011010111000111000000100110
runNumber 20
genCount 5637
elapsedTime 600.004
unaryHyperVol 64
binaryHyperVol 15.1667
additiveEps 0.888889
entropy 0.509891
archive 20
2
5 34  100 0110101001010001010000011011000000010100111010001100001001000010010000111001100111101010101011101110
3 37  100 0110101001010001010000011011000000010100111010001001111001000000000000001000010010100001100010010110
runNumber 21
genCount 5672
elapsedTime 599.969
unaryHyperVol 101
binaryHyperVol 33.9375
additiveEps 0.875
entropy 0.509891
archive 21
2
5 31  100 1110101000101000010001011100010001100000011000010101000010111011011010000000011111000000000001011110
4 34  100 0000101010100100011001011101000101100000011010010101000011001000101010001000011100111100000001011110
runNumber 22
genCount 5534
elapsedTime 600.04
unaryHyperVol 62
binaryHyperVol 27.7885
additiveEps 0.884615
entropy 0.5994
archive 22
3
9 33  100 0110010101101000011101000000000100010110010101001011010010001000100000010100001100110011100101010010
7 35  100 0110010111101000001101000000000000010111111000000001011110001000100010010100011100110010100000000010
5 36  100 1110010101101000000101000011000011010101011010010111111100001000100010111100000101110010100100011010
runNumber 23
genCount 5292
elapsedTime 599.931
unaryHyperVol 148
binaryHyperVol 10.0307
additiveEps 0.62069
entropy 0.599401
archive 23
3
12 27  100 0000010101100100010101000111110001000000011010001011010110001000101010100111000111110101100100100110
4 28  100 0000010101100100010101001111110001100000111000001011110110001000101010100110000111000110100100100110
3 39  100 0000010101100100010101001111111001101010111001000011001111101000000110100100010110100101100100010110
runNumber 24
genCount 5449
elapsedTime 600.024
unaryHyperVol 168
binaryHyperVol 34.9706
additiveEps 0.941176
entropy 0.509891
archive 24
2
5 26  100 0110101010101010010000010101110001010100000101001011010100000001111010000100010011000000101001100110
4 27  100 0110101010101000010000010100110001010100100101000101011010000001111010000100000001010000000001100110
runNumber 25
genCount 5474
elapsedTime 599.993
unaryHyperVol 170
binaryHyperVol 10.5769
additiveEps 0.653846
entropy 0.5994
archive 25
3
6 26  100 0110101001010101000000010100000101100000010101010101110110000010101010110001101111000110000000100010
4 27  100 0110101001010101000000010110000001100001010101000111110100001000101010110101101010010100000010100010
3 36  100 0110101001010001000000010101000101100001011001110111110100101010011010011100011010010100100000011110
runNumber 26
genCount 5512
elapsedTime 599.912
unaryHyperVol 179
binaryHyperVol 14.3158
additiveEps 0.842105
entropy 0.509891
archive 26
2
4 26  100 0110101010100101001110011000000000100010010101001011001110000000010010000100011011010001101101101010
3 29  100 0000101010100100000110010000000010100010010101001010001110000000010010000100010101010011101101100110
runNumber 27
genCount 5353
elapsedTime 599.98
unaryHyperVol 64
binaryHyperVol 15.1667
additiveEps 0.888889
entropy 0.509891
archive 27
2
5 34  100 0110101000010000100010010111010101101101001000001101110110000010011010011100011001010010101001100110
3 37  100 0110101001010000100010010111110110101001001000011111110111011000011010011100011001010010101001100110
runNumber 28
genCount 5395
elapsedTime 600.09
unaryHyperVol 151
binaryHyperVol 20.087
additiveEps 0.782609
entropy 0.5994
archive 28
3
11 24  100 0000000011101010000000100100010001100001010101000011110010001000101110100100011100100110000010100110
6 28  100 1110000000101010000000100100010001100001010101010011110001001001000110000100001100100010100010000010
5 33  100 0010000011101001010000100100000001100000110101010011110001101001000110101000001100100010100010000010
runNumber 29
genCount 5588
elapsedTime 599.836
unaryHyperVol 136
binaryHyperVol 14.4675
additiveEps 0.727273
entropy 0.290265
archive 29
6
17 25  100 0010101001101010110000010100010001100000010101000111000110111010101010100100000101110011100001000110
11 26  100 0110101001101010110000010100000000100000010101000111000110011011101010110100000100110011100001001010
10 29  100 1010000001101000010001010101100001100000010101000101100110111010101010100100010100110010101001000110
9 30  100 0110101001101010110001010101100000100000000101000111110111111010101010110100000100110011100001001010
5 31  100 0110000001101000010000010101000000100001010101000011000110111010101010111100010100110011100100001110
4 32  100 1010101001101000110000110101000001100000010101000111000110111010101010100100000100110011100100001110
