OptimalFront
unaryHyperVol 264
2
6 8  100 1011000011010011010000111110101011011011101011010111110011011010101010001010100001010001011010011001
3 10  100 0111000001010011010000111110101011011011101011010111110011011010101010001010100001010001011010011001
-------------------------
runNumber 0
genCount 5278
elapsedTime 599.993
unaryHyperVol 124
binaryHyperVol 10.5926
additiveEps 0.888889
entropy 0.509891
archive 0
2
4 24  100 0111100101010010011001011110101100000000001011100111100011011011100110111010100110010110011010011001
3 26  100 0111100101010001111001000010101100000001001011000111100111011010111010011010101101010110011010011000
runNumber 1
genCount 5162
elapsedTime 599.98
unaryHyperVol 112
binaryHyperVol 11.3222
additiveEps 0.944444
entropy 0.509891
archive 1
2
8 25  100 0101100100010000011001111010101000000011101011011000110100011010001010001010100101010110010101000001
3 26  100 0101100101010000011001001010101000000011101011010000110100011010001010001010101101010110010101100001
runNumber 2
genCount 5281
elapsedTime 600.05
unaryHyperVol 56
binaryHyperVol 11.0467
additiveEps 0.92
entropy 0.5994
archive 2
3
9 31  100 1100100111100100011001001110101001000001011011010011110001001010011100000000111101000001000000101001
4 32  100 0100100111100100011001001110101000000001011011010011110100111001010000010110111100010011001110101001
3 33  100 1100100100100100011001001110101010000001011010000011110000011000011110000010010001000001001101000001
runNumber 3
genCount 5201
elapsedTime 599.928
unaryHyperVol 153
binaryHyperVol 11.8462
additiveEps 1
entropy 0
archive 3
1
3 21  100 0111100101010011101010111110100011111011111011000011111111011010101010000010100001010001010100011001
runNumber 4
genCount 5120
elapsedTime 599.937
unaryHyperVol 45
binaryHyperVol 8.87778
additiveEps 0.733333
entropy 0.472411
archive 4
4
12 30  100 0011100111010011110001010010101100110000010101010111110101011010100000010000000100110000000010001001
5 32  100 0011100111010011111001000010101100000000010101100111110000111010100000010000010100010001000010000101
4 35  100 0110100101010011111001000010101000000000010101100111111001011011100000010000000100110000110011010101
3 38  100 0111100101010011111001000010101100001000010101001000011001111011100000010000010100010001001010000101
runNumber 5
genCount 5260
elapsedTime 599.918
unaryHyperVol 82
binaryHyperVol 10.9221
additiveEps 0.909091
entropy 0.5994
archive 5
3
10 28  100 0100100101010011011001011010101111000010010011111100110100011010100010011010100100010101101010011001
4 29  100 0100100101010011011001011010100011000000011011111100110100011010101110011010100100010101101001011001
3 30  100 0100100101010011011001001010101111000000011010111110110100011010100010011010100100010101101010001001
runNumber 6
genCount 5211
elapsedTime 600.011
unaryHyperVol 143
binaryHyperVol 8.74074
additiveEps 0.722222
entropy 0.509891
archive 6
2
5 21  100 0110000000010011010000110010101011000011111011010001110010011010100010001010100011011011011001011101
3 26  100 0110000001010011010000110010101011001000011011011001111101011010101010001010010111010100010110101101
runNumber 7
genCount 5331
elapsedTime 599.971
unaryHyperVol 139
binaryHyperVol 9.31481
additiveEps 0.777778
entropy 0.599401
archive 7
3
5 22  100 0100100101010001110000111010100011011011101000100110110011011010100000001010100101110000011010101101
4 23  100 0100100101010001110000111010100011011011101000100110110011011010100000001010100101110001011001111101
3 26  100 0100100101010011111010111110100011011010101000010110100000111010101010111010110000010001001010101101
runNumber 8
genCount 5339
elapsedTime 600.028
unaryHyperVol 123
binaryHyperVol 10.0526
additiveEps 0.842105
entropy 0.509891
archive 8
2
4 24  100 1101000001010001010000111110100101011000101000010101100000011010110000000010100001010001111010010101
3 27  100 0100000001010000010000111010101001001011101010010101100000011010100000000010100001000001111100110001
runNumber 9
genCount 5326
elapsedTime 599.89
unaryHyperVol 109
binaryHyperVol 7.66667
additiveEps 0.708333
entropy 0.290265
archive 9
6
8 23  100 0011100111010011111001000010101011111010101011010110111011011010100000010010100001010001010010000001
7 25  100 0010100111010010111001001010101011111010101001010110111011011010100000000010100001010000010010000001
6 27  100 0111100111010011111001010010101010101010111011000011111011001010100000000110110001010011110010010001
5 28  100 0111100101010011101001000010101010111010101011010110111001001010100000000110110001010011110011010001
4 29  100 0100100101010010101001000010101001111011001011010111111001011010110000010010100111010000010010001001
3 32  100 0100100101010010111001001010101110101011011011010111011011011000000000010110110111010001010010001001
runNumber 10
genCount 5272
elapsedTime 600.046
unaryHyperVol 123
binaryHyperVol 10.0526
additiveEps 0.842105
entropy 0.509891
archive 10
2
4 24  100 0101000001010010010000110110101111111011101011011011110011011011100000010010100101010000001010010011
3 27  100 0111000001010011010000110010101000011011101010010001100101011000101110001010100111010100000010110101
runNumber 11
genCount 5421
elapsedTime 599.985
unaryHyperVol 86
binaryHyperVol 20.2143
additiveEps 0.666667
entropy 0.509891
archive 11
2
5 26  100 1000000011101011010000110010101000001001100101000101110011011000011010001010010100000001010100011101
4 36  100 1100000011101011010000011110101000001000000101000110000101000000010000011100000000010000011111111101
runNumber 12
genCount 5347
elapsedTime 599.86
unaryHyperVol 120
binaryHyperVol 9.6
additiveEps 0.8
entropy 0.599401
archive 12
3
6 24  100 0111000001010010010000111110101011000000011011010111110001011011010110001010010001010000000111000111
4 25  100 0111000001010000010010111110101011000000011010000111100101011010100110001010101001010101111010000101
3 28  100 0101000001010001010000111010101011000000011011010010110001011010101110001010011101010100000111110111
runNumber 13
genCount 5128
elapsedTime 600.003
unaryHyperVol 72
binaryHyperVol 13.3022
additiveEps 0.76
entropy 0.54796
archive 13
4
12 27  100 0011000001100100010000011110010000000010101000010111110010101001000000000010010000010111010010011001
8 28  100 0011000001100100010000011110010100000010001000010111110010101001000000000010010000010111010010011001
5 29  100 1000000011100100010000101110010101000010111011011101110111101001000000110110010011010001010010111001
4 33  100 0011000001100100010000011101010100001000111000001101110111001010001110000110001010010101111010011001
runNumber 14
genCount 5288
elapsedTime 599.997
unaryHyperVol 63
binaryHyperVol 9.46429
additiveEps 0.785714
entropy 0.599401
archive 14
3
5 30  100 0110000001010011010000110000000111000011010111000100111000011011010010000000101011010101110001011001
4 33  100 0110000001010011010000110110100110111011000101110100111000011011010010000000101011010100110001111001
3 36  100 0110000001010000011010100110101101011001000101000000111000011011010010011010111000010001111110011101
runNumber 15
genCount 5176
elapsedTime 599.911
unaryHyperVol 99
binaryHyperVol 11.8947
additiveEps 1
entropy 0
archive 15
1
3 27  100 0101000011101011010000011110101111000001011010011011110001011010100000110000000001010001000010000101
runNumber 16
genCount 5385
elapsedTime 599.919
unaryHyperVol 34
binaryHyperVol 11.0952
additiveEps 0.928571
entropy 0.509891
archive 16
2
4 34  100 1101100101010011011001001110100100101000101010101100001001001011000110000110000000010011001000011000
3 36  100 0101100101010001001001001110100100101001101000011100010001011000000110111110110000010111000010111011
runNumber 17
genCount 5389
elapsedTime 599.798
unaryHyperVol 96
binaryHyperVol 10.8095
additiveEps 0.904762
entropy 0.5994
archive 17
3
5 27  100 1000100011100100011010001110101001001010010101011011110011011010010010000010011010010000111010011001
4 28  100 1000100011100100011010001110101001001011010101011011110011011010010010000010011000010101011001111001
3 29  100 1000000011100100010000001110100100011011110101011011110011111011110000000010011101010100010001100101
runNumber 18
genCount 5489
elapsedTime 600.055
unaryHyperVol 50
binaryHyperVol 11.0513
additiveEps 0.923077
entropy 0.509891
archive 18
2
5 32  100 0000100101101001110000011110101001000001111011000000000010101010110110011010010110110001010100011001
3 34  100 0100100100100100001010010010101101000001111011001001100111101000001010011110100000010001010100011001
runNumber 19
genCount 5368
elapsedTime 599.937
unaryHyperVol 116
binaryHyperVol 7.4359
additiveEps 0.615385
entropy 0.509891
archive 19
2
4 24  100 0100101001010011011010000110100011011011111011110111100011011010100110001010100000010101111011011001
3 34  100 0100101001010000001010001010101011111001111011000101011000001011000110000110110000010001011111011001
runNumber 20
genCount 5465
elapsedTime 599.976
unaryHyperVol 45
binaryHyperVol 11.92
additiveEps 1
entropy 0
archive 20
1
3 33  100 0100100100100100011001001110100100101000011000100011111001011010101010111010101000010100111100010101
runNumber 21
genCount 5359
elapsedTime 599.989
unaryHyperVol 63
binaryHyperVol 36.5714
additiveEps 1
entropy 0
archive 21
1
5 29  100 1000010101100100010101000110101001011010011011100011110000011010110000110010011101010011010010101001
runNumber 22
genCount 5427
elapsedTime 599.953
unaryHyperVol 135
binaryHyperVol 11.8667
additiveEps 1
entropy 0
archive 22
1
3 23  100 0111000001010011010000111110101011011011100101010011110100011010110000001010011101010001101111000001
runNumber 23
genCount 5333
elapsedTime 599.892
unaryHyperVol 59
binaryHyperVol 21.5
additiveEps 0.892857
entropy 0.5994
archive 23
3
6 29  100 0110000000100111010000111110101010011000011011110101110011111000000000000110110100010001110011101001
5 35  100 0110000000100111000000100110101110111011111001000101000001001000000000001110010001110001110001010101
4 36  100 0110000000100111001001110010101110011000001011110100110011111000000000000000010111110001110011101001
runNumber 24
genCount 5304
elapsedTime 600.007
unaryHyperVol 93
binaryHyperVol 9.12
additiveEps 0.76
entropy 0.509891
archive 24
2
4 27  100 1011101101101011011010111100101111000011011000010111101100011010101010000100001001010001111100010101
3 33  100 1011101001101000001010111110101111000010011000010111000100011010100110100000001000010001000000100001
runNumber 25
genCount 5500
elapsedTime 600.009
unaryHyperVol 55
binaryHyperVol 11.5104
additiveEps 0.958333
entropy 0.509891
archive 25
2
11 31  100 1000100101100100011001000010100000110001000101010111110100001010110010011110000101010110011000010101
3 32  100 1100100101100100001001000010100100111001010101010111110100101010101010011010100101010100111010101101
runNumber 26
genCount 5263
elapsedTime 599.984
unaryHyperVol 106
binaryHyperVol 9.34848
additiveEps 0.772727
entropy 0.468496
archive 26
3
6 25  100 0111001100101000010000011110101011011010101011010111101011011000000110001010011101010001110100010001
5 26  100 0111001100101001010000011110100011011011101011010111101011011000000010001010010101010100110100010001
3 30  100 0101000001010001010000011010100011111010101011000011101011011010000110001010010101010101110100010001
runNumber 27
genCount 5292
elapsedTime 599.981
unaryHyperVol 87
binaryHyperVol 9.55
additiveEps 0.791667
entropy 0.472411
archive 27
4
8 27  100 0111100101010011101001010110101011000001001011010000110011011001100000001110000011010100100010011101
7 28  100 0111100101010011001001010110101011000001101001011100000001011001100010000010101001010111110010011101
4 29  100 0111100101010011101010000010101011000001001011011100110001001001000010010010101000010101111010011001
3 32  100 0111100101010001101001000110100010000001101010001100010001011001100000001110000011010110100010011101
runNumber 28
genCount 5310
elapsedTime 599.987
unaryHyperVol 93
binaryHyperVol 10.3636
additiveEps 0.863636
entropy 0.509891
archive 28
2
5 27  100 1000100110100111011010001110100001011010101000011010111111011010100000000010101101010000011110111111
3 30  100 1000101111100100111010001110101100000011011010011010111111011010110010000010100001010001001100111101
runNumber 29
genCount 5239
elapsedTime 599.928
unaryHyperVol 69
binaryHyperVol 19.526
additiveEps 0.863636
entropy 0.5994
archive 29
3
10 24  100 1101001110100111010000100100001010000001001010010111110011011001101010011010100001010110001110010001
9 29  100 1101001110100111000000100100101010000000001011010111110110101011100000001010000011010110001110010001
5 30  100 0111001110100111000000100100101010000000001010010101110001011010100000011010010010010110000011110001
