OptimalFront
unaryHyperVol 283
Optimal front is obtained by exact method
-------------------------
4
2 8
3 6
4 5
5 4
runNumber 0
genCount 50858
elapsedTime 599.959
unaryHyperVol 258
binaryHyperVol 10.6667
additiveEps 0.333333
entropy 0.482558
archive 0
3
5 4  100 0100011001110100101110000100011111011101001010000110010001101011001001111001100001100010110011110110
4 5  100 0100011001010100101110000100011111011101001010000110010001101011001001111001100001100010110011110110
3 6  100 0100011001010100101110000100001111011101001010000110010001101011001001111001100001100010110011110110
runNumber 1
genCount 50814
elapsedTime 599.909
unaryHyperVol 258
binaryHyperVol 10.6667
additiveEps 0.333333
entropy 0.482558
archive 1
3
5 4  100 0100010101110100101110000100011111011101001010000110010001101011001001111001100001100010110011110110
4 5  100 0100010101010100101110000100011111011101001010000110010001101011001001111001100001100010110011110110
3 6  100 0100010101010100101110000100001111011101001010000110010001101011001001111001100001100010110011110110
runNumber 2
genCount 50801
elapsedTime 599.999
unaryHyperVol 258
binaryHyperVol 10.6667
additiveEps 0.333333
entropy 0.482558
archive 2
3
5 4  100 0100011001110100101110000100011111011101001010000110010001101011001001111001100001100010110011110110
4 5  100 0100011001010100101110000100011111011101001010000110010001101011001001111001100001100010110011110110
3 6  100 0100011001010100101110000100001111011101001010000110010001101011001001111001100001100010110011110110
runNumber 3
genCount 47538
elapsedTime 599.882
unaryHyperVol 283
binaryHyperVol 0
additiveEps 0
entropy 0.326045
archive 3
4
5 4  100 0100010101110100101110000100011111011101001010000110010001101011001001111001100001100010110011110110
4 5  100 0100010101010100101110000100011111011101001010000110010001101011001001111001100001100010110011110110
3 6  100 0100010101010100101110000100001111011101001010000110010001101011001001111001100001100010110011110110
2 8  100 0100010101010010101110000100001111011101001010000110010001101011001001111000010001100010110011110110
runNumber 4
genCount 45744
elapsedTime 599.967
unaryHyperVol 283
binaryHyperVol 0
additiveEps 0
entropy 0.326045
archive 4
4
5 4  100 0100011001110100101110000100011111011101001010000110010001101011001001111001100001100010110011110110
4 5  100 0100011001010100101110000100011111011101001010000110010001101011001001111001100001100010110011110110
3 6  100 0100011001010100101110000100001111011101001010000110010001101011001001111001100001100010110011110110
2 8  100 0100011001010010101110000100001111011101001010000110010001101011001001111000010001100010110011110110
runNumber 5
genCount 45929
elapsedTime 599.997
unaryHyperVol 283
binaryHyperVol 0
additiveEps 0
entropy 0.326045
archive 5
4
5 4  100 0100011001110100101110000100011111011101001010000110010001101011001001111001100001100010110011110110
4 5  100 0100011001010100101110000100011111011101001010000110010001101011001001111001100001100010110011110110
3 6  100 0100011001010100101110000100101111011101001010000110010001101011001001111001100001100010110011110110
2 8  100 0100011001010010101110000100101111011101001010000110010001101011001001111000010001100010110011110110
runNumber 6
genCount 50607
elapsedTime 599.982
unaryHyperVol 258
binaryHyperVol 10.6667
additiveEps 0.333333
entropy 0.482558
archive 6
3
5 4  100 0100011001110100101110000100011111011101001010000110010001101011001001111001100001100010110011110110
4 5  100 0100011001010100101110000100011111011101001010000110010001101011001001111001100001100010110011110110
3 6  100 0100011001010100101110000100001111011101001010000110010001101011001001111001100001100010110011110110
runNumber 7
genCount 45841
elapsedTime 599.995
unaryHyperVol 283
binaryHyperVol 0
additiveEps 0
entropy 0.326045
archive 7
4
5 4  100 0100011001110100101110000100011111011101001010000110010001101011001001111001100001100010110011110110
4 5  100 0100011001010100101110000100011111011101001010000110010001101011001001111001100001100010110011110110
3 6  100 0100011001010100101110000100101111011101001010000110010001101011001001111001100001100010110011110110
2 8  100 0100011001010010101110000100101111011101001010000110010001101011001001111000010001100010110011110110
runNumber 8
genCount 51341
elapsedTime 599.993
unaryHyperVol 215
binaryHyperVol 27.1667
additiveEps 0.666667
entropy 0.475082
archive 8
2
5 6  100 0100011001110100101110000100011111011101001001111101010001101011001001111001100001100010110011110110
4 7  100 0100011001110000101110000100011111011101001001111101010001101011001001111001100001100010110011110110
runNumber 9
genCount 50748
elapsedTime 599.994
unaryHyperVol 258
binaryHyperVol 10.6667
additiveEps 0.333333
entropy 0.482558
archive 9
3
5 4  100 0100010101110100101110000100011111011101001010000110010001101011001001111001100001100010110011110110
4 5  100 0100010101010100101110000100011111011101001010000110010001101011001001111001100001100010110011110110
3 6  100 0100010101010100101110000100101111011101001010000110010001101011001001111001100001100010110011110110
runNumber 10
genCount 45897
elapsedTime 599.999
unaryHyperVol 283
binaryHyperVol 0
additiveEps 0
entropy 0.326045
archive 10
4
5 4  100 0100010101110100101110000100011111011101001010000110010001101011001001111001100001100010110011110110
4 5  100 0100010101010100101110000100011111011101001010000110010001101011001001111001100001100010110011110110
3 6  100 0100010101010100101110000100001111011101001010000110010001101011001001111001100001100010110011110110
2 8  100 0100010101010010101110000100001111011101001010000110010001101011001001111000010001100010110011110110
runNumber 11
genCount 44975
elapsedTime 599.988
unaryHyperVol 283
binaryHyperVol 0
additiveEps 0
entropy 0.326045
archive 11
4
5 4  100 0100011001110100101110000100011111011101001010000110010001101011001001111001100001100010110011110110
4 5  100 0100011001010100101110000100011111011101001010000110010001101011001001111001100001100010110011110110
3 6  100 0100011001010100101110000100001111011101001010000110010001101011001001111001100001100010110011110110
2 8  100 0100011001010010101110000100001111011101001010000110010001101011001001111000010001100010110011110110
runNumber 12
genCount 45893
elapsedTime 599.994
unaryHyperVol 283
binaryHyperVol 0
additiveEps 0
entropy 0.326045
archive 12
4
5 4  100 0100011001110100101110000100011111011101001010000110010001101011001001111001100001100010110011110110
4 5  100 0100011001010100101110000100011111011101001010000110010001101011001001111001100001100010110011110110
3 6  100 0100011001010100101110000100101111011101001010000110010001101011001001111001100001100010110011110110
2 8  100 0100011001010010101110000100001111011101001010000110010001101011001001111000010001100010110011110110
runNumber 13
genCount 50655
elapsedTime 600
unaryHyperVol 258
binaryHyperVol 10.6667
additiveEps 0.333333
entropy 0.482558
archive 13
3
5 4  100 0100011001110100101110000100011111011101001010000110010001101011001001111001100001100010110011110110
4 5  100 0100011001010100101110000100011111011101001010000110010001101011001001111001100001100010110011110110
3 6  100 0100011001010100101110000100101111011101001010000110010001101011001001111001100001100010110011110110
runNumber 14
genCount 45607
elapsedTime 599.988
unaryHyperVol 283
binaryHyperVol 0
additiveEps 0
entropy 0.326045
archive 14
4
5 4  100 0100010101110100101110000100011111011101001010000110010001101011001001111001100001100010110011110110
4 5  100 0100010101010100101110000100011111011101001010000110010001101011001001111001100001100010110011110110
3 6  100 0100010101010100101110000100001111011101001010000110010001101011001001111001100001100010110011110110
2 8  100 0100010101010010101110000100001111011101001010000110010001101011001001111000010001100010110011110110
runNumber 15
genCount 50512
elapsedTime 599.96
unaryHyperVol 258
binaryHyperVol 10.6667
additiveEps 0.333333
entropy 0.482558
archive 15
3
5 4  100 0100011001110100101110000100011111011101001010000110010001101011001001111001100001100010110011110110
4 5  100 0100011001010100101110000100011111011101001010000110010001101011001001111001100001100010110011110110
3 6  100 0100011001010100101110000100001111011101001010000110010001101011001001111001100001100010110011110110
runNumber 16
genCount 45681
elapsedTime 599.968
unaryHyperVol 283
binaryHyperVol 0
additiveEps 0
entropy 0.326045
archive 16
4
5 4  100 0100011001110100101110000100011111011101001010000110010001101011001001111001100001100010110011110110
4 5  100 0100011001010100101110000100011111011101001010000110010001101011001001111001100001100010110011110110
3 6  100 0100011001010100101110000100101111011101001010000110010001101011001001111001100001100010110011110110
2 8  100 0100011001010010101110000100001111011101001010000110010001101011001001111000010001100010110011110110
runNumber 17
genCount 50558
elapsedTime 599.993
unaryHyperVol 258
binaryHyperVol 10.6667
additiveEps 0.333333
entropy 0.482558
archive 17
3
5 4  100 0100011001110100101110000100011111011101001010000110010001101011001001111001100001100010110011110110
4 5  100 0100011001010100101110000100011111011101001010000110010001101011001001111001100001100010110011110110
3 6  100 0100011001010100101110000100001111011101001010000110010001101011001001111001100001100010110011110110
runNumber 18
genCount 50776
elapsedTime 599.995
unaryHyperVol 258
binaryHyperVol 10.6667
additiveEps 0.333333
entropy 0.482558
archive 18
3
5 4  100 0100010101110100101110000100011111011101001010000110010001101011001001111001100001100010110011110110
4 5  100 0100010101010100101110000100011111011101001010000110010001101011001001111001100001100010110011110110
3 6  100 0100010101010100101110000100001111011101001010000110010001101011001001111001100001100010110011110110
runNumber 19
genCount 45713
elapsedTime 599.922
unaryHyperVol 283
binaryHyperVol 0
additiveEps 0
entropy 0.326045
archive 19
4
5 4  100 0100010101110100101110000100011111011101001010000110010001101011001001111001100001100010110011110110
4 5  100 0100010101010100101110000100011111011101001010000110010001101011001001111001100001100010110011110110
3 6  100 0100010101010100101110000100001111011101001010000110010001101011001001111001100001100010110011110110
2 8  100 0100010101010010101110000100101111011101001010000110010001101011001001111000010001100010110011110110
runNumber 20
genCount 46011
elapsedTime 599.963
unaryHyperVol 283
binaryHyperVol 0
additiveEps 0
entropy 0.326045
archive 20
4
5 4  100 0100010101110100101110000100011111011101001010000110010001101011001001111001100001100010110011110110
4 5  100 0100010101010100101110000100011111011101001010000110010001101011001001111001100001100010110011110110
3 6  100 0100010101010100101110000100101111011101001010000110010001101011001001111001100001100010110011110110
2 8  100 0100010101010010101110000100001111011101001010000110010001101011001001111000010001100010110011110110
runNumber 21
genCount 50580
elapsedTime 599.97
unaryHyperVol 258
binaryHyperVol 10.6667
additiveEps 0.333333
entropy 0.482558
archive 21
3
5 4  100 0100010101110100101110000100011111011101001010000110010001101011001001111001100001100010110011110110
4 5  100 0100010101010100101110000100011111011101001010000110010001101011001001111001100001100010110011110110
3 6  100 0100010101010100101110000100101111011101001010000110010001101011001001111001100001100010110011110110
runNumber 22
genCount 50540
elapsedTime 599.879
unaryHyperVol 258
binaryHyperVol 10.6667
additiveEps 0.333333
entropy 0.482558
archive 22
3
5 4  100 0100010101110100101110000100011111011101001010000110010001101011001001111001100001100010110011110110
4 5  100 0100010101010100101110000100011111011101001010000110010001101011001001111001100001100010110011110110
3 6  100 0100010101010100101110000100001111011101001010000110010001101011001001111001100001100010110011110110
runNumber 23
genCount 46654
elapsedTime 599.906
unaryHyperVol 283
binaryHyperVol 0
additiveEps 0
entropy 0.326045
archive 23
4
5 4  100 0100010101110100101110000100011111011101001010000110010001101011001001111001100001100010110011110110
4 5  100 0100010101010100101110000100011111011101001010000110010001101011001001111001100001100010110011110110
3 6  100 0100010101010100101110000100101111011101001010000110010001101011001001111001100001100010110011110110
2 8  100 0100010101010010101110000100101111011101001010000110010001101011001001111000010001100010110011110110
runNumber 24
genCount 46019
elapsedTime 599.971
unaryHyperVol 283
binaryHyperVol 0
additiveEps 0
entropy 0.326045
archive 24
4
5 4  100 0100010101110100101110000100011111011101001010000110010001101011001001111001100001100010110011110110
4 5  100 0100010101010100101110000100011111011101001010000110010001101011001001111001100001100010110011110110
3 6  100 0100010101010100101110000100001111011101001010000110010001101011001001111001100001100010110011110110
2 8  100 0100010101010010101110000100001111011101001010000110010001101011001001111000010001100010110011110110
runNumber 25
genCount 50524
elapsedTime 600.003
unaryHyperVol 258
binaryHyperVol 10.6667
additiveEps 0.333333
entropy 0.482558
archive 25
3
5 4  100 0100011001110100101110000100011111011101001010000110010001101011001001111001100001100010110011110110
4 5  100 0100011001010100101110000100011111011101001010000110010001101011001001111001100001100010110011110110
3 6  100 0100011001010100101110000100101111011101001010000110010001101011001001111001100001100010110011110110
runNumber 26
genCount 50846
elapsedTime 599.934
unaryHyperVol 258
binaryHyperVol 10.6667
additiveEps 0.333333
entropy 0.482558
archive 26
3
5 4  100 0100010101110100101110000100011111011101001010000110010001101011001001111001100001100010110011110110
4 5  100 0100010101010100101110000100011111011101001010000110010001101011001001111001100001100010110011110110
3 6  100 0100010101010100101110000100001111011101001010000110010001101011001001111001100001100010110011110110
runNumber 27
genCount 45888
elapsedTime 599.942
unaryHyperVol 283
binaryHyperVol 0
additiveEps 0
entropy 0.326045
archive 27
4
5 4  100 0100011001110100101110000100011111011101001010000110010001101011001001111001100001100010110011110110
4 5  100 0100011001010100101110000100011111011101001010000110010001101011001001111001100001100010110011110110
3 6  100 0100011001010100101110000100101111011101001010000110010001101011001001111001100001100010110011110110
2 8  100 0100011001010010101110000100101111011101001010000110010001101011001001111000010001100010110011110110
runNumber 28
genCount 50930
elapsedTime 599.975
unaryHyperVol 258
binaryHyperVol 10.6667
additiveEps 0.333333
entropy 0.482558
archive 28
3
5 4  100 0100011001110100101110000100011111011101001010000110010001101011001001111001100001100010110011110110
4 5  100 0100011001010100101110000100011111011101001010000110010001101011001001111001100001100010110011110110
3 6  100 0100011001010100101110000100001111011101001010000110010001101011001001111001100001100010110011110110
runNumber 29
genCount 50723
elapsedTime 599.94
unaryHyperVol 258
binaryHyperVol 10.6667
additiveEps 0.333333
entropy 0.482558
archive 29
3
5 4  100 0100011001110100101110000100011111011101001010000110010001101011001001111001100001100010110011110110
4 5  100 0100011001010100101110000100011111011101001010000110010001101011001001111001100001100010110011110110
3 6  100 0100011001010100101110000100001111011101001010000110010001101011001001111001100001100010110011110110
