OptimalFront
unaryHyperVol 324
Optimal front is obtained by exact method
-------------------------
3
1 7
3 6
5 5
runNumber 0
genCount 8762
elapsedTime 600.022
unaryHyperVol 325
binaryHyperVol -0.125
additiveEps 0
entropy 0.270001
archive 0
3
5 5  100 0100001011010111111011001100101000100000100000100110101000110001100110110001011001100101101000011011
2 6  100 0100001011100111111011001100101000100000100000100110101000110001100110110001011001100101101000011011
1 7  100 0100001011100111111011001100101000100000100010100110101000110001100110110001011001100101101000011011
runNumber 1
genCount 8828
elapsedTime 599.95
unaryHyperVol 325
binaryHyperVol -0.125
additiveEps 0
entropy 0.270001
archive 1
3
5 5  100 0100001011010111111011001100101000100000100000100110101000110001100110110001011001100101101000011011
2 6  100 0100001011100111111011001100101000100000100000100110101000110001100110110001011001100101101000011011
1 7  100 0100001011100111111011001100101000100000100010100110101000110001100110110001011001100101101000011011
runNumber 2
genCount 8605
elapsedTime 599.971
unaryHyperVol 325
binaryHyperVol -0.125
additiveEps 0
entropy 0.270001
archive 2
3
5 5  100 0100001011010111111011001100101000100000100000100110101000110001100110110001011001100101101000011011
2 6  100 0100001011100111111011001100101000100000100000100110101000110001100110110001011001100101101000011011
1 7  100 0100001011100111111011001100101000100000100010100110101000110001100110110001011001100101101000011011
runNumber 3
genCount 8666
elapsedTime 599.938
unaryHyperVol 325
binaryHyperVol -0.125
additiveEps 0
entropy 0.270001
archive 3
3
5 5  100 0100001011010111111011001100101000100000100000100110101000110001100110110001011001100101101000011011
2 6  100 0100001011100111111011001100101000100000100000100110101000110001100110110001011001100101101000011011
1 7  100 0100001011100111111011001100101000100000100010100110101000110001100110110001011001100101101000011011
runNumber 4
genCount 8553
elapsedTime 599.981
unaryHyperVol 325
binaryHyperVol -0.125
additiveEps 0
entropy 0.270001
archive 4
3
5 5  100 0100001011010111111011001100101000100000100000100110101000110001100110110001011001100101100000011011
2 6  100 0100001011100111111011001100101000100000100000100110101000110001100110110001011001100101101000011011
1 7  100 0100001011100111111011001100101000100000100010100110101000110001100110110001011001100101101000011011
runNumber 5
genCount 8613
elapsedTime 599.918
unaryHyperVol 325
binaryHyperVol -0.125
additiveEps 0
entropy 0.270001
archive 5
3
5 5  100 0100001011010111111011001100101000100000100000100110101000110001100110110001011001100101101000011011
2 6  100 0100001011100111111011001100101000100000100000100110101000110001100110110001011001100101101000011011
1 7  100 0100001011100111111011001100101000100000100010100110101000110001100110110001011001100101101000011011
runNumber 6
genCount 8596
elapsedTime 599.978
unaryHyperVol 325
binaryHyperVol -0.125
additiveEps 0
entropy 0.270001
archive 6
3
5 5  100 0100001011010111111011001100101000100000100000100110101000110001100110110001011001100101101000011011
2 6  100 0100001011100111111011001100101000100000100000100110101000110001100110110001011001100101101000011011
1 7  100 0100001011100111111011001100101000100000100010100110101000110001100110110001011001100101101000011011
runNumber 7
genCount 8654
elapsedTime 599.952
unaryHyperVol 325
binaryHyperVol -0.125
additiveEps 0
entropy 0.270001
archive 7
3
5 5  100 0100001011010111111011001100101000100000100000100110101000110001100110110001011001100101101000011011
2 6  100 0100001011100111111011001100101000100000100000100110101000110001100110110001011001100101101000011011
1 7  100 0100001011100111111011001100101000100000100010100110101000110001100110110001011001100101101000011011
runNumber 8
genCount 8718
elapsedTime 599.91
unaryHyperVol 325
binaryHyperVol -0.125
additiveEps 0
entropy 0.270001
archive 8
3
5 5  100 0100001011010111111011001100101000100000100000100110101000110001100110110001011001100101101000011011
2 6  100 0100001011100111111011001100101000100000100000100110101000110001100110110001011001100101101000011011
1 7  100 0100001011100111111011001100101000100000100010100110101000110001100110110001011001100101101000011011
runNumber 9
genCount 8734
elapsedTime 599.972
unaryHyperVol 325
binaryHyperVol -0.125
additiveEps 0
entropy 0.270001
archive 9
3
5 5  100 0100001011010111111011001100101000100000100000100110101000110001100110110001011001100101101000011011
2 6  100 0100001011100111111011001100101000100000100000100110101000110001100110110001011001100101101000011011
1 7  100 0100001011100111111011001100101000100000100010100110101000110001100110110001011001100101101000011011
runNumber 10
genCount 8460
elapsedTime 599.858
unaryHyperVol 325
binaryHyperVol -0.125
additiveEps 0
entropy 0.270001
archive 10
3
5 5  100 0100001011010111111011001100101000100000100000100110101000110001100110110001011001100101101000011011
2 6  100 0100001011100111111011001100101000100000100000100110101000110001100110110001011001100101101000011011
1 7  100 0100001011100111111011001100101000100000100010100110101000110001100110110001011001100101101000011011
runNumber 11
genCount 8668
elapsedTime 599.992
unaryHyperVol 325
binaryHyperVol -0.125
additiveEps 0
entropy 0.270001
archive 11
3
5 5  100 0100001011010111111011001100101000100000100000100110101000110001100110110001011001100101101000011011
2 6  100 0100001011100111111011001100101000100000100000100110101000110001100110110001011001100101101000011011
1 7  100 0100001011100111111011001100101000100000100010100110101000110001100110110001011001100101101000011011
runNumber 12
genCount 8621
elapsedTime 599.937
unaryHyperVol 325
binaryHyperVol -0.125
additiveEps 0
entropy 0.270001
archive 12
3
5 5  100 0100001011010111111011001100101000100000100000100110101000110001100110110001011001100101101000011011
2 6  100 0100001011100111111011001100101000100000100000100110101000110001100110110001011001100101101000011011
1 7  100 0100001011100111111011001100101000100000100010100110101000110001100110110001011001100101101000011011
runNumber 13
genCount 8599
elapsedTime 599.937
unaryHyperVol 325
binaryHyperVol -0.125
additiveEps 0
entropy 0.270001
archive 13
3
5 5  100 0100001011010111111011001100101000100000100000100110101000110001100110110001011001100101101000011011
2 6  100 0100001011100111111011001100101000100000100000100110101000110001100110110001011001100101101000011011
1 7  100 0100001011100111111011001100101000100000100010100110101000110001100110110001011001100101101000011011
runNumber 14
genCount 8822
elapsedTime 599.869
unaryHyperVol 325
binaryHyperVol -0.125
additiveEps 0
entropy 0.270001
archive 14
3
5 5  100 0100001011010111111011001100101000100000100000100110101000110001100110110001011001100101101000011011
2 6  100 0100001011100111111011001100101000100000100000100110101000110001100110110001011001100101101000011011
1 7  100 0100001011100111111011001100101000100000100010100110101000110001100110110001011001100101101000011011
runNumber 15
genCount 8715
elapsedTime 599.938
unaryHyperVol 325
binaryHyperVol -0.125
additiveEps 0
entropy 0.270001
archive 15
3
5 5  100 0100001011010111111011001100101000100000100000100110101000110001100110110001011001100101101000011011
2 6  100 0100001011100111111011001100101000100000100000100110101000110001100110110001011001100101101000011011
1 7  100 0100001011100111111011001100101000100000100010100110101000110001100110110001011001100101101000011011
runNumber 16
genCount 8407
elapsedTime 599.909
unaryHyperVol 325
binaryHyperVol -0.125
additiveEps 0
entropy 0.270001
archive 16
3
5 5  100 0100001011010111111011001100101000100000100000100110101000110001100110110001011001100101101000011011
2 6  100 0100001011100111111011001100101000100000100000100110101000110001100110110001011001100101101000011011
1 7  100 0100001011100111111011001100101000100000100010100110101000110001100110110001011001100101101000011011
runNumber 17
genCount 8726
elapsedTime 600.008
unaryHyperVol 325
binaryHyperVol -0.125
additiveEps 0
entropy 0.270001
archive 17
3
5 5  100 0100001011010111111011001100101000100000100000100110101000110001100110110001011001100101101000011011
2 6  100 0100001011100111111011001100101000100000100000100110101000110001100110110001011001100101101000011011
1 7  100 0100001011100111111011001100101000100000100010100110101000110001100110110001011001100101101000011011
runNumber 18
genCount 8570
elapsedTime 599.961
unaryHyperVol 325
binaryHyperVol -0.125
additiveEps 0
entropy 0.270001
archive 18
3
5 5  100 0100001011010111111011001100101000100000100000100110101000110001100110110001011001100101101000011011
2 6  100 0100001011100111111011001100101000100000100000100110101000110001100110110001011001100101101000011011
1 7  100 0100001011100111111011001100101000100000100010100110101000110001100110110001011001100101101000011011
runNumber 19
genCount 8701
elapsedTime 600.001
unaryHyperVol 325
binaryHyperVol -0.125
additiveEps 0
entropy 0.270001
archive 19
3
5 5  100 0100001011010111111011001100101000100000100000100110101000110001100110110001011001100101101000011011
2 6  100 0100001011100111111011001100101000100000100000100110101000110001100110110001011001100101101000011011
1 7  100 0100001011100111111011001100101000100000100010100110101000110001100110110001011001100101101000011011
runNumber 20
genCount 8735
elapsedTime 599.928
unaryHyperVol 325
binaryHyperVol -0.125
additiveEps 0
entropy 0.270001
archive 20
3
5 5  100 0100001011010111111011001100101000100000100000100110101000110001100110110001011001100101101000011011
2 6  100 0100001011100111111011001100101000100000100000100110101000110001100110110001011001100101101000011011
1 7  100 0100001011100111111011001100101000100000100010100110101000110001100110110001011001100101101000011011
runNumber 21
genCount 8635
elapsedTime 599.961
unaryHyperVol 325
binaryHyperVol -0.125
additiveEps 0
entropy 0.270001
archive 21
3
5 5  100 0100001011010111111011001100101000100000100000100110101000110001100110110001011001100101101000011011
2 6  100 0100001011100111111011001100101000100000100000100110101000110001100110110001011001100101101000011011
1 7  100 0100001011100111111011001100101000100000100010100110101000110001100110110001011001100101101000011011
runNumber 22
genCount 8431
elapsedTime 600.02
unaryHyperVol 325
binaryHyperVol -0.125
additiveEps 0
entropy 0.270001
archive 22
3
5 5  100 0100001011010111111011001100101000100000100000100110101000110001100110110001011001100101101000011011
2 6  100 0100001011100111111011001100101000100000100000100110101000110001100110110001011001100101101000011011
1 7  100 0100001011100111111011001100101000100000100010100110101000110001100110110001011001100101101000011011
runNumber 23
genCount 8403
elapsedTime 599.797
unaryHyperVol 325
binaryHyperVol -0.125
additiveEps 0
entropy 0.270001
archive 23
3
5 5  100 0100001011010111111011001100101000100000100000100110101000110001100110110001011001100101101000011011
2 6  100 0100001011100111111011001100101000100000100000100110101000110001100110110001011001100101101000011011
1 7  100 0100001011100111111011001100101000100000100010100110101000110001100110110001011001100101101000011011
runNumber 24
genCount 8531
elapsedTime 599.989
unaryHyperVol 292
binaryHyperVol 9.375
additiveEps 0.25
entropy 0.463717
archive 24
3
5 5  100 0100010111010111110111001100101000100000100000100110101000110001100110110001011001100101101000010000
4 6  100 0100010111100111110111001100101000100000100000100110101000110001100110110001011001100101101000010000
2 7  100 0100010111100111111011001100101000100000100000100110101000110001100110110001011001100101101000010000
runNumber 25
genCount 8531
elapsedTime 599.975
unaryHyperVol 325
binaryHyperVol -0.125
additiveEps 0
entropy 0.270001
archive 25
3
5 5  100 0100001011010111111011001100101000100000100000100110101000110001100110110001011001100101101000011011
2 6  100 0100001011100111111011001100101000100000100000100110101000110001100110110001011001100101101000011011
1 7  100 0100001011100111111011001100101000100000100010100110101000110001100110110001011001100101101000011011
runNumber 26
genCount 8591
elapsedTime 599.932
unaryHyperVol 325
binaryHyperVol -0.125
additiveEps 0
entropy 0.270001
archive 26
3
5 5  100 0100001011010111111011001100101000100000100000100110101000110001100110110001011001100101101000011011
2 6  100 0100001011100111111011001100101000100000100000100110101000110001100110110001011001100101101000011011
1 7  100 0100001011100111111011001100101000100000100010100110101000110001100110110001011001100101101000011011
runNumber 27
genCount 8847
elapsedTime 599.939
unaryHyperVol 325
binaryHyperVol -0.125
additiveEps 0
entropy 0.270001
archive 27
3
5 5  100 0100001011010111111011001100101000100000100000100110101000110001100110110001011001100101101000011011
2 6  100 0100001011100111111011001100101000100000100000100110101000110001100110110001011001100101101000011011
1 7  100 0100001011100111111011001100101000100000100010100110101000110001100110110001011001100101101000011011
runNumber 28
genCount 8632
elapsedTime 599.991
unaryHyperVol 325
binaryHyperVol -0.125
additiveEps 0
entropy 0.270001
archive 28
3
5 5  100 0100001011010111111011001100101000100000100000100110101000110001100110110001011001100101101000011011
2 6  100 0100001011100111111011001100101000100000100000100110101000110001100110110001011001100101101000011011
1 7  100 0100001011100111111011001100101000100000100010100110101000110001100110110001011001100101101000011011
runNumber 29
genCount 8689
elapsedTime 600.014
unaryHyperVol 325
binaryHyperVol -0.125
additiveEps 0
entropy 0.270001
archive 29
3
5 5  100 0100001011010111111011001100101000100000100000100110101000110001100110110001011001100101101000011011
2 6  100 0100001011100111111011001100101000100000100000100110101000110001100110110001011001100101101000011011
1 7  100 0100001011100111111011001100101000100000100010100110101000110001100110110001011001100101101000011011
