OptimalFront
unaryHyperVol 335
Optimal front is obtained by exact method
-------------------------
4
2 8
3 7
4 6
5 5
runNumber 0
genCount 9557
elapsedTime 599.738
unaryHyperVol 318
binaryHyperVol 8.11111
additiveEps 0.666667
entropy 0.509891
archive 0
2
3 7  100 1000101000000100010110000010001100100101000101011001010100000011011010110010100010001000101111110111
2 8  100 1000101000010001010110000010001100100101000101011001010100000011011010110010100010001000101111110111
runNumber 1
genCount 8678
elapsedTime 601.048
unaryHyperVol 325
binaryHyperVol 4.22222
additiveEps 0.333333
entropy 0.449615
archive 1
3
5 6  100 1000101000010001010110000010001100010101000101011001010100000011010000110010100010001000101111110111
4 7  100 1000101000010001010110000010001100010101000101010001010100000011010000110010100010001000101111110111
2 8  100 1000101000010001010110000010001100010101000101011001010100000011011010110010100010001000101111110111
runNumber 2
genCount 8645
elapsedTime 599.866
unaryHyperVol 325
binaryHyperVol 4.22222
additiveEps 0.333333
entropy 0.449615
archive 2
3
5 6  100 1000101000010001010110000010001100010101000101011001010100000011010000110010100010001000101111110111
4 7  100 1000101000010001010110000010001100010101000101010001010100000011010000110010100010001000101111110111
2 8  100 1000101000010001010110000010001100010101000101011001010100000011011010110010100010001000101111110111
runNumber 3
genCount 8349
elapsedTime 599.978
unaryHyperVol 278
binaryHyperVol 23.4444
additiveEps 0.666667
entropy 0.509891
archive 3
2
5 5  100 1000011000000101010110000010000000010101000101011001010100011011010000110010100010001000101111110111
4 6  100 1000011000000101010110000010000000010101000101010001010100011011010000110010100010001000101111110111
runNumber 4
genCount 8833
elapsedTime 599.802
unaryHyperVol 325
binaryHyperVol 4.22222
additiveEps 0.333333
entropy 0.449615
archive 4
3
5 6  100 1000101000010001010110000010001100010101000101011001010100000011010000110010100010001000101111110111
4 7  100 1000101000010001010110000010001100010101000101010001010100000011010000110010100010001000101111110111
2 8  100 1000101000010001010110000010001100010101000101011001010100000011011010110010100010001000101111110111
runNumber 5
genCount 8781
elapsedTime 599.949
unaryHyperVol 335
binaryHyperVol 0
additiveEps 0
entropy 0.168124
archive 5
4
5 5  100 1000101000000100010110000010001100010101000101011001010100011011010000110010100010001000101111110111
4 6  100 1000101000000100010110000010001100010101000101010001010100011011010000110010100010001000101111110111
3 7  100 1000101000000100010110000010001100010101000101011001010100011011011010110010100010001000101111110111
2 8  100 1000101000010001010110000010001100010101000101011001010100011011011010110010100010001000101111110111
runNumber 6
genCount 8634
elapsedTime 599.912
unaryHyperVol 335
binaryHyperVol 0
additiveEps 0
entropy 0.168124
archive 6
4
5 5  100 1000101000000100010110000010001100010101000101011001010100011011010000110010100010001000101111110111
4 6  100 1000101000000100010110000010001100010101000101010001010100011011010000110010100010001000101111110111
3 7  100 1000101000000100010110000010001100010101000101011001010100011011011010110010100010001000101111110111
2 8  100 1000101000010001010110000010001100010101000101011001010100011011011010110010100010001000101111110111
runNumber 7
genCount 9062
elapsedTime 599.893
unaryHyperVol 325
binaryHyperVol 4.22222
additiveEps 0.333333
entropy 0.449615
archive 7
3
5 6  100 1000101000010001010110000010001100010101000101011001010100000011010000110010100010001000101111110111
4 7  100 1000101000010001010110000010001100010101000101010001010100000011010000110010100010001000101111110111
2 8  100 1000101000010001010110000010001100010101000101011001010100000011011010110010100010001000101111110111
runNumber 8
genCount 8501
elapsedTime 599.909
unaryHyperVol 325
binaryHyperVol 4.22222
additiveEps 0.333333
entropy 0.449615
archive 8
3
5 6  100 1000101000010001010110000010001100010101000101011001010100000011010000110010100010001000101111110111
4 7  100 1000101000010001010110000010001100010101000101010001010100000011010000110010100010001000101111110111
2 8  100 1000101000010001010110000010001100010101000101011001010100000011011010110010100010001000101111110111
runNumber 9
genCount 8650
elapsedTime 599.917
unaryHyperVol 287
binaryHyperVol 18.0833
additiveEps 0.5
entropy 0.427067
archive 9
3
5 7  100 1000101000001001010110000010001100010101000101011001010100000011010000110000000010001000001111110111
4 8  100 1000101000001001010110000010001100010101000101011001010100000011110000110000000010001000001111110111
3 9  100 1000101000001001010110000010001100010101000101011001010100000011011010110000000010001000001111110111
runNumber 10
genCount 8380
elapsedTime 599.945
unaryHyperVol 335
binaryHyperVol 0
additiveEps 0
entropy 0.168124
archive 10
4
5 5  100 1000101000000100010110000010001100010101000101011001010100011011010000110010100010001000101111110111
4 6  100 1000101000000100010110000010001100010101000101010001010100011011010000110010100010001000101111110111
3 7  100 1000101000000100010110000010001100010101000101011001010100011011011010110010100010001000101111110111
2 8  100 1000101000010001010110000010001100010101000101011001010100011011011010110010100010001000101111110111
runNumber 11
genCount 8623
elapsedTime 599.962
unaryHyperVol 335
binaryHyperVol 0
additiveEps 0
entropy 0.168124
archive 11
4
5 5  100 1000101000000100010110000010001100010101000101011001010100000011010000110010100010001000101111110111
4 6  100 1000101000000100010110000010001100010101000101011001010100000011110000110010100010001000101111110111
3 7  100 1000101000000100010110000010001100010101000101011001010100000011011010110010100010001000101111110111
2 8  100 1000101000010001010110000010001100010101000101011001010100000011011010110010100010001000101111110111
runNumber 12
genCount 8684
elapsedTime 599.976
unaryHyperVol 335
binaryHyperVol 0
additiveEps 0
entropy 0.168124
archive 12
4
5 5  100 1000101000000100010110000010001100010101000101011001010100011011010000110010100010001000101111110111
4 6  100 1000101000000100010110000010001100010101000101010001010100011011010000110010100010001000101111110111
3 7  100 1000101000000100010110000010001100010101000101011001010100011011011010110010100010001000101111110111
2 8  100 1000101000010001010110000010001100010101000101011001010100011011011010110010100010001000101111110111
runNumber 13
genCount 9117
elapsedTime 599.873
unaryHyperVol 325
binaryHyperVol 4.22222
additiveEps 0.333333
entropy 0.449615
archive 13
3
5 6  100 1000101000010001010110000010001100010101000101011001010100011011010000110010100010001000101111110111
4 7  100 1000101000010001010110000010001100010101000101010001010100011011010000110010100010001000101111110111
2 8  100 1000101000010001010110000010001100010101000101011001010100011011011010110010100010001000101111110111
runNumber 14
genCount 8679
elapsedTime 599.971
unaryHyperVol 335
binaryHyperVol 0
additiveEps 0
entropy 0.168124
archive 14
4
5 5  100 1000101000000100010110000010001100010101000101011001010100011011010000110010100010001000101111110111
4 6  100 1000101000000100010110000010001100010101000101010001010100011011010000110010100010001000101111110111
3 7  100 1000101000000100010110000010001100010101000101011001010100011011011010110010100010001000101111110111
2 8  100 1000101000010001010110000010001100010101000101011001010100011011011010110010100010001000101111110111
runNumber 15
genCount 8533
elapsedTime 599.975
unaryHyperVol 335
binaryHyperVol 0
additiveEps 0
entropy 0.168124
archive 15
4
5 5  100 1000101000000100010110000010001100010101000101011001010100011011010000110010100010001000101111110111
4 6  100 1000101000000100010110000010001100010101000101010001010100011011010000110010100010001000101111110111
3 7  100 1000101000000100010110000010001100010101000101011001010100011011011010110010100010001000101111110111
2 8  100 1000101000010001010110000010001100010101000101011001010100011011011010110010100010001000101111110111
runNumber 16
genCount 8480
elapsedTime 599.945
unaryHyperVol 335
binaryHyperVol 0
additiveEps 0
entropy 0.168124
archive 16
4
5 5  100 1000101000000100010110000010001100010101000101011001010100000011010000110010100010001000101111110111
4 6  100 1000101000000100010110000010001100010101000101010001010100000011010000110010100010001000101111110111
3 7  100 1000101000000100010110000010001100010101000101011001010100000011011010110010100010001000101111110111
2 8  100 1000101000010001010110000010001100010101000101011001010100000011011010110010100010001000101111110111
runNumber 17
genCount 8827
elapsedTime 599.859
unaryHyperVol 325
binaryHyperVol 4.22222
additiveEps 0.333333
entropy 0.449615
archive 17
3
5 6  100 1000101000010001010110000010001100010101000101011001010100000011010000110010100010001000101111110111
4 7  100 1000101000010001010110000010001100010101000101010001010100000011010000110010100010001000101111110111
2 8  100 1000101000010001010110000010001100010101000101011001010100000011011010110010100010001000101111110111
runNumber 18
genCount 8445
elapsedTime 599.993
unaryHyperVol 335
binaryHyperVol 0
additiveEps 0
entropy 0.168124
archive 18
4
5 5  100 1000101000000100010110000010001100010101000101011001010100000011010000110010100010001000101111110111
4 6  100 1000101000000100010110000010001100010101000101010001010100000011010000110010100010001000101111110111
3 7  100 1000101000000100010110000010001100010101000101011001010100000011011010110010100010001000101111110111
2 8  100 1000101000010001010110000010001100010101000101011001010100000011011010110010100010001000101111110111
runNumber 19
genCount 8730
elapsedTime 599.851
unaryHyperVol 327
binaryHyperVol 4
additiveEps 0.333333
entropy 0.482558
archive 19
3
4 6  100 1000101000000100010110000010001100100101000101010001010100011011010000110010100010001000101111110111
3 7  100 1000101000000100010110000010001100100101000101011001010100011011011010110010100010001000101111110111
2 8  100 1000101000010001010110000010001100100101000101011001010100011011011010110010100010001000101111110111
runNumber 20
genCount 8526
elapsedTime 599.94
unaryHyperVol 335
binaryHyperVol 0
additiveEps 0
entropy 0.168124
archive 20
4
5 5  100 1000101000000100010110000010001100010101000101011001010100000011010000110010100010001000101111110111
4 6  100 1000101000000100010110000010001100010101000101011001010100000011110000110010100010001000101111110111
3 7  100 1000101000000100010110000010001100010101000101011001010100000011011010110010100010001000101111110111
2 8  100 1000101000010001010110000010001100010101000101011001010100000011011010110010100010001000101111110111
runNumber 21
genCount 8556
elapsedTime 599.96
unaryHyperVol 269
binaryHyperVol 27.5556
additiveEps 0.666667
entropy 0.475082
archive 21
2
5 6  100 1000011000010101010110000010000000010101000101011001010100011011010000110001000010001000101111110111
4 7  100 1000011000010101010110000010000000010101000101010001010100011011010000110001000010001000101111110111
runNumber 22
genCount 8738
elapsedTime 599.982
unaryHyperVol 335
binaryHyperVol 0
additiveEps 0
entropy 0.168124
archive 22
4
5 5  100 1000101000000100010110000010001100010101000101011001010100000011010000110010100010001000101111110111
4 6  100 1000101000000100010110000010001100010101000101010001010100000011010000110010100010001000101111110111
3 7  100 1000101000000100010110000010001100010101000101011001010100000011011010110010100010001000101111110111
2 8  100 1000101000010001010110000010001100010101000101011001010100000011011010110010100010001000101111110111
runNumber 23
genCount 8991
elapsedTime 599.891
unaryHyperVol 335
binaryHyperVol 0
additiveEps 0
entropy 0.168124
archive 23
4
5 5  100 1000101000000100010110000010001100010101000101011001010100011011010000110010100010001000101111110111
4 6  100 1000101000000100010110000010001100010101000101010001010100011011010000110010100010001000101111110111
3 7  100 1000101000000100010110000010001100010101000101011001010100011011011010110010100010001000101111110111
2 8  100 1000101000010001010110000010001100010101000101011001010100011011011010110010100010001000101111110111
runNumber 24
genCount 8504
elapsedTime 600.014
unaryHyperVol 335
binaryHyperVol 0
additiveEps 0
entropy 0.168124
archive 24
4
5 5  100 1000101000000100010110000010001100010101000101011001010100011011010000110010100010001000101111110111
4 6  100 1000101000000100010110000010001100010101000101010001010100011011010000110010100010001000101111110111
3 7  100 1000101000000100010110000010001100010101000101011001010100011011011010110010100010001000101111110111
2 8  100 1000101000010001010110000010001100010101000101011001010100011011011010110010100010001000101111110111
runNumber 25
genCount 8670
elapsedTime 599.784
unaryHyperVol 335
binaryHyperVol 0
additiveEps 0
entropy 0.168124
archive 25
4
5 5  100 1000101000000100010110000010001100010101000101011001010100000011010000110010100010001000101111110111
4 6  100 1000101000000100010110000010001100010101000101011001010100000011110000110010100010001000101111110111
3 7  100 1000101000000100010110000010001100010101000101011001010100000011011010110010100010001000101111110111
2 8  100 1000101000010001010110000010001100010101000101011001010100000011011010110010100010001000101111110111
runNumber 26
genCount 8774
elapsedTime 599.162
unaryHyperVol 325
binaryHyperVol 4.22222
additiveEps 0.333333
entropy 0.449615
archive 26
3
5 6  100 1000101000010001010110000010001100010101000101011001010100000011010000110010100010001000101111110111
4 7  100 1000101000010001010110000010001100010101000101010001010100000011010000110010100010001000101111110111
2 8  100 1000101000010001010110000010001100010101000101011001010100000011011010110010100010001000101111110111
runNumber 27
genCount 9084
elapsedTime 599.926
unaryHyperVol 317
binaryHyperVol 8.22222
additiveEps 0.666667
entropy 0.49717
archive 27
2
4 7  100 1000101000010001010110000010001100100101000101010001010100011011010000110010100010001000101111110111
2 8  100 1000101000010001010110000010001100100101000101011001010100011011011010110010100010001000101111110111
runNumber 28
genCount 9128
elapsedTime 600.005
unaryHyperVol 308
binaryHyperVol 12.3333
additiveEps 1
entropy 0
archive 28
1
2 8  100 1000101000010001010110000010001100100101000101011001010100000011011010110010100010001000101111110111
runNumber 29
genCount 8909
elapsedTime 599.955
unaryHyperVol 317
binaryHyperVol 8.22222
additiveEps 0.666667
entropy 0.49717
archive 29
2
4 7  100 1000101000010001010110000010001100100101000101011001010100000011110000110010100010001000101111110111
2 8  100 1000101000010001010110000010001100100101000101011001010100000011011010110010100010001000101111110111
