OptimalFront
unaryHyperVol 390
Optimal front is obtained by exact method
-------------------------
3
2 7
3 5
6 4
runNumber 0
genCount 8755
elapsedTime 599.98
unaryHyperVol 390
binaryHyperVol 0
additiveEps 0
entropy 0.461903
archive 0
3
6 4  100 1000011001000100100011111100000000100100100000000101101010001001001010110110111010110101100011001111
3 5  100 1000101001000100100011111100000000100100100000000101101010001001001010110110111010110101100011001111
2 7  100 1000101001010000100011111100000000100100100000000101101010001001001010110110111010110101100011001111
runNumber 1
genCount 8761
elapsedTime 599.97
unaryHyperVol 390
binaryHyperVol 0
additiveEps 0
entropy 0.461903
archive 1
3
6 4  100 1000011001000100100011111100000000100100100000000101101010001001001010110110111010110101100011001111
3 5  100 1000101001000100100011111100000000100100100000000101101010001001001010110110111010110101100011001111
2 7  100 1000101001010000100011111100000000100100100000000101101010001001001010110110111010110101100011001111
runNumber 2
genCount 8772
elapsedTime 599.944
unaryHyperVol 390
binaryHyperVol 0
additiveEps 0
entropy 0.461903
archive 2
3
6 4  100 1000011001000100100011111100000000100100100000000101101010001001001010110110111010110101100011001111
3 5  100 1000101001000100100011111100000000100100100000000101101010001001001010110110111010110101100011001111
2 7  100 1000101001010000100011111100000000100100100000000101101010001001001010110110111010110101100011001111
runNumber 3
genCount 8760
elapsedTime 599.889
unaryHyperVol 390
binaryHyperVol 0
additiveEps 0
entropy 0.461903
archive 3
3
6 4  100 1000011001000100100011111100000000100100100000000101101010001001001010110110111010110101100011001111
3 5  100 1000101001000100100011111100000000100100100000000101101010001001001010110110111010110101100011001111
2 7  100 1000101001010000100011111100000000100100100000000101101010001001001010110110111010110101100011001111
runNumber 4
genCount 8494
elapsedTime 600.04
unaryHyperVol 390
binaryHyperVol 0
additiveEps 0
entropy 0.461903
archive 4
3
6 4  100 1000011001000100100011111100000000100100100000000101101010001001001010110110111010110101100011001111
3 5  100 1000101001000100100011111100000000100100100000000101101010001001001010110110111010110101100011001111
2 7  100 1000101001010000100011111100000000100100100000000101101010001001001010110110111010110101100011001111
runNumber 5
genCount 8758
elapsedTime 599.817
unaryHyperVol 358
binaryHyperVol 9.16667
additiveEps 0.333333
entropy 0.451048
archive 5
3
6 4  100 1000010101000100100011111100000000100100100000000101101010001001001010110110111010110101100011001111
5 5  100 1000010101000100000011111100000000100100100000000101101010001001001010110110111010110101100011001111
3 6  100 1000010101000100010111111100000000100100100000000101101010001001001010110110111010110101100011001111
runNumber 6
genCount 8442
elapsedTime 599.984
unaryHyperVol 390
binaryHyperVol 0
additiveEps 0
entropy 0.461903
archive 6
3
6 4  100 1000011001000100100011111100000000100100100000000101101010001001001010110110111010110101100011001111
3 5  100 1000101001000100100011111100000000100100100000000101101010001001001010110110111010110101100011001111
2 7  100 1000101001010000100011111100000000100100100000000101101010001001001010110110111010110101100011001111
runNumber 7
genCount 8709
elapsedTime 600.009
unaryHyperVol 390
binaryHyperVol 0
additiveEps 0
entropy 0.461903
archive 7
3
6 4  100 1000011001000100100011111100000000100100100000000101101010001001001010110110111010110101100011001111
3 5  100 1000101001000100100011111100000000100100100000000101101010001001001010110110111010110101100011001111
2 7  100 1000101001010000100011111100000000100100100000000101101010001001001010110110111010110101100011001111
runNumber 8
genCount 8681
elapsedTime 599.926
unaryHyperVol 390
binaryHyperVol 0
additiveEps 0
entropy 0.461903
archive 8
3
6 4  100 1000011001000100100011111100000000100100100000000101101010001001001010110110111010110101100011001111
3 5  100 1000101001000100100011111100000000100100100000000101101010001001001010110110111010110101100011001111
2 7  100 1000101001010000100011111100000000100100100000000101101010001001001010110110111010110101100011001111
runNumber 9
genCount 8599
elapsedTime 599.972
unaryHyperVol 390
binaryHyperVol 0
additiveEps 0
entropy 0.461903
archive 9
3
6 4  100 1000011001000100100011111100000000100100100000000101101010001001001010110110111010110101100011001111
3 5  100 1000101001000100100011111100000000100100100000000101101010001001001010110110111010110101100011001111
2 7  100 1000101001010000100011111100000000100100100000000101101010001001001010110110111010110101100011001111
runNumber 10
genCount 8644
elapsedTime 599.916
unaryHyperVol 390
binaryHyperVol 0
additiveEps 0
entropy 0.461903
archive 10
3
6 4  100 1000011001000100100011111100000000100100100000000101101010001001001010110110111010110101100011001111
3 5  100 1000101001000100100011111100000000100100100000000101101010001001001010110110111010110101100011001111
2 7  100 1000101001010000100011111100000000100100100000000101101010001001001010110110111010110101100011001111
runNumber 11
genCount 8611
elapsedTime 599.972
unaryHyperVol 390
binaryHyperVol 0
additiveEps 0
entropy 0.461903
archive 11
3
6 4  100 1000011001000100100011111100000000100100100000000101101010001001001010110110111010110101100011001111
3 5  100 1000101001000100100011111100000000100100100000000101101010001001001010110110111010110101100011001111
2 7  100 1000101001010000100011111100000000100100100000000101101010001001001010110110111010110101100011001111
runNumber 12
genCount 8720
elapsedTime 600.022
unaryHyperVol 390
binaryHyperVol 0
additiveEps 0
entropy 0.461903
archive 12
3
6 4  100 1000011001000100100011111100000000100100100000000101101010001001001010110110111010110101100011001111
3 5  100 1000101001000100100011111100000000100100100000000101101010001001001010110110111010110101100011001111
2 7  100 1000101001010000100011111100000000100100100000000101101010001001001010110110111010110101100011001111
runNumber 13
genCount 8710
elapsedTime 599.913
unaryHyperVol 390
binaryHyperVol 0
additiveEps 0
entropy 0.461903
archive 13
3
6 4  100 1000011001000100100011111100000000100100100000000101101010001001001010110110111010110101100011001111
3 5  100 1000101001000100100011111100000000100100100000000101101010001001001010110110111010110101100011001111
2 7  100 1000101001010000100011111100000000100100100000000101101010001001001010110110111010110101100011001111
runNumber 14
genCount 8753
elapsedTime 600.006
unaryHyperVol 390
binaryHyperVol 0
additiveEps 0
entropy 0.461903
archive 14
3
6 4  100 1000011001000100100011111100000000100100100000000101101010001001001010110110111010110101100011001111
3 5  100 1000101001000100100011111100000000100100100000000101101010001001001010110110111010110101100011001111
2 7  100 1000101001010000100011111100000000100100100000000101101010001001001010110110111010110101100011001111
runNumber 15
genCount 8511
elapsedTime 599.957
unaryHyperVol 390
binaryHyperVol 0
additiveEps 0
entropy 0.461903
archive 15
3
6 4  100 1000011001000100100011111100000000100100100000000101101010001001001010110110111010110101100011001111
3 5  100 1000101001000100100011111100000000100100100000000101101010001001001010110110111010110101100011001111
2 7  100 1000101001010000100011111100000000100100100000000101101010001001001010110110111010110101100011001111
runNumber 16
genCount 8809
elapsedTime 599.976
unaryHyperVol 390
binaryHyperVol 0
additiveEps 0
entropy 0.461903
archive 16
3
6 4  100 1000011001000100100011111100000000100100100000000101101010001001001010110110111010110101100011001111
3 5  100 1000101001000100100011111100000000100100100000000101101010001001001010110110111010110101100011001111
2 7  100 1000101001010000100011111100000000100100100000000101101010001001001010110110111010110101100011001111
runNumber 17
genCount 8752
elapsedTime 599.963
unaryHyperVol 278
binaryHyperVol 36.1667
additiveEps 0.75
entropy 0.49717
archive 17
2
6 6  100 1000010101000100100011111100000000100100100000000101101010001001001001010110111010110101000011001111
5 7  100 1000010101000100000011111100000000100100100000000101101010001001001001010110111010110101000011001111
runNumber 18
genCount 8547
elapsedTime 599.926
unaryHyperVol 390
binaryHyperVol 0
additiveEps 0
entropy 0.461903
archive 18
3
6 4  100 1000011001000100100011111100000000100100100000000101101010001001001010110110111010110101100011001111
3 5  100 1000101001000100100011111100000000100100100000000101101010001001001010110110111010110101100011001111
2 7  100 1000101001010000100011111100000000100100100000000101101010001001001010110110111010110101100011001111
runNumber 19
genCount 8405
elapsedTime 599.937
unaryHyperVol 390
binaryHyperVol 0
additiveEps 0
entropy 0.461903
archive 19
3
6 4  100 1000011001000100100011111100000000100100100000000101101010001001001010110110111010110101100011001111
3 5  100 1000101001000100100011111100000000100100100000000101101010001001001010110110111010110101100011001111
2 7  100 1000101001010000100011111100000000100100100000000101101010001001001010110110111010110101100011001111
runNumber 20
genCount 8692
elapsedTime 599.945
unaryHyperVol 390
binaryHyperVol 0
additiveEps 0
entropy 0.461903
archive 20
3
6 4  100 1000011001000100100011111100000000100100100000000101101010001001001010110110111010110101100011001111
3 5  100 1000101001000100100011111100000000100100100000000101101010001001001010110110111010110101100011001111
2 7  100 1000101001010000100011111100000000100100100000000101101010001001001010110110111010110101100011001111
runNumber 21
genCount 8719
elapsedTime 599.928
unaryHyperVol 390
binaryHyperVol 0
additiveEps 0
entropy 0.461903
archive 21
3
6 4  100 1000011001000100100011111100000000100100100000000101101010001001001010110110111010110101100011001111
3 5  100 1000101001000100100011111100000000100100100000000101101010001001001010110110111010110101100011001111
2 7  100 1000101001010000100011111100000000100100100000000101101010001001001010110110111010110101100011001111
runNumber 22
genCount 8574
elapsedTime 599.979
unaryHyperVol 390
binaryHyperVol 0
additiveEps 0
entropy 0.461903
archive 22
3
6 4  100 1000011001000100100011111100000000100100100000000101101010001001001010110110111010110101100011001111
3 5  100 1000101001000100100011111100000000100100100000000101101010001001001010110110111010110101100011001111
2 7  100 1000101001010000100011111100000000100100100000000101101010001001001010110110111010110101100011001111
runNumber 23
genCount 8629
elapsedTime 599.877
unaryHyperVol 308
binaryHyperVol 27.1667
additiveEps 0.666667
entropy 0.49717
archive 23
2
6 6  100 1000011001000100100011111100000000100100100000000101101011011001000101110110111010110101100011001111
4 7  100 1000101001000100100011111100000000100100100000000101101011011001000101110110111010110101100011001111
runNumber 24
genCount 8558
elapsedTime 600.03
unaryHyperVol 390
binaryHyperVol 0
additiveEps 0
entropy 0.461903
archive 24
3
6 4  100 1000011001000100100011111100000000100100100000000101101010001001001010110110111010110101100011001111
3 5  100 1000101001000100100011111100000000100100100000000101101010001001001010110110111010110101100011001111
2 7  100 1000101001010000100011111100000000100100100000000101101010001001001010110110111010110101100011001111
runNumber 25
genCount 8763
elapsedTime 599.96
unaryHyperVol 390
binaryHyperVol 0
additiveEps 0
entropy 0.461903
archive 25
3
6 4  100 1000011001000100100011111100000000100100100000000101101010001001001010110110111010110101100011001111
3 5  100 1000101001000100100011111100000000100100100000000101101010001001001010110110111010110101100011001111
2 7  100 1000101001010000100011111100000000100100100000000101101010001001001010110110111010110101100011001111
runNumber 26
genCount 8662
elapsedTime 599.925
unaryHyperVol 390
binaryHyperVol 0
additiveEps 0
entropy 0.461903
archive 26
3
6 4  100 1000011001000100100011111100000000100100100000000101101010001001001010110110111010110101100011001111
3 5  100 1000101001000100100011111100000000100100100000000101101010001001001010110110111010110101100011001111
2 7  100 1000101001010000100011111100000000100100100000000101101010001001001010110110111010110101100011001111
runNumber 27
genCount 8769
elapsedTime 599.863
unaryHyperVol 390
binaryHyperVol 0
additiveEps 0
entropy 0.461903
archive 27
3
6 4  100 1000011001000100100011111100000000100100100000000101101010001001001010110110111010110101100011001111
3 5  100 1000101001000100100011111100000000100100100000000101101010001001001010110110111010110101100011001111
2 7  100 1000101001010000100011111100000000100100100000000101101010001001001010110110111010110101100011001111
runNumber 28
genCount 8583
elapsedTime 600.012
unaryHyperVol 390
binaryHyperVol 0
additiveEps 0
entropy 0.461903
archive 28
3
6 4  100 1000011001000100100011111100000000100100100000000101101010001001001010110110111010110101100011001111
3 5  100 1000101001000100100011111100000000100100100000000101101010001001001010110110111010110101100011001111
2 7  100 1000101001010000100011111100000000100100100000000101101010001001001010110110111010110101100011001111
runNumber 29
genCount 8698
elapsedTime 599.942
unaryHyperVol 390
binaryHyperVol 0
additiveEps 0
entropy 0.461903
archive 29
3
6 4  100 1000011001000100100011111100000000100100100000000101101010001001001010110110111010110101100011001111
3 5  100 1000101001000100100011111100000000100100100000000101101010001001001010110110111010110101100011001111
2 7  100 1000101001010000100011111100000000100100100000000101101010001001001010110110111010110101100011001111
