OptimalFront
unaryHyperVol 238
3
6 6  100 1010110111101110101001000010100100101101011001110011011011001101001110000100010111010100010101101011
5 7  100 1010110111101110101001000010100100101101011001110011011011000001001110000100010111010100010101101011
3 8  100 1010110111101110100001000010100100101101011001110011011011001101001110000100010111101000010101101011
-------------------------
runNumber 0
genCount 8514
elapsedTime 599.938
unaryHyperVol 238
binaryHyperVol 0
additiveEps 0
entropy 0.270001
archive 0
3
6 6  100 1010110111101110101001000010100100101101011001110011011011001101001110000100010111010100010101101011
5 7  100 1010110111101110101001000010100100101101011001110011011011000001001110000100010111010100010101101011
3 8  100 1010110111101110100001000010100100101101011001110011011011001101001110000100010111101000010101101011
runNumber 1
genCount 8148
elapsedTime 599.743
unaryHyperVol 238
binaryHyperVol 0
additiveEps 0
entropy 0.270001
archive 1
3
6 6  100 1010110111101110101001000010100100101101011001110011011011001101001110000100010111010100010101101011
5 7  100 1010110111101110101001000010100100101101011001110011011011000001001110000100010111010100010101101011
3 8  100 1010110111101110101001000010100100101101011001110011011011001101001110000100010111100001010101101001
runNumber 2
genCount 8974
elapsedTime 599.889
unaryHyperVol 238
binaryHyperVol 0
additiveEps 0
entropy 0.270001
archive 2
3
6 6  100 1010110111101110101001000010100100101101011001110011011011001101001110000100010111010100010101101011
5 7  100 1010110111101110101001000010100100101101011001110011011011011101001110000100010111100000010101101011
3 8  100 1010110111101110101001000010100100101101011001110011011011001101001110000100010111100001010101101001
runNumber 3
genCount 8591
elapsedTime 600.357
unaryHyperVol 231
binaryHyperVol 5.66667
additiveEps 0.5
entropy 0.509891
archive 3
2
6 7  100 1010110111101110100001000010100100101101011001110011011011001101001110000100010111011000010101101011
3 8  100 1010110111101110100001000010100100101101011001110011011011001101001110000100010111101000010101101011
runNumber 4
genCount 8610
elapsedTime 599.87
unaryHyperVol 213
binaryHyperVol 10.6667
additiveEps 0.333333
entropy 0.482558
archive 4
3
6 6  100 1010110111101110101001000010100100101101011001110011011011001101001110000100010111010100010101101011
5 7  100 1010110111101110101001000010100100101101011001110011011011000001001110000100010111010100010101101011
4 8  100 1010110111101110101001000010100100101101011001110011011011001101000110000100010101010100010101101011
runNumber 5
genCount 8607
elapsedTime 599.701
unaryHyperVol 154
binaryHyperVol 33
additiveEps 1
entropy 0
archive 5
1
5 11  100 1001110111100000101001000010100100101101011001110011011011001101001110000100000000010100010101010011
runNumber 6
genCount 8664
elapsedTime 599.99
unaryHyperVol 229
binaryHyperVol 4
additiveEps 0.333333
entropy 0.466242
archive 6
3
6 7  100 1010110111101110101001000010100100010101011001110011011011001101001110000100010111010100010101101011
5 8  100 1010110111101110101001000010100100010101011001110011011011000001001110000100010111010100010101101011
3 9  100 1010110111101110100001000010100100010101011001110011011011001101001110000100010111101000010101101011
runNumber 7
genCount 8608
elapsedTime 599.893
unaryHyperVol 213
binaryHyperVol 10.6667
additiveEps 0.333333
entropy 0.482558
archive 7
3
6 6  100 1010110111101110101001000010100100101101011001110011011011001101001110000100010111010100010101101011
5 7  100 1010110111101110101001000010100100101101011001110011011011000001001110000100010111010100010101101011
4 8  100 1010110111101110101001000010100100101101011001110011011011001101000110000100010101010100010101101011
runNumber 8
genCount 8677
elapsedTime 599.829
unaryHyperVol 232
binaryHyperVol 5.5
additiveEps 0.5
entropy 0.488066
archive 8
2
5 7  100 1010110111101110101001000010100100101101011001110011011011011101001110000100010111100000010101101011
3 8  100 1010110111101110100001000010100100101101011001110011011011001101001110000100010111101000010101101011
runNumber 9
genCount 8640
elapsedTime 599.987
unaryHyperVol 222
binaryHyperVol 7.77778
additiveEps 0.666667
entropy 0.49717
archive 9
2
6 8  100 0110110101011110100001000010100100101101011001110011011011001101001110000100010111011000010101101011
3 9  100 0110110101011110100001000010100100101101011001110011011011001101001110000100010111101000010101101011
runNumber 10
genCount 8743
elapsedTime 599.817
unaryHyperVol 238
binaryHyperVol 0
additiveEps 0
entropy 0.270001
archive 10
3
6 6  100 1010110111101110101001000010100100101101011001110011011011001101001110000100010111010100010101101011
5 7  100 1010110111101110101001000010100100101101011001110011011011000001001110000100010111010100010101101011
3 8  100 1010110111101110100001000010100100101101011001110011011011001101001110000100010111101000010101101011
runNumber 11
genCount 8653
elapsedTime 599.985
unaryHyperVol 232
binaryHyperVol 5.5
additiveEps 0.5
entropy 0.488066
archive 11
2
5 7  100 1010110111101110101001000010100100101101011001110011011011011101001110000100010111100000010101101011
3 8  100 1010110111101110101001000010100100101101011001110011011011001101001110000100010111100001010101101001
runNumber 12
genCount 8544
elapsedTime 599.975
unaryHyperVol 213
binaryHyperVol 10.6667
additiveEps 0.333333
entropy 0.482558
archive 12
3
6 6  100 1010110111101110101001000010100100101101011001110011011011001101001110000100010111010100010101101011
5 7  100 1010110111101110101001000010100100101101011001110011011011000001001110000100010111010100010101101011
4 8  100 1010110111101110101001000010100100101101011001110011011011001101000110000100010101010100010101101011
runNumber 13
genCount 8682
elapsedTime 599.877
unaryHyperVol 213
binaryHyperVol 10.6667
additiveEps 0.333333
entropy 0.482558
archive 13
3
6 6  100 1010110111101110101001000010100100101101011001110011011011001101001110000100010111010100010101101011
5 7  100 1010110111101110101001000010100100101101011001110011011011000001001110000100010111010100010101101011
4 8  100 1010110111101110101001000010100100101101011001110011011011001101000110000100010101010100010101101011
runNumber 14
genCount 8508
elapsedTime 599.812
unaryHyperVol 174
binaryHyperVol 20.5556
additiveEps 0.833333
entropy 0.49717
archive 14
2
6 11  100 1001110100010101110101000101100100101101011001110011011011001101001110000100100111010001010101100111
4 12  100 1001110100010101110101000101100100101101011001110011011011001101001110000100100111100001010101100111
runNumber 15
genCount 8760
elapsedTime 599.982
unaryHyperVol 238
binaryHyperVol 0
additiveEps 0
entropy 0.270001
archive 15
3
6 6  100 1010110111101110101001000010100100101101011001110011011011001101001110000100010111010100010101101011
5 7  100 1010110111101110101001000010100100101101011001110011011011011101001110000100010111100000010101101011
3 8  100 1010110111101110101001000010100100101101011001110011011011001101001110000100010111100001010101101001
runNumber 16
genCount 8636
elapsedTime 599.999
unaryHyperVol 213
binaryHyperVol 10.6667
additiveEps 0.333333
entropy 0.482558
archive 16
3
6 6  100 1010110111101110101001000010100100101101011001110011011011001101001110000100010111010100010101101011
5 7  100 1010110111101110101001000010100100101101011001110011011011000001001110000100010111010100010101101011
4 8  100 1010110111101110101001000010100100101101011001110011011011001101000110000100010101010100010101101011
runNumber 17
genCount 8497
elapsedTime 599.766
unaryHyperVol 190
binaryHyperVol 19.5
additiveEps 0.75
entropy 0.49717
archive 17
2
6 9  100 1010110100011110101001000101100100101101011001110011011011001101000000010100010111010000010101101011
4 10  100 1010110100011110101001000101100100101101011001110011011011001101000000010100010111100000010101101011
runNumber 18
genCount 8839
elapsedTime 599.936
unaryHyperVol 238
binaryHyperVol 0
additiveEps 0
entropy 0.270001
archive 18
3
6 6  100 1010110111101110101001000010100100101101011001110011011011001101001110000100010111010100010101101011
5 7  100 1010110111101110101001000010100100101101011001110011011011000001001110000100010111010100010101101011
3 8  100 1010110111101110100001000010100100101101011001110011011011001101001110000100010111101000010101101011
runNumber 19
genCount 8712
elapsedTime 599.983
unaryHyperVol 238
binaryHyperVol 0
additiveEps 0
entropy 0.270001
archive 19
3
6 6  100 1010110111101110101001000010100100101101011001110011011011001101001110000100010111010100010101101011
5 7  100 1010110111101110101001000010100100101101011001110011011011011101001110000100010111100000010101101011
3 8  100 1010110111101110100001000010100100101101011001110011011011001101001110000100010111101000010101101011
runNumber 20
genCount 8779
elapsedTime 599.873
unaryHyperVol 238
binaryHyperVol 0
additiveEps 0
entropy 0.270001
archive 20
3
6 6  100 1010110111101110101001000010100100101101011001110011011011001101001110000100010111010100010101101011
5 7  100 1010110111101110101001000010100100101101011001110011011011011101001110000100010111100000010101101011
3 8  100 1010110111101110101001000010100100101101011001110011011011001101001110000100010111100001010101101001
runNumber 21
genCount 8587
elapsedTime 599.942
unaryHyperVol 238
binaryHyperVol 0
additiveEps 0
entropy 0.270001
archive 21
3
6 6  100 1010110111101110101001000010100100101101011001110011011011001101001110000100010111010100010101101011
5 7  100 1010110111101110101001000010100100101101011001110011011011011101001110000100010111100000010101101011
3 8  100 1010110111101110100001000010100100101101011001110011011011001101001110000100010111101000010101101011
runNumber 22
genCount 8761
elapsedTime 599.85
unaryHyperVol 238
binaryHyperVol 0
additiveEps 0
entropy 0.270001
archive 22
3
6 6  100 1010110111101110101001000010100100101101011001110011011011001101001110000100010111010100010101101011
5 7  100 1010110111101110101001000010100100101101011001110011011011011101001110000100010111100000010101101011
3 8  100 1010110111101110101001000010100100101101011001110011011011001101001110000100010111100001010101101001
runNumber 23
genCount 8906
elapsedTime 599.931
unaryHyperVol 238
binaryHyperVol 0
additiveEps 0
entropy 0.270001
archive 23
3
6 6  100 1010110111101110101001000010100100101101011001110011011011001101001110000100010111010100010101101011
5 7  100 1010110111101110101001000010100100101101011001110011011011011101001110000100010111100000010101101011
3 8  100 1010110111101110101001000010100100101101011001110011011011001101001110000100010111100001010101101001
runNumber 24
genCount 8792
elapsedTime 599.866
unaryHyperVol 238
binaryHyperVol 0
additiveEps 0
entropy 0.270001
archive 24
3
6 6  100 1010110111101110101001000010100100101101011001110011011011001101001110000100010111010100010101101011
5 7  100 1010110111101110101001000010100100101101011001110011011011011101001110000100010111100000010101101011
3 8  100 1010110111101110100001000010100100101101011001110011011011001101001110000100010111101000010101101011
runNumber 25
genCount 8757
elapsedTime 599.892
unaryHyperVol 231
binaryHyperVol 3.77778
additiveEps 0.333333
entropy 0.466686
archive 25
3
5 7  100 1010110111011110101001010010100100101101011001110011011011011101001110000100010111100000010101101011
4 8  100 1010110111011110100001010010100100101101011001110011011011001101001110000100010111101000010101101011
3 9  100 0110110101011110100001000010100100101101011001110011011011001101001110000100010111101000010101101011
runNumber 26
genCount 8322
elapsedTime 599.982
unaryHyperVol 238
binaryHyperVol 0
additiveEps 0
entropy 0.270001
archive 26
3
6 6  100 1010110111101110101001000010100100101101011001110011011011001101001110000100010111010100010101101011
5 7  100 1010110111101110101001000010100100101101011001110011011011000001001110000100010111010100010101101011
3 8  100 1010110111101110100001000010100100101101011001110011011011001101001110000100010111101000010101101011
runNumber 27
genCount 8997
elapsedTime 599.819
unaryHyperVol 238
binaryHyperVol 0
additiveEps 0
entropy 0.270001
archive 27
3
6 6  100 1010110111101110101001000010100100101101011001110011011011001101001110000100010111010100010101101011
5 7  100 1010110111101110101001000010100100101101011001110011011011000001001110000100010111010100010101101011
3 8  100 1010110111101110100001000010100100101101011001110011011011001101001110000100010111101000010101101011
runNumber 28
genCount 8484
elapsedTime 599.947
unaryHyperVol 213
binaryHyperVol 10.6667
additiveEps 0.333333
entropy 0.482558
archive 28
3
6 6  100 1010110111011110101001010010100100101101011001110011011011001101001110000100010111010100010101101011
5 7  100 1010110111011110101001010010100100101101011001110011011011000001001110000100010111010100010101101011
4 8  100 1010110111011110101001010010100100101101011001110011011011001101000110000100010101010100010101101011
runNumber 29
genCount 8625
elapsedTime 599.973
unaryHyperVol 229
binaryHyperVol 4
additiveEps 0.333333
entropy 0.466242
archive 29
3
6 7  100 0110110101010110101001000010100100101101011001110011011011001101001110000100100111010100010101101011
5 8  100 0110110101010110101001000010100100101101011001110011011011011101001110000100100111100000010101101011
3 9  100 0110110101010110101001000010100100101101011001110011011011001101001110000100100111100001010101101001
