OptimalFront
unaryHyperVol 492
3
8 6  100 1010111001100000001100111001011111010111101101000111101101010000001110101111000001101011011001001110
4 8  100 0000111001100000001100111001011111010111101101000111101101011000001110101101100001100011011001001110
3 10  100 1010111001100000001100111001101111010111101101000111101101011000001110101100010001100001011001001101
-------------------------
runNumber 0
genCount 8730
elapsedTime 599.942
unaryHyperVol 481
binaryHyperVol 4.1
additiveEps 0.25
entropy 0.434912
archive 0
4
8 7  100 1010111001100000001100111001011111010111101101000111101101011000001110101100010001101011011001001110
6 8  100 1010111001100000001100110101011111010111101101000111101101011000001110101100010001101011011001001110
4 9  100 1010111001100000000001111001011111010111101101000111101101011000001110101100010001101011011001001110
3 10  100 1010111001100000000001111001101111010111101101000111101101011000001110101100010001101011011001001110
runNumber 1
genCount 8581
elapsedTime 599.997
unaryHyperVol 474
binaryHyperVol 3.56
additiveEps 0.4
entropy 0.466242
archive 1
3
8 7  100 1010111001100000001100111001101111100111101101000111101101010000001110101111000001101011011001001110
4 10  100 0110111001010100001100111001101111100111101101000111101101011000001110101101100001100011011001001110
3 11  100 0110111001010100001100111001101111100111101101000111101101011000001110101111100001100001011001001101
runNumber 2
genCount 9245
elapsedTime 599.944
unaryHyperVol 403
binaryHyperVol 24.72
additiveEps 1
entropy 0
archive 2
1
4 11  100 1010111001100000001100111001101111100111101101000111101101011000000000011100010001100000011001001110
runNumber 3
genCount 8769
elapsedTime 599.982
unaryHyperVol 436
binaryHyperVol 16.5
additiveEps 0.5
entropy 0.449615
archive 3
3
8 8  100 1010111001100000001100111001101111100111101101000111101101011000001110101100010001101011011001001110
6 9  100 1010111001100000001100110101101111100111101101000111101101011000001110101100010001101011011001001110
4 10  100 1010111001100000001100111001101111100111101101000111101101011000001110100100010001100011001001001110
runNumber 4
genCount 8715
elapsedTime 599.933
unaryHyperVol 468
binaryHyperVol 8.3
additiveEps 0.5
entropy 0.454958
archive 4
3
8 8  100 1010111001100000001100111001101111100111101101000111101101011000001110101100010001101011011001001110
6 9  100 1010111001100000001100110101101111100111101101000111101101011000001110101100010001101011011001001110
3 10  100 1010111001100000001100111001101111100111101101000111101101011000001110101100010001100001011001001101
runNumber 5
genCount 8522
elapsedTime 599.982
unaryHyperVol 481
binaryHyperVol 4.1
additiveEps 0.25
entropy 0.434912
archive 5
4
8 7  100 1010111001100000001100111001011111010111101101000111101101011000001110101100010001101011011001001110
6 8  100 1010111001100000001100110101011111010111101101000111101101011000001110101100010001101011011001001110
4 9  100 1010111001100000000001111001011111010111101101000111101101011000001110101100010001101011011001001110
3 10  100 1010111001100000000001111001101111010111101101000111101101011000001110101100010001101011011001001110
runNumber 6
genCount 8685
elapsedTime 599.979
unaryHyperVol 451
binaryHyperVol 12.2
additiveEps 0.25
entropy 0.509891
archive 6
2
8 7  100 0000111001100000001100111001011111010111101101000111101101011000001110101111100001101011011001001110
4 8  100 0000111001100000001100111001011111010111101101000111101101011000001110101101100001100011011001001110
runNumber 7
genCount 9000
elapsedTime 599.965
unaryHyperVol 468
binaryHyperVol 8.3
additiveEps 0.5
entropy 0.454958
archive 7
3
8 8  100 1010111001100000001100111001101111100111101101000111101101011000001110101100010001101011011001001110
6 9  100 1010111001100000001100110101101111100111101101000111101101011000001110101100010001101011011001001110
3 10  100 1010111001100000001100111001101111100111101101000111101101011000001110101100010001100001011001001101
runNumber 8
genCount 8663
elapsedTime 599.99
unaryHyperVol 427
binaryHyperVol 12.0208
additiveEps 0.583333
entropy 0.45071
archive 8
3
15 8  100 1001111001100000001100111001101111100111101101000111101101010000000110101111000001010111011001001110
8 9  100 1010111001100000001100111001101111100111101101000111101101010000000110101111000001010111011001001110
4 10  100 1010111001100000001100111001101111100111101101000111101101010001000110101111000001010111011001001110
runNumber 9
genCount 8432
elapsedTime 600.012
unaryHyperVol 440
binaryHyperVol 7.79167
additiveEps 0.5
entropy 0.455617
archive 9
3
15 7  100 1001111001100000001100111001011111010111101101000111101101010000000110101111000001010111011001001110
8 8  100 1010111001100000001100111001011111010111101101000111101101010000000110101111000001010111011001001110
4 9  100 1010111001100000001100111001011111010111101101000111101101010001000110101111000001010111011001001110
runNumber 10
genCount 8869
elapsedTime 599.935
unaryHyperVol 468
binaryHyperVol 8.3
additiveEps 0.5
entropy 0.454958
archive 10
3
8 8  100 1010111001100000001100111001101111100111101101000111101101011000001110101100010001101011011001001110
6 9  100 1010111001100000001100110101101111100111101101000111101101011000001110101100010001101011011001001110
3 10  100 1010111001100000001100111001101111100111101101000111101101011000001110101100010001100001011001001101
runNumber 11
genCount 8664
elapsedTime 600.037
unaryHyperVol 451
binaryHyperVol 12.2
additiveEps 0.25
entropy 0.509891
archive 11
2
8 7  100 0000111001100000001100111001011111010111101101000111101101011000001110101111100001101011011001001110
4 8  100 0000111001100000001100111001011111010111101101000111101101011000001110101101100001100011011001001110
runNumber 12
genCount 8566
elapsedTime 599.958
unaryHyperVol 438
binaryHyperVol 16.4
additiveEps 0.5
entropy 0.49717
archive 12
2
8 8  100 1010111001100000001100111001011111010111101101000111101101010000000110101111000001010111011001001110
4 9  100 1010111001100000001100111001011111010111101101000111101101010001000110101111000001010111011001001110
runNumber 13
genCount 8308
elapsedTime 599.941
unaryHyperVol 481
binaryHyperVol 4.1
additiveEps 0.25
entropy 0.434912
archive 13
4
8 7  100 1010111001100000001100111001011111010111101101000111101101011000001110101100010001101011011001001110
6 8  100 1010111001100000001100110101011111010111101101000111101101011000001110101100010001101011011001001110
4 9  100 1010111001100000000001111001011111010111101101000111101101011000001110101100010001101011011001001110
3 10  100 1010111001100000000001111001101111010111101101000111101101011000001110101100010001101011011001001110
runNumber 14
genCount 8491
elapsedTime 599.972
unaryHyperVol 481
binaryHyperVol 4.1
additiveEps 0.25
entropy 0.434912
archive 14
4
8 7  100 1010111001100000001100111001011111010111101101000111101101011000001110101100010001101011011001001110
6 8  100 1010111001100000001100110101011111010111101101000111101101011000001110101100010001101011011001001110
4 9  100 1010111001100000001100111001011111010111101101000111101101011000001110101100010001100001011001001101
3 10  100 1010111001100000001100111001101111010111101101000111101101011000001110101100010001100001011001001101
runNumber 15
genCount 8626
elapsedTime 600.008
unaryHyperVol 427
binaryHyperVol 12.0208
additiveEps 0.583333
entropy 0.45071
archive 15
3
15 8  100 1001111001100000001100111001101111100111101101000111101101010000000110101111000001010111011001001110
8 9  100 1010111001100000001100111001101111100111101101000111101101010000000110101111000001010111011001001110
4 10  100 1010111001100000001100111001101111100111101101000111101101010001000110101111000001010111011001001110
runNumber 16
genCount 8653
elapsedTime 599.981
unaryHyperVol 401
binaryHyperVol 22.0667
additiveEps 0.833333
entropy 0.49717
archive 16
2
6 11  100 1010111000010100001100111001101111100111101101000111101101011000001110101111100001100001011001001101
4 12  100 1010111000010100001100110101101111100111101101000111101101011000001110101111100001100001011001001101
runNumber 17
genCount 8669
elapsedTime 599.974
unaryHyperVol 460
binaryHyperVol 8.2
additiveEps 0.2
entropy 0.488066
archive 17
2
8 6  100 1010111001100000001100111001011111010111101101000111101101010000001110101111000001101011011001001110
4 8  100 1010111001100000001100111001011111010111101101000111101101010001001110101101000001100011011001001110
runNumber 18
genCount 8683
elapsedTime 599.995
unaryHyperVol 468
binaryHyperVol 8.3
additiveEps 0.5
entropy 0.454958
archive 18
3
8 8  100 1010111001100000001100111001101111100111101101000111101101011000001110101100010001101011011001001110
6 9  100 1010111001100000001100110101101111100111101101000111101101011000001110101100010001101011011001001110
3 10  100 1010111001100000000001111001101111100111101101000111101101011000001110101100010001101011011001001110
runNumber 19
genCount 8516
elapsedTime 599.954
unaryHyperVol 481
binaryHyperVol 4.1
additiveEps 0.25
entropy 0.434912
archive 19
4
8 7  100 1010111001100000001100111001011111010111101101000111101101011000001110101100010001101011011001001110
6 8  100 1010111001100000001100110101011111010111101101000111101101011000001110101100010001101011011001001110
4 9  100 1010111001100000001100111001011111010111101101000111101101011000001110101100010001100001011001001101
3 10  100 1010111001100000001100111001101111010111101101000111101101011000001110101100010001100001011001001101
runNumber 20
genCount 8711
elapsedTime 600.02
unaryHyperVol 468
binaryHyperVol 8.3
additiveEps 0.5
entropy 0.454958
archive 20
3
8 8  100 1010111001100000001100111001101111100111101101000111101101011000001110101100010001101011011001001110
6 9  100 1010111001100000001100110101101111100111101101000111101101011000001110101100010001101011011001001110
3 10  100 1010111001100000001100111001101111100111101101000111101101011000001110101100010001100001011001001101
runNumber 21
genCount 9111
elapsedTime 599.922
unaryHyperVol 416
binaryHyperVol 24.6
additiveEps 1
entropy 0
archive 21
1
4 10  100 0000111001100000001100111001011111010111101101000111101101011000000000011111100001100000011001001110
runNumber 22
genCount 8549
elapsedTime 599.969
unaryHyperVol 468
binaryHyperVol 8.3
additiveEps 0.5
entropy 0.454958
archive 22
3
8 8  100 1010111001100000001100111001101111100111101101000111101101011000001110101100010001101011011001001110
6 9  100 1010111001100000001100110101101111100111101101000111101101011000001110101100010001101011011001001110
3 10  100 1010111001100000001100111001101111100111101101000111101101011000001110101100010001100001011001001101
runNumber 23
genCount 8352
elapsedTime 599.98
unaryHyperVol 427
binaryHyperVol 12.0208
additiveEps 0.583333
entropy 0.45071
archive 23
3
15 8  100 1101111001010000001100111001011111010111101101000111101101010000000110101111000001010111011001001110
8 9  100 1101111001011100001100111001011111010111101101000111101101010000000110101111000001010111011001001110
4 10  100 1101111001011100001100111001011111010111101101000111101101010001000110101111000001010111011001001110
runNumber 24
genCount 8495
elapsedTime 599.992
unaryHyperVol 447
binaryHyperVol 12.4
additiveEps 0.25
entropy 0.474505
archive 24
2
8 7  100 1010111001100000001100111001101111100111101101000111101101010000001110101111000001101011011001001110
4 9  100 1010111001100000001100111001101111100111101101000111101101010001001110101101000001100011011001001110
runNumber 25
genCount 8682
elapsedTime 599.963
unaryHyperVol 460
binaryHyperVol 8.2
additiveEps 0.2
entropy 0.488066
archive 25
2
8 6  100 1010111001100000001100111001011111010111101101000111101101010000001110101111000001101011011001001110
4 8  100 1010111001100000001100111001011111010111101101000111101101010001001110101101000001100011011001001110
runNumber 26
genCount 8593
elapsedTime 600.029
unaryHyperVol 468
binaryHyperVol 8.3
additiveEps 0.5
entropy 0.454958
archive 26
3
8 8  100 1010111001100000001100111001101111100111101101000111101101011000001110101100010001101011011001001110
6 9  100 1010111001100000001100110101101111100111101101000111101101011000001110101100010001101011011001001110
3 10  100 1010111001100000000001111001101111100111101101000111101101011000001110101100010001101011011001001110
runNumber 27
genCount 8671
elapsedTime 599.987
unaryHyperVol 481
binaryHyperVol 4.1
additiveEps 0.25
entropy 0.434912
archive 27
4
8 7  100 1010111001100000001100111001011111010111101101000111101101011000001110101100010001101011011001001110
6 8  100 1010111001100000001100110101011111010111101101000111101101011000001110101100010001101011011001001110
4 9  100 1010111001100000000001111001011111010111101101000111101101011000001110101100010001101011011001001110
3 10  100 1010111001100000000001111001101111010111101101000111101101011000001110101100010001101011011001001110
runNumber 28
genCount 8716
elapsedTime 599.961
unaryHyperVol 440
binaryHyperVol 7.79167
additiveEps 0.5
entropy 0.455617
archive 28
3
15 7  100 1001111001100000001100111001011111010111101101000111101101010000000110101111000001010111011001001110
8 8  100 1010111001100000001100111001011111010111101101000111101101010000000110101111000001010111011001001110
4 9  100 1010111001100000001100111001011111010111101101000111101101010001000110101111000001010111011001001110
runNumber 29
genCount 8379
elapsedTime 599.973
unaryHyperVol 440
binaryHyperVol 7.79167
additiveEps 0.5
entropy 0.455617
archive 29
3
15 7  100 1001111001100000001100111001011111010111101101000111101101010000000110101111000001010111011001001110
8 8  100 1010111001100000001100111001011111010111101101000111101101010000000110101111000001010111011001001110
4 9  100 1010111001100000001100111001011111010111101101000111101101010001000110101111000001010111011001001110
