OptimalFront
unaryHyperVol 292
Optimal front is obtained by exact method
-------------------------
3
1 8
2 7
5 6
runNumber 0
genCount 8931
elapsedTime 599.95
unaryHyperVol 292
binaryHyperVol 0
additiveEps 0
entropy 0.270001
archive 0
3
5 6  100 1010100110110001000000111110100001110101000100001010011010000011011000111010100100011001110100111011
2 7  100 1010100110110001001000111110100001110101000100001010011010000011011000111010100100011001110100111011
1 8  100 1010100110110001001000111110100001110101000100001010011010001011011000111010100100011001110100111011
runNumber 1
genCount 8716
elapsedTime 599.964
unaryHyperVol 292
binaryHyperVol 0
additiveEps 0
entropy 0.270001
archive 1
3
5 6  100 1010100110110001000000111110100001110101000100001010011010000011011000111010100100011001110100111011
2 7  100 1010100110110001001000111110100001110101000100001010011010000011011000111010100100011001110100111011
1 8  100 1010100110110001001000111110100001110101000100001010011010001011011000111010100100011001110100111011
runNumber 2
genCount 8444
elapsedTime 599.955
unaryHyperVol 292
binaryHyperVol 0
additiveEps 0
entropy 0.270001
archive 2
3
5 6  100 1010100110110001000000111110100001110101000100001010011010000011011000111010100100011001110100111011
2 7  100 1010100110110001001000111110100001110101000100001010011010000011011000111010100100011001110100111011
1 8  100 1010100110110001001000111110100001110101000100001010011010001011011000111010100100011001110100111011
runNumber 3
genCount 8814
elapsedTime 599.989
unaryHyperVol 292
binaryHyperVol 0
additiveEps 0
entropy 0.270001
archive 3
3
5 6  100 1010100110110001000000111110100001110101000100001010011010000011011000111010100100011001110100111011
2 7  100 1010100110110001001000111110100001110101000100001010011010000011011000111010100100011001110100111011
1 8  100 1010100110110001001000111110100001110101000100001010011010001011011000111010100100011001110100111011
runNumber 4
genCount 8465
elapsedTime 599.941
unaryHyperVol 292
binaryHyperVol 0
additiveEps 0
entropy 0.270001
archive 4
3
5 6  100 1010100110110001000000111110100001110101000100001010011010000011011000111010100100011001110100111011
2 7  100 1010100110110001001000111110100001110101000100001010011010000011011000111010100100011001110100111011
1 8  100 1010100110110001001000111110100001110101000100001010011010001011011000111010100100011001110100111011
runNumber 5
genCount 8707
elapsedTime 599.997
unaryHyperVol 292
binaryHyperVol 0
additiveEps 0
entropy 0.270001
archive 5
3
5 6  100 1010100110110001000000111110100001110101000100001010011010000011011000111010100100011001110100111011
2 7  100 1010100110110001001000111110100001110101000100001010011010000011011000111010100100011001110100111011
1 8  100 1010100110110001001000111110100001110101000100001010011010001011011000111010100100011001110100111011
runNumber 6
genCount 8652
elapsedTime 599.989
unaryHyperVol 292
binaryHyperVol 0
additiveEps 0
entropy 0.270001
archive 6
3
5 6  100 1010100110110001000000111110100001110101000100001010011010000011011000111010100100011001110100111011
2 7  100 1010100110110001001000111110100001110101000100001010011010000011011000111010100100011001110100111011
1 8  100 1010100110110001001000111110100001110101000100001010011010001011011000111010100100011001110100111011
runNumber 7
genCount 8768
elapsedTime 599.977
unaryHyperVol 292
binaryHyperVol 0
additiveEps 0
entropy 0.270001
archive 7
3
5 6  100 1010100110110001000000111110100001110101000100001010011010000011011000111010100100011001110100111011
2 7  100 1010100110110001001000111110100001110101000100001010011010000011011000111010100100011001110100111011
1 8  100 1010100110110001001000111110100001110101000100001010011010001011011000111010100100011001110100111011
runNumber 8
genCount 8481
elapsedTime 599.936
unaryHyperVol 292
binaryHyperVol 0
additiveEps 0
entropy 0.270001
archive 8
3
5 6  100 1010100110110001000000111110100001110101000100001010011010000011011000111010100100011001110100111011
2 7  100 1010100110110001001000111110100001110101000100001010011010000011011000111010100100011001110100111011
1 8  100 1010100110110001001000111110100001110101000100001010011010001011011000111010100100011001110100111011
runNumber 9
genCount 8794
elapsedTime 600.035
unaryHyperVol 292
binaryHyperVol 0
additiveEps 0
entropy 0.270001
archive 9
3
5 6  100 1010100110110001000000111110100001110101000100001010011010000011011000111010100100011001110100111011
2 7  100 1010100110110001001000111110100001110101000100001010011010000011011000111010100100011001110100111011
1 8  100 1010100110110001001000111110100001110101000100001010011010001011011000111010100100011001110100111011
runNumber 10
genCount 9015
elapsedTime 599.92
unaryHyperVol 207
binaryHyperVol 29.875
additiveEps 0.75
entropy 0.49717
archive 10
2
5 7  100 1010100110110001000000111101010101110101000100001010011010000011011000111010100100011001110100111011
4 8  100 1010100110110001001000111101010101110101000100001010011010000011011000111010100100011001110100111011
runNumber 11
genCount 8704
elapsedTime 600.077
unaryHyperVol 292
binaryHyperVol 0
additiveEps 0
entropy 0.270001
archive 11
3
5 6  100 1010100110110001000000111110100001110101000100001010011010000011011000111010100100011001110100111011
2 7  100 1010100110110001001000111110100001110101000100001010011010000011011000111010100100011001110100111011
1 8  100 1010100110110001001000111110100001110101000100001010011010001011011000111010100100011001110100111011
runNumber 12
genCount 8688
elapsedTime 599.886
unaryHyperVol 292
binaryHyperVol 0
additiveEps 0
entropy 0.270001
archive 12
3
5 6  100 1010100110110001000000111110100001110101000100001010011010000011011000111010100100011001110100111011
2 7  100 1010100110110001001000111110100001110101000100001010011010000011011000111010100100011001110100111011
1 8  100 1010100110110001001000111110100001110101000100001010011010001011011000111010100100011001110100111011
runNumber 13
genCount 8536
elapsedTime 599.995
unaryHyperVol 292
binaryHyperVol 0
additiveEps 0
entropy 0.270001
archive 13
3
5 6  100 1010100110110001000000111110100001110101000100001010011010000011011000111010100100011001110100111011
2 7  100 1010100110110001001000111110100001110101000100001010011010000011011000111010100100011001110100111011
1 8  100 1010100110110001001000111110100001110101000100001010011010001011011000111010100100011001110100111011
runNumber 14
genCount 8469
elapsedTime 599.935
unaryHyperVol 292
binaryHyperVol 0
additiveEps 0
entropy 0.270001
archive 14
3
5 6  100 1010100110110001000000111110100001110101000100001010011010000011011000111010100100011001110100111011
2 7  100 1010100110110001001000111110100001110101000100001010011010000011011000111010100100011001110100111011
1 8  100 1010100110110001001000111110100001110101000100001010011010001011011000111010100100011001110100111011
runNumber 15
genCount 8725
elapsedTime 600.032
unaryHyperVol 292
binaryHyperVol 0
additiveEps 0
entropy 0.270001
archive 15
3
5 6  100 1010100110110001000000111110100001110101000100001010011010000011011000111010100100011001110100111011
2 7  100 1010100110110001001000111110100001110101000100001010011010000011011000111010100100011001110100111011
1 8  100 1010100110110001001000111110100001110101000100001010011010001011011000111010100100011001110100111011
runNumber 16
genCount 8606
elapsedTime 599.975
unaryHyperVol 292
binaryHyperVol 0
additiveEps 0
entropy 0.270001
archive 16
3
5 6  100 1010100110110001000000111110100001110101000100001010011010000011011000111010100100011001110100111011
2 7  100 1010100110110001001000111110100001110101000100001010011010000011011000111010100100011001110100111011
1 8  100 1010100110110001001000111110100001110101000100001010011010001011011000111010100100011001110100111011
runNumber 17
genCount 8753
elapsedTime 599.899
unaryHyperVol 267
binaryHyperVol 8
additiveEps 0.25
entropy 0.488066
archive 17
2
5 6  100 1010100110110001000000111110100001110101000100001010011010000011010101111010100100011001110100111011
2 7  100 1010100110110001001000111110100001110101000100001010011010000011010101111010100100011001110100111011
runNumber 18
genCount 8531
elapsedTime 599.998
unaryHyperVol 292
binaryHyperVol 0
additiveEps 0
entropy 0.270001
archive 18
3
5 6  100 1010100110110001000000111110100001110101000100001010011010000011011000111010100100011001110100111011
2 7  100 1010100110110001001000111110100001110101000100001010011010000011011000111010100100011001110100111011
1 8  100 1010100110110001001000111110100001110101000100001010011010001011011000111010100100011001110100111011
runNumber 19
genCount 8857
elapsedTime 599.999
unaryHyperVol 292
binaryHyperVol 0
additiveEps 0
entropy 0.270001
archive 19
3
5 6  100 1010100110110001000000111110100001110101000100001010011010000011011000111010100100011001110100111011
2 7  100 1010100110110001001000111110100001110101000100001010011010000011011000111010100100011001110100111011
1 8  100 1010100110110001001000111110100001110101000100001010011010001011011000111010100100011001110100111011
runNumber 20
genCount 8615
elapsedTime 599.989
unaryHyperVol 292
binaryHyperVol 0
additiveEps 0
entropy 0.270001
archive 20
3
5 6  100 1010100110110001000000111110100001110101000100001010011010000011011000111010100100011001110100111011
2 7  100 1010100110110001001000111110100001110101000100001010011010000011011000111010100100011001110100111011
1 8  100 1010100110110001001000111110100001110101000100001010011010001011011000111010100100011001110100111011
runNumber 21
genCount 8737
elapsedTime 599.961
unaryHyperVol 292
binaryHyperVol 0
additiveEps 0
entropy 0.270001
archive 21
3
5 6  100 1010100110110001000000111110100001110101000100001010011010000011011000111010100100011001110100111011
2 7  100 1010100110110001001000111110100001110101000100001010011010000011011000111010100100011001110100111011
1 8  100 1010100110110001001000111110100001110101000100001010011010001011011000111010100100011001110100111011
runNumber 22
genCount 8659
elapsedTime 600.007
unaryHyperVol 292
binaryHyperVol 0
additiveEps 0
entropy 0.270001
archive 22
3
5 6  100 1010100110110001000000111110100001110101000100001010011010000011011000111010100100011001110100111011
2 7  100 1010100110110001001000111110100001110101000100001010011010000011011000111010100100011001110100111011
1 8  100 1010100110110001001000111110100001110101000100001010011010001011011000111010100100011001110100111011
runNumber 23
genCount 8794
elapsedTime 599.925
unaryHyperVol 292
binaryHyperVol 0
additiveEps 0
entropy 0.270001
archive 23
3
5 6  100 1010100110110001000000111110100001110101000100001010011010000011011000111010100100011001110100111011
2 7  100 1010100110110001001000111110100001110101000100001010011010000011011000111010100100011001110100111011
1 8  100 1010100110110001001000111110100001110101000100001010011010001011011000111010100100011001110100111011
runNumber 24
genCount 8718
elapsedTime 599.986
unaryHyperVol 292
binaryHyperVol 0
additiveEps 0
entropy 0.270001
archive 24
3
5 6  100 1010100110110001000000111110100001110101000100001010011010000011011000111010100100011001110100111011
2 7  100 1010100110110001001000111110100001110101000100001010011010000011011000111010100100011001110100111011
1 8  100 1010100110110001001000111110100001110101000100001010011010001011011000111010100100011001110100111011
runNumber 25
genCount 8676
elapsedTime 600.012
unaryHyperVol 292
binaryHyperVol 0
additiveEps 0
entropy 0.270001
archive 25
3
5 6  100 1010100110110001000000111110100001110101000100001010011010000011011000111010100100011001110100111011
2 7  100 1010100110110001001000111110100001110101000100001010011010000011011000111010100100011001110100111011
1 8  100 1010100110110001001000111110100001110101000100001010011010001011011000111010100100011001110100111011
runNumber 26
genCount 8410
elapsedTime 599.959
unaryHyperVol 207
binaryHyperVol 29.875
additiveEps 0.75
entropy 0.49717
archive 26
2
5 7  100 1010100110110001000000111101010101110101000100001010011010000011011000111010100100011001110100111011
4 8  100 1010100110110001001000111101010101110101000100001010011010000011011000111010100100011001110100111011
runNumber 27
genCount 8830
elapsedTime 600.012
unaryHyperVol 292
binaryHyperVol 0
additiveEps 0
entropy 0.270001
archive 27
3
5 6  100 1010100110110001000000111110100001110101000100001010011010000011011000111010100100011001110100111011
2 7  100 1010100110110001001000111110100001110101000100001010011010000011011000111010100100011001110100111011
1 8  100 1010100110110001001000111110100001110101000100001010011010001011011000111010100100011001110100111011
runNumber 28
genCount 8852
elapsedTime 599.991
unaryHyperVol 267
binaryHyperVol 8
additiveEps 0.25
entropy 0.488066
archive 28
2
5 6  100 1010100110110001000000111110100001110101000100001010011010000011010101111010100100011001110100111011
2 7  100 1010100110110001001000111110100001110101000100001010011010000011010101111010100100011001110100111011
runNumber 29
genCount 8636
elapsedTime 599.94
unaryHyperVol 292
binaryHyperVol 0
additiveEps 0
entropy 0.270001
archive 29
3
5 6  100 1010100110110001000000111110100001110101000100001010011010000011011000111010100100011001110100111011
2 7  100 1010100110110001001000111110100001110101000100001010011010000011011000111010100100011001110100111011
1 8  100 1010100110110001001000111110100001110101000100001010011010001011011000111010100100011001110100111011
