OptimalFront
unaryHyperVol 342
Optimal front is obtained by exact method
-------------------------
4
2 8
3 7
4 6
5 5
runNumber 0
genCount 8720
elapsedTime 599.798
unaryHyperVol 342
binaryHyperVol 0
additiveEps 0
entropy 0.168124
archive 0
4
5 5  100 1110101000011000101100100010101101001001001101010001011101000011101100101000000010100010000000100010
4 6  100 1110101000011000101100100010101101001001000101010001011101000011101100101000000010100010000000100010
3 7  100 1110101000011000101100100010101101001001001101010001011101101011101100101000000010100010000000100010
2 8  100 1110101000010000101100100010101101001001001101010001011101101011101100101000000010100010000000100010
runNumber 1
genCount 8096
elapsedTime 600.086
unaryHyperVol 330
binaryHyperVol 3.5
additiveEps 0.25
entropy 0.489829
archive 1
4
5 6  100 1110010100011000101100100010101101000001001101010001011101000011101100101000000010100010000000100010
4 7  100 1110010100011000101100100010101101000001001101010001011100000011101100101000000010100010000000100010
3 8  100 1110010100011000101100100010101101000001001101010001011101101011101100101000000010100010000000100010
2 9  100 1110010100010000101100100010101101000001001101010001011101101011101100101000000010100010000000100010
runNumber 2
genCount 8461
elapsedTime 599.787
unaryHyperVol 342
binaryHyperVol 0
additiveEps 0
entropy 0.168124
archive 2
4
5 5  100 1110101000011000101100100010101101001001001101010001011101000011101100101000000010100010101000100010
4 6  100 1110101000011000101100100010101101000001000101010001011101000011101100101000000010100010101000100010
3 7  100 1110101000011000101100100010101101001001001101010001011101101011101100101000000010100010101000100010
2 8  100 1110101000010000101100100010101101000001001101010001011101101011101100101000000010100010101000100010
runNumber 3
genCount 8401
elapsedTime 599.781
unaryHyperVol 342
binaryHyperVol 0
additiveEps 0
entropy 0.168124
archive 3
4
5 5  100 1110101000011000101100100010101101001001001101010001011101000011101100101000000010100010000000100010
4 6  100 1110101000011000101100100010101101001001001101010001011100000011101100101000000010100010000000100010
3 7  100 1110101000011000101100100010101101001001001101010001011101101011101100101000000010100010000000100010
2 8  100 1110101000010000101100100010101101001001001101010001011101101011101100101000000010100010000000100010
runNumber 4
genCount 8588
elapsedTime 599.707
unaryHyperVol 342
binaryHyperVol 0
additiveEps 0
entropy 0.168124
archive 4
4
5 5  100 1110101000011000101100100010101101001001001101010001011101000011101100101000000010100010000000100010
4 6  100 1110101000011000101100100010101101001001000101010001011101000011101100101000000010100010000000100010
3 7  100 1110101000011000101100100010101101001001001101010001011101101011101100101000000010100010000000100010
2 8  100 1110101000010000101100100010101101001001001101010001011101101011101100101000000010100010000000100010
runNumber 5
genCount 8656
elapsedTime 599.961
unaryHyperVol 342
binaryHyperVol 0
additiveEps 0
entropy 0.168124
archive 5
4
5 5  100 1110101000011000101100100010101101000001001101010001011101000011101100101000000010100010000000100010
4 6  100 1110101000011000101100100010101101000001000101010001011101000011101100101000000010100010000000100010
3 7  100 1110101000011000101100100010101101000001001101010001011101101011101100101000000010100010000000100010
2 8  100 1110101000010000101100100010101101001001001101010001011101101011101100101000000010100010000000100010
runNumber 6
genCount 8370
elapsedTime 600.004
unaryHyperVol 342
binaryHyperVol 0
additiveEps 0
entropy 0.168124
archive 6
4
5 5  100 1110101000011000101100100010101101001001001101010001011101000011101100101000000010100010000000100010
4 6  100 1110101000011000101100100010101101001001001101010001011100000011101100101000000010100010000000100010
3 7  100 1110101000011000101100100010101101001001001101010001011101101011101100101000000010100010000000100010
2 8  100 1110101000010000101100100010101101001001001101010001011101101011101100101000000010100010000000100010
runNumber 7
genCount 8371
elapsedTime 599.886
unaryHyperVol 342
binaryHyperVol 0
additiveEps 0
entropy 0.168124
archive 7
4
5 5  100 1110101000011000101100100010101101001001001101010001011101000011101100101000000010100010000000100010
4 6  100 1110101000011000101100100010101101000001000101010001011101000011101100101000000010100010000000100010
3 7  100 1110101000011000101100100010101101001001001101010001011101101011101100101000000010100010000000100010
2 8  100 1110101000010000101100100010101101001001001101010001011101101011101100101000000010100010000000100010
runNumber 8
genCount 8520
elapsedTime 600.03
unaryHyperVol 342
binaryHyperVol 0
additiveEps 0
entropy 0.168124
archive 8
4
5 5  100 1110101000011000101100100010101101001001001101010001011101000011101100101000000010100010101000100010
4 6  100 1110101000011000101100100010101101001001000101010001011101000011101100101000000010100010101000100010
3 7  100 1110101000011000101100100010101101001001001101010001011101101011101100101000000010100010101000100010
2 8  100 1110101000010000101100100010101101001001001101010001011101101011101100101000000010100010101000100010
runNumber 9
genCount 8597
elapsedTime 599.977
unaryHyperVol 342
binaryHyperVol 0
additiveEps 0
entropy 0.168124
archive 9
4
5 5  100 1110101000011000101100100010101101000001001101010001011101000011101100101000000010100010000000100010
4 6  100 1110101000011000101100100010101101000001000101010001011101000011101100101000000010100010000000100010
3 7  100 1110101000011000101100100010101101000001001101010001011101101011101100101000000010100010000000100010
2 8  100 1110101000010000101100100010101101000001001101010001011101101011101100101000000010100010000000100010
runNumber 10
genCount 8449
elapsedTime 599.904
unaryHyperVol 342
binaryHyperVol 0
additiveEps 0
entropy 0.168124
archive 10
4
5 5  100 1110101000011000101100100010101101001001001101010001011101000011101100101000000010100010000000100010
4 6  100 1110101000011000101100100010101101000001001101010001011100000011101100101000000010100010000000100010
3 7  100 1110101000011000101100100010101101001001001101010001011101101011101100101000000010100010000000100010
2 8  100 1110101000010000101100100010101101001001001101010001011101101011101100101000000010100010000000100010
runNumber 11
genCount 8438
elapsedTime 599.955
unaryHyperVol 342
binaryHyperVol 0
additiveEps 0
entropy 0.168124
archive 11
4
5 5  100 1110101000011000101100100010101101000001001101010001011101000011101100101000000010100010000000100010
4 6  100 1110101000011000101100100010101101000001001101010001011100000011101100101000000010100010000000100010
3 7  100 1110101000011000101100100010101101000001001101010001011101101011101100101000000010100010000000100010
2 8  100 1110101000010000101100100010101101000001001101010001011101101011101100101000000010100010000000100010
runNumber 12
genCount 8505
elapsedTime 600.007
unaryHyperVol 342
binaryHyperVol 0
additiveEps 0
entropy 0.168124
archive 12
4
5 5  100 1110101000011000101100100010101101000001001101010001011101000011101100101000000010100010101000100010
4 6  100 1110101000011000101100100010101101001001000101010001011101000011101100101000000010100010101000100010
3 7  100 1110101000011000101100100010101101001001001101010001011101101011101100101000000010100010101000100010
2 8  100 1110101000010000101100100010101101000001001101010001011101101011101100101000000010100010101000100010
runNumber 13
genCount 8617
elapsedTime 599.9
unaryHyperVol 342
binaryHyperVol 0
additiveEps 0
entropy 0.168124
archive 13
4
5 5  100 1110101000011000101100100010101101001001001101010001011101000011101100101000000010100010101000100010
4 6  100 1110101000011000101100100010101101001001000101010001011101000011101100101000000010100010101000100010
3 7  100 1110101000011000101100100010101101001001001101010001011101101011101100101000000010100010101000100010
2 8  100 1110101000010000101100100010101101001001001101010001011101101011101100101000000010100010101000100010
runNumber 14
genCount 8655
elapsedTime 599.875
unaryHyperVol 342
binaryHyperVol 0
additiveEps 0
entropy 0.168124
archive 14
4
5 5  100 1110101000011000101100100010101101001001001101010001011101000011101100101000000010100010101000100010
4 6  100 1110101000011000101100100010101101001001000101010001011101000011101100101000000010100010101000100010
3 7  100 1110101000011000101100100010101101001001001101010001011101101011101100101000000010100010101000100010
2 8  100 1110101000010000101100100010101101001001001101010001011101101011101100101000000010100010101000100010
runNumber 15
genCount 8717
elapsedTime 599.933
unaryHyperVol 342
binaryHyperVol 0
additiveEps 0
entropy 0.168124
archive 15
4
5 5  100 1110101000011000101100100010101101001001001101010001011101000011101100101000000010100010000000100010
4 6  100 1110101000011000101100100010101101001001001101010001011100000011101100101000000010100010000000100010
3 7  100 1110101000011000101100100010101101001001001101010001011101101011101100101000000010100010000000100010
2 8  100 1110101000010000101100100010101101001001001101010001011101101011101100101000000010100010000000100010
runNumber 16
genCount 8546
elapsedTime 599.771
unaryHyperVol 342
binaryHyperVol 0
additiveEps 0
entropy 0.168124
archive 16
4
5 5  100 1110101000011000101100100010101101001001001101010001011101000011101100101000000010100010101000100010
4 6  100 1110101000011000101100100010101101001001000101010001011101000011101100101000000010100010101000100010
3 7  100 1110101000011000101100100010101101001001001101010001011101101011101100101000000010100010101000100010
2 8  100 1110101000010000101100100010101101001001001101010001011101101011101100101000000010100010101000100010
runNumber 17
genCount 8493
elapsedTime 599.917
unaryHyperVol 342
binaryHyperVol 0
additiveEps 0
entropy 0.168124
archive 17
4
5 5  100 1110101000011000101100100010101101001001001101010001011101000011101100101000000010100010101000100010
4 6  100 1110101000011000101100100010101101001001000101010001011101000011101100101000000010100010101000100010
3 7  100 1110101000011000101100100010101101001001001101010001011101101011101100101000000010100010101000100010
2 8  100 1110101000010000101100100010101101001001001101010001011101101011101100101000000010100010101000100010
runNumber 18
genCount 8452
elapsedTime 599.946
unaryHyperVol 342
binaryHyperVol 0
additiveEps 0
entropy 0.168124
archive 18
4
5 5  100 1110101000011000101100100010101101001001001101010001011101000011101100101000000010100010000000100010
4 6  100 1110101000011000101100100010101101001001000101010001011101000011101100101000000010100010000000100010
3 7  100 1110101000011000101100100010101101001001001101010001011101101011101100101000000010100010000000100010
2 8  100 1110101000010000101100100010101101001001001101010001011101101011101100101000000010100010000000100010
runNumber 19
genCount 8545
elapsedTime 599.899
unaryHyperVol 342
binaryHyperVol 0
additiveEps 0
entropy 0.168124
archive 19
4
5 5  100 1110101000011000101100100010101101001001001101010001011101000011101100101000000010100010101000100010
4 6  100 1110101000011000101100100010101101001001000101010001011101000011101100101000000010100010101000100010
3 7  100 1110101000011000101100100010101101001001001101010001011101101011101100101000000010100010101000100010
2 8  100 1110101000010000101100100010101101000001001101010001011101101011101100101000000010100010101000100010
runNumber 20
genCount 8544
elapsedTime 599.846
unaryHyperVol 342
binaryHyperVol 0
additiveEps 0
entropy 0.168124
archive 20
4
5 5  100 1110101000011000101100100010101101000001001101010001011101000011101100101000000010100010000000100010
4 6  100 1110101000011000101100100010101101000001001101010001011100000011101100101000000010100010000000100010
3 7  100 1110101000011000101100100010101101000001001101010001011101101011101100101000000010100010000000100010
2 8  100 1110101000010000101100100010101101000001001101010001011101101011101100101000000010100010000000100010
runNumber 21
genCount 8608
elapsedTime 600.026
unaryHyperVol 342
binaryHyperVol 0
additiveEps 0
entropy 0.168124
archive 21
4
5 5  100 1110101000011000101100100010101101001001001101010001011101000011101100101000000010100010000000100010
4 6  100 1110101000011000101100100010101101001001001101010001011100000011101100101000000010100010000000100010
3 7  100 1110101000011000101100100010101101001001001101010001011101101011101100101000000010100010000000100010
2 8  100 1110101000010000101100100010101101001001001101010001011101101011101100101000000010100010000000100010
runNumber 22
genCount 8540
elapsedTime 599.847
unaryHyperVol 342
binaryHyperVol 0
additiveEps 0
entropy 0.168124
archive 22
4
5 5  100 1110101000011000101100100010101101001001001101010001011101000011101100101000000010100010000000100010
4 6  100 1110101000011000101100100010101101001001000101010001011101000011101100101000000010100010000000100010
3 7  100 1110101000011000101100100010101101001001001101010001011101101011101100101000000010100010000000100010
2 8  100 1110101000010000101100100010101101001001001101010001011101101011101100101000000010100010000000100010
runNumber 23
genCount 8465
elapsedTime 599.908
unaryHyperVol 342
binaryHyperVol 0
additiveEps 0
entropy 0.168124
archive 23
4
5 5  100 1110101000011000101100100010101101001001001101010001011101000011101100101000000010100010101000100010
4 6  100 1110101000011000101100100010101101001001000101010001011101000011101100101000000010100010101000100010
3 7  100 1110101000011000101100100010101101001001001101010001011101101011101100101000000010100010101000100010
2 8  100 1110101000010000101100100010101101001001001101010001011101101011101100101000000010100010101000100010
runNumber 24
genCount 8547
elapsedTime 600.017
unaryHyperVol 342
binaryHyperVol 0
additiveEps 0
entropy 0.168124
archive 24
4
5 5  100 1110101000011000101100100010101101001001001101010001011101000011101100101000000010100010000000100010
4 6  100 1110101000011000101100100010101101001001001101010001011100000011101100101000000010100010000000100010
3 7  100 1110101000011000101100100010101101001001001101010001011101101011101100101000000010100010000000100010
2 8  100 1110101000010000101100100010101101001001001101010001011101101011101100101000000010100010000000100010
runNumber 25
genCount 8560
elapsedTime 599.896
unaryHyperVol 342
binaryHyperVol 0
additiveEps 0
entropy 0.168124
archive 25
4
5 5  100 1110101000011000101100100010101101000001001101010001011101000011101100101000000010100010101000100010
4 6  100 1110101000011000101100100010101101000001000101010001011101000011101100101000000010100010101000100010
3 7  100 1110101000011000101100100010101101000001001101010001011101101011101100101000000010100010101000100010
2 8  100 1110101000010000101100100010101101000001001101010001011101101011101100101000000010100010101000100010
runNumber 26
genCount 8754
elapsedTime 599.825
unaryHyperVol 288
binaryHyperVol 22.2222
additiveEps 0.666667
entropy 0.49717
archive 26
2
5 5  100 1110101000011000101100100010011101000001001101010101011101000011101100101000000010100010000000100010
4 7  100 1110101000011000101100100010011111011001000101010001011101000011101100101000000010100010000000100010
runNumber 27
genCount 8551
elapsedTime 599.978
unaryHyperVol 342
binaryHyperVol 0
additiveEps 0
entropy 0.168124
archive 27
4
5 5  100 1110101000011000101100100010101101000001001101010001011101000011101100101000000010100010000000100010
4 6  100 1110101000011000101100100010101101000001000101010001011101000011101100101000000010100010000000100010
3 7  100 1110101000011000101100100010101101001001001101010001011101101011101100101000000010100010000000100010
2 8  100 1110101000010000101100100010101101001001001101010001011101101011101100101000000010100010000000100010
runNumber 28
genCount 8735
elapsedTime 600.029
unaryHyperVol 342
binaryHyperVol 0
additiveEps 0
entropy 0.168124
archive 28
4
5 5  100 1110101000011000101100100010101101001001001101010001011101000011101100101000000010100010101000100010
4 6  100 1110101000011000101100100010101101001001000101010001011101000011101100101000000010100010101000100010
3 7  100 1110101000011000101100100010101101001001001101010001011101101011101100101000000010100010101000100010
2 8  100 1110101000010000101100100010101101001001001101010001011101101011101100101000000010100010101000100010
runNumber 29
genCount 8811
elapsedTime 599.861
unaryHyperVol 269
binaryHyperVol 31
additiveEps 0.666667
entropy 0.475082
archive 29
2
5 7  100 1110100011001000101100010010101101001001001101010001011101000011101100101000000010100010101000100010
4 8  100 1110100011001000101100010010101101001001000101010001011101000011101100101000000010100010101000100010
