OptimalFront
unaryHyperVol 385
Optimal front is obtained by exact method
-------------------------
3
2 8
3 7
6 6
runNumber 0
genCount 8686
elapsedTime 600.036
unaryHyperVol 385
binaryHyperVol 0
additiveEps 0
entropy 0.270001
archive 0
3
6 6  100 0100101001110100101110000100011111101101001001000110010001101011001001111010100001100010110011110110
3 7  100 0100101001110100101110000100011111101101001001000110010001101011001010111010100001100010110011110110
2 8  100 0100101001010010101110000100011111101101001001000110010001101011001010111010100001100010110011110110
runNumber 1
genCount 8695
elapsedTime 599.929
unaryHyperVol 385
binaryHyperVol 0
additiveEps 0
entropy 0.270001
archive 1
3
6 6  100 0100101001110100101110000100011111101101001001000110010001101011001001111010100001100010110011110110
3 7  100 0100101001110100101110000100011111101101001001000110010001101011001010111010100001100010110011110110
2 8  100 0100101001010010101110000100011111101101001001000110010001101011001010111010100001100010110011110110
runNumber 2
genCount 8723
elapsedTime 599.937
unaryHyperVol 385
binaryHyperVol 0
additiveEps 0
entropy 0.270001
archive 2
3
6 6  100 0100101001110100101110000100011111101101001001000110010001101011001001111010100001100010110011110110
3 7  100 0100101001110100101110000100011111101101001001000110010001101011001010111010100001100010110011110110
2 8  100 0100101001010010101110000100011111101101001001000110010001101011001010111010100001100010110011110110
runNumber 3
genCount 8762
elapsedTime 600.014
unaryHyperVol 385
binaryHyperVol 0
additiveEps 0
entropy 0.270001
archive 3
3
6 6  100 0100101001110100101110000100011111101101001001000110010001101011001001111010100001100010110011110110
3 7  100 0100101001110100101110000100011111101101001001000110010001101011001010111010100001100010110011110110
2 8  100 0100101001010010101110000100011111101101001001000110010001101011001010111010100001100010110011110110
runNumber 4
genCount 8730
elapsedTime 599.901
unaryHyperVol 385
binaryHyperVol 0
additiveEps 0
entropy 0.270001
archive 4
3
6 6  100 0100101001110100101110000100011111101101001001000110010001101011001001111010100001100010110011110110
3 7  100 0100101001110100101110000100011111101101001001000110010001101011001010111010100001100010110011110110
2 8  100 0100101001010010101110000100011111101101001001000110010001101011001010111010100001100010110011110110
runNumber 5
genCount 8913
elapsedTime 599.969
unaryHyperVol 385
binaryHyperVol 0
additiveEps 0
entropy 0.270001
archive 5
3
6 6  100 0100101001110100101110000100011111101101001001000110010001101011001001111010100001100010110011110110
3 7  100 0100101001110100101110000100011111101101001001000110010001101011001010111010100001100010110011110110
2 8  100 0100101001010010101110000100011111101101001001000110010001101011001010111010100001100010110011110110
runNumber 6
genCount 8816
elapsedTime 599.995
unaryHyperVol 385
binaryHyperVol 0
additiveEps 0
entropy 0.270001
archive 6
3
6 6  100 0100101001110100101110000100011111010101001001000110010001101011001001111010100001100010110011110110
3 7  100 0100101001110100101110000100011111010101001001000110010001101011001010111010100001100010110011110110
2 8  100 0100101001010010101110000100011111010101001001000110010001101011001010111010100001100010110011110110
runNumber 7
genCount 8673
elapsedTime 600.009
unaryHyperVol 385
binaryHyperVol 0
additiveEps 0
entropy 0.270001
archive 7
3
6 6  100 0100101001110100101110000100011111101101001001000110010001101011001001111010100001100010110011110110
3 7  100 0100101001110100101110000100011111101101001001000110010001101011001010111010100001100010110011110110
2 8  100 0100101001010010101110000100011111101101001001000110010001101011001010111010100001100010110011110110
runNumber 8
genCount 8783
elapsedTime 599.934
unaryHyperVol 385
binaryHyperVol 0
additiveEps 0
entropy 0.270001
archive 8
3
6 6  100 0100101001110100101110000100011111101101001001000110010001101011001001111010100001100010110011110110
3 7  100 0100101001110100101110000100011111101101001001000110010001101011001010111010100001100010110011110110
2 8  100 0100101001010010101110000100011111101101001001000110010001101011001010111010100001100010110011110110
runNumber 9
genCount 8627
elapsedTime 599.917
unaryHyperVol 385
binaryHyperVol 0
additiveEps 0
entropy 0.270001
archive 9
3
6 6  100 0100101001110100101110000100011111010101001001000110010001101011001001111010100001100010110011110110
3 7  100 0100101001110100101110000100011111010101001001000110010001101011001010111010100001100010110011110110
2 8  100 0100101001010010101110000100011111010101001001000110010001101011001010111010100001100010110011110110
runNumber 10
genCount 8807
elapsedTime 599.995
unaryHyperVol 385
binaryHyperVol 0
additiveEps 0
entropy 0.270001
archive 10
3
6 6  100 0100101001110010101110000100011111101101001001000110010001101011001001111010100001100010110011110110
3 7  100 0100101001110100101110000100011111101101001001000110010001101011001010111010100001100010110011110110
2 8  100 0100101001010010101110000100011111101101001001000110010001101011001010111010100001100010110011110110
runNumber 11
genCount 8774
elapsedTime 599.996
unaryHyperVol 385
binaryHyperVol 0
additiveEps 0
entropy 0.270001
archive 11
3
6 6  100 0100101001110100101110000100011111101101001001000110010001101011001001111010100001100010110011110110
3 7  100 0100101001110100101110000100011111101101001001000110010001101011001010111010100001100010110011110110
2 8  100 0100101001010010101110000100011111101101001001000110010001101011001010111010100001100010110011110110
runNumber 12
genCount 8935
elapsedTime 599.904
unaryHyperVol 385
binaryHyperVol 0
additiveEps 0
entropy 0.270001
archive 12
3
6 6  100 0100101001110100101110000100011111101101001001000110010001101011001001111010100001100010110011110110
3 7  100 0100101001110100101110000100011111101101001001000110010001101011001010111010100001100010110011110110
2 8  100 0100101001010010101110000100011111101101001001000110010001101011001010111010100001100010110011110110
runNumber 13
genCount 8628
elapsedTime 599.973
unaryHyperVol 385
binaryHyperVol 0
additiveEps 0
entropy 0.270001
archive 13
3
6 6  100 0100101001110100101110000100011111101101001001000110010001101011001001111010100001100010110011110110
3 7  100 0100101001110100101110000100011111101101001001000110010001101011001010111010100001100010110011110110
2 8  100 0100101001010010101110000100011111101101001001000110010001101011001010111010100001100010110011110110
runNumber 14
genCount 8526
elapsedTime 599.96
unaryHyperVol 345
binaryHyperVol 16.125
additiveEps 0.5
entropy 0.49717
archive 14
2
6 7  100 0100011001110100010110000100011111101101001001000110010001101011001001111010100001100010110011110110
3 8  100 0100011001110100010110000100011111101101001001000110010001101011001010111010100001100010110011110110
runNumber 15
genCount 8438
elapsedTime 600.009
unaryHyperVol 385
binaryHyperVol 0
additiveEps 0
entropy 0.270001
archive 15
3
6 6  100 0100101001110100101110000100011111101101001001000110010001101011001001111010100001100010110011110110
3 7  100 0100101001110100101110000100011111101101001001000110010001101011001010111010100001100010110011110110
2 8  100 0100101001010010101110000100011111101101001001000110010001101011001010111010100001100010110011110110
runNumber 16
genCount 8687
elapsedTime 599.897
unaryHyperVol 385
binaryHyperVol 0
additiveEps 0
entropy 0.270001
archive 16
3
6 6  100 0100101001110100101110000100011111101101001001000110010001101011001001111010100001100010110011110110
3 7  100 0100101001110100101110000100011111101101001001000110010001101011001010111010100001100010110011110110
2 8  100 0100101001010010101110000100011111101101001001000110010001101011001010111010100001100010110011110110
runNumber 17
genCount 8712
elapsedTime 599.915
unaryHyperVol 385
binaryHyperVol 0
additiveEps 0
entropy 0.270001
archive 17
3
6 6  100 0100101001110100101110000100011111101101001001000110010001101011001001111010100001100010110011110110
3 7  100 0100101001110100101110000100011111101101001001000110010001101011001010111010100001100010110011110110
2 8  100 0100101001010010101110000100011111101101001001000110010001101011001010111010100001100010110011110110
runNumber 18
genCount 8609
elapsedTime 599.992
unaryHyperVol 385
binaryHyperVol 0
additiveEps 0
entropy 0.270001
archive 18
3
6 6  100 0100101001110100101110000100011111010101001001000110010001101011001001111010100001100010110011110110
3 7  100 0100101001110100101110000100011111010101001001000110010001101011001010111010100001100010110011110110
2 8  100 0100101001010010101110000100011111010101001001000110010001101011001010111010100001100010110011110110
runNumber 19
genCount 8936
elapsedTime 599.955
unaryHyperVol 385
binaryHyperVol 0
additiveEps 0
entropy 0.270001
archive 19
3
6 6  100 0100101001110100101110000100011111101101001001000110010001101011001001111010100001100010110011110110
3 7  100 0100101001110100101110000100011111101101001001000110010001101011001010111010100001100010110011110110
2 8  100 0100101001010010101110000100011111101101001001000110010001101011001010111010100001100010110011110110
runNumber 20
genCount 8686
elapsedTime 599.915
unaryHyperVol 385
binaryHyperVol 0
additiveEps 0
entropy 0.270001
archive 20
3
6 6  100 0100101001110100101110000100011111101101001001000110010001101011001001111010100001100010110011110110
3 7  100 0100101001110100101110000100011111101101001001000110010001101011001010111010100001100010110011110110
2 8  100 0100101001010010101110000100011111101101001001000110010001101011001010111010100001100010110011110110
runNumber 21
genCount 8696
elapsedTime 600.008
unaryHyperVol 385
binaryHyperVol 0
additiveEps 0
entropy 0.270001
archive 21
3
6 6  100 0100101001110100101110000100011111101101001001000110010001101011001001111010100001100010110011110110
3 7  100 0100101001110100101110000100011111101101001001000110010001101011001010111010100001100010110011110110
2 8  100 0100101001010010101110000100011111101101001001000110010001101011001010111010100001100010110011110110
runNumber 22
genCount 8526
elapsedTime 599.969
unaryHyperVol 345
binaryHyperVol 16.125
additiveEps 0.5
entropy 0.49717
archive 22
2
6 7  100 0100011001110100010110000100011111101101001001000110010001101011001001111010100001100010110011110110
3 8  100 0100011001110100010110000100011111101101001001000110010001101011001010111010100001100010110011110110
runNumber 23
genCount 8994
elapsedTime 599.941
unaryHyperVol 345
binaryHyperVol 16.125
additiveEps 0.5
entropy 0.49717
archive 23
2
6 7  100 0100011001110100010110000100011111101101001001000110010001101011001001111010100001100010110011110110
3 8  100 0100011001110100010110000100011111101101001001000110010001101011001010111010100001100010110011110110
runNumber 24
genCount 8749
elapsedTime 599.982
unaryHyperVol 385
binaryHyperVol 0
additiveEps 0
entropy 0.270001
archive 24
3
6 6  100 0100101001110100101110000100011111101101001001000110010001101011001001111010100001100010110011110110
3 7  100 0100101001110100101110000100011111101101001001000110010001101011001010111010100001100010110011110110
2 8  100 0100101001010010101110000100011111101101001001000110010001101011001010111010100001100010110011110110
runNumber 25
genCount 8669
elapsedTime 599.954
unaryHyperVol 269
binaryHyperVol 37.4375
additiveEps 0.75
entropy 0.49717
archive 25
2
6 9  100 0100101001110010101110000100011111101101001001000110010001101011001001111001111111000010110011110110
5 10  100 0100101001110010101110000100011111101101001001000110010001101011001001111001111111000010000011110110
runNumber 26
genCount 8639
elapsedTime 599.981
unaryHyperVol 385
binaryHyperVol 0
additiveEps 0
entropy 0.270001
archive 26
3
6 6  100 0100101001110100101110000100011111010101001001000110010001101011001001111010100001100010110011110110
3 7  100 0100101001110100101110000100011111010101001001000110010001101011001010111010100001100010110011110110
2 8  100 0100101001010010101110000100011111010101001001000110010001101011001010111010100001100010110011110110
runNumber 27
genCount 8864
elapsedTime 599.967
unaryHyperVol 345
binaryHyperVol 16.125
additiveEps 0.5
entropy 0.49717
archive 27
2
6 7  100 0100011001110100010110000100011111101101001001000110010001101011001001111010100001100010110011110110
3 8  100 0100011001110100010110000100011111101101001001000110010001101011001010111010100001100010110011110110
runNumber 28
genCount 8408
elapsedTime 599.981
unaryHyperVol 356
binaryHyperVol 8.875
additiveEps 0.25
entropy 0.461422
archive 28
3
6 6  100 0100010101110100101110000100011101010101001001000110010001101011001001111010100001100010110011110110
4 7  100 0100010101110100101110000100011101010101001001000110010001101011001010111010100001100010110011110110
3 8  100 0100010101110100010110000100011111010101001001000110010001101011001010111010100001100010110011110110
runNumber 29
genCount 8594
elapsedTime 599.948
unaryHyperVol 385
binaryHyperVol 0
additiveEps 0
entropy 0.270001
archive 29
3
6 6  100 0100101001110100101110000100011111101101001001000110010001101011001001111010100001100010110011110110
3 7  100 0100101001110100101110000100011111101101001001000110010001101011001010111010100001100010110011110110
2 8  100 0100101001010010101110000100011111101101001001000110010001101011001010111010100001100010110011110110
