OptimalFront
unaryHyperVol 336
3
5 9  100 0110100101010001000000111111100001110101000000001010011011000011011000111011100100101001110100110111
4 10  100 0110100101010001000000111111100001010101000000001010011011000011011000111011100100101001110100110111
3 13  100 0110100101010001001001001111100001110101000000001010011010101011011000111011100100101001110100110111
-------------------------
runNumber 0
genCount 5508
elapsedTime 599.945
unaryHyperVol 334
binaryHyperVol 0.2
additiveEps 0.2
entropy 0.494431
archive 0
3
5 9  100 1010100110101001000000111111100001110101000000001010011011000011011000111011010100101001110100110111
4 11  100 1010100110101001000000111111100001010101000000001010011011000011011000111000000100101001110100110111
3 14  100 1010100110101001001001001111100001110101000000001010011010101011011000111000000100101001110100110111
runNumber 1
genCount 5585
elapsedTime 600.012
unaryHyperVol 298
binaryHyperVol 23
additiveEps 0.5
entropy 0.49717
archive 1
2
5 10  100 1010100110101001000000111111100001110101000000001010011010101011011000111011010100101001110100110111
4 12  100 1010100110101001000000111111100001010101000000001010011010101011011000111000000100101001110100110111
runNumber 2
genCount 5607
elapsedTime 599.928
unaryHyperVol 324
binaryHyperVol 2.9
additiveEps 0.4
entropy 0.47093
archive 2
3
5 10  100 1010100110101001000000111111100001110101000110001010011010101011010101111011010100101001110100110111
4 12  100 1010100110101001000000111111100001010101000110001010011010101011010101111000000100101001110100110111
3 14  100 1010100110101001001001001111100001110101000110001010011010101011010101111000000100101001110100110111
runNumber 3
genCount 5545
elapsedTime 599.963
unaryHyperVol 315
binaryHyperVol 5.5
additiveEps 0.4
entropy 0.505431
archive 3
3
5 11  100 1010100110101001000000111111100001110101000000001010011010101011011000111000000100101001110100110111
4 12  100 1010100110101001000000111111100001010101000000001010011010101011011000111000000100101001110100110111
3 14  100 1010100110101001001001001111100001110101000000001010011010101011011000111000000100101001110100110111
runNumber 4
genCount 5601
elapsedTime 599.956
unaryHyperVol 289
binaryHyperVol 26.25
additiveEps 0.5
entropy 0.49717
archive 4
2
5 11  100 1010100100010001000000110101100001110101000000001010011010101011011000111011100100101001110100110111
4 12  100 1010100100010001000000110101100001010101000000001010011010101011011000111011100100101001110100110111
runNumber 5
genCount 5595
elapsedTime 599.993
unaryHyperVol 299
binaryHyperVol 22.875
additiveEps 0.5
entropy 0.49717
archive 5
2
5 10  100 1010100111010001000000011111100001110101000110001010011010101011011000111011100100101001110100110111
4 11  100 1010100111010001000000011111100001010101000110001010011010101011011000111011100100101001110100110111
runNumber 6
genCount 5527
elapsedTime 599.991
unaryHyperVol 298
binaryHyperVol 23
additiveEps 0.5
entropy 0.49717
archive 6
2
5 10  100 1010100110101001000000111111100001110101000110001010011010101011010101111011010100101001110100110111
4 12  100 1010100110101001000000111111100001010101000110001010011010101011010101111000000100101001110100110111
runNumber 7
genCount 5403
elapsedTime 600.003
unaryHyperVol 324
binaryHyperVol 2.9
additiveEps 0.4
entropy 0.47093
archive 7
3
5 10  100 1010100110101001000000111111100001110101000110001010011010101011011000111011010100101001110100110111
4 12  100 1010100110101001000000111111100001010101000110001010011010101011011000111000000100101001110100110111
3 14  100 1010100110101001001001001111100001110101000110001010011010101011011000111000000100101001110100110111
runNumber 8
genCount 5635
elapsedTime 599.899
unaryHyperVol 324
binaryHyperVol 2.9
additiveEps 0.4
entropy 0.47093
archive 8
3
5 10  100 1010100110101001000000111111100001110101000110001010011010101011011000111011010100101001110100110111
4 12  100 1010100110101001000000111111100001010101000110001010011010101011011000111000000100101001110100110111
3 14  100 1010100110101001001001001111100001110101000110001010011010101011011000111000000100101001110100110111
runNumber 9
genCount 5608
elapsedTime 599.985
unaryHyperVol 334
binaryHyperVol 0.2
additiveEps 0.2
entropy 0.494431
archive 9
3
5 9  100 1010100110101001000000111111100001110101000000001010011011000011011000111011010100101001110100110111
4 11  100 1010100110101001000000111111100001010101000000001010011011000011011000111000000100101001110100110111
3 14  100 1010100110101001001001001111100001110101000000001010011010101011011000111000000100101001110100110111
runNumber 10
genCount 5564
elapsedTime 599.991
unaryHyperVol 324
binaryHyperVol 2.9
additiveEps 0.4
entropy 0.470929
archive 10
3
5 10  100 1010100110101001000000111111100001110101000000001010011010101011011000111011010100101001110100110111
4 12  100 1010100110101001000000111111100001010101000000001010011010101011011000111000000100101001110100110111
3 14  100 1010100110101001001001001111100001110101000000001010011010101011011000111000000100101001110100110111
runNumber 11
genCount 5536
elapsedTime 599.983
unaryHyperVol 309
binaryHyperVol 19.5
additiveEps 0.5
entropy 0.488066
archive 11
2
5 9  100 0110100101010001000000111111100001110101000110001010011011000011011000111011100100101001110100110111
4 10  100 0110100101010001000000111111100001010101000110001010011011000011011000111011100100101001110100110111
runNumber 12
genCount 5475
elapsedTime 599.958
unaryHyperVol 324
binaryHyperVol 2.9
additiveEps 0.4
entropy 0.47093
archive 12
3
5 10  100 1010100110101001000000111111100001110101000110001010011010101011011000111011010100101001110100110111
4 12  100 1010100110101001000000111111100001010101000110001010011010101011011000111000000100101001110100110111
3 14  100 1010000010101001010000111111100001110101000110001010011010101011011000111000000100101001110100110111
runNumber 13
genCount 5538
elapsedTime 599.989
unaryHyperVol 325
binaryHyperVol 2.8
additiveEps 0.2
entropy 0.466242
archive 13
3
5 10  100 1010100110101001000000111111100001110101000110001010011011000011011000111000000100101001110100110111
4 11  100 1010100110101001000000111111100001010101000110001010011001000011011000111000000100101001110100110111
3 14  100 1010000010101001010000111111100001110101000110001010011010101011011000111000000100101001110100110111
runNumber 14
genCount 5537
elapsedTime 599.957
unaryHyperVol 324
binaryHyperVol 2.9
additiveEps 0.4
entropy 0.47093
archive 14
3
5 10  100 1010100110101001000000111111100001110101000000001010011010101011011000111011010100101001110100110111
4 12  100 1010100110101001000000111111100001010101000000001010011010101011011000111000000100101001110100110111
3 14  100 1010000010101001010000111111100001110101000000001010011010101011011000111000000100101001110100110111
runNumber 15
genCount 5501
elapsedTime 599.902
unaryHyperVol 299
binaryHyperVol 22.875
additiveEps 0.5
entropy 0.49717
archive 15
2
5 10  100 1010100110101001000000111111100001110101000110001010011011000011011000111000010100101001110100110111
4 11  100 1010100110101001000000111111100001010101000110001010011011000011011000111000000100101001110100110111
runNumber 16
genCount 5579
elapsedTime 599.971
unaryHyperVol 309
binaryHyperVol 19.5
additiveEps 0.5
entropy 0.488066
archive 16
2
5 9  100 1010100111010001000000011111100001110101000110001010011011000011011000111011100100101001110100110111
4 10  100 1010100111010001000000011111100001010101000110001010011011000011011000111011100100101001110100110111
runNumber 17
genCount 5501
elapsedTime 599.913
unaryHyperVol 326
binaryHyperVol 3.375
additiveEps 0.25
entropy 0.461422
archive 17
3
5 10  100 0110100101010001000000111111100001110101000000001010011010101011011000111011100100101001110100110111
4 11  100 0110100101010001000000111111100001010101000000001010011010101011011000111011100100101001110100110111
3 13  100 0110000001010001010000111111100001110101000000001010011010101011011000111011100100101001110100110111
runNumber 18
genCount 5552
elapsedTime 600.073
unaryHyperVol 304
binaryHyperVol 6.91667
additiveEps 0.5
entropy 0.45785
archive 18
3
5 12  100 0000100110100100000000111111100001110101000000001010011010101011011000111011100100101001110100110111
4 13  100 0000100110100100000000111111100001010101000000001010011010101011011000111011100100101001110100110111
3 15  100 0000100110100100001001001111100001110101000110001010011010101011011000111011100100101001110100110111
runNumber 19
genCount 5510
elapsedTime 599.974
unaryHyperVol 298
binaryHyperVol 23
additiveEps 0.5
entropy 0.49717
archive 19
2
5 10  100 1010100110101001000000111111100001110101000000001010011010101011011000111011010100101001110100110111
4 12  100 1010100110101001000000111111100001010101000000001010011010101011011000111000000100101001110100110111
runNumber 20
genCount 5532
elapsedTime 599.972
unaryHyperVol 326
binaryHyperVol 3.375
additiveEps 0.25
entropy 0.461422
archive 20
3
5 10  100 0110100101010001000000111111100001110101000110001010011010101011010101111011100100101001110100110111
4 11  100 0110100101010001000000111111100001010101000110001010011010101011010101111011100100101001110100110111
3 13  100 0110000001010001010000111111100001110101000110001010011010101011010101111011100100101001110100110111
runNumber 21
genCount 5524
elapsedTime 599.976
unaryHyperVol 336
binaryHyperVol 0
additiveEps 0
entropy 0.270001
archive 21
3
5 9  100 0110100101010001000000111111100001110101000110001010011011000011011000111011100100101001110100110111
4 10  100 0110100101010001000000111111100001010101000110001010011011000011011000111011100100101001110100110111
3 13  100 0110100101010001001001001111100001110101000110001010011010101011011000111011100100101001110100110111
runNumber 22
genCount 5579
elapsedTime 599.969
unaryHyperVol 336
binaryHyperVol 0
additiveEps 0
entropy 0.270001
archive 22
3
5 9  100 0110100101010001000000111111100001110101000110001010011011000011011000111011100100101001110100110111
4 10  100 0110100101010001000000111111100001010101000110001010011011000011011000111011100100101001110100110111
3 13  100 0110000001010001010000111111100001110101000110001010011010101011011000111011100100101001110100110111
runNumber 23
genCount 5588
elapsedTime 599.94
unaryHyperVol 326
binaryHyperVol 3.375
additiveEps 0.25
entropy 0.461422
archive 23
3
5 10  100 0110100101010001000000111111100001110101000110001010011010101011011000111011100100101001110100110111
4 11  100 0110100101010001000000111111100001010101000110001010011010101011011000111011100100101001110100110111
3 13  100 0110100101010001001001001111100001110101000110001010011010101011011000111011100100101001110100110111
runNumber 24
genCount 5439
elapsedTime 599.961
unaryHyperVol 335
binaryHyperVol 0.1
additiveEps 0.2
entropy 0.418262
archive 24
3
5 9  100 1010100111010001000000011111100001110101000000001010011011000011011000111011100100101001110100110111
4 10  100 1010100111010001000000011111100001010101000000001010011011000011011000111011100100101001110100110111
3 14  100 1010100110101001001001001111100001110101000000001010011010101011011000111000000100101001110100110111
runNumber 25
genCount 5488
elapsedTime 599.955
unaryHyperVol 324
binaryHyperVol 2.9
additiveEps 0.4
entropy 0.47093
archive 25
3
5 10  100 1010100110101001000000111111100001110101000110001010011010101011011000111011010100101001110100110111
4 12  100 1010100110101001000000111111100001010101000110001010011010101011011000111000000100101001110100110111
3 14  100 1010000010101001010000111111100001110101000110001010011010101011011000111000000100101001110100110111
runNumber 26
genCount 5618
elapsedTime 600.023
unaryHyperVol 309
binaryHyperVol 19.5
additiveEps 0.5
entropy 0.488066
archive 26
2
5 9  100 1010100111010001000000011111100001110101000110001010011001000011010101111011100100101001110100110111
4 10  100 1010100111010001000000011111100001010101000110001010011001000011010101111011100100101001110100110111
runNumber 27
genCount 5535
elapsedTime 599.94
unaryHyperVol 324
binaryHyperVol 2.9
additiveEps 0.4
entropy 0.470929
archive 27
3
5 10  100 1010100110101001000000111111100001110101000110001010011010101011010101111011010100101001110100110111
4 12  100 1010100110101001000000111111100001010101000110001010011010101011010101111000000100101001110100110111
3 14  100 1010100110101001001001001111100001110101000110001010011010101011010101111000000100101001110100110111
runNumber 28
genCount 5379
elapsedTime 599.997
unaryHyperVol 304
binaryHyperVol 6.91667
additiveEps 0.5
entropy 0.45785
archive 28
3
5 12  100 0000100110100100000000111111100001110101000000001010011010101011011000111011100100101001110100110111
4 13  100 0000100110100100000000111111100001010101000000001010011010101011011000111011100100101001110100110111
3 15  100 0000000010100100010000111111100001110101000000001010011010101011011000111011100100101001110100110111
runNumber 29
genCount 5526
elapsedTime 599.935
unaryHyperVol 326
binaryHyperVol 3.375
additiveEps 0.25
entropy 0.461422
archive 29
3
5 10  100 0110100101010001000000111111100001110101000110001010011010101011010101111011100100101001110100110111
4 11  100 0110100101010001000000111111100001010101000110001010011010101011010101111011100100101001110100110111
3 13  100 0110100101010001001001001111100001110101000110001010011010101011010101111011100100101001110100110111
