OptimalFront
unaryHyperVol 320
3
6 11  100 0100101101100100101010000101011111011001001001000110010001101011001001111010100001010001110011110101
4 12  100 0100101101100100101010000101011111011001001001000110010001101011001010111010100001010001110011110101
3 13  100 0100101101010010101010000110101111011001001001000110010001101011001010111010100001010001110011110101
-------------------------
runNumber 0
genCount 5710
elapsedTime 600.021
unaryHyperVol 320
binaryHyperVol 0
additiveEps 0
entropy 0.270001
archive 0
3
6 11  100 0100101101010010101010000110011111011001001001000110010001101011001001111010100001010001110011110101
4 12  100 0100101101010010101010000110011111011001001001000110010001101011001010111010100001010001110011110111
3 13  100 0100101101010010101010000110101111011001001001000110010001101011001010111010100001010001110011110101
runNumber 1
genCount 5610
elapsedTime 599.963
unaryHyperVol 320
binaryHyperVol 0
additiveEps 0
entropy 0.270001
archive 1
3
6 11  100 0100101101010010101010000110011111011001001001000110010001101011001001111010100001010001110011110101
4 12  100 0100101101010010101010000110011111011001001001000110010001101011001010111010100001010001110011110101
3 13  100 0100101101010010101010000110101111011001001001000110010001101011001010111010100001010001110011110101
runNumber 2
genCount 5816
elapsedTime 599.957
unaryHyperVol 239
binaryHyperVol 35.8333
additiveEps 0.75
entropy 0.49717
archive 2
2
6 14  100 0100101101101010101010000110011111011001001001000110010001000001001001111010010001010001110011110101
5 15  100 0100101101101010101010000110011111011001001001000110010001000001001010111010010001010001110011110101
runNumber 3
genCount 5679
elapsedTime 599.914
unaryHyperVol 320
binaryHyperVol 0
additiveEps 0
entropy 0.270001
archive 3
3
6 11  100 0100101101010010101010000110011111011001001001000110010001101011001001111010100001010001110011110101
4 12  100 0100101101010010101010000110011111011001001001000110010001101011001010111010100001010001110011110101
3 13  100 0100101101010010101010000110101111011001001001000110010001101011001010111010100001010001110011110101
runNumber 4
genCount 5777
elapsedTime 599.99
unaryHyperVol 296
binaryHyperVol 7.5
additiveEps 0.5
entropy 0.466242
archive 4
3
6 13  100 0100000001100100010000000110011111011001001001000110010001101011001001111010100001010110110011110110
4 14  100 0100000001100100010000000110011111011001001001000110010001101011001010111010100001010110110011110110
3 15  100 0100000001100100010000000110101111011001001001000110010001101011001010111010100001010110110011110110
runNumber 5
genCount 5544
elapsedTime 600.036
unaryHyperVol 320
binaryHyperVol 0
additiveEps 0
entropy 0.270001
archive 5
3
6 11  100 0100101101010010101010000110011111011001001001000110010001101011001001111010100001010001110011110101
4 12  100 0100101101010010101010000110011111011001001001000110010001101011001010111010100001010001110011110101
3 13  100 0100101101010010101010000110101111011001001001000110010001101011001010111010100001010001110011110101
runNumber 6
genCount 5835
elapsedTime 599.93
unaryHyperVol 320
binaryHyperVol 0
additiveEps 0
entropy 0.270001
archive 6
3
6 11  100 0100101101100100101010000110011111011001001001000110010001101011001001111010100001010001110011110101
4 12  100 0100101101100100101010000110011111011001001001000110010001101011001010111010100001010001110011110101
3 13  100 0100101101100100101010000110101111011001001001000110010001101011001010111010100001010001110011110101
runNumber 7
genCount 5831
elapsedTime 600.044
unaryHyperVol 320
binaryHyperVol 0
additiveEps 0
entropy 0.270001
archive 7
3
6 11  100 0100101101010010101010000110011111011001001001000110010001101011001001111010100001010001110011110111
4 12  100 0100101101010010101010000110011111011001001001000110010001101011001010111010100001010001110011110101
3 13  100 0100101101010010101010000110101111011001001001000110010001101011001010111010100001010001110011110101
runNumber 8
genCount 5655
elapsedTime 599.939
unaryHyperVol 308
binaryHyperVol 5
additiveEps 0.333333
entropy 0.466242
archive 8
3
6 12  100 0100100101100100101001000110011111011001001001000110010001101011001001111010100001010110110011110110
4 13  100 0100100101100100101001000110011111011001001001000110010001101011001010111010100001010110110011110110
3 14  100 0100100101100100101001000110101111011001001001000110010001101011001010111010100001010110110011110110
runNumber 9
genCount 5635
elapsedTime 599.953
unaryHyperVol 286
binaryHyperVol 8.86667
additiveEps 0.6
entropy 0.49717
archive 9
2
4 14  100 0100101101101010101010000110011111011001001001000110010001101011001010110000000001010001110011110101
3 16  100 0100101101101010101010000110101111011001001001000110010001101011001010110000000001010001000011110101
runNumber 10
genCount 5641
elapsedTime 600.036
unaryHyperVol 320
binaryHyperVol 0
additiveEps 0
entropy 0.270001
archive 10
3
6 11  100 0100101101100100101010000110011111011001001001000110010001101011001001111010100001010001110011110101
4 12  100 0100101101100100101010000110011111011001001001000110010001101011001010111010100001010001110011110101
3 13  100 0100101101100100101010000110101111011001001001000110010001101011001010111010100001010001110011110101
runNumber 11
genCount 5645
elapsedTime 599.893
unaryHyperVol 286
binaryHyperVol 8.86667
additiveEps 0.6
entropy 0.49717
archive 11
2
4 14  100 0100101101101010101010000101011111011001001001000110010001101011001010110000000001010001110011110101
3 16  100 0100101101101010101010000110101111011001001001000110010001101011001010110000000001010001000011110101
runNumber 12
genCount 5484
elapsedTime 600.044
unaryHyperVol 320
binaryHyperVol 0
additiveEps 0
entropy 0.270001
archive 12
3
6 11  100 0100101101010010101010000110011111011001001001000110010001101011001001111010100001010001110011110111
4 12  100 0100101101010010101010000110011111011001001001000110010001101011001010111010100001010001110011110101
3 13  100 0100101101010010101010000110101111011001001001000110010001101011001010111010100001010001110011110101
runNumber 13
genCount 5414
elapsedTime 599.953
unaryHyperVol 296
binaryHyperVol 7.5
additiveEps 0.5
entropy 0.466242
archive 13
3
6 13  100 0100000001010010010000000110011111011001001001000110010001101011001001111010100001010110110011110110
4 14  100 0100000001010010010000000110011111011001001001000110010001101011001010111010100001010110110011110110
3 15  100 0100000001010010010000000110101111011001001001000110010001101011001010111010100001010110110011110110
runNumber 14
genCount 5453
elapsedTime 599.969
unaryHyperVol 320
binaryHyperVol 0
additiveEps 0
entropy 0.270001
archive 14
3
6 11  100 0100101101100100101010000110011111011001001001000110010001101011001001111010100001010001110011110101
4 12  100 0100101101100100101010000110011111011001001001000110010001101011001010111010100001010001110011110101
3 13  100 0100101101100100101010000110101111011001001001000110010001101011001010111010100001010001110011110101
runNumber 15
genCount 5629
elapsedTime 599.924
unaryHyperVol 296
binaryHyperVol 7.5
additiveEps 0.5
entropy 0.466242
archive 15
3
6 13  100 0100000001010100010000000110011111011001001001000110010001101011001001111010100001010110110011110110
4 14  100 0100000001010100010000000110011111011001001001000110010001101011001010111010100001010110110011110110
3 15  100 0100000001010100010000000110101111011001001001000110010001101011001010111010100001010110110011110110
runNumber 16
genCount 5656
elapsedTime 600.061
unaryHyperVol 308
binaryHyperVol 5
additiveEps 0.333333
entropy 0.466242
archive 16
3
6 12  100 0100100101100100101001000110011111011001001001000110010001101011001001111010100001010110110011110110
4 13  100 0100100101100100101001000110011111011001001001000110010001101011001010111010100001010110110011110110
3 14  100 0100100101100100101001000110101111011001001001000110010001101011001010111010100001010110110011110110
runNumber 17
genCount 5518
elapsedTime 599.931
unaryHyperVol 308
binaryHyperVol 5
additiveEps 0.333333
entropy 0.466242
archive 17
3
6 12  100 0100100101100100101001000110011111011001001001000110010001101011001001111010100001010110110011110110
4 13  100 0100100101100100101001000110011111011001001001000110010001101011001010111010100001010110110011110110
3 14  100 0100100101100100101001000110101111011001001001000110010001101011001010111010100001010110110011110110
runNumber 18
genCount 5550
elapsedTime 599.97
unaryHyperVol 320
binaryHyperVol 0
additiveEps 0
entropy 0.270001
archive 18
3
6 11  100 0100101101100100101010000110011111011001001001000110010001101011001001111010100001010001110011110101
4 12  100 0100101101100100101010000110011111011001001001000110010001101011001010111010100001010001110011110111
3 13  100 0100101101100100101010000110101111011001001001000110010001101011001010111010100001010001110011110101
runNumber 19
genCount 5735
elapsedTime 599.984
unaryHyperVol 242
binaryHyperVol 27.0667
additiveEps 1
entropy 0
archive 19
1
4 16  100 0100101100101010101001110110011111011001001001000110010001101011001010110000000001010110110011110110
runNumber 20
genCount 5538
elapsedTime 599.929
unaryHyperVol 308
binaryHyperVol 5
additiveEps 0.333333
entropy 0.466242
archive 20
3
6 12  100 0100100101100100101001000110011111011001001001000110010001101011001001111010100001010110110011110110
4 13  100 0100100101100100101001000110011111011001001001000110010001101011001010111010100001010110110011110110
3 14  100 0100100101100100101001000110101111011001001001000110010001101011001010111010100001010110110011110110
runNumber 21
genCount 5579
elapsedTime 599.945
unaryHyperVol 320
binaryHyperVol 0
additiveEps 0
entropy 0.270001
archive 21
3
6 11  100 0100101101010010101010000110011111011001001001000110010001101011001001111010100001010001110011110101
4 12  100 0100101101010010101010000110011111011001001001000110010001101011001010111010100001010001110011110101
3 13  100 0100101101010010101010000110101111011001001001000110010001101011001010111010100001010001110011110101
runNumber 22
genCount 5634
elapsedTime 599.942
unaryHyperVol 308
binaryHyperVol 5
additiveEps 0.333333
entropy 0.466242
archive 22
3
6 12  100 0100100101010010101001000110011111011001001001000110010001101011001001111010100001010110110011110110
4 13  100 0100100101010010101001000110011111011001001001000110010001101011001010111010100001010110110011110110
3 14  100 0100100101010010101001000110101111011001001001000110010001101011001010111010100001010110110011110110
runNumber 23
genCount 5558
elapsedTime 599.971
unaryHyperVol 308
binaryHyperVol 5
additiveEps 0.333333
entropy 0.466242
archive 23
3
6 12  100 0100100101100100101001000110011111011001001001000110010001101011001001111010100001010110110011110110
4 13  100 0100100101100100101001000110011111011001001001000110010001101011001010111010100001010110110011110110
3 14  100 0100100101100100101001000110101111011001001001000110010001101011001010111010100001010110110011110110
runNumber 24
genCount 5466
elapsedTime 600.019
unaryHyperVol 320
binaryHyperVol 0
additiveEps 0
entropy 0.270001
archive 24
3
6 11  100 0100101101100100101010000110011111011001001001000110010001101011001001111010100001010001110011110101
4 12  100 0100101101100100101010000110011111011001001001000110010001101011001010111010100001010001110011110101
3 13  100 0100101101100100101010000110101111011001001001000110010001101011001010111010100001010001110011110101
runNumber 25
genCount 5553
elapsedTime 600.032
unaryHyperVol 320
binaryHyperVol 0
additiveEps 0
entropy 0.270001
archive 25
3
6 11  100 0100101101010010101010000110011111011001001001000110010001101011001001111010100001010001110011110101
4 12  100 0100101101010010101010000110011111011001001001000110010001101011001010111010100001010001110011110101
3 13  100 0100101101010010101010000110101111011001001001000110010001101011001010111010100001010001110011110101
runNumber 26
genCount 5519
elapsedTime 599.94
unaryHyperVol 286
binaryHyperVol 8.86667
additiveEps 0.6
entropy 0.49717
archive 26
2
4 14  100 0100101101101010101010000110011111011001001001000110010001101011001010110000000001010001110011110101
3 16  100 0100101101101010101010000110101111011001001001000110010001101011001010110000000001010001000011110101
runNumber 27
genCount 5524
elapsedTime 600.016
unaryHyperVol 296
binaryHyperVol 7.5
additiveEps 0.5
entropy 0.466242
archive 27
3
6 13  100 0100000001100100010000000110011111011001001001000110010001101011001001111010100001010110110011110110
4 14  100 0100000001100100010000000110011111011001001001000110010001101011001010111010100001010110110011110110
3 15  100 0100000001100100010000000110101111011001001001000110010001101011001010111010100001010110110011110110
runNumber 28
genCount 5559
elapsedTime 599.934
unaryHyperVol 308
binaryHyperVol 5
additiveEps 0.333333
entropy 0.466242
archive 28
3
6 12  100 0100100101100100101001000110011111011001001001000110010001101011001001111010100001010110110011110110
4 13  100 0100100101100100101001000110011111011001001001000110010001101011001010111010100001010110110011110110
3 14  100 0100100101100100101001000110101111011001001001000110010001101011001010111010100001010110110011110110
runNumber 29
genCount 5467
elapsedTime 599.976
unaryHyperVol 308
binaryHyperVol 5
additiveEps 0.333333
entropy 0.466242
archive 29
3
6 12  100 0100100101010010101001000110011111011001001001000110010001101011001001111010100001010110110011110110
4 13  100 0100100101010010101001000110011111011001001001000110010001101011001010111010100001010110110011110110
3 14  100 0100100101010010101001000110101111011001001001000110010001101011001010111010100001010110110011110110
