OptimalFront
unaryHyperVol 286
3
5 8  100 0100101101110110101110000101011111011001001001000110010001100111001001111101100001100011101011111010
4 9  100 0100101101010110101110000101011111011001001001000110010001100111001001111101100001100011101011111010
3 11  100 0100101101010110100001000110101111011001001001000110010001100111001001111001100001101010101011111010
-------------------------
runNumber 0
genCount 34026
elapsedTime 599.93
unaryHyperVol 260
binaryHyperVol 18
additiveEps 0.5
entropy 0.488066
archive 0
2
5 8  100 0100101101110110101110000110011111011001001001000110010001100111001001111101100001100011101011111010
4 9  100 0100101101010110101110000110011111011001001001000110010001100111001001111101100001100011101011111010
runNumber 1
genCount 33119
elapsedTime 599.962
unaryHyperVol 277
binaryHyperVol 4.16667
additiveEps 0.333333
entropy 0.461709
archive 1
3
5 9  100 0100101101110110100001000110011111011001001001000110010001100111001001111001100001101010101011111010
4 10  100 0100101101010110100001000110011111011001001001000110010001100111001001111001100001101010101011111010
3 11  100 0100101101010110100001000110101111011001001001000110010001100111001001111001100001101010101011111010
runNumber 2
genCount 33278
elapsedTime 599.988
unaryHyperVol 277
binaryHyperVol 4.16667
additiveEps 0.333333
entropy 0.461709
archive 2
3
5 9  100 0100101101110110100001000110011111011001001001000110010001100111001001111001100001101010101011111010
4 10  100 0100101101010110100001000110011111011001001001000110010001100111001001111001100001101010101011111010
3 11  100 0100101101010110100001000110101111011001001001000110010001100111001001111001100001101010101011111010
runNumber 3
genCount 33346
elapsedTime 599.968
unaryHyperVol 251
binaryHyperVol 22.1667
additiveEps 0.5
entropy 0.49717
archive 3
2
5 9  100 0100101101110110101110000110011111011001001001000110010001100111000101111001100001010110101011111010
4 10  100 0100101101010110101110000110011111011001001001000110010001100111000101111001100001010110101011111010
runNumber 4
genCount 32918
elapsedTime 599.93
unaryHyperVol 277
binaryHyperVol 4.16667
additiveEps 0.333333
entropy 0.461709
archive 4
3
5 9  100 0100101101110110100001000110011111011001001001000110010001100111001001111001100001101010101011111010
4 10  100 0100101101010110100001000110011111011001001001000110010001100111001001111001100001101010101011111010
3 11  100 0100101101010110100001000110101111011001001001000110010001100111001001111001100001101010101011111010
runNumber 5
genCount 33275
elapsedTime 599.95
unaryHyperVol 277
binaryHyperVol 4.16667
additiveEps 0.333333
entropy 0.461709
archive 5
3
5 9  100 0100101101110110100001000110011111011001001001000110010001100111001001111001100001101010101011111010
4 10  100 0100101101010110100001000110011111011001001001000110010001100111001001111001100001101010101011111010
3 11  100 0100101101010110100001000110101111011001001001000110010001100111001001111001100001101010101011111010
runNumber 6
genCount 33499
elapsedTime 599.94
unaryHyperVol 251
binaryHyperVol 22.1667
additiveEps 0.5
entropy 0.49717
archive 6
2
5 9  100 0100100101110110101100000110011111011001001001000110010001100111001001111001100001101010101011111010
4 10  100 0100100101010110101100000110011111011001001001000110010001100111001001111001100001101010101011111010
runNumber 7
genCount 33267
elapsedTime 599.93
unaryHyperVol 277
binaryHyperVol 4.16667
additiveEps 0.333333
entropy 0.461709
archive 7
3
5 9  100 0100101101110110100001000110011111011001001001000110010001100111001001111001100001101010101011111010
4 10  100 0100101101010110100001000110011111011001001001000110010001100111001001111001100001101010101011111010
3 11  100 0100101101010110100001000110101111011001001001000110010001100111001001111001100001101010101011111010
runNumber 8
genCount 33114
elapsedTime 600.014
unaryHyperVol 277
binaryHyperVol 4.16667
additiveEps 0.333333
entropy 0.461709
archive 8
3
5 9  100 0100101101110110100001000110011111011001001001000110010001100111001001111001100001101010101011111010
4 10  100 0100101101010110100001000110011111011001001001000110010001100111001001111001100001101010101011111010
3 11  100 0100101101010110100001000110101111011001001001000110010001100111001001111001100001101010101011111010
runNumber 9
genCount 33204
elapsedTime 599.953
unaryHyperVol 277
binaryHyperVol 4.16667
additiveEps 0.333333
entropy 0.461709
archive 9
3
5 9  100 0100101101110110100001000110011111011001001001000110010001100111001001111001100001101010101011111010
4 10  100 0100101101010110100001000110011111011001001001000110010001100111001001111001100001101010101011111010
3 11  100 0100101101010110100001000110101111011001001001000110010001100111001001111001100001101010101011111010
runNumber 10
genCount 33245
elapsedTime 599.992
unaryHyperVol 277
binaryHyperVol 4.16667
additiveEps 0.333333
entropy 0.461709
archive 10
3
5 9  100 0100101101110110100001000110011111011001001001000110010001100111001001111001100001101010101011111010
4 10  100 0100101101010110100001000110011111011001001001000110010001100111001001111001100001101010101011111010
3 11  100 0100101101010110100001000110101111011001001001000110010001100111001001111001100001101010101011111010
runNumber 11
genCount 33295
elapsedTime 600.008
unaryHyperVol 277
binaryHyperVol 4.16667
additiveEps 0.333333
entropy 0.461709
archive 11
3
5 9  100 0100101101110110100001000110011111011001001001000110010001100111001001111001100001101010101011111010
4 10  100 0100101101010110100001000110011111011001001001000110010001100111001001111001100001101010101011111010
3 11  100 0100101101010110100001000110101111011001001001000110010001100111001001111001100001101010101011111010
runNumber 12
genCount 34496
elapsedTime 599.942
unaryHyperVol 234
binaryHyperVol 30.3333
additiveEps 1
entropy 0
archive 12
1
4 11  100 0100101110110110101110000100011111011001001001000110010001100111001000011000010001100000101011111010
runNumber 13
genCount 33257
elapsedTime 599.973
unaryHyperVol 277
binaryHyperVol 4.16667
additiveEps 0.333333
entropy 0.461709
archive 13
3
5 9  100 0100101101110110100001000110011111011001001001000110010001100111001001111001100001101010101011111010
4 10  100 0100101101010110100001000110011111011001001001000110010001100111001001111001100001101010101011111010
3 11  100 0100101101010110100001000110101111011001001001000110010001100111001001111001100001101010101011111010
runNumber 14
genCount 33201
elapsedTime 599.971
unaryHyperVol 251
binaryHyperVol 22.1667
additiveEps 0.5
entropy 0.49717
archive 14
2
5 9  100 0100101101110110101110000110011111011001001001000110010001100111001000011001100001100000101011111010
4 10  100 0100101101010110101110000110011111011001001001000110010001100111001000011001100001100000101011111010
runNumber 15
genCount 34596
elapsedTime 599.966
unaryHyperVol 234
binaryHyperVol 30.3333
additiveEps 1
entropy 0
archive 15
1
4 11  100 0100101110110110101110000100011111011001001001000110010001100111001000011000010001100000101011111010
runNumber 16
genCount 33338
elapsedTime 599.935
unaryHyperVol 251
binaryHyperVol 22.1667
additiveEps 0.5
entropy 0.49717
archive 16
2
5 9  100 0100101101110110101110000110011111011001001001000110010001100111000101111001100001010110101011111010
4 10  100 0100101101010110101110000110011111011001001001000110010001100111000101111001100001010110101011111010
runNumber 17
genCount 33020
elapsedTime 599.966
unaryHyperVol 277
binaryHyperVol 4.16667
additiveEps 0.333333
entropy 0.461709
archive 17
3
5 9  100 0100101101110110100001000110011111011001001001000110010001100111001001111001100001101010101011111010
4 10  100 0100101101010110100001000110011111011001001001000110010001100111001001111001100001101010101011111010
3 11  100 0100101101010110100001000110101111011001001001000110010001100111001001111001100001101010101011111010
runNumber 18
genCount 33093
elapsedTime 599.971
unaryHyperVol 277
binaryHyperVol 4.16667
additiveEps 0.333333
entropy 0.461709
archive 18
3
5 9  100 0100101101110110100001000110011111011001001001000110010001100111001001111001100001101010101011111010
4 10  100 0100101101010110100001000110011111011001001001000110010001100111001001111001100001101010101011111010
3 11  100 0100101101010110100001000110101111011001001001000110010001100111001001111001100001101010101011111010
runNumber 19
genCount 33070
elapsedTime 599.929
unaryHyperVol 251
binaryHyperVol 22.1667
additiveEps 0.5
entropy 0.49717
archive 19
2
5 9  100 0100101101110110101110000110011111011001001001000110010001100111000101111001100001010110101011111010
4 10  100 0100101101010110101110000110011111011001001001000110010001100111000101111001100001010110101011111010
runNumber 20
genCount 34219
elapsedTime 599.882
unaryHyperVol 234
binaryHyperVol 30.3333
additiveEps 1
entropy 0
archive 20
1
4 11  100 0100101110110110101110000100011111011001001001000110010001100111001000011000010001100000101011111010
runNumber 21
genCount 33424
elapsedTime 599.885
unaryHyperVol 260
binaryHyperVol 18
additiveEps 0.5
entropy 0.488066
archive 21
2
5 8  100 0100101101110110101110000110011111011001001001000110010001100111001001111101100001100011101011111010
4 9  100 0100101101010110101110000110011111011001001001000110010001100111001001111101100001100011101011111010
runNumber 22
genCount 32986
elapsedTime 599.896
unaryHyperVol 277
binaryHyperVol 4.16667
additiveEps 0.333333
entropy 0.461709
archive 22
3
5 9  100 0100101101110110100001000110011111011001001001000110010001100111001001111001100001101010101011111010
4 10  100 0100101101010110100001000110011111011001001001000110010001100111001001111001100001101010101011111010
3 11  100 0100101101010110100001000110101111011001001001000110010001100111001001111001100001101010101011111010
runNumber 23
genCount 33250
elapsedTime 600.006
unaryHyperVol 277
binaryHyperVol 4.16667
additiveEps 0.333333
entropy 0.461709
archive 23
3
5 9  100 0100101101110110100001000110011111011001001001000110010001100111001001111001100001101010101011111010
4 10  100 0100101101010110100001000110011111011001001001000110010001100111001001111001100001101010101011111010
3 11  100 0100101101010110100001000110101111011001001001000110010001100111001001111001100001101010101011111010
runNumber 24
genCount 33524
elapsedTime 599.974
unaryHyperVol 260
binaryHyperVol 18
additiveEps 0.5
entropy 0.488066
archive 24
2
5 8  100 0100101101110110101110000110011111011001001001000110010001100111001001111101100001100011101011111010
4 9  100 0100101101010110101110000110011111011001001001000110010001100111001001111101100001100011101011111010
runNumber 25
genCount 33213
elapsedTime 599.94
unaryHyperVol 277
binaryHyperVol 4.16667
additiveEps 0.333333
entropy 0.461709
archive 25
3
5 9  100 0100101101110110100001000110011111011001001001000110010001100111001001111001100001101010101011111010
4 10  100 0100101101010110100001000110011111011001001001000110010001100111001001111001100001101010101011111010
3 11  100 0100101101010110100001000110101111011001001001000110010001100111001001111001100001101010101011111010
runNumber 26
genCount 33204
elapsedTime 599.998
unaryHyperVol 277
binaryHyperVol 4.16667
additiveEps 0.333333
entropy 0.461709
archive 26
3
5 9  100 0100101101110110100001000110011111011001001001000110010001100111001001111001100001101010101011111010
4 10  100 0100101101010110100001000110011111011001001001000110010001100111001001111001100001101010101011111010
3 11  100 0100101101010110100001000110101111011001001001000110010001100111001001111001100001101010101011111010
runNumber 27
genCount 33223
elapsedTime 599.973
unaryHyperVol 277
binaryHyperVol 4.16667
additiveEps 0.333333
entropy 0.461709
archive 27
3
5 9  100 0100101101110110100001000110011111011001001001000110010001100111001001111001100001101010101011111010
4 10  100 0100101101010110100001000110011111011001001001000110010001100111001001111001100001101010101011111010
3 11  100 0100101101010110100001000110101111011001001001000110010001100111001001111001100001101010101011111010
runNumber 28
genCount 34398
elapsedTime 599.973
unaryHyperVol 234
binaryHyperVol 30.3333
additiveEps 1
entropy 0
archive 28
1
4 11  100 0100101110110110101110000100011111011001001001000110010001100111000101111000010001010110101011111010
runNumber 29
genCount 32967
elapsedTime 599.949
unaryHyperVol 277
binaryHyperVol 4.16667
additiveEps 0.333333
entropy 0.461709
archive 29
3
5 9  100 0100101101110110100001000110011111011001001001000110010001100111001001111001100001101010101011111010
4 10  100 0100101101010110100001000110011111011001001001000110010001100111001001111001100001101010101011111010
3 11  100 0100101101010110100001000110101111011001001001000110010001100111001001111001100001101010101011111010
