OptimalFront
unaryHyperVol 344
3
5 8  100 0101000000010111001001110111010111110110000000101010111011000110001110001010100011010110101010101010
4 9  100 0101000000010111001001110101010111110110000000101010111011000110001110001010100011010110101010101010
3 11  100 0100000001010100010000110111010111110110000000101010111011000110001110001010100011010110101010101010
-------------------------
runNumber 0
genCount 6097
elapsedTime 599.987
unaryHyperVol 240
binaryHyperVol 50.6
additiveEps 1
entropy 0
archive 0
1
5 13  100 0001000000010011010000110111010111110110000000101010111011000001001110000000011011010110000000101010
runNumber 1
genCount 5411
elapsedTime 599.883
unaryHyperVol 296
binaryHyperVol 27.6667
additiveEps 0.666667
entropy 0.49717
archive 1
2
5 10  100 0001000000010011010000110111010111110110000000101010111000010110001110000100010011010110101010101010
4 11  100 0001000000010011010000110101010111110110000000101010111000010110001110000100010011010110101010101010
runNumber 2
genCount 5884
elapsedTime 599.98
unaryHyperVol 250
binaryHyperVol 50.5
additiveEps 1
entropy 0
archive 2
1
5 12  100 0001100100010011011001000111010111110110000000101010111011000110000110001010001100010110101010101010
runNumber 3
genCount 5651
elapsedTime 599.994
unaryHyperVol 342
binaryHyperVol 0.222222
additiveEps 0.333333
entropy 0.477931
archive 3
4
6 8  100 0001000000010101010000110111010111110110000000101010111011000110001110001010100011010110101010101010
5 9  100 0011000000010100010000110111010111110110000000101010111011000110001110001010100011010110101010101010
4 10  100 0011000000010100010000110101010111110110000000101010111011000110001110001010100011010110101010101010
3 11  100 0100000001010100010000110111010111110110000000101010111011000110001110001010100011010110101010101010
runNumber 4
genCount 5435
elapsedTime 599.991
unaryHyperVol 296
binaryHyperVol 27.6667
additiveEps 0.666667
entropy 0.49717
archive 4
2
5 10  100 0001000000010011010000110111010111110110000000101010111000010110001110000100010011010110101010101010
4 11  100 0001000000010011010000110101010111110110000000101010111000010110001110000100010011010110101010101010
runNumber 5
genCount 5868
elapsedTime 599.891
unaryHyperVol 280
binaryHyperVol 41
additiveEps 1
entropy 0
archive 5
1
5 9  100 0001000000010011010000110111010111110110000000011010111011000110001110001010000011010110101010101010
runNumber 6
genCount 5758
elapsedTime 599.883
unaryHyperVol 330
binaryHyperVol 3.91667
additiveEps 0.333333
entropy 0.454208
archive 6
4
6 9  100 0001100100010101011001000111010111110110000000101010111011000110001110001010100011010110101010101010
5 10  100 0000100100010100011001000111010111110110000000101010111011000110001110001010100011010110101010101010
4 11  100 0000100100010100011001000101010111110110000000101010111011000110001110001010100011010110101010101010
3 12  100 0100100101010100011001000111010111110110000000101010111011000110001110001010100011010110101010101010
runNumber 7
genCount 5587
elapsedTime 599.98
unaryHyperVol 344
binaryHyperVol 0
additiveEps 0
entropy 0.270001
archive 7
3
5 8  100 0101000000010111001001110111010111110110000000101010111011000110001110001010100011010110101010101010
4 9  100 0101000000010111001001110101010111110110000000101010111011000110001110001010100011010110101010101010
3 11  100 0100000001010100010000110111010111110110000000101010111011000110001110001010100011010110101010101010
runNumber 8
genCount 5677
elapsedTime 599.877
unaryHyperVol 330
binaryHyperVol 3.91667
additiveEps 0.333333
entropy 0.454208
archive 8
4
6 9  100 0001100100010101011001000111010111110110000000101010111011000110001110001010100011010110101010101010
5 10  100 0000100100010100011001000111010111110110000000101010111011000110001110001010100011010110101010101010
4 11  100 0000100100010100011001000101010111110110000000101010111011000110001110001010100011010110101010101010
3 12  100 0100100101010100011001000111010111110110000000101010111011000110001110001010100011010110101010101010
runNumber 9
genCount 5693
elapsedTime 600.047
unaryHyperVol 293
binaryHyperVol 18.2
additiveEps 0.4
entropy 0.481574
archive 9
3
6 10  100 0001101000010101011010110111010111110110000000101010111011000110001100011010100011010100101010101010
5 11  100 0000101000010000011010110111010111110110000000101010111011000110001100011010100011010100101010101010
4 13  100 0000101000010100011010110101010111110110000000101010111011000110001100011010100011010000101010101010
runNumber 10
genCount 5772
elapsedTime 599.889
unaryHyperVol 285
binaryHyperVol 29
additiveEps 0.75
entropy 0.49717
archive 10
2
5 11  100 0001100100010011011001000111010111110110000000101010111000010110001110000100010011010110101010101010
4 12  100 0001100100010011011001000101010111110110000000101010111000010110001110000100010011010110101010101010
runNumber 11
genCount 5593
elapsedTime 599.916
unaryHyperVol 318
binaryHyperVol 18
additiveEps 0.5
entropy 0.488066
archive 11
2
5 8  100 0101000000010111001001110111010111110110000000101010111011000110001110001010100011010110101010101010
4 9  100 0101000000010111001001110101010111110110000000101010111011000110001110001010100011010110101010101010
runNumber 12
genCount 5583
elapsedTime 599.98
unaryHyperVol 316
binaryHyperVol 12.2222
additiveEps 0.333333
entropy 0.47941
archive 12
3
6 8  100 0001000000010101010000110111010111110110000000101010111011000110001110001010100011010110101010101010
5 9  100 0011000000010100010000110111010111110110000000101010111011000110001110001010100011010110101010101010
4 10  100 0011000000010100010000110101010111110110000000101010111011000110001110001010100011010110101010101010
runNumber 13
genCount 5600
elapsedTime 599.955
unaryHyperVol 273
binaryHyperVol 28
additiveEps 0.666667
entropy 0.49717
archive 13
2
5 12  100 0001101000010011011010110111010111110110000000101010111000010110001100010100010011010100101010101010
4 14  100 0001101000010011011010110101010111110110000000101010111000010110001100010100010011010000101010101010
runNumber 14
genCount 5690
elapsedTime 599.903
unaryHyperVol 316
binaryHyperVol 12.2222
additiveEps 0.333333
entropy 0.47941
archive 14
3
6 8  100 0001000000010101010000110111010111110110000000101010111011000110001110001010100011010110101010101010
5 9  100 0011000000010100010000110111010111110110000000101010111011000110001110001010100011010110101010101010
4 10  100 0011000000010100010000110101010111110110000000101010111011000110001110001010100011010110101010101010
runNumber 15
genCount 5664
elapsedTime 600.05
unaryHyperVol 330
binaryHyperVol 3.91667
additiveEps 0.333333
entropy 0.454208
archive 15
4
6 9  100 0001100100010101011001000111010111110110000000101010111011000110001110001010100011010110101010101010
5 10  100 0000100100010100011001000111010111110110000000101010111011000110001110001010100011010110101010101010
4 11  100 0000100100010100011001000101010111110110000000101010111011000110001110001010100011010110101010101010
3 12  100 0100100101010100011001000111010111110110000000101010111011000110001110001010100011010110101010101010
runNumber 16
genCount 5605
elapsedTime 599.85
unaryHyperVol 305
binaryHyperVol 17.1111
additiveEps 0.333333
entropy 0.449615
archive 16
3
6 9  100 0001100100010101011001000111010111110110000000101010111011000110001110001010100011010110101010101010
5 10  100 0011100100010100011001000111010111110110000000101010111011000110001110001010100011010110101010101010
4 11  100 0011100100010100011001000101010111110110000000101010111011000110001110001010100011010110101010101010
runNumber 17
genCount 6090
elapsedTime 600.087
unaryHyperVol 0
binaryHyperVol 333
additiveEps 333
entropy 333
archive 17
0
runNumber 18
genCount 5685
elapsedTime 599.84
unaryHyperVol 296
binaryHyperVol 27.6667
additiveEps 0.666667
entropy 0.49717
archive 18
2
5 10  100 0001000000010011010000110111010111110110000000101010111000010110001110000100010011010110101010101010
4 11  100 0001000000010011010000110101010111110110000000101010111000010110001110000100010011010110101010101010
runNumber 19
genCount 5692
elapsedTime 600.03
unaryHyperVol 296
binaryHyperVol 27.6667
additiveEps 0.666667
entropy 0.49717
archive 19
2
5 10  100 0101101000010011011001110111010111110110000000101010111000010110001110000100010011010110101010101010
4 11  100 0101101000010011011001110101010111110110000000101010111000010110001110000100010011010110101010101010
runNumber 20
genCount 5633
elapsedTime 599.914
unaryHyperVol 259
binaryHyperVol 35.1667
additiveEps 0.75
entropy 0.49717
archive 20
2
6 11  100 0001101000010111011010110111010101110110000000101010111000010110001100011010100011010100011010101010
5 12  100 0001101000010111011010110111010101010110000000101010111000010110001100011010100011010100011010101010
runNumber 21
genCount 5499
elapsedTime 599.985
unaryHyperVol 315
binaryHyperVol 12.3333
additiveEps 0.333333
entropy 0.466242
archive 21
3
6 8  100 0001000000010111010000110111010101110110000000101010111011000110001110001010100011010110101010101010
5 9  100 0001000000010111000000110111010101110110000000101010111011000110001110001010100011010110101010101010
4 11  100 0001000000010111000000110101010101010110000000101010111011000110001110001010100011010110101010101010
runNumber 22
genCount 5567
elapsedTime 599.978
unaryHyperVol 292
binaryHyperVol 17.2778
additiveEps 0.5
entropy 0.481574
archive 22
3
6 10  100 0001101000010101011010110111010111110110000000101010111011000110001100011010100011010100101010101010
5 11  100 0001101000010101011010110111010111010110000000101010111011000110001100011010100011010100101010101010
4 14  100 0001101000010101011010110101000011110110000000101010111011000110001100011010100011010000101010101010
runNumber 23
genCount 5694
elapsedTime 599.941
unaryHyperVol 330
binaryHyperVol 3.91667
additiveEps 0.333333
entropy 0.454208
archive 23
4
6 9  100 0001100100010101011001000111010111110110000000101010111011000110001110001010100011010110101010101010
5 10  100 0000100100010000011001000111010111110110000000101010111011000110001110001010100011010110101010101010
4 11  100 0000100100010000011001000101010111110110000000101010111011000110001110001010100011010110101010101010
3 12  100 0100100101010100011001000111010111110110000000101010111011000110001110001010100011010110101010101010
runNumber 24
genCount 5469
elapsedTime 600.058
unaryHyperVol 260
binaryHyperVol 21.5
additiveEps 0.625
entropy 0.481574
archive 24
3
6 13  100 0101101000010101011001110111010111110110000000101010111011000110001110000110100011010100000011110000
5 14  100 0101101000010101011001110111010111010110000000101010111011000110001110000110100011010100000011110000
4 16  100 0101101000010101011001110101000011110110000000101010111011000110001110000110100011010100000011110000
runNumber 25
genCount 5926
elapsedTime 599.95
unaryHyperVol 259
binaryHyperVol 35.1667
additiveEps 0.75
entropy 0.49717
archive 25
2
6 11  100 0001100100010011011001000111010111110110000000101010111011010110001110001100010011010101101010101010
5 12  100 0001100100010011011001000111010111110110000000101010111011000110001100011100010011010101101010101010
runNumber 26
genCount 5536
elapsedTime 599.957
unaryHyperVol 330
binaryHyperVol 3.91667
additiveEps 0.333333
entropy 0.454208
archive 26
4
6 9  100 0001100100010101011001000111010111110110000000101010111011000110001110001010100011010110101010101010
5 10  100 0000100100010100011001000111010111110110000000101010111011000110001110001010100011010110101010101010
4 11  100 0000100100010100011001000101010111110110000000101010111011000110001110001010100011010110101010101010
3 12  100 0100100101010100011001000111010111110110000000101010111011000110001110001010100011010110101010101010
runNumber 27
genCount 5537
elapsedTime 599.925
unaryHyperVol 295
binaryHyperVol 25.5
additiveEps 0.5
entropy 0.49717
archive 27
2
5 10  100 0001000000010111001010110111010111110110000000101010111011000110001100011010100011010100101010101010
4 12  100 0001000000010111001010110101010111110110000000101010111011000110001100011010100011010000101010101010
runNumber 28
genCount 5686
elapsedTime 599.995
unaryHyperVol 240
binaryHyperVol 29.6667
additiveEps 0.777778
entropy 0.49717
archive 28
2
5 15  100 0001100100010011000001000111010101110110000000101010111011000110001110001010001111001010101010101010
4 17  100 0001100100010011000001000101010101010110000000101010111011000110001110001010001111001010101010101010
runNumber 29
genCount 5743
elapsedTime 599.961
unaryHyperVol 296
binaryHyperVol 27.6667
additiveEps 0.666667
entropy 0.49717
archive 29
2
5 10  100 0101101000010011011001110111010111110110000000101010111000010110001110000100010011010110101010101010
4 11  100 0101101000010011011001110101010111110110000000101010111000010110001110000100010011010110101010101010
