OptimalFront
unaryHyperVol 390
4
6 9  100 1000001000010100010000000010001100010101000110011010010100000011010000110001100010001000101011110111
5 10  100 1000001000010100010000000010001100010101000110011010010111000011010000110001100010001000101011110111
4 11  100 1000001000010100010000000010001100010101000110011010010111000011110000110001100010001000101011110111
3 12  100 1000001000010100010000000010001100010101000110011010010100101011011010110001100010001000101011110111
-------------------------
runNumber 0
genCount 5438
elapsedTime 599.983
unaryHyperVol 390
binaryHyperVol 0
additiveEps 0
entropy 0.168124
archive 0
4
6 9  100 1000001000010100010000000010001100010101000110011010010100000011010000110001100010001000101011110111
5 10  100 1000001000010100010000000010001100010101000110011010010100000011010000110101100010001000101011110111
4 11  100 1000001000010100010000000010001100010101000110011010010100000011110000110101100010001000101011110111
3 12  100 1000001000010100010000000010001100010101000110011010010100101011011010110001100010001000101011110111
runNumber 1
genCount 5542
elapsedTime 599.905
unaryHyperVol 378
binaryHyperVol 3.75
additiveEps 0.25
entropy 0.489829
archive 1
4
6 10  100 1000001000000100010000000010001100010101000110011010010100000011010000110000010010001000101011110111
5 11  100 1000001000000100010000000010001100010101000110011010010100101011010000110000010010001000101011110111
4 12  100 1000001000000100010000000010001100010101000110011010010111000011110000110000010010001000101011110111
3 13  100 1000001000000100010000000010001100010101000110011010010100101011011010110000010010001000101011110111
runNumber 2
genCount 5534
elapsedTime 599.794
unaryHyperVol 366
binaryHyperVol 6
additiveEps 0.4
entropy 0.453679
archive 2
4
6 11  100 1000001000000100011010000010001100010101000110011010010100000011010000110000010010010000101011110111
5 12  100 1000001000000100011010000010001100010101000110011010010111000011010000110000010010010000101011110111
4 13  100 1000001000000100011010000010001100010101000110011010010111000011110000110000010010010000101011110111
3 14  100 1000001000000100011010000010001100010101000110011010010100101011011010110000010010010000101011110111
runNumber 3
genCount 5724
elapsedTime 599.984
unaryHyperVol 344
binaryHyperVol 9.88889
additiveEps 0.666667
entropy 0.427067
archive 3
3
6 13  100 1000000100010001011001000010001100100101000110011010010100000011110000110000010010001000101011110111
4 14  100 1000000100010001011001000010001100100101000110011010010101000011110000110000010010001000101011110111
3 15  100 1000000100010001011001000010001100100101000110011010010100101011011010110000010010001000101011110111
runNumber 4
genCount 5492
elapsedTime 599.917
unaryHyperVol 378
binaryHyperVol 3.75
additiveEps 0.25
entropy 0.489829
archive 4
4
6 10  100 1000001000000100010000000010001100010101000110011010010100000011010000110000010010001000101011110111
5 11  100 1000001000000100010000000010001100010101000110011010010101000011010000110000010010001000101011110111
4 12  100 1000001000000100010000000010001100010101000110011010010111000011110000110000010010001000101011110111
3 13  100 1000001000000100010000000010001100010101000110011010010100101011011010110000010010001000101011110111
runNumber 5
genCount 5521
elapsedTime 599.878
unaryHyperVol 378
binaryHyperVol 3.75
additiveEps 0.25
entropy 0.489829
archive 5
4
6 10  100 1000001000000100010000000010001100010101000110011010010100000011010000110000010010001000101011110111
5 11  100 1000001000000100010000000010001100010101000110011010010100101011010000110000010010001000101011110111
4 12  100 1000001000000100010000000010001100010101000110011010010101000011110000110000010010001000101011110111
3 13  100 1000001000000100010000000010001100010101000110011010010100101011011010110000010010001000101011110111
runNumber 6
genCount 5627
elapsedTime 600.061
unaryHyperVol 366
binaryHyperVol 6
additiveEps 0.4
entropy 0.453679
archive 6
4
6 11  100 1000001000010001010000000010001100010101000110011010010100000011010000110000010010001000101011110111
5 12  100 1000001000010001010000000010001100010101000110011010010100101011010000110000010010001000101011110111
4 13  100 1000001000010001010000000010001100010101000110011010010101000011110000110000010010001000101011110111
3 14  100 1000001000010001010000000010001100010101000110011010010100101011011010110000010010001000101011110111
runNumber 7
genCount 5689
elapsedTime 599.871
unaryHyperVol 366
binaryHyperVol 7.5
additiveEps 0.5
entropy 0.475082
archive 7
2
6 11  100 1000001000000100010000000010001101100101000110011010010100000011010000110000010010001000101011110111
3 13  100 1000001000000100010000000010001100100101000110011010010100101011011010110000010010001000101011110111
runNumber 8
genCount 5465
elapsedTime 599.928
unaryHyperVol 374
binaryHyperVol 3.2
additiveEps 0.25
entropy 0.43236
archive 8
5
7 10  100 1000001000000101010000000010000100010101000110011010010100000011010000110000010010001000101011110111
6 11  100 1000001000010001010000000010001100010101000110011010010100000011010000110000010010001000101011110111
5 12  100 1000001000010001010000000010001100010101000110011010010100101011010000110000010010001000101011110111
4 13  100 1000001000010001010000000010001100010101000110011010010101000011110000110000010010001000101011110111
3 14  100 1000001000010001010000000010001100010101000110011010010100101011011010110000010010001000101011110111
runNumber 9
genCount 5447
elapsedTime 599.943
unaryHyperVol 378
binaryHyperVol 3.75
additiveEps 0.25
entropy 0.489829
archive 9
4
6 10  100 1000001000000100010000000010001100010101000110011010010100000011010000110000010010001000101011110111
5 11  100 1000001000000100010000000010001100010101000110011010010100101011010000110000010010001000101011110111
4 12  100 1000001000000100010000000010001100010101000110011010010101000011110000110000010010001000101011110111
3 13  100 1000001000000100010000000010001100010101000110011010010100101011011010110000010010001000101011110111
runNumber 10
genCount 5564
elapsedTime 599.942
unaryHyperVol 368
binaryHyperVol 7.33333
additiveEps 0.5
entropy 0.427067
archive 10
3
6 11  100 1000001000000100010000000010001100100101000110011010010100000011110000110000010010001000101011110111
4 12  100 1000001000000100010000000010001100100101000110011010010111000011110000110000010010001000101011110111
3 13  100 1000001000000100010000000010001100100101000110011010010100101011011010110000010010001000101011110111
runNumber 11
genCount 5582
elapsedTime 599.874
unaryHyperVol 369
binaryHyperVol 9.66667
additiveEps 0.666667
entropy 0.49717
archive 11
2
6 11  100 1000001000010100010000000010001100100101000110011010010100000011011010110001100010001000101011110111
3 12  100 1000001000010100010000000010001100100101000110011010010100101011011010110001100010001000101011110111
runNumber 12
genCount 5530
elapsedTime 599.965
unaryHyperVol 357
binaryHyperVol 11
additiveEps 0.75
entropy 0.475082
archive 12
2
6 12  100 1000001000010100010000000010001100100101000110011010010100000011011010110001100010001000010111110111
3 13  100 1000001000010100010000000010001100100101000110011010010100101011011010110001100010001000010111110111
runNumber 13
genCount 5590
elapsedTime 599.911
unaryHyperVol 366
binaryHyperVol 6
additiveEps 0.4
entropy 0.453679
archive 13
4
6 11  100 1000001000000100010000000010001100010101000110011010010100000011010000110000010010001000010111110111
5 12  100 1000001000000100010000000010001100010101000110011010010100101011010000110000010010001000010111110111
4 13  100 1000001000000100010000000010001100010101000110011010010101000011110000110000010010001000010111110111
3 14  100 1000001000000100010000000010001100010101000110011010010100101011011010110000010010001000010111110111
runNumber 14
genCount 5394
elapsedTime 599.86
unaryHyperVol 366
binaryHyperVol 6
additiveEps 0.4
entropy 0.453679
archive 14
4
6 11  100 1000001000010001010000000010001100010101000110011010010100000011010000110000010010001000101011110111
5 12  100 1000001000010001010000000010001100010101000110011010010100101011010000110000010010001000101011110111
4 13  100 1000001000010001010000000010001100010101000110011010010101000011110000110000010010001000101011110111
3 14  100 1000001000010001010000000010001100010101000110011010010100101011011010110000010010001000101011110111
runNumber 15
genCount 5443
elapsedTime 600.07
unaryHyperVol 366
binaryHyperVol 6
additiveEps 0.4
entropy 0.453679
archive 15
4
6 11  100 1000001000000100010010000010001100010101000110011010010100000011010000110000010010010000101011110111
5 12  100 1000001000000100011010000010001100010101000110011010010111000011010000110000010010010000101011110111
4 13  100 1000001000000100011010000010001100010101000110011010010101000011110000110000010010010000101011110111
3 14  100 1000001000000100011010000010001100010101000110011010010100101011011010110000010010010000101011110111
runNumber 16
genCount 5797
elapsedTime 599.872
unaryHyperVol 366
binaryHyperVol 6
additiveEps 0.4
entropy 0.453679
archive 16
4
6 11  100 1000001000010001010000000010001100010101000110011010010100000011010000110000010010001000101011110111
5 12  100 1000001000010001010000000010001100010101000110011010010111000011010000110000010010001000101011110111
4 13  100 1000001000010001010000000010001100010101000110011010010101000011110000110000010010001000101011110111
3 14  100 1000001000010001010000000010001100010101000110011010010100101011011010110000010010001000101011110111
runNumber 17
genCount 5585
elapsedTime 599.842
unaryHyperVol 366
binaryHyperVol 6
additiveEps 0.4
entropy 0.453679
archive 17
4
6 11  100 1000001000010001010000000010001100010101000110011010010100000011010000110000010010001000101011110111
5 12  100 1000001000010100010000000010001100010101000110011010010100101011010000110000010010001000101011110111
4 13  100 1000001000010001010000000010001100010101000110011010010101000011110000110000010010001000101011110111
3 14  100 1000001000010001010000000010001100010101000110011010010100101011011010110000010010001000101011110111
runNumber 18
genCount 5578
elapsedTime 600.017
unaryHyperVol 390
binaryHyperVol 0
additiveEps 0
entropy 0.168124
archive 18
4
6 9  100 1000001000010100010000000010001100010101000110011010010100000011010000110001100010001000101011110111
5 10  100 1000001000010100010000000010001100010101000110011010010101000011010000110001100010001000101011110111
4 11  100 1000001000010100010000000010001100010101000110011010010101000011110000110001100010001000101011110111
3 12  100 1000001000010100010000000010001100010101000110011010010100101011011010110001100010001000101011110111
runNumber 19
genCount 5525
elapsedTime 599.927
unaryHyperVol 357
binaryHyperVol 11
additiveEps 0.75
entropy 0.475082
archive 19
2
6 12  100 1000001000000100010000000010001100100101000110011010010100000011011010110000010010001000101011110111
3 13  100 1000001000000100010000000010001100100101000110011010010100101011011010110000010010001000101011110111
runNumber 20
genCount 5592
elapsedTime 599.863
unaryHyperVol 356
binaryHyperVol 8.86667
additiveEps 0.6
entropy 0.427067
archive 20
3
6 12  100 1000001000010001010000000010001100100101000110011010010100000011110000110000010010001000101011110111
4 13  100 1000001000010001010000000010001100100101000110011010010101000011110000110000010010001000101011110111
3 14  100 1000001000010001010000000010001100100101000110011010010100101011011010110000010010001000101011110111
runNumber 21
genCount 5886
elapsedTime 599.841
unaryHyperVol 345
binaryHyperVol 11.8
additiveEps 0.8
entropy 0.475082
archive 21
2
6 13  100 1000001000010001010000000010001100100101000110011010010100000011011010110000010010001000101011110111
3 14  100 1000001000010001010000000010001100100101000110011010010100101011011010110000010010001000101011110111
runNumber 22
genCount 5634
elapsedTime 599.923
unaryHyperVol 356
binaryHyperVol 8.86667
additiveEps 0.6
entropy 0.427067
archive 22
3
6 12  100 1000001000000100010010000010001100100101000110011010010100000011110000110000010010010000101011110111
4 13  100 1000001000000100011010000010001100100101000110011010010101000011110000110000010010010000101011110111
3 14  100 1000001000000100011010000010001100100101000110011010010100101011011010110000010010010000101011110111
runNumber 23
genCount 5601
elapsedTime 599.886
unaryHyperVol 354
binaryHyperVol 7.5
additiveEps 0.5
entropy 0.554333
archive 23
4
6 12  100 1000001000010001011010000010001100010101000110011010010100000011010000110000010010010000101011110111
5 13  100 1000001000010001011010000010001100010101000110011010010100101011010000110000010010010000101011110111
4 14  100 1000001000010001011010000010001100010101000110011010010101000011110000110000010010010000101011110111
3 15  100 1000001000010001011010000010001100010101000110011010010100101011011010110000010010010000101011110111
runNumber 24
genCount 5436
elapsedTime 599.841
unaryHyperVol 378
binaryHyperVol 3.75
additiveEps 0.25
entropy 0.489829
archive 24
4
6 10  100 1000001000000100010000000010001100010101000110011010010100000011010000110000010010001000101011110111
5 11  100 1000001000000100010000000010001100010101000110011010010100101011010000110000010010001000101011110111
4 12  100 1000001000000100010000000010001100010101000110011010010101000011110000110000010010001000101011110111
3 13  100 1000001000000100010000000010001100010101000110011010010100101011011010110000010010001000101011110111
runNumber 25
genCount 5466
elapsedTime 599.852
unaryHyperVol 378
binaryHyperVol 3.75
additiveEps 0.25
entropy 0.489829
archive 25
4
6 10  100 1000001000010100010000000010001100010101000110011010010100000011010000110001100010001000010111110111
5 11  100 1000001000010100010000000010001100010101000110011010010100000011010000110101100010001000010111110111
4 12  100 1000001000010100010000000010001100010101000110011010010100000011110000110101100010001000010111110111
3 13  100 1000001000010100010000000010001100010101000110011010010100101011011010110001100010001000010111110111
runNumber 26
genCount 5562
elapsedTime 600
unaryHyperVol 378
binaryHyperVol 3.75
additiveEps 0.25
entropy 0.489829
archive 26
4
6 10  100 1000001000000100010000000010001100010101000110011010010100000011010000110000010010001000101011110111
5 11  100 1000001000000100010000000010001100010101000110011010010100101011010000110000010010001000101011110111
4 12  100 1000001000000100010000000010001100010101000110011010010111000011110000110000010010001000101011110111
3 13  100 1000001000000100010000000010001100010101000110011010010100101011011010110000010010001000101011110111
runNumber 27
genCount 5561
elapsedTime 599.927
unaryHyperVol 378
binaryHyperVol 3.75
additiveEps 0.25
entropy 0.489829
archive 27
4
6 10  100 1000001000000100010000000010001100010101000110011010010100000011010000110000010010001000101011110111
5 11  100 1000001000000100010000000010001100010101000110011010010100101011010000110000010010001000101011110111
4 12  100 1000001000000100010000000010001100010101000110011010010111000011110000110000010010001000101011110111
3 13  100 1000001000000100010000000010001100010101000110011010010100101011011010110000010010001000101011110111
runNumber 28
genCount 5457
elapsedTime 599.884
unaryHyperVol 366
binaryHyperVol 6
additiveEps 0.4
entropy 0.453679
archive 28
4
6 11  100 1000001000010001010000000010001100010101000110011010010100000011010000110000010010001000101011110111
5 12  100 1000001000010001010000000010001100010101000110011010010100101011010000110000010010001000101011110111
4 13  100 1000001000010001010000000010001100010101000110011010010101000011110000110000010010001000101011110111
3 14  100 1000001000010001010000000010001100010101000110011010010100101011011010110000010010001000101011110111
runNumber 29
genCount 5385
elapsedTime 599.968
unaryHyperVol 366
binaryHyperVol 6
additiveEps 0.4
entropy 0.453679
archive 29
4
6 11  100 1000001000010001010000000010001100010101000110011010010100000011010000110000010010001000101011110111
5 12  100 1000001000010001010000000010001100010101000110011010010100000011010000110000010010001000101011110101
4 13  100 1000001000010001010000000010001100010101000110011010010101000011110000110000010010001000101011110111
3 14  100 1000001000010001010000000010001100100101000110011010010100101011011010110000010010001000101011110111
