OptimalFront
unaryHyperVol 412
4
7 11  100 0101111001010000001001111001011111010111101110000111101101011000110101101110000001101111101001001010
5 12  100 0101111001010000001001110101011111010111101110000111101101011000110101101110000001101111101001001010
4 13  100 0100110001010000010000111001011111010111101110000111101101011000000101101110100001101111101001001010
3 15  100 0100001001010100010000111001101111100111101110000111101101011000000101101110100001101111101001001010
-------------------------
runNumber 0
genCount 5559
elapsedTime 599.943
unaryHyperVol 357
binaryHyperVol 13.5312
additiveEps 0.5
entropy 0.475082
archive 0
2
11 13  100 0101110001010000010000111001011111010111101110000111101101011000001001101100010001100111101001001010
4 14  100 0101110001010000010000111001011111010111101110000111101100011000001001100100010001101111101001001010
runNumber 1
genCount 5632
elapsedTime 599.946
unaryHyperVol 363
binaryHyperVol 18.1875
additiveEps 0.5
entropy 0.475082
archive 1
2
5 13  100 1000001001100100010000111001011111010111101110000111101101011000110101101110000001101111101001001010
4 14  100 1000001001100100010000111001011111010111101110000111101101010001000101101110000001101111101001001010
runNumber 2
genCount 5577
elapsedTime 600.041
unaryHyperVol 347
binaryHyperVol 20.1
additiveEps 0.6
entropy 0.427067
archive 2
3
7 14  100 1101111001010000001001111001101111100111101110000111101101011000001001101110000101101111100100001010
5 15  100 1101111001010000001001110101101111100111101110000111101101011000001001101110000101101111100100001010
4 16  100 0101110101010000001001001001101111100111101110000111101101011000001001101110000101101111100100001010
runNumber 3
genCount 5830
elapsedTime 599.885
unaryHyperVol 364
binaryHyperVol 16.5
additiveEps 1
entropy 0
archive 3
1
3 15  100 0101001001010000010000111001101111100111101110000111101101011000001001100000010001101111000001001010
runNumber 4
genCount 5601
elapsedTime 600.041
unaryHyperVol 358
binaryHyperVol 11.25
additiveEps 0.666667
entropy 0.427067
archive 4
3
7 15  100 1000111001100100001001111001101111100111101110000111101101011000001001100000010001101111000001001010
5 16  100 1000111001100100001001110101101111100111101110000111101101011000001001100000010001101111000001001010
3 17  100 1000110101100100001001001001101111100111101110000111101101011000001001100000010001101111000001001010
runNumber 5
genCount 5486
elapsedTime 599.999
unaryHyperVol 346
binaryHyperVol 18.5
additiveEps 0.5
entropy 0.427067
archive 5
3
7 14  100 1001111001101000001001111001101111100111101110000111101101011000110101100000000001101111000001001010
5 15  100 1001111001101000001001110101101111100111101110000111101101011000110101100000000001101111000001001010
4 17  100 1001110101101000001001001001101111100111101110000111101101010001000101100000000001101111000001001010
runNumber 6
genCount 5548
elapsedTime 599.928
unaryHyperVol 363
binaryHyperVol 13.25
additiveEps 0.8
entropy 0.475082
archive 6
2
4 15  100 1000001001100100010000111001011111010111101110000111101101011000001001100000010001101111000001001010
3 16  100 1000001001100100010000111001101111010111101110000111101101011000001001100000010001101111000001001010
runNumber 7
genCount 5566
elapsedTime 600.033
unaryHyperVol 372
binaryHyperVol 10.1
additiveEps 0.6
entropy 0.427067
archive 7
3
7 14  100 0101111001010000001001111001101111100111101110000111101101011000001001100000010001101111000001001010
5 15  100 0101111001010000001001110101101111100111101110000111101101011000001001100000010001101111000001001010
3 16  100 0101110101010000001001001001101111100111101110000111101101011000001001100000010001101111000001001010
runNumber 8
genCount 5685
elapsedTime 599.968
unaryHyperVol 376
binaryHyperVol 9.9
additiveEps 0.6
entropy 0.475082
archive 8
2
4 14  100 0101111001010000000000111001101101010111101110000111101101011000001001100000010001101111000001001010
3 16  100 0101110101010000001001001001101111010111101110000111101101011000001001100000010001101111000001001010
runNumber 9
genCount 5491
elapsedTime 599.998
unaryHyperVol 356
binaryHyperVol 14.92
additiveEps 0.4
entropy 0.469946
archive 9
4
8 13  100 1000111001100100001001111001101111100111101110000111101101010000000101101110000001101111101001001010
7 14  100 1000111001100100001001111001101111100111101110000111101101010001000101101110000001101111101001001010
5 15  100 1000111001100100001001110101101111100111101110000111101101010001000101101110000001101111101001001010
4 16  100 1000110101100100001001001001101111100111101110000111101101010001000101101110000001101111101001001010
runNumber 10
genCount 5461
elapsedTime 599.9
unaryHyperVol 363
binaryHyperVol 18.1875
additiveEps 0.5
entropy 0.475082
archive 10
2
5 13  100 1101110001010000010000111001101111100111101110000111101101011000110101101110000001101111101001001010
4 14  100 1101110001010000010000111001101111100111101110000111101101010001000101101110000001101111101001001010
runNumber 11
genCount 5487
elapsedTime 600.022
unaryHyperVol 389
binaryHyperVol 8.1875
additiveEps 0.5
entropy 0.449615
archive 11
3
5 13  100 1101001001010000010000111001101111100111101110000111101101011000110101101110000001101111101001001010
4 14  100 0100001001010000010000111001101111100111101110000111101101011000000101101110100001101111101001001010
3 15  100 0100001001010100010000111001101111100111101110000111101101011000000101101110100001101111101001001010
runNumber 12
genCount 5585
elapsedTime 599.981
unaryHyperVol 242
binaryHyperVol 46.75
additiveEps 1
entropy 0
archive 12
1
6 19  100 0011001001100100000000111001101001010111101101000001101101011000101001101110001100101111101001001010
runNumber 13
genCount 5473
elapsedTime 599.957
unaryHyperVol 358
binaryHyperVol 11.25
additiveEps 0.666667
entropy 0.427067
archive 13
3
7 15  100 1000111001100100001001111001101111100111101110000111101101011000001001100000010001101111000001001010
5 16  100 1000111001100100001001110101101111100111101110000111101101011000001001100000010001101111000001001010
3 17  100 1000110101100100001001001001101111100111101110000111101101011000001001100000010001101111000001001010
runNumber 14
genCount 5559
elapsedTime 600.021
unaryHyperVol 358
binaryHyperVol 11.25
additiveEps 0.666667
entropy 0.427067
archive 14
3
7 15  100 1000111001100100001001111001101111100111101110000111101101011000001001100000010001101111000001001010
5 16  100 1000111001100100001001110101101111100111101110000111101101011000001001100000010001101111000001001010
3 17  100 1000110101100100001001001001101111100111101110000111101101011000001001100000010001101111000001001010
runNumber 15
genCount 5622
elapsedTime 599.981
unaryHyperVol 347
binaryHyperVol 20.6
additiveEps 0.75
entropy 0.475082
archive 15
2
8 14  100 1001001001100111000000111001101101010111101110000111101101010000001001101110000001101111101001001010
4 15  100 1001001001100111000000111001101101010111101110000111101101010001001001101110000001101111101001001010
runNumber 16
genCount 5544
elapsedTime 599.864
unaryHyperVol 377
binaryHyperVol 12.3125
additiveEps 0.75
entropy 0.49717
archive 16
2
4 14  100 0100001001010000010000111001101111100111101110000111101101011000001001101110100001101111101001001010
3 15  100 0100001001010100010000111001101111100111101110000111101101011000001001101110100001101111101001001010
runNumber 17
genCount 5851
elapsedTime 600.03
unaryHyperVol 350
binaryHyperVol 16.6
additiveEps 1
entropy 0
archive 17
1
3 16  100 1000001001100100010000111001101111100111101110000111101101011000001001100000010001101111000001001010
runNumber 18
genCount 5440
elapsedTime 599.942
unaryHyperVol 370
binaryHyperVol 14.375
additiveEps 0.5
entropy 0.440615
archive 18
3
7 12  100 1000111001100100001001111001011111010111101110000111101101011000110101101110000001101111101001001010
5 14  100 1000110101100100001001001001011111010111101110000111101101011000110101101110000001101111101001001010
4 15  100 1000110101100100001001001001011111010111101110000111101101010001000101101110000001101111101001001010
runNumber 19
genCount 5721
elapsedTime 599.982
unaryHyperVol 276
binaryHyperVol 36.7143
additiveEps 1
entropy 0
archive 19
1
5 18  100 1001001001101000010000111001100011000111100000000111101101011000001001100000001101101111000001010000
runNumber 20
genCount 5351
elapsedTime 599.952
unaryHyperVol 405
binaryHyperVol 0.28
additiveEps 0.4
entropy 0.493342
archive 20
4
8 11  100 1101111001010000001001111001011111010111101110000111101101010000001001101110000001101111101001001010
7 12  100 0100111001010000001001111001011111010111101110000111101101011000001001101110100001101111101001001010
4 14  100 0100110101010000001001001001011111010111101110000111101101011000001001101110100001101111101001001010
3 16  100 0100110101010100001001001001101111010111101110000111101101011000001001101110100001101111101001001010
runNumber 21
genCount 5498
elapsedTime 600.044
unaryHyperVol 372
binaryHyperVol 10.1
additiveEps 0.6
entropy 0.427067
archive 21
3
7 14  100 0101111001010000001001111001101111100111101110000111101101011000001001100000010001101111000001001010
5 15  100 0101111001010000001001110101101111100111101110000111101101011000001001100000010001101111000001001010
3 16  100 0101110101010000001001001001101111100111101110000111101101011000001001100000010001101111000001001010
runNumber 22
genCount 5368
elapsedTime 599.941
unaryHyperVol 333
binaryHyperVol 19.7143
additiveEps 0.571429
entropy 0.427067
archive 22
3
7 15  100 1000111001100100001001111001101111100111101110000111101101011000001001101100010001101100101001001001
5 16  100 1000111001100100001001110101101111100111101110000111101101011000001001101100010001101100101001001001
4 18  100 1000111001100100001001011001101111100000101110000111101101011000001001101100010001101100101001001001
runNumber 23
genCount 5441
elapsedTime 600.014
unaryHyperVol 372
binaryHyperVol 10.1
additiveEps 0.6
entropy 0.427067
archive 23
3
7 14  100 0101111001010000001001111001101111100111101110000111101101011000000101100000010001101111000001001010
5 15  100 0101111001010000001001110101101111100111101110000111101101011000000101100000010001101111000001001010
3 16  100 0101110101010000001001001001101111100111101110000111101101011000000101100000010001101111000001001010
runNumber 24
genCount 5553
elapsedTime 599.91
unaryHyperVol 377
binaryHyperVol 12.3125
additiveEps 0.75
entropy 0.49717
archive 24
2
4 14  100 0100001001010000010000111001101111100111101110000111101101011000000101101110100001101111101001001010
3 15  100 0100001001010100010000111001101111100111101110000111101101011000000101101110100001101111101001001010
runNumber 25
genCount 5520
elapsedTime 599.96
unaryHyperVol 346
binaryHyperVol 18.5
additiveEps 0.5
entropy 0.427067
archive 25
3
7 14  100 0101001001010011001001111001101111100111101110000111101101011000001001101110100001101111101001001010
5 15  100 1101001001010011001001110101101111100111101110000111101101011000001001101110100001101111101001001010
4 17  100 0101001000010111001001110101101111100111101110000111101101011000001001101110100001101111101001001010
runNumber 26
genCount 5438
elapsedTime 600.027
unaryHyperVol 346
binaryHyperVol 18.5
additiveEps 0.5
entropy 0.427067
archive 26
3
7 14  100 0101001001010011001001111001101111100111101110000111101101011000001001101110100001101111101001001010
5 15  100 0101001001010011001001110101101111100111101110000111101101011000001001101110100001101111101001001010
4 17  100 1101000101010111001001001001101111100111101110000111101101011000001001101110100001101111101001001010
runNumber 27
genCount 5363
elapsedTime 599.982
unaryHyperVol 359
binaryHyperVol 16.8
additiveEps 0.4
entropy 0.425477
archive 27
3
7 13  100 1000111001100100001001111001011111010111101110000111101101011000000101101110001100101111101001001010
5 14  100 1000111001100100001001110101011111010111101110000111101101011000000101101110001100101111101001001010
4 16  100 1000110101100100001001001001011111010111101110000111101101011000000101101100010001101100101001001001
runNumber 28
genCount 5372
elapsedTime 599.913
unaryHyperVol 410
binaryHyperVol 0.1
additiveEps 0.2
entropy 0.446479
archive 28
4
7 11  100 0101111001010000001001111001011111010111101110000111101101011000110101101110000001101111101001001010
5 12  100 0101111001010000001001110101011111010111101110000111101101011000110101101110000001101111101001001010
4 14  100 0100110101010000001001001001011111010111101110000111101101011000000101101110100001101111101001001010
3 16  100 0100110101010100001001001001101111010111101110000111101101011000000101101110100001101111101001001010
runNumber 29
genCount 5451
elapsedTime 600.003
unaryHyperVol 355
binaryHyperVol 13.8333
additiveEps 0.4
entropy 0.431037
archive 29
4
8 13  100 1000111001100100001001111001101111100111101110000111101101010000001001101110000001101111101001001010
7 14  100 1000111001100100001001111001101111100111101110000111101101010001001001101110000001101111101001001010
5 15  100 1000111001100100001001110101101111100111101110000111101101010001001001101110000001101111101001001010
4 17  100 1000111001100100001001011001101111100000101110000111101101010001001001101110000001101111101001001010
