OptimalFront
unaryHyperVol 234
Optimal front is obtained by exact method
-------------------------
3
2 6
3 4
6 3
runNumber 0
genCount 5742
elapsedTime 599.895
unaryHyperVol 234
binaryHyperVol 0
additiveEps 0
entropy 0.461903
archive 0
3
6 3  100 0000011101000100100011111100000000100100100000000101101010001001001111110111111010100101100011001011
3 4  100 0000101101000100100011111100000000100100100000000101101010001001001111110111111010100101100011001011
2 6  100 0000101101010000100011111100000000100100100000000101101010001001001111110111111010100101100011001011
runNumber 1
genCount 5782
elapsedTime 599.974
unaryHyperVol 234
binaryHyperVol 0
additiveEps 0
entropy 0.461903
archive 1
3
6 3  100 0000011101000100100011111100000000100100100000000101101010001001001111110111111010100101100011001011
3 4  100 0000101101000100100011111100000000100100100000000101101010001001001111110111111010100101100011001011
2 6  100 0000101101010000100011111100000000100100100000000101101010001001001111110111111010100101100011001011
runNumber 2
genCount 5795
elapsedTime 599.747
unaryHyperVol 234
binaryHyperVol 0
additiveEps 0
entropy 0.461903
archive 2
3
6 3  100 0000011101000100100011111100000000100100100000000101101010001001001111110111111010100101100011001011
3 4  100 0000101101000100100011111100000000100100100000000101101010001001001111110111111010100101100011001011
2 6  100 0000101101010000100011111100000000100100100000000101101010001001001111110111111010100101100011001011
runNumber 3
genCount 5998
elapsedTime 599.97
unaryHyperVol 234
binaryHyperVol 0
additiveEps 0
entropy 0.461903
archive 3
3
6 3  100 0000011101000100100011111100000000100100100000000101101010001001001111110111111010100101100011001011
3 4  100 0000101101000100100011111100000000100100100000000101101010001001001111110111111010100101100011001011
2 6  100 0000101101010000100011111100000000100100100000000101101010001001001111110111111010100101100011001011
runNumber 4
genCount 5980
elapsedTime 599.905
unaryHyperVol 220
binaryHyperVol 6.5
additiveEps 0.666667
entropy 0.509891
archive 4
2
6 5  100 1010011101010000100011111100000000100100100000000101101010001001001111110111111010100101100011001011
2 6  100 1010101101010000100011111100000000100100100000000101101010001001001111110111111010100101100011001011
runNumber 5
genCount 5669
elapsedTime 599.956
unaryHyperVol 234
binaryHyperVol 0
additiveEps 0
entropy 0.461903
archive 5
3
6 3  100 0000011101000100100011111100000000100100100000000101101010001001001111110111111010100101100011001011
3 4  100 0000101101000100100011111100000000100100100000000101101010001001001111110111111010100101100011001011
2 6  100 0000101101010000100011111100000000100100100000000101101010001001001111110111111010100101100011001011
runNumber 6
genCount 5808
elapsedTime 599.83
unaryHyperVol 234
binaryHyperVol 0
additiveEps 0
entropy 0.461903
archive 6
3
6 3  100 0000011101000100100011111100000000100100100000000101101010001001001111110111111010100101100011001011
3 4  100 0000101101000100100011111100000000100100100000000101101010001001001111110111111010100101100011001011
2 6  100 0000101101010000100011111100000000100100100000000101101010001001001111110111111010100101100011001011
runNumber 7
genCount 5909
elapsedTime 599.986
unaryHyperVol 234
binaryHyperVol 0
additiveEps 0
entropy 0.461903
archive 7
3
6 3  100 0000011101000100100011111100000000100100100000000101101010001001001111110111111010100101100011001011
3 4  100 0000101101000100100011111100000000100100100000000101101010001001001111110111111010100101100011001011
2 6  100 0000101101010000100011111100000000100100100000000101101010001001001111110111111010100101100011001011
runNumber 8
genCount 5991
elapsedTime 599.892
unaryHyperVol 227
binaryHyperVol 3.25
additiveEps 0.333333
entropy 0.454958
archive 8
3
6 4  100 0000011101010100100011111100000000100100100000000101101010001001001111110111111010100101100011001011
3 5  100 0000101101010100100011111100000000100100100000000101101010001001001111110111111010100101100011001011
2 6  100 1010101101010000100011111100000000100100100000000101101010001001001111110111111010100101100011001011
runNumber 9
genCount 5934
elapsedTime 600.047
unaryHyperVol 226
binaryHyperVol 3.33333
additiveEps 0.333333
entropy 0.470519
archive 9
3
6 4  100 1010011101000101100011111100000000100100100000000101101010001001001111110111111010100101100011001011
4 5  100 1010101101000101100011111100000000100100100000000101101010001001001111110111111010100101100011001011
2 6  100 1010101101010000100011111100000000100100100000000101101010001001001111110111111010100101100011001011
runNumber 10
genCount 5911
elapsedTime 599.889
unaryHyperVol 234
binaryHyperVol 0
additiveEps 0
entropy 0.461903
archive 10
3
6 3  100 0000011101000100100011111100000000100100100000000101101010001001001111110111111010100101100011001011
3 4  100 0000101101000100100011111100000000100100100000000101101010001001001111110111111010100101100011001011
2 6  100 0000101101010000100011111100000000100100100000000101101010001001001111110111111010100101100011001011
runNumber 11
genCount 5938
elapsedTime 599.856
unaryHyperVol 220
binaryHyperVol 6.5
additiveEps 0.666667
entropy 0.509891
archive 11
2
6 5  100 1010011101010000100011111100000000100100100000000101101010001001001111110111111010100101100011001011
2 6  100 1010101101010000100011111100000000100100100000000101101010001001001111110111111010100101100011001011
runNumber 12
genCount 5861
elapsedTime 599.9
unaryHyperVol 226
binaryHyperVol 3.33333
additiveEps 0.333333
entropy 0.470519
archive 12
3
6 4  100 1010011101000101100011111100000000100100100000000101101010001001001111110111111010100101100011001011
4 5  100 1010101101000101100011111100000000100100100000000101101010001001001111110111111010100101100011001011
2 6  100 1010101101010000100011111100000000100100100000000101101010001001001111110111111010100101100011001011
runNumber 13
genCount 5754
elapsedTime 599.946
unaryHyperVol 234
binaryHyperVol 0
additiveEps 0
entropy 0.461903
archive 13
3
6 3  100 0000011101000100100011111100000000100100100000000101101010001001001111110111111010100101100011001011
3 4  100 0000101101000100100011111100000000100100100000000101101010001001001111110111111010100101100011001011
2 6  100 0000101101010000100011111100000000100100100000000101101010001001001111110111111010100101100011001011
runNumber 14
genCount 5928
elapsedTime 599.997
unaryHyperVol 234
binaryHyperVol 0
additiveEps 0
entropy 0.461903
archive 14
3
6 3  100 0000011101000100100011111100000000100100100000000101101010001001001111110111111010100101100011001011
3 4  100 0000101101000100100011111100000000100100100000000101101010001001001111110111111010100101100011001011
2 6  100 0000101101010000100011111100000000100100100000000101101010001001001111110111111010100101100011001011
runNumber 15
genCount 5800
elapsedTime 599.871
unaryHyperVol 234
binaryHyperVol 0
additiveEps 0
entropy 0.461903
archive 15
3
6 3  100 0000011101000100100011111100000000100100100000000101101010001001001111110111111010100101100011001011
3 4  100 0000101101000100100011111100000000100100100000000101101010001001001111110111111010100101100011001011
2 6  100 0000101101010000100011111100000000100100100000000101101010001001001111110111111010100101100011001011
runNumber 16
genCount 5745
elapsedTime 599.851
unaryHyperVol 234
binaryHyperVol 0
additiveEps 0
entropy 0.461903
archive 16
3
6 3  100 0000011101000100100011111100000000100100100000000101101010001001001111110111111010100101100011001011
3 4  100 0000101101000100100011111100000000100100100000000101101010001001001111110111111010100101100011001011
2 6  100 0000101101010000100011111100000000100100100000000101101010001001001111110111111010100101100011001011
runNumber 17
genCount 5844
elapsedTime 599.919
unaryHyperVol 234
binaryHyperVol 0
additiveEps 0
entropy 0.461903
archive 17
3
6 3  100 0000011101000100100011111100000000100100100000000101101010001001001111110111111010100101100011001011
3 4  100 0000101101000100100011111100000000100100100000000101101010001001001111110111111010100101100011001011
2 6  100 0000101101010000100011111100000000100100100000000101101010001001001111110111111010100101100011001011
runNumber 18
genCount 6009
elapsedTime 599.845
unaryHyperVol 220
binaryHyperVol 6.5
additiveEps 0.666667
entropy 0.509891
archive 18
2
6 5  100 1010011101010000100011111100000000100100100000000101101010001001001111110111111010100101100011001011
2 6  100 1010101101010000100011111100000000100100100000000101101010001001001111110111111010100101100011001011
runNumber 19
genCount 5805
elapsedTime 599.959
unaryHyperVol 234
binaryHyperVol 0
additiveEps 0
entropy 0.461903
archive 19
3
6 3  100 0000011101000100100011111100000000100100100000000101101010001001001111110111111010100101100011001011
3 4  100 0000101101000100100011111100000000100100100000000101101010001001001111110111111010100101100011001011
2 6  100 0000101101010000100011111100000000100100100000000101101010001001001111110111111010100101100011001011
runNumber 20
genCount 5853
elapsedTime 600.008
unaryHyperVol 234
binaryHyperVol 0
additiveEps 0
entropy 0.461903
archive 20
3
6 3  100 0000011101000100100011111100000000100100100000000101101010001001001111110111111010100101100011001011
3 4  100 0000101101000100100011111100000000100100100000000101101010001001001111110111111010100101100011001011
2 6  100 0000101101010000100011111100000000100100100000000101101010001001001111110111111010100101100011001011
runNumber 21
genCount 5726
elapsedTime 599.987
unaryHyperVol 234
binaryHyperVol 0
additiveEps 0
entropy 0.461903
archive 21
3
6 3  100 0000011101000100100011111100000000100100100000000101101010001001001111110111111010100101100011001011
3 4  100 0000101101000100100011111100000000100100100000000101101010001001001111110111111010100101100011001011
2 6  100 0000101101010000100011111100000000100100100000000101101010001001001111110111111010100101100011001011
runNumber 22
genCount 5868
elapsedTime 600.001
unaryHyperVol 234
binaryHyperVol 0
additiveEps 0
entropy 0.461903
archive 22
3
6 3  100 0000011101000100100011111100000000100100100000000101101010001001001111110111111010100101100011001011
3 4  100 0000101101000100100011111100000000100100100000000101101010001001001111110111111010100101100011001011
2 6  100 0000101101010000100011111100000000100100100000000101101010001001001111110111111010100101100011001011
runNumber 23
genCount 5806
elapsedTime 600.002
unaryHyperVol 234
binaryHyperVol 0
additiveEps 0
entropy 0.461903
archive 23
3
6 3  100 0000011101000100100011111100000000100100100000000101101010001001001111110111111010100101100011001011
3 4  100 0000101101000100100011111100000000100100100000000101101010001001001111110111111010100101100011001011
2 6  100 0000101101010000100011111100000000100100100000000101101010001001001111110111111010100101100011001011
runNumber 24
genCount 5880
elapsedTime 599.9
unaryHyperVol 234
binaryHyperVol 0
additiveEps 0
entropy 0.461903
archive 24
3
6 3  100 0000011101000100100011111100000000100100100000000101101010001001001111110111111010100101100011001011
3 4  100 0000101101000100100011111100000000100100100000000101101010001001001111110111111010100101100011001011
2 6  100 0000101101010000100011111100000000100100100000000101101010001001001111110111111010100101100011001011
runNumber 25
genCount 5833
elapsedTime 599.974
unaryHyperVol 234
binaryHyperVol 0
additiveEps 0
entropy 0.461903
archive 25
3
6 3  100 0000011101000100100011111100000000100100100000000101101010001001001111110111111010100101100011001011
3 4  100 0000101101000100100011111100000000100100100000000101101010001001001111110111111010100101100011001011
2 6  100 0000101101010000100011111100000000100100100000000101101010001001001111110111111010100101100011001011
runNumber 26
genCount 5914
elapsedTime 600.021
unaryHyperVol 234
binaryHyperVol 0
additiveEps 0
entropy 0.461903
archive 26
3
6 3  100 0000011101000100100011111100000000100100100000000101101010001001001111110111111010100101100011001011
3 4  100 0000101101000100100011111100000000100100100000000101101010001001001111110111111010100101100011001011
2 6  100 0000101101010000100011111100000000100100100000000101101010001001001111110111111010100101100011001011
runNumber 27
genCount 5941
elapsedTime 600.034
unaryHyperVol 234
binaryHyperVol 0
additiveEps 0
entropy 0.461903
archive 27
3
6 3  100 0000011101000100100011111100000000100100100000000101101010001001001111110111111010100101100011001011
3 4  100 0000101101000100100011111100000000100100100000000101101010001001001111110111111010100101100011001011
2 6  100 0000101101010000100011111100000000100100100000000101101010001001001111110111111010100101100011001011
runNumber 28
genCount 5865
elapsedTime 599.917
unaryHyperVol 234
binaryHyperVol 0
additiveEps 0
entropy 0.461903
archive 28
3
6 3  100 0000011101000100100011111100000000100100100000000101101010001001001111110111111010100101100011001011
3 4  100 0000101101000100100011111100000000100100100000000101101010001001001111110111111010100101100011001011
2 6  100 0000101101010000100011111100000000100100100000000101101010001001001111110111111010100101100011001011
runNumber 29
genCount 5781
elapsedTime 600.015
unaryHyperVol 220
binaryHyperVol 6.5
additiveEps 0.666667
entropy 0.509891
archive 29
2
6 5  100 1010011101010000100011111100000000100100100000000101101010001001001111110111111010100101100011001011
2 6  100 1010101101010000100011111100000000100100100000000101101010001001001111110111111010100101100011001011
