OptimalFront
unaryHyperVol 312
Optimal front is obtained by exact method
-------------------------
3
1 6
4 5
6 4
runNumber 0
genCount 5831
elapsedTime 599.646
unaryHyperVol 312
binaryHyperVol 0
additiveEps 0
entropy 0.270001
archive 0
3
6 4  100 1000000111011101110000111110101001101010110101000010110111100001101000011101100011101000011101111000
4 5  100 1000000111011101110000111110101001101010110110000010110111100001101000011101100011101000011101111000
1 6  100 1000000111011101110000111110101001101010110110000010110111100001101000011101100011101000011101111010
runNumber 1
genCount 5806
elapsedTime 600.009
unaryHyperVol 312
binaryHyperVol 0
additiveEps 0
entropy 0.270001
archive 1
3
6 4  100 1000000111011101110000111110101001101010110101000010110111100001101000011101100011101000011101111000
4 5  100 1000000111011101110000111110101001101010110110000010110111100001101000011101100011101000011101111000
1 6  100 1000000111011101110000111110101001101010110110000010110111100001101000011101100011101000011101111010
runNumber 2
genCount 5756
elapsedTime 599.79
unaryHyperVol 312
binaryHyperVol 0
additiveEps 0
entropy 0.270001
archive 2
3
6 4  100 1000000111011101110000111110101001101010110101000010110111100001101000011101100011101000011101111000
4 5  100 1000000111011101110000111110101001101010110110000010110111100001101000011101100011101000011101111000
1 6  100 1000000111011101110000111110101001101010110110000010110111100001101000011101100011101000011101111010
runNumber 3
genCount 5628
elapsedTime 599.901
unaryHyperVol 312
binaryHyperVol 0
additiveEps 0
entropy 0.270001
archive 3
3
6 4  100 1000000111011101110000111110101001101010110101000010110111100001101000011101100011101000011101111000
4 5  100 1000000111011101110000111110101001101010110110000010110111100001101000011101100011101000011101111000
1 6  100 1000000111011101110000111110101001101010110110000010110111100001101000011101100011101000011101111010
runNumber 4
genCount 5833
elapsedTime 599.861
unaryHyperVol 312
binaryHyperVol 0
additiveEps 0
entropy 0.270001
archive 4
3
6 4  100 1000000111011101110000111110101001101010110101000010110111100001101000011101100011101000011101111000
4 5  100 1000000111011101110000111110101001101010110110000010110111100001101000011101100011101000011101111000
1 6  100 1000000111011101110000111110101001101010110110000010110111100001101000011101100011101000011101111010
runNumber 5
genCount 5807
elapsedTime 599.866
unaryHyperVol 312
binaryHyperVol 0
additiveEps 0
entropy 0.270001
archive 5
3
6 4  100 1000000111011101110000111110101001101010110101000010110111100001101000011101100011101000011101111000
4 5  100 1000000111011101110000111110101001101010110110000010110111100001101000011101100011101000011101111000
1 6  100 1000000111011101110000111110101001101010110110000010110111100001101000011101100011101000011101111010
runNumber 6
genCount 5908
elapsedTime 599.949
unaryHyperVol 312
binaryHyperVol 0
additiveEps 0
entropy 0.270001
archive 6
3
6 4  100 1000000111011101110000111110101001101010110101000010110111100001101000011101100011101000011101111000
4 5  100 1000000111011101110000111110101001101010110110000010110111100001101000011101100011101000011101111000
1 6  100 1000000111011101110000111110101001101010110110000010110111100001101000011101100011101000011101111010
runNumber 7
genCount 5819
elapsedTime 599.874
unaryHyperVol 312
binaryHyperVol 0
additiveEps 0
entropy 0.270001
archive 7
3
6 4  100 1000000111011101110000111110101001101010110101000010110111100001101000011101100011101000011101111000
4 5  100 1000000111011101110000111110101001101010110110000010110111100001101000011101100011101000011101111000
1 6  100 1000000111011101110000111110101001101010110110000010110111100001101000011101100011101000011101111010
runNumber 8
genCount 5971
elapsedTime 599.694
unaryHyperVol 312
binaryHyperVol 0
additiveEps 0
entropy 0.270001
archive 8
3
6 4  100 1000000111011101110000111110101001101010110101000010110111100001101000011101100011101000011101111000
4 5  100 1000000111011101110000111110101001101010110110000010110111100001101000011101100011101000011101111000
1 6  100 1000000111011101110000111110101001101010110110000010110111100001101000011101100011101000011101111010
runNumber 9
genCount 5934
elapsedTime 600.049
unaryHyperVol 312
binaryHyperVol 0
additiveEps 0
entropy 0.270001
archive 9
3
6 4  100 1000000111011101110000111110101001101010110101000010110111100001101000011101100011101000011101111000
4 5  100 1000000111011101110000111110101001101010110110000010110111100001101000011101100011101000011101111000
1 6  100 1000000111011101110000111110101001101010110110000010110111100001101000011101100011101000011101111010
runNumber 10
genCount 5737
elapsedTime 599.745
unaryHyperVol 312
binaryHyperVol 0
additiveEps 0
entropy 0.270001
archive 10
3
6 4  100 1000000111011101110000111110101001101010110101000010110111100001101000011101100011101000011101111000
4 5  100 1000000111011101110000111110101001101010110110000010110111100001101000011101100011101000011101111000
1 6  100 1000000111011101110000111110101001101010110110000010110111100001101000011101100011101000011101111010
runNumber 11
genCount 5821
elapsedTime 599.785
unaryHyperVol 312
binaryHyperVol 0
additiveEps 0
entropy 0.270001
archive 11
3
6 4  100 1000000111011101110000111110101001101010110101000010110111100001101000011101100011101000011101111000
4 5  100 1000000111011101110000111110101001101010110110000010110111100001101000011101100011101000011101111000
1 6  100 1000000111011101110000111110101001101010110110000010110111100001101000011101100011101000011101111010
runNumber 12
genCount 5758
elapsedTime 599.734
unaryHyperVol 312
binaryHyperVol 0
additiveEps 0
entropy 0.270001
archive 12
3
6 4  100 1000000111011101110000111110101001101010110101000010110111100001101000011101100011101000011101111000
4 5  100 1000000111011101110000111110101001101010110110000010110111100001101000011101100011101000011101111000
1 6  100 1000000111011101110000111110101001101010110110000010110111100001101000011101100011101000011101111010
runNumber 13
genCount 5758
elapsedTime 599.862
unaryHyperVol 312
binaryHyperVol 0
additiveEps 0
entropy 0.270001
archive 13
3
6 4  100 1000000111011101110000111110101001101010110101000010110111100001101000011101100011101000011101111000
4 5  100 1000000111011101110000111110101001101010110110000010110111100001101000011101100011101000011101111000
1 6  100 1000000111011101110000111110101001101010110110000010110111100001101000011101100011101000011101111010
runNumber 14
genCount 5670
elapsedTime 599.869
unaryHyperVol 312
binaryHyperVol 0
additiveEps 0
entropy 0.270001
archive 14
3
6 4  100 1000000111011101110000111110101001101010110101000010110111100001101000011101100011101000011101111000
4 5  100 1000000111011101110000111110101001101010110110000010110111100001101000011101100011101000011101111000
1 6  100 1000000111011101110000111110101001101010110110000010110111100001101000011101100011101000011101111010
runNumber 15
genCount 5758
elapsedTime 600.038
unaryHyperVol 312
binaryHyperVol 0
additiveEps 0
entropy 0.270001
archive 15
3
6 4  100 1000000111011101110000111110101001101010110101000010110111100001101000011101100011101000011101111000
4 5  100 1000000111011101110000111110101001101010110110000010110111100001101000011101100011101000011101111000
1 6  100 1000000111011101110000111110101001101010110110000010110111100001101000011101100011101000011101111010
runNumber 16
genCount 5729
elapsedTime 599.755
unaryHyperVol 312
binaryHyperVol 0
additiveEps 0
entropy 0.270001
archive 16
3
6 4  100 1000000111011101110000111110101001101010110101000010110111100001101000011101100011101000011101111000
4 5  100 1000000111011101110000111110101001101010110110000010110111100001101000011101100011101000011101111000
1 6  100 1000000111011101110000111110101001101010110110000010110111100001101000011101100011101000011101111010
runNumber 17
genCount 5705
elapsedTime 600.021
unaryHyperVol 312
binaryHyperVol 0
additiveEps 0
entropy 0.270001
archive 17
3
6 4  100 1000000111011101110000111110101001101010110101000010110111100001101000011101100011101000011101111000
4 5  100 1000000111011101110000111110101001101010110110000010110111100001101000011101100011101000011101111000
1 6  100 1000000111011101110000111110101001101010110110000010110111100001101000011101100011101000011101111010
runNumber 18
genCount 5527
elapsedTime 599.889
unaryHyperVol 312
binaryHyperVol 0
additiveEps 0
entropy 0.270001
archive 18
3
6 4  100 1000000111011101110000111110101001101010110101000010110111100001101000011101100011101000011101111000
4 5  100 1000000111011101110000111110101001101010110110000010110111100001101000011101100011101000011101111000
1 6  100 1000000111011101110000111110101001101010110110000010110111100001101000011101100011101000011101111010
runNumber 19
genCount 5766
elapsedTime 599.942
unaryHyperVol 312
binaryHyperVol 0
additiveEps 0
entropy 0.270001
archive 19
3
6 4  100 1000000111011101110000111110101001101010110101000010110111100001101000011101100011101000011101111000
4 5  100 1000000111011101110000111110101001101010110110000010110111100001101000011101100011101000011101111000
1 6  100 1000000111011101110000111110101001101010110110000010110111100001101000011101100011101000011101111010
runNumber 20
genCount 5787
elapsedTime 599.8
unaryHyperVol 312
binaryHyperVol 0
additiveEps 0
entropy 0.270001
archive 20
3
6 4  100 1000000111011101110000111110101001101010110101000010110111100001101000011101100011101000011101111000
4 5  100 1000000111011101110000111110101001101010110110000010110111100001101000011101100011101000011101111000
1 6  100 1000000111011101110000111110101001101010110110000010110111100001101000011101100011101000011101111010
runNumber 21
genCount 5949
elapsedTime 599.822
unaryHyperVol 312
binaryHyperVol 0
additiveEps 0
entropy 0.270001
archive 21
3
6 4  100 1000000111011101110000111110101001101010110101000010110111100001101000011101100011101000011101111000
4 5  100 1000000111011101110000111110101001101010110110000010110111100001101000011101100011101000011101111000
1 6  100 1000000111011101110000111110101001101010110110000010110111100001101000011101100011101000011101111010
runNumber 22
genCount 5752
elapsedTime 599.839
unaryHyperVol 312
binaryHyperVol 0
additiveEps 0
entropy 0.270001
archive 22
3
6 4  100 1000000111011101110000111110101001101010110101000010110111100001101000011101100011101000011101111000
4 5  100 1000000111011101110000111110101001101010110110000010110111100001101000011101100011101000011101111000
1 6  100 1000000111011101110000111110101001101010110110000010110111100001101000011101100011101000011101111010
runNumber 23
genCount 5856
elapsedTime 599.858
unaryHyperVol 312
binaryHyperVol 0
additiveEps 0
entropy 0.270001
archive 23
3
6 4  100 1000000111011101110000111110101001101010110101000010110111100001101000011101100011101000011101111000
4 5  100 1000000111011101110000111110101001101010110110000010110111100001101000011101100011101000011101111000
1 6  100 1000000111011101110000111110101001101010110110000010110111100001101000011101100011101000011101111010
runNumber 24
genCount 5809
elapsedTime 599.987
unaryHyperVol 312
binaryHyperVol 0
additiveEps 0
entropy 0.270001
archive 24
3
6 4  100 1000000111011101110000111110101001101010110101000010110111100001101000011101100011101000011101111000
4 5  100 1000000111011101110000111110101001101010110110000010110111100001101000011101100011101000011101111000
1 6  100 1000000111011101110000111110101001101010110110000010110111100001101000011101100011101000011101111010
runNumber 25
genCount 5752
elapsedTime 600.005
unaryHyperVol 312
binaryHyperVol 0
additiveEps 0
entropy 0.270001
archive 25
3
6 4  100 1000000111011101110000111110101001101010110101000010110111100001101000011101100011101000011101111000
4 5  100 1000000111011101110000111110101001101010110110000010110111100001101000011101100011101000011101111000
1 6  100 1000000111011101110000111110101001101010110110000010110111100001101000011101100011101000011101111010
runNumber 26
genCount 5720
elapsedTime 599.713
unaryHyperVol 312
binaryHyperVol 0
additiveEps 0
entropy 0.270001
archive 26
3
6 4  100 1000000111011101110000111110101001101010110101000010110111100001101000011101100011101000011101111000
4 5  100 1000000111011101110000111110101001101010110110000010110111100001101000011101100011101000011101111000
1 6  100 1000000111011101110000111110101001101010110110000010110111100001101000011101100011101000011101111010
runNumber 27
genCount 5950
elapsedTime 599.976
unaryHyperVol 312
binaryHyperVol 0
additiveEps 0
entropy 0.270001
archive 27
3
6 4  100 1000000111011101110000111110101001101010110101000010110111100001101000011101100011101000011101111000
4 5  100 1000000111011101110000111110101001101010110110000010110111100001101000011101100011101000011101111000
1 6  100 1000000111011101110000111110101001101010110110000010110111100001101000011101100011101000011101111010
runNumber 28
genCount 5682
elapsedTime 599.894
unaryHyperVol 312
binaryHyperVol 0
additiveEps 0
entropy 0.270001
archive 28
3
6 4  100 1000000111011101110000111110101001101010110101000010110111100001101000011101100011101000011101111000
4 5  100 1000000111011101110000111110101001101010110110000010110111100001101000011101100011101000011101111000
1 6  100 1000000111011101110000111110101001101010110110000010110111100001101000011101100011101000011101111010
runNumber 29
genCount 5554
elapsedTime 599.919
unaryHyperVol 312
binaryHyperVol 0
additiveEps 0
entropy 0.270001
archive 29
3
6 4  100 1000000111011101110000111110101001101010110101000010110111100001101000011101100011101000011101111000
4 5  100 1000000111011101110000111110101001101010110110000010110111100001101000011101100011101000011101111000
1 6  100 1000000111011101110000111110101001101010110110000010110111100001101000011101100011101000011101111010
