OptimalFront
unaryHyperVol 356
Optimal front is obtained by exact method
-------------------------
3
2 9
3 8
5 6
runNumber 0
genCount 32147
elapsedTime 600
unaryHyperVol 356
binaryHyperVol 0
additiveEps 0
entropy 0.270001
archive 0
3
5 6  100 0100101001110110101110000100011111011101001010000110010001100111001001111001100001010110000011110110
3 8  100 0100101001010110101110000100011111011101001010000110010001100111001010111001100001010110000011110110
2 9  100 0100101001110110101110000100011111011101001010000110010001100111001010111000010001010110000011110110
runNumber 1
genCount 32477
elapsedTime 600.002
unaryHyperVol 356
binaryHyperVol 0
additiveEps 0
entropy 0.270001
archive 1
3
5 6  100 0100101001110110101110000100011111011101001010000110010001100111001001111001100001010110000011110110
3 8  100 0100101001010110101110000100011111011101001010000110010001100111001010111001100001010110000011110110
2 9  100 0100101001110110101110000100011111011101001010000110010001100111001010111000010001010110000011110110
runNumber 2
genCount 32465
elapsedTime 599.996
unaryHyperVol 356
binaryHyperVol 0
additiveEps 0
entropy 0.270001
archive 2
3
5 6  100 0100101001110110101110000100011111011101001010000110010001100111001001111001100001010110000011110110
3 8  100 0100101001010110101110000100011111011101001010000110010001100111001010111001100001010110000011110110
2 9  100 0100101001110110101110000100011111011101001010000110010001100111001010111000010001010110000011110110
runNumber 3
genCount 32427
elapsedTime 599.99
unaryHyperVol 356
binaryHyperVol 0
additiveEps 0
entropy 0.270001
archive 3
3
5 6  100 0100101001110110101110000100011111011101001010000110010001100111001001111001100001010110000011110110
3 8  100 0100101001010110101110000100011111011101001010000110010001100111001010111001100001010110000011110110
2 9  100 0100101001110110101110000100011111011101001010000110010001100111001010111000010001010110000011110110
runNumber 4
genCount 32448
elapsedTime 600.007
unaryHyperVol 356
binaryHyperVol 0
additiveEps 0
entropy 0.270001
archive 4
3
5 6  100 0100101001110110101110000100011111011101001010000110010001100111001001111001100001010110000011110110
3 8  100 0100101001010110101110000100011111011101001010000110010001100111001010111001100001010110000011110110
2 9  100 0100101001110110101110000100011111011101001010000110010001100111001010111000010001010110000011110110
runNumber 5
genCount 32464
elapsedTime 599.995
unaryHyperVol 356
binaryHyperVol 0
additiveEps 0
entropy 0.270001
archive 5
3
5 6  100 0100101001110110101110000100011111011101001010000110010001100111001001111001100001010110000011110110
3 8  100 0100101001010110101110000100011111011101001010000110010001100111001010111001100001010110000011110110
2 9  100 0100101001110110101110000100011111011101001010000110010001100111001010111000010001010110000011110110
runNumber 6
genCount 32488
elapsedTime 599.988
unaryHyperVol 356
binaryHyperVol 0
additiveEps 0
entropy 0.270001
archive 6
3
5 6  100 0100101001110110101110000100011111011101001010000110010001100111001001111001100001010110000011110110
3 8  100 0100101001010110101110000100011111011101001010000110010001100111001010111001100001010110000011110110
2 9  100 0100101001110110101110000100011111011101001010000110010001100111001010111000010001010110000011110110
runNumber 7
genCount 32430
elapsedTime 600.008
unaryHyperVol 356
binaryHyperVol 0
additiveEps 0
entropy 0.270001
archive 7
3
5 6  100 0100101001110110101110000100011111011101001010000110010001100111001001111001100001010110000011110110
3 8  100 0100101001010110101110000100011111011101001010000110010001100111001010111001100001010110000011110110
2 9  100 0100101001110110101110000100011111011101001010000110010001100111001010111000010001010110100011110110
runNumber 8
genCount 32444
elapsedTime 599.982
unaryHyperVol 356
binaryHyperVol 0
additiveEps 0
entropy 0.270001
archive 8
3
5 6  100 0100101001110110101110000100011111011101001010000110010001100111001001111001100001010110000011110110
3 8  100 0100101001010110101110000100011111011101001010000110010001100111001010111001100001010110000011110110
2 9  100 0100101001110110101110000100011111011101001010000110010001100111001010111000010001010110000011110110
runNumber 9
genCount 32491
elapsedTime 600.018
unaryHyperVol 356
binaryHyperVol 0
additiveEps 0
entropy 0.270001
archive 9
3
5 6  100 0100101001110110101110000100011111011101001010000110010001100111001001111001100001010110000011110110
3 8  100 0100101001010110101110000100011111011101001010000110010001100111001010111001100001010110000011110110
2 9  100 0100101001110110101110000100011111011101001010000110010001100111001010111000010001010110000011110110
runNumber 10
genCount 32502
elapsedTime 599.981
unaryHyperVol 356
binaryHyperVol 0
additiveEps 0
entropy 0.270001
archive 10
3
5 6  100 0100101001110110101110000100011111011101001010000110010001100111001001111001100001010110000011110110
3 8  100 0100101001010110101110000100011111011101001010000110010001100111001010111001100001010110000011110110
2 9  100 0100101001110110101110000100011111011101001010000110010001100111001010111000010001010110000011110110
runNumber 11
genCount 32626
elapsedTime 599.998
unaryHyperVol 356
binaryHyperVol 0
additiveEps 0
entropy 0.270001
archive 11
3
5 6  100 0100101001110110101110000100011111011101001010000110010001100111001001111001100001010110000011110110
3 8  100 0100101001010110101110000100011111011101001010000110010001100111001010111001100001010110000011110110
2 9  100 0100101001110110101110000100011111011101001010000110010001100111001010111000010001010110000011110110
runNumber 12
genCount 32420
elapsedTime 600.008
unaryHyperVol 356
binaryHyperVol 0
additiveEps 0
entropy 0.270001
archive 12
3
5 6  100 0100101001110110101110000100011111011101001010000110010001100111001001111001100001010110000011110110
3 8  100 0100101001010110101110000100011111011101001010000110010001100111001010111001100001010110000011110110
2 9  100 0100101001110110101110000100011111011101001010000110010001100111001010111000010001010110000011110110
runNumber 13
genCount 32099
elapsedTime 599.988
unaryHyperVol 356
binaryHyperVol 0
additiveEps 0
entropy 0.270001
archive 13
3
5 6  100 0100101001110110101110000100011111011101001010000110010001100111001001111001100001010110000011110110
3 8  100 0100101001010110101110000100011111011101001010000110010001100111001010111001100001010110000011110110
2 9  100 0100101001110110101110000100011111011101001010000110010001100111001010111000010001010110000011110110
runNumber 14
genCount 32550
elapsedTime 599.996
unaryHyperVol 356
binaryHyperVol 0
additiveEps 0
entropy 0.270001
archive 14
3
5 6  100 0100101001110110101110000100011111011101001010000110010001100111001001111001100001010110000011110110
3 8  100 0100101001010110101110000100011111011101001010000110010001100111001010111001100001010110000011110110
2 9  100 0100101001110110101110000100011111011101001010000110010001100111001010111000010001010110000011110110
runNumber 15
genCount 32465
elapsedTime 600.017
unaryHyperVol 356
binaryHyperVol 0
additiveEps 0
entropy 0.270001
archive 15
3
5 6  100 0100101001110110101110000100011111011101001010000110010001100111001001111001100001010110000011110110
3 8  100 0100101001010110101110000100011111011101001010000110010001100111001010111001100001010110000011110110
2 9  100 0100101001110110101110000100011111011101001010000110010001100111001010111000010001010110000011110110
runNumber 16
genCount 32161
elapsedTime 599.979
unaryHyperVol 356
binaryHyperVol 0
additiveEps 0
entropy 0.270001
archive 16
3
5 6  100 0100101001110110101110000100011111011101001010000110010001100111001001111001100001010110000011110110
3 8  100 0100101001010110101110000100011111011101001010000110010001100111001010111001100001010110000011110110
2 9  100 0100101001110110101110000100011111011101001010000110010001100111001010111000010001010110000011110110
runNumber 17
genCount 32038
elapsedTime 600
unaryHyperVol 356
binaryHyperVol 0
additiveEps 0
entropy 0.270001
archive 17
3
5 6  100 0100101001110110101110000100011111011101001010000110010001100111001001111001100001010110000011110110
3 8  100 0100101001010110101110000100011111011101001010000110010001100111001010111001100001010110100011110110
2 9  100 0100101001110110101110000100011111011101001010000110010001100111001010111000010001010110000011110110
runNumber 18
genCount 32817
elapsedTime 599.996
unaryHyperVol 326
binaryHyperVol 12.6667
additiveEps 0.333333
entropy 0.488066
archive 18
2
5 6  100 0100101001110110101110000100011111011101001010000110010001100111001001111001100001010110000011110110
3 8  100 0100101001010110101110000100011111011101001010000110010001100111001010111001100001010110000011110110
runNumber 19
genCount 32800
elapsedTime 599.994
unaryHyperVol 326
binaryHyperVol 12.6667
additiveEps 0.333333
entropy 0.488066
archive 19
2
5 6  100 0100101001110110101110000100011111011101001010000110010001100111001001111001100001100001000011110101
3 8  100 0100101001010110101110000100011111011101001010000110010001100111001010111001100001100001000011110101
runNumber 20
genCount 32447
elapsedTime 600.005
unaryHyperVol 356
binaryHyperVol 0
additiveEps 0
entropy 0.270001
archive 20
3
5 6  100 0100101001110110101110000100011111011101001010000110010001100111001001111001100001010110000011110110
3 8  100 0100101001010110101110000100011111011101001010000110010001100111001010111001100001010110100011110110
2 9  100 0100101001110110101110000100011111011101001010000110010001100111001010111000010001010110000011110110
runNumber 21
genCount 32588
elapsedTime 600.002
unaryHyperVol 356
binaryHyperVol 0
additiveEps 0
entropy 0.270001
archive 21
3
5 6  100 0100101001110110101110000100011111011101001010000110010001100111001001111001100001010110000011110110
3 8  100 0100101001010110101110000100011111011101001010000110010001100111001010111001100001010110000011110110
2 9  100 0100101001110110101110000100011111011101001010000110010001100111001010111000010001010110000011110110
runNumber 22
genCount 32493
elapsedTime 600.002
unaryHyperVol 356
binaryHyperVol 0
additiveEps 0
entropy 0.270001
archive 22
3
5 6  100 0100101001110110101110000100011111011101001010000110010001100111001001111001100001010110000011110110
3 8  100 0100101001010110101110000100011111011101001010000110010001100111001010111001100001010110100011110110
2 9  100 0100101001110110101110000100011111011101001010000110010001100111001010111000010001010110000011110110
runNumber 23
genCount 32085
elapsedTime 599.996
unaryHyperVol 356
binaryHyperVol 0
additiveEps 0
entropy 0.270001
archive 23
3
5 6  100 0100101001110110101110000100011111011101001010000110010001100111001001111001100001010110000011110110
3 8  100 0100101001010110101110000100011111011101001010000110010001100111001010111001100001010110000011110110
2 9  100 0100101001110110101110000100011111011101001010000110010001100111001010111000010001010110000011110110
runNumber 24
genCount 32447
elapsedTime 599.986
unaryHyperVol 326
binaryHyperVol 12.6667
additiveEps 0.333333
entropy 0.488066
archive 24
2
5 6  100 0100101001110110101110000100011111011101001010000110010001100111001001111001100001100001000011110101
3 8  100 0100101001010110101110000100011111011101001010000110010001100111001010111001100001100001100011110101
runNumber 25
genCount 32258
elapsedTime 599.993
unaryHyperVol 356
binaryHyperVol 0
additiveEps 0
entropy 0.270001
archive 25
3
5 6  100 0100101001110110101110000100011111011101001010000110010001100111001001111001100001010110000011110110
3 8  100 0100101001010110101110000100011111011101001010000110010001100111001010111001100001010110000011110110
2 9  100 0100101001110110101110000100011111011101001010000110010001100111001010111000010001010110000011110110
runNumber 26
genCount 32380
elapsedTime 600.011
unaryHyperVol 356
binaryHyperVol 0
additiveEps 0
entropy 0.270001
archive 26
3
5 6  100 0100101001110110101110000100011111011101001010000110010001100111001001111001100001010110000011110110
3 8  100 0100101001010110101110000100011111011101001010000110010001100111001010111001100001010110000011110110
2 9  100 0100101001110110101110000100011111011101001010000110010001100111001010111000010001010110000011110110
runNumber 27
genCount 32122
elapsedTime 599.999
unaryHyperVol 356
binaryHyperVol 0
additiveEps 0
entropy 0.270001
archive 27
3
5 6  100 0100101001110110101110000100011111011101001010000110010001100111001001111001100001010110000011110110
3 8  100 0100101001010110101110000100011111011101001010000110010001100111001010111001100001010110000011110110
2 9  100 0100101001110110101110000100011111011101001010000110010001100111001010111000010001010110000011110110
runNumber 28
genCount 32516
elapsedTime 599.987
unaryHyperVol 356
binaryHyperVol 0
additiveEps 0
entropy 0.270001
archive 28
3
5 6  100 0100101001110110101110000100011111011101001010000110010001100111001001111001100001010110000011110110
3 8  100 0100101001010110101110000100011111011101001010000110010001100111001010111001100001010110000011110110
2 9  100 0100101001110110101110000100011111011101001010000110010001100111001010111000010001010110000011110110
runNumber 29
genCount 32487
elapsedTime 600.004
unaryHyperVol 356
binaryHyperVol 0
additiveEps 0
entropy 0.270001
archive 29
3
5 6  100 0100101001110110101110000100011111011101001010000110010001100111001001111001100001010110000011110110
3 8  100 0100101001010110101110000100011111011101001010000110010001100111001010111001100001010110000011110110
2 9  100 0100101001110110101110000100011111011101001010000110010001100111001010111000010001010110000011110110
