OptimalFront
unaryHyperVol 305
Optimal front is obtained by exact method
-------------------------
3
3 8
4 7
5 6
runNumber 0
genCount 5745
elapsedTime 599.954
unaryHyperVol 305
binaryHyperVol 0
additiveEps 0
entropy 0.461903
archive 0
3
5 6  100 1010100110110001000000111110110001110101000100001010011010000011011000111011100100010001100100110101
4 7  100 1010100110110001000000111110110001010101000100001010011010000011011000111011100100010001100100110101
3 8  100 1010100110110001001010111110110001110101000100001010011010000011011000111011100100010001100100110101
runNumber 1
genCount 5747
elapsedTime 599.959
unaryHyperVol 305
binaryHyperVol 0
additiveEps 0
entropy 0.461903
archive 1
3
5 6  100 1010100110110001000000111110110001110101000100001010011010000011011000111011100100010101100100110110
4 7  100 1010100110110001000000111110110001010101000100001010011010000011011000111011100100010101100100110110
3 8  100 1010000110110001010000111110110001110101000100001010011010000011011000111011100100010101100100110110
runNumber 2
genCount 5797
elapsedTime 599.964
unaryHyperVol 305
binaryHyperVol 0
additiveEps 0
entropy 0.461903
archive 2
3
5 6  100 1010100110110001000000111110110001110101000100001010011010000011011000111011100100010101100100110110
4 7  100 1010100110110001000000111110110001010101000100001010011010000011011000111011100100010101100100110110
3 8  100 1010000110110001010000111110110001110101000100001010011010000011011000111011100100010101100100110110
runNumber 3
genCount 5718
elapsedTime 599.999
unaryHyperVol 305
binaryHyperVol 0
additiveEps 0
entropy 0.461903
archive 3
3
5 6  100 1010100110110001000000111110110001110101000100001010011010000011010101111011100100010101100100110110
4 7  100 1010100110110001000000111110110001010101000100001010011010000011010101111011100100010101100100110110
3 8  100 1010000110110001010000111110110001110101000100001010011010000011010101111011100100010101100100110110
runNumber 4
genCount 5747
elapsedTime 599.947
unaryHyperVol 305
binaryHyperVol 0
additiveEps 0
entropy 0.461903
archive 4
3
5 6  100 1010100110110001000000111110110001110101000100001010011010000011011000111011100100010001100100110101
4 7  100 1010100110110001000000111110110001010101000100001010011010000011011000111011100100010001100100110101
3 8  100 1010000110110001010000111110110001110101000100001010011010000011011000111011100100010001100100110101
runNumber 5
genCount 5571
elapsedTime 599.959
unaryHyperVol 305
binaryHyperVol 0
additiveEps 0
entropy 0.461903
archive 5
3
5 6  100 1010100110110001000000111110110001110101000100001010011010000011011000111011100100010101100100110110
4 7  100 1010100110110001000000111110110001010101000100001010011010000011011000111011100100010101100100110110
3 8  100 1010000110110001010000111110110001110101000100001010011010000011011000111011100100010101100100110110
runNumber 6
genCount 5710
elapsedTime 599.975
unaryHyperVol 305
binaryHyperVol 0
additiveEps 0
entropy 0.461903
archive 6
3
5 6  100 1010100110110001000000111110110001110101000100001010011010000011010101111011100100010001100100110101
4 7  100 1010100110110001000000111110110001010101000100001010011010000011010101111011100100010101100100110101
3 8  100 1010000110110001010000111110110001110101000100001010011010000011010101111011100100010101100100110101
runNumber 7
genCount 5450
elapsedTime 600.02
unaryHyperVol 305
binaryHyperVol 0
additiveEps 0
entropy 0.461903
archive 7
3
5 6  100 1010100110110001000000111110110001110101000100001010011010000011011000111011100100010101100100110110
4 7  100 1010100110110001000000111110110001010101000100001010011010000011011000111011100100010101100100110110
3 8  100 1010000110110001010000111110110001110101000100001010011010000011011000111011100100010101100100110110
runNumber 8
genCount 5733
elapsedTime 599.972
unaryHyperVol 305
binaryHyperVol 0
additiveEps 0
entropy 0.461903
archive 8
3
5 6  100 1010100110110001000000111110110001110101000100001010011010000011010101111011100100010001100100110101
4 7  100 1010100110110001000000111110110001010101000100001010011010000011010101111011100100010101100100110101
3 8  100 1010000110110001010000111110110001110101000100001010011010000011010101111011100100010101100100110101
runNumber 9
genCount 5672
elapsedTime 599.927
unaryHyperVol 305
binaryHyperVol 0
additiveEps 0
entropy 0.461903
archive 9
3
5 6  100 1010100110110001000000111110110001110101000100001010011010000011011000111011100100010001100100110101
4 7  100 1010100110110001000000111110110001010101000100001010011010000011011000111011100100010001100100110101
3 8  100 1010000110110001010000111110110001110101000100001010011010000011011000111011100100010001100100110101
runNumber 10
genCount 5605
elapsedTime 599.945
unaryHyperVol 305
binaryHyperVol 0
additiveEps 0
entropy 0.461903
archive 10
3
5 6  100 1010100110110001000000111110110001110101000100001010011010000011011000111011100100010101100100110110
4 7  100 1010100110110001000000111110110001010101000100001010011010000011011000111011100100010101100100110110
3 8  100 1010000110110001010000111110110001110101000100001010011010000011011000111011100100010101100100110110
runNumber 11
genCount 5620
elapsedTime 600.053
unaryHyperVol 305
binaryHyperVol 0
additiveEps 0
entropy 0.461903
archive 11
3
5 6  100 1010100110110001000000111110110001110101000100001010011010000011010101111011100100010101100100110101
4 7  100 1010100110110001000000111110110001010101000100001010011010000011010101111011100100010101100100110101
3 8  100 1010000110110001010000111110110001110101000100001010011010000011010101111011100100010101100100110101
runNumber 12
genCount 5693
elapsedTime 599.853
unaryHyperVol 304
binaryHyperVol 0.166667
additiveEps 0.333333
entropy 0.431512
archive 12
3
5 6  100 1010100110110001000000001110110001110101000100001010011010000011010101111011100100011001100100110110
4 7  100 1010100110110001000000001110110001010101000100001010011010000011010101111011100100011001100100110110
3 9  100 1010100110110001001001001110110001110101000100001010011010000011010101111011100100010101100100110110
runNumber 13
genCount 5622
elapsedTime 600.077
unaryHyperVol 305
binaryHyperVol 0
additiveEps 0
entropy 0.461903
archive 13
3
5 6  100 1010100110110001000000111110110001110101000100001010011010000011011000111011100100010101100100110101
4 7  100 1010100110110001000000111110110001010101000100001010011010000011011000111011100100010101100100110101
3 8  100 1010000110110001010000111110110001110101000100001010011010000011011000111011100100010101100100110101
runNumber 14
genCount 5766
elapsedTime 599.967
unaryHyperVol 305
binaryHyperVol 0
additiveEps 0
entropy 0.461903
archive 14
3
5 6  100 1010100110110001000000001110110001110101000100001010011010000011011000111011100100011001100100110101
4 7  100 1010100110110001000000001110110001010101000100001010011010000011011000111011100100011001100100110101
3 8  100 1010100110110001001010111110110001110101000100001010011010000011011000111011100100010001100100110101
runNumber 15
genCount 5702
elapsedTime 599.981
unaryHyperVol 305
binaryHyperVol 0
additiveEps 0
entropy 0.461903
archive 15
3
5 6  100 1010100110110001000000111110110001110101000100001010011010000011010101111011100100010101100100110110
4 7  100 1010100110110001000000111110110001010101000100001010011010000011010101111011100100010101100100110110
3 8  100 1010000110110001010000111110110001110101000100001010011010000011010101111011100100010101100100110110
runNumber 16
genCount 5714
elapsedTime 599.984
unaryHyperVol 305
binaryHyperVol 0
additiveEps 0
entropy 0.461903
archive 16
3
5 6  100 1010100110110001000000111110110001110101000100001010011010000011010101111011100100010001100100110101
4 7  100 1010100110110001000000111110110001010101000100001010011010000011010101111011100100010001100100110101
3 8  100 1010100110110001001010111110110001110101000100001010011010000011010101111011100100010001100100110101
runNumber 17
genCount 5595
elapsedTime 599.898
unaryHyperVol 305
binaryHyperVol 0
additiveEps 0
entropy 0.461903
archive 17
3
5 6  100 1010100110110001000000111110110001110101000100001010011010000011011000111011100100010101100100110110
4 7  100 1010100110110001000000111110110001010101000100001010011010000011011000111011100100010101100100110110
3 8  100 1010000110110001010000111110110001110101000100001010011010000011011000111011100100010101100100110110
runNumber 18
genCount 5602
elapsedTime 599.975
unaryHyperVol 305
binaryHyperVol 0
additiveEps 0
entropy 0.461903
archive 18
3
5 6  100 1010100110110001000000111110110001110101000100001010011010000011011000111011100100010101100100110101
4 7  100 1010100110110001000000111110110001010101000100001010011010000011011000111011100100010001100100110101
3 8  100 1010000110110001010000111110110001110101000100001010011010000011011000111011100100010001100100110101
runNumber 19
genCount 5593
elapsedTime 599.951
unaryHyperVol 305
binaryHyperVol 0
additiveEps 0
entropy 0.461903
archive 19
3
5 6  100 1010100110110001000000111110110001110101000100001010011010000011010101111011100100010101100100110110
4 7  100 1010100110110001000000111110110001010101000100001010011010000011010101111011100100010101100100110110
3 8  100 1010000110110001010000111110110001110101000100001010011010000011010101111011100100010101100100110110
runNumber 20
genCount 5772
elapsedTime 599.942
unaryHyperVol 305
binaryHyperVol 0
additiveEps 0
entropy 0.461903
archive 20
3
5 6  100 1010100110110001000000111110110001110101000100001010011010000011010101111011100100010001100100110101
4 7  100 1010100110110001000000111110110001010101000100001010011010000011010101111011100100010101100100110101
3 8  100 1010000110110001010000111110110001110101000100001010011010000011010101111011100100010001100100110101
runNumber 21
genCount 5638
elapsedTime 600.068
unaryHyperVol 305
binaryHyperVol 0
additiveEps 0
entropy 0.461903
archive 21
3
5 6  100 1010100110110001000000111110110001110101000100001010011010000011011000111011100100010101100100110110
4 7  100 1010100110110001000000111110110001010101000100001010011010000011011000111011100100010101100100110110
3 8  100 1010000110110001010000111110110001110101000100001010011010000011011000111011100100010101100100110110
runNumber 22
genCount 5748
elapsedTime 599.902
unaryHyperVol 305
binaryHyperVol 0
additiveEps 0
entropy 0.461903
archive 22
3
5 6  100 1010100110110001000000111110110001110101000100001010011010000011011000111011100100010001100100110101
4 7  100 1010100110110001000000111110110001010101000100001010011010000011011000111011100100010001100100110101
3 8  100 1010100110110001001010111110110001110101000100001010011010000011011000111011100100010001100100110101
runNumber 23
genCount 5594
elapsedTime 599.945
unaryHyperVol 305
binaryHyperVol 0
additiveEps 0
entropy 0.461903
archive 23
3
5 6  100 1010100110110001000000111110110001110101000100001010011010000011011000111011100100010101100100110110
4 7  100 1010100110110001000000111110110001010101000100001010011010000011011000111011100100010101100100110110
3 8  100 1010000110110001010000111110110001110101000100001010011010000011011000111011100100010101100100110110
runNumber 24
genCount 5757
elapsedTime 599.999
unaryHyperVol 305
binaryHyperVol 0
additiveEps 0
entropy 0.461903
archive 24
3
5 6  100 1010100110110001000000111110110001110101000100001010011010000011010101111011100100010101100100110110
4 7  100 1010100110110001000000111110110001010101000100001010011010000011010101111011100100010101100100110110
3 8  100 1010000110110001010000111110110001110101000100001010011010000011010101111011100100010101100100110110
runNumber 25
genCount 5768
elapsedTime 599.973
unaryHyperVol 305
binaryHyperVol 0
additiveEps 0
entropy 0.461903
archive 25
3
5 6  100 1010100110110001000000111110110001110101000100001010011010000011011000111011100100010101100100110110
4 7  100 1010100110110001000000111110110001010101000100001010011010000011011000111011100100010101100100110110
3 8  100 1010000110110001010000111110110001110101000100001010011010000011011000111011100100010101100100110110
runNumber 26
genCount 5779
elapsedTime 600.031
unaryHyperVol 305
binaryHyperVol 0
additiveEps 0
entropy 0.461903
archive 26
3
5 6  100 1010100110110001000000111110110001110101000100001010011010000011011000111011100100010101100100110110
4 7  100 1010100110110001000000111110110001010101000100001010011010000011011000111011100100010101100100110110
3 8  100 1010000110110001010000111110110001110101000100001010011010000011011000111011100100010101100100110110
runNumber 27
genCount 5788
elapsedTime 599.944
unaryHyperVol 305
binaryHyperVol 0
additiveEps 0
entropy 0.461903
archive 27
3
5 6  100 1010100110110001000000111110110001110101000100001010011010000011010101111011100100010101100100110110
4 7  100 1010100110110001000000111110110001010101000100001010011010000011010101111011100100010101100100110110
3 8  100 1010000110110001010000111110110001110101000100001010011010000011010101111011100100010101100100110110
runNumber 28
genCount 5643
elapsedTime 599.973
unaryHyperVol 304
binaryHyperVol 0.166667
additiveEps 0.333333
entropy 0.431512
archive 28
3
5 6  100 1010100110110001000000001110110001110101000100001010011010000011011000111011100100011001100100110110
4 7  100 1010100110110001000000001110110001010101000100001010011010000011011000111011100100011001100100110110
3 9  100 1010000110110001010001001110110001110101000100001010011010000011011000111011100100011001100100110110
runNumber 29
genCount 5712
elapsedTime 600.015
unaryHyperVol 305
binaryHyperVol 0
additiveEps 0
entropy 0.461903
archive 29
3
5 6  100 1010100110110001000000111110110001110101000100001010011010000011011000111011100100010101100100110110
4 7  100 1010100110110001000000111110110001010101000100001010011010000011011000111011100100010101100100110110
3 8  100 1010000110110001010000111110110001110101000100001010011010000011011000111011100100010101100100110110
