OptimalFront
unaryHyperVol 390
Optimal front is obtained by exact method
-------------------------
3
2 7
3 5
6 4
runNumber 0
genCount 5801
elapsedTime 599.976
unaryHyperVol 390
binaryHyperVol 0
additiveEps 0
entropy 0.461903
archive 0
3
6 4  100 1000011001000100100011111100000000100100100000000101101010001001001010110110111010110101100011001111
3 5  100 1000101001000100100011111100000000100100100000000101101010001001001010110110111010110101100011001111
2 7  100 1000101001010000100011111100000000100100100000000101101010001001001010110110111010110101100011001111
runNumber 1
genCount 5780
elapsedTime 600.05
unaryHyperVol 390
binaryHyperVol 0
additiveEps 0
entropy 0.461903
archive 1
3
6 4  100 1000011001000100100011111100000000100100100000000101101010001001001010110110111010110101100011001111
3 5  100 1000101001000100100011111100000000100100100000000101101010001001001010110110111010110101100011001111
2 7  100 1000101001010000100011111100000000100100100000000101101010001001001010110110111010110101100011001111
runNumber 2
genCount 5912
elapsedTime 599.965
unaryHyperVol 390
binaryHyperVol 0
additiveEps 0
entropy 0.461903
archive 2
3
6 4  100 1000011001000100100011111100000000100100100000000101101010001001001010110110111010110101100011001111
3 5  100 1000101001000100100011111100000000100100100000000101101010001001001010110110111010110101100011001111
2 7  100 1000101001010000100011111100000000100100100000000101101010001001001010110110111010110101100011001111
runNumber 3
genCount 5898
elapsedTime 599.878
unaryHyperVol 390
binaryHyperVol 0
additiveEps 0
entropy 0.461903
archive 3
3
6 4  100 1000011001000100100011111100000000100100100000000101101010001001001010110110111010110101100011001111
3 5  100 1000101001000100100011111100000000100100100000000101101010001001001010110110111010110101100011001111
2 7  100 1000101001010000100011111100000000100100100000000101101010001001001010110110111010110101100011001111
runNumber 4
genCount 5823
elapsedTime 600.015
unaryHyperVol 390
binaryHyperVol 0
additiveEps 0
entropy 0.461903
archive 4
3
6 4  100 1000011001000100100011111100000000100100100000000101101010001001001010110110111010110101100011001111
3 5  100 1000101001000100100011111100000000100100100000000101101010001001001010110110111010110101100011001111
2 7  100 1000101001010000100011111100000000100100100000000101101010001001001010110110111010110101100011001111
runNumber 5
genCount 5900
elapsedTime 600.026
unaryHyperVol 390
binaryHyperVol 0
additiveEps 0
entropy 0.461903
archive 5
3
6 4  100 1000011001000100100011111100000000100100100000000101101010001001001010110110111010110101100011001111
3 5  100 1000101001000100100011111100000000100100100000000101101010001001001010110110111010110101100011001111
2 7  100 1000101001010000100011111100000000100100100000000101101010001001001010110110111010110101100011001111
runNumber 6
genCount 5948
elapsedTime 599.882
unaryHyperVol 390
binaryHyperVol 0
additiveEps 0
entropy 0.461903
archive 6
3
6 4  100 1000011001000100100011111100000000100100100000000101101010001001001010110110111010110101100011001111
3 5  100 1000101001000100100011111100000000100100100000000101101010001001001010110110111010110101100011001111
2 7  100 1000101001010000100011111100000000100100100000000101101010001001001010110110111010110101100011001111
runNumber 7
genCount 5833
elapsedTime 599.929
unaryHyperVol 390
binaryHyperVol 0
additiveEps 0
entropy 0.461903
archive 7
3
6 4  100 1000011001000100100011111100000000100100100000000101101010001001001010110110111010110101100011001111
3 5  100 1000101001000100100011111100000000100100100000000101101010001001001010110110111010110101100011001111
2 7  100 1000101001010000100011111100000000100100100000000101101010001001001010110110111010110101100011001111
runNumber 8
genCount 5974
elapsedTime 599.915
unaryHyperVol 390
binaryHyperVol 0
additiveEps 0
entropy 0.461903
archive 8
3
6 4  100 1000011001000100100011111100000000100100100000000101101010001001001010110110111010110101100011001111
3 5  100 1000101001000100100011111100000000100100100000000101101010001001001010110110111010110101100011001111
2 7  100 1000101001010000100011111100000000100100100000000101101010001001001010110110111010110101100011001111
runNumber 9
genCount 6037
elapsedTime 600.01
unaryHyperVol 390
binaryHyperVol 0
additiveEps 0
entropy 0.461903
archive 9
3
6 4  100 1000011001000100100011111100000000100100100000000101101010001001001010110110111010110101100011001111
3 5  100 1000101001000100100011111100000000100100100000000101101010001001001010110110111010110101100011001111
2 7  100 1000101001010000100011111100000000100100100000000101101010001001001010110110111010110101100011001111
runNumber 10
genCount 5825
elapsedTime 599.93
unaryHyperVol 390
binaryHyperVol 0
additiveEps 0
entropy 0.461903
archive 10
3
6 4  100 1000011001000100100011111100000000100100100000000101101010001001001010110110111010110101100011001111
3 5  100 1000101001000100100011111100000000100100100000000101101010001001001010110110111010110101100011001111
2 7  100 1000101001010000100011111100000000100100100000000101101010001001001010110110111010110101100011001111
runNumber 11
genCount 5958
elapsedTime 599.939
unaryHyperVol 390
binaryHyperVol 0
additiveEps 0
entropy 0.461903
archive 11
3
6 4  100 1000011001000100100011111100000000100100100000000101101010001001001010110110111010110101100011001111
3 5  100 1000101001000100100011111100000000100100100000000101101010001001001010110110111010110101100011001111
2 7  100 1000101001010000100011111100000000100100100000000101101010001001001010110110111010110101100011001111
runNumber 12
genCount 5965
elapsedTime 600.035
unaryHyperVol 390
binaryHyperVol 0
additiveEps 0
entropy 0.461903
archive 12
3
6 4  100 1000011001000100100011111100000000100100100000000101101010001001001010110110111010110101100011001111
3 5  100 1000101001000100100011111100000000100100100000000101101010001001001010110110111010110101100011001111
2 7  100 1000101001010000100011111100000000100100100000000101101010001001001010110110111010110101100011001111
runNumber 13
genCount 5932
elapsedTime 599.943
unaryHyperVol 390
binaryHyperVol 0
additiveEps 0
entropy 0.461903
archive 13
3
6 4  100 1000011001000100100011111100000000100100100000000101101010001001001010110110111010110101100011001111
3 5  100 1000101001000100100011111100000000100100100000000101101010001001001010110110111010110101100011001111
2 7  100 1000101001010000100011111100000000100100100000000101101010001001001010110110111010110101100011001111
runNumber 14
genCount 5857
elapsedTime 599.934
unaryHyperVol 390
binaryHyperVol 0
additiveEps 0
entropy 0.461903
archive 14
3
6 4  100 1000011001000100100011111100000000100100100000000101101010001001001010110110111010110101100011001111
3 5  100 1000101001000100100011111100000000100100100000000101101010001001001010110110111010110101100011001111
2 7  100 1000101001010000100011111100000000100100100000000101101010001001001010110110111010110101100011001111
runNumber 15
genCount 5829
elapsedTime 600.001
unaryHyperVol 390
binaryHyperVol 0
additiveEps 0
entropy 0.461903
archive 15
3
6 4  100 1000011001000100100011111100000000100100100000000101101010001001001010110110111010110101100011001111
3 5  100 1000101001000100100011111100000000100100100000000101101010001001001010110110111010110101100011001111
2 7  100 1000101001010000100011111100000000100100100000000101101010001001001010110110111010110101100011001111
runNumber 16
genCount 5872
elapsedTime 599.857
unaryHyperVol 390
binaryHyperVol 0
additiveEps 0
entropy 0.461903
archive 16
3
6 4  100 1000011001000100100011111100000000100100100000000101101010001001001010110110111010110101100011001111
3 5  100 1000101001000100100011111100000000100100100000000101101010001001001010110110111010110101100011001111
2 7  100 1000101001010000100011111100000000100100100000000101101010001001001010110110111010110101100011001111
runNumber 17
genCount 5833
elapsedTime 599.991
unaryHyperVol 390
binaryHyperVol 0
additiveEps 0
entropy 0.461903
archive 17
3
6 4  100 1000011001000100100011111100000000100100100000000101101010001001001010110110111010110101100011001111
3 5  100 1000101001000100100011111100000000100100100000000101101010001001001010110110111010110101100011001111
2 7  100 1000101001010000100011111100000000100100100000000101101010001001001010110110111010110101100011001111
runNumber 18
genCount 5922
elapsedTime 599.973
unaryHyperVol 390
binaryHyperVol 0
additiveEps 0
entropy 0.461903
archive 18
3
6 4  100 1000011001000100100011111100000000100100100000000101101010001001001010110110111010110101100011001111
3 5  100 1000101001000100100011111100000000100100100000000101101010001001001010110110111010110101100011001111
2 7  100 1000101001010000100011111100000000100100100000000101101010001001001010110110111010110101100011001111
runNumber 19
genCount 5907
elapsedTime 600.029
unaryHyperVol 390
binaryHyperVol 0
additiveEps 0
entropy 0.461903
archive 19
3
6 4  100 1000011001000100100011111100000000100100100000000101101010001001001010110110111010110101100011001111
3 5  100 1000101001000100100011111100000000100100100000000101101010001001001010110110111010110101100011001111
2 7  100 1000101001010000100011111100000000100100100000000101101010001001001010110110111010110101100011001111
runNumber 20
genCount 5886
elapsedTime 599.969
unaryHyperVol 390
binaryHyperVol 0
additiveEps 0
entropy 0.461903
archive 20
3
6 4  100 1000011001000100100011111100000000100100100000000101101010001001001010110110111010110101100011001111
3 5  100 1000101001000100100011111100000000100100100000000101101010001001001010110110111010110101100011001111
2 7  100 1000101001010000100011111100000000100100100000000101101010001001001010110110111010110101100011001111
runNumber 21
genCount 5751
elapsedTime 600.03
unaryHyperVol 390
binaryHyperVol 0
additiveEps 0
entropy 0.461903
archive 21
3
6 4  100 1000011001000100100011111100000000100100100000000101101010001001001010110110111010110101100011001111
3 5  100 1000101001000100100011111100000000100100100000000101101010001001001010110110111010110101100011001111
2 7  100 1000101001010000100011111100000000100100100000000101101010001001001010110110111010110101100011001111
runNumber 22
genCount 5839
elapsedTime 599.882
unaryHyperVol 390
binaryHyperVol 0
additiveEps 0
entropy 0.461903
archive 22
3
6 4  100 1000011001000100100011111100000000100100100000000101101010001001001010110110111010110101100011001111
3 5  100 1000101001000100100011111100000000100100100000000101101010001001001010110110111010110101100011001111
2 7  100 1000101001010000100011111100000000100100100000000101101010001001001010110110111010110101100011001111
runNumber 23
genCount 5991
elapsedTime 600.073
unaryHyperVol 390
binaryHyperVol 0
additiveEps 0
entropy 0.461903
archive 23
3
6 4  100 1000011001000100100011111100000000100100100000000101101010001001001010110110111010110101100011001111
3 5  100 1000101001000100100011111100000000100100100000000101101010001001001010110110111010110101100011001111
2 7  100 1000101001010000100011111100000000100100100000000101101010001001001010110110111010110101100011001111
runNumber 24
genCount 5864
elapsedTime 599.897
unaryHyperVol 390
binaryHyperVol 0
additiveEps 0
entropy 0.461903
archive 24
3
6 4  100 1000011001000100100011111100000000100100100000000101101010001001001010110110111010110101100011001111
3 5  100 1000101001000100100011111100000000100100100000000101101010001001001010110110111010110101100011001111
2 7  100 1000101001010000100011111100000000100100100000000101101010001001001010110110111010110101100011001111
runNumber 25
genCount 5870
elapsedTime 600.061
unaryHyperVol 390
binaryHyperVol 0
additiveEps 0
entropy 0.461903
archive 25
3
6 4  100 1000011001000100100011111100000000100100100000000101101010001001001010110110111010110101100011001111
3 5  100 1000101001000100100011111100000000100100100000000101101010001001001010110110111010110101100011001111
2 7  100 1000101001010000100011111100000000100100100000000101101010001001001010110110111010110101100011001111
runNumber 26
genCount 5831
elapsedTime 599.938
unaryHyperVol 390
binaryHyperVol 0
additiveEps 0
entropy 0.461903
archive 26
3
6 4  100 1000011001000100100011111100000000100100100000000101101010001001001010110110111010110101100011001111
3 5  100 1000101001000100100011111100000000100100100000000101101010001001001010110110111010110101100011001111
2 7  100 1000101001010000100011111100000000100100100000000101101010001001001010110110111010110101100011001111
runNumber 27
genCount 5910
elapsedTime 600.003
unaryHyperVol 390
binaryHyperVol 0
additiveEps 0
entropy 0.461903
archive 27
3
6 4  100 1000011001000100100011111100000000100100100000000101101010001001001010110110111010110101100011001111
3 5  100 1000101001000100100011111100000000100100100000000101101010001001001010110110111010110101100011001111
2 7  100 1000101001010000100011111100000000100100100000000101101010001001001010110110111010110101100011001111
runNumber 28
genCount 5891
elapsedTime 599.977
unaryHyperVol 390
binaryHyperVol 0
additiveEps 0
entropy 0.461903
archive 28
3
6 4  100 1000011001000100100011111100000000100100100000000101101010001001001010110110111010110101100011001111
3 5  100 1000101001000100100011111100000000100100100000000101101010001001001010110110111010110101100011001111
2 7  100 1000101001010000100011111100000000100100100000000101101010001001001010110110111010110101100011001111
runNumber 29
genCount 5874
elapsedTime 599.941
unaryHyperVol 390
binaryHyperVol 0
additiveEps 0
entropy 0.461903
archive 29
3
6 4  100 1000011001000100100011111100000000100100100000000101101010001001001010110110111010110101100011001111
3 5  100 1000101001000100100011111100000000100100100000000101101010001001001010110110111010110101100011001111
2 7  100 1000101001010000100011111100000000100100100000000101101010001001001010110110111010110101100011001111
