OptimalFront
unaryHyperVol 292
Optimal front is obtained by exact method
-------------------------
3
1 8
2 7
5 6
runNumber 0
genCount 5937
elapsedTime 600.008
unaryHyperVol 292
binaryHyperVol 0
additiveEps 0
entropy 0.270001
archive 0
3
5 6  100 1010100110110001000000111110100001110101000100001010011010000011011000111010100100011001110100111011
2 7  100 1010100110110001001000111110100001110101000100001010011010000011011000111010100100011001110100111011
1 8  100 1010100110110001001000111110100001110101000100001010011010001011011000111010100100011001110100111011
runNumber 1
genCount 5962
elapsedTime 599.906
unaryHyperVol 292
binaryHyperVol 0
additiveEps 0
entropy 0.270001
archive 1
3
5 6  100 1010100110110001000000111110100001110101000100001010011010000011011000111010100100011001110100111011
2 7  100 1010100110110001001000111110100001110101000100001010011010000011011000111010100100011001110100111011
1 8  100 1010100110110001001000111110100001110101000100001010011010001011011000111010100100011001110100111011
runNumber 2
genCount 5999
elapsedTime 600.006
unaryHyperVol 292
binaryHyperVol 0
additiveEps 0
entropy 0.270001
archive 2
3
5 6  100 1010100110110001000000111110100001110101000100001010011010000011011000111010100100011001110100111011
2 7  100 1010100110110001001000111110100001110101000100001010011010000011011000111010100100011001110100111011
1 8  100 1010100110110001001000111110100001110101000100001010011010001011011000111010100100011001110100111011
runNumber 3
genCount 5908
elapsedTime 600.017
unaryHyperVol 292
binaryHyperVol 0
additiveEps 0
entropy 0.270001
archive 3
3
5 6  100 1010100110110001000000111110100001110101000100001010011010000011011000111010100100011001110100111011
2 7  100 1010100110110001001000111110100001110101000100001010011010000011011000111010100100011001110100111011
1 8  100 1010100110110001001000111110100001110101000100001010011010001011011000111010100100011001110100111011
runNumber 4
genCount 5845
elapsedTime 599.902
unaryHyperVol 292
binaryHyperVol 0
additiveEps 0
entropy 0.270001
archive 4
3
5 6  100 1010100110110001000000111110100001110101000100001010011010000011011000111010100100011001110100111011
2 7  100 1010100110110001001000111110100001110101000100001010011010000011011000111010100100011001110100111011
1 8  100 1010100110110001001000111110100001110101000100001010011010001011011000111010100100011001110100111011
runNumber 5
genCount 5811
elapsedTime 599.961
unaryHyperVol 292
binaryHyperVol 0
additiveEps 0
entropy 0.270001
archive 5
3
5 6  100 1010100110110001000000111110100001110101000100001010011010000011011000111010100100011001110100111011
2 7  100 1010100110110001001000111110100001110101000100001010011010000011011000111010100100011001110100111011
1 8  100 1010100110110001001000111110100001110101000100001010011010001011011000111010100100011001110100111011
runNumber 6
genCount 5830
elapsedTime 599.947
unaryHyperVol 292
binaryHyperVol 0
additiveEps 0
entropy 0.270001
archive 6
3
5 6  100 1010100110110001000000111110100001110101000100001010011010000011011000111010100100011001110100111011
2 7  100 1010100110110001001000111110100001110101000100001010011010000011011000111010100100011001110100111011
1 8  100 1010100110110001001000111110100001110101000100001010011010001011011000111010100100011001110100111011
runNumber 7
genCount 5685
elapsedTime 599.946
unaryHyperVol 292
binaryHyperVol 0
additiveEps 0
entropy 0.270001
archive 7
3
5 6  100 1010100110110001000000111110100001110101000100001010011010000011011000111010100100011001110100111011
2 7  100 1010100110110001001000111110100001110101000100001010011010000011011000111010100100011001110100111011
1 8  100 1010100110110001001000111110100001110101000100001010011010001011011000111010100100011001110100111011
runNumber 8
genCount 5703
elapsedTime 600.048
unaryHyperVol 292
binaryHyperVol 0
additiveEps 0
entropy 0.270001
archive 8
3
5 6  100 1010100110110001000000111110100001110101000100001010011010000011011000111010100100011001110100111011
2 7  100 1010100110110001001000111110100001110101000100001010011010000011011000111010100100011001110100111011
1 8  100 1010100110110001001000111110100001110101000100001010011010001011011000111010100100011001110100111011
runNumber 9
genCount 5896
elapsedTime 599.967
unaryHyperVol 292
binaryHyperVol 0
additiveEps 0
entropy 0.270001
archive 9
3
5 6  100 1010100110110001000000111110100001110101000100001010011010000011011000111010100100011001110100111011
2 7  100 1010100110110001001000111110100001110101000100001010011010000011011000111010100100011001110100111011
1 8  100 1010100110110001001000111110100001110101000100001010011010001011011000111010100100011001110100111011
runNumber 10
genCount 5975
elapsedTime 600.023
unaryHyperVol 292
binaryHyperVol 0
additiveEps 0
entropy 0.270001
archive 10
3
5 6  100 1010100110110001000000111110100001110101000100001010011010000011011000111010100100011001110100111011
2 7  100 1010100110110001001000111110100001110101000100001010011010000011011000111010100100011001110100111011
1 8  100 1010100110110001001000111110100001110101000100001010011010001011011000111010100100011001110100111011
runNumber 11
genCount 5816
elapsedTime 599.911
unaryHyperVol 292
binaryHyperVol 0
additiveEps 0
entropy 0.270001
archive 11
3
5 6  100 1010100110110001000000111110100001110101000100001010011010000011011000111010100100011001110100111011
2 7  100 1010100110110001001000111110100001110101000100001010011010000011011000111010100100011001110100111011
1 8  100 1010100110110001001000111110100001110101000100001010011010001011011000111010100100011001110100111011
runNumber 12
genCount 5947
elapsedTime 599.988
unaryHyperVol 292
binaryHyperVol 0
additiveEps 0
entropy 0.270001
archive 12
3
5 6  100 1010100110110001000000111110100001110101000100001010011010000011011000111010100100011001110100111011
2 7  100 1010100110110001001000111110100001110101000100001010011010000011011000111010100100011001110100111011
1 8  100 1010100110110001001000111110100001110101000100001010011010001011011000111010100100011001110100111011
runNumber 13
genCount 6149
elapsedTime 600.04
unaryHyperVol 292
binaryHyperVol 0
additiveEps 0
entropy 0.270001
archive 13
3
5 6  100 1010100110110001000000111110100001110101000100001010011010000011011000111010100100011001110100111011
2 7  100 1010100110110001001000111110100001110101000100001010011010000011011000111010100100011001110100111011
1 8  100 1010100110110001001000111110100001110101000100001010011010001011011000111010100100011001110100111011
runNumber 14
genCount 5963
elapsedTime 599.871
unaryHyperVol 292
binaryHyperVol 0
additiveEps 0
entropy 0.270001
archive 14
3
5 6  100 1010100110110001000000111110100001110101000100001010011010000011011000111010100100011001110100111011
2 7  100 1010100110110001001000111110100001110101000100001010011010000011011000111010100100011001110100111011
1 8  100 1010100110110001001000111110100001110101000100001010011010001011011000111010100100011001110100111011
runNumber 15
genCount 5969
elapsedTime 600.044
unaryHyperVol 292
binaryHyperVol 0
additiveEps 0
entropy 0.270001
archive 15
3
5 6  100 1010100110110001000000111110100001110101000100001010011010000011011000111010100100011001110100111011
2 7  100 1010100110110001001000111110100001110101000100001010011010000011011000111010100100011001110100111011
1 8  100 1010100110110001001000111110100001110101000100001010011010001011011000111010100100011001110100111011
runNumber 16
genCount 5814
elapsedTime 599.919
unaryHyperVol 292
binaryHyperVol 0
additiveEps 0
entropy 0.270001
archive 16
3
5 6  100 1010100110110001000000111110100001110101000100001010011010000011011000111010100100011001110100111011
2 7  100 1010100110110001001000111110100001110101000100001010011010000011011000111010100100011001110100111011
1 8  100 1010100110110001001000111110100001110101000100001010011010001011011000111010100100011001110100111011
runNumber 17
genCount 5883
elapsedTime 599.95
unaryHyperVol 292
binaryHyperVol 0
additiveEps 0
entropy 0.270001
archive 17
3
5 6  100 1010100110110001000000111110100001110101000100001010011010000011011000111010100100011001110100111011
2 7  100 1010100110110001001000111110100001110101000100001010011010000011011000111010100100011001110100111011
1 8  100 1010100110110001001000111110100001110101000100001010011010001011011000111010100100011001110100111011
runNumber 18
genCount 5760
elapsedTime 599.992
unaryHyperVol 292
binaryHyperVol 0
additiveEps 0
entropy 0.270001
archive 18
3
5 6  100 1010100110110001000000111110100001110101000100001010011010000011011000111010100100011001110100111011
2 7  100 1010100110110001001000111110100001110101000100001010011010000011011000111010100100011001110100111011
1 8  100 1010100110110001001000111110100001110101000100001010011010001011011000111010100100011001110100111011
runNumber 19
genCount 5829
elapsedTime 599.952
unaryHyperVol 292
binaryHyperVol 0
additiveEps 0
entropy 0.270001
archive 19
3
5 6  100 1010100110110001000000111110100001110101000100001010011010000011011000111010100100011001110100111011
2 7  100 1010100110110001001000111110100001110101000100001010011010000011011000111010100100011001110100111011
1 8  100 1010100110110001001000111110100001110101000100001010011010001011011000111010100100011001110100111011
runNumber 20
genCount 5916
elapsedTime 599.98
unaryHyperVol 292
binaryHyperVol 0
additiveEps 0
entropy 0.270001
archive 20
3
5 6  100 1010100110110001000000111110100001110101000100001010011010000011011000111010100100011001110100111011
2 7  100 1010100110110001001000111110100001110101000100001010011010000011011000111010100100011001110100111011
1 8  100 1010100110110001001000111110100001110101000100001010011010001011011000111010100100011001110100111011
runNumber 21
genCount 5846
elapsedTime 599.956
unaryHyperVol 292
binaryHyperVol 0
additiveEps 0
entropy 0.270001
archive 21
3
5 6  100 1010100110110001000000111110100001110101000100001010011010000011011000111010100100011001110100111011
2 7  100 1010100110110001001000111110100001110101000100001010011010000011011000111010100100011001110100111011
1 8  100 1010100110110001001000111110100001110101000100001010011010001011011000111010100100011001110100111011
runNumber 22
genCount 5942
elapsedTime 600.036
unaryHyperVol 292
binaryHyperVol 0
additiveEps 0
entropy 0.270001
archive 22
3
5 6  100 1010100110110001000000111110100001110101000100001010011010000011011000111010100100011001110100111011
2 7  100 1010100110110001001000111110100001110101000100001010011010000011011000111010100100011001110100111011
1 8  100 1010100110110001001000111110100001110101000100001010011010001011011000111010100100011001110100111011
runNumber 23
genCount 5944
elapsedTime 599.911
unaryHyperVol 292
binaryHyperVol 0
additiveEps 0
entropy 0.270001
archive 23
3
5 6  100 1010100110110001000000111110100001110101000100001010011010000011011000111010100100011001110100111011
2 7  100 1010100110110001001000111110100001110101000100001010011010000011011000111010100100011001110100111011
1 8  100 1010100110110001001000111110100001110101000100001010011010001011011000111010100100011001110100111011
runNumber 24
genCount 5925
elapsedTime 600
unaryHyperVol 292
binaryHyperVol 0
additiveEps 0
entropy 0.270001
archive 24
3
5 6  100 1010100110110001000000111110100001110101000100001010011010000011011000111010100100011001110100111011
2 7  100 1010100110110001001000111110100001110101000100001010011010000011011000111010100100011001110100111011
1 8  100 1010100110110001001000111110100001110101000100001010011010001011011000111010100100011001110100111011
runNumber 25
genCount 5921
elapsedTime 599.987
unaryHyperVol 292
binaryHyperVol 0
additiveEps 0
entropy 0.270001
archive 25
3
5 6  100 1010100110110001000000111110100001110101000100001010011010000011011000111010100100011001110100111011
2 7  100 1010100110110001001000111110100001110101000100001010011010000011011000111010100100011001110100111011
1 8  100 1010100110110001001000111110100001110101000100001010011010001011011000111010100100011001110100111011
runNumber 26
genCount 5860
elapsedTime 600.035
unaryHyperVol 292
binaryHyperVol 0
additiveEps 0
entropy 0.270001
archive 26
3
5 6  100 1010100110110001000000111110100001110101000100001010011010000011011000111010100100011001110100111011
2 7  100 1010100110110001001000111110100001110101000100001010011010000011011000111010100100011001110100111011
1 8  100 1010100110110001001000111110100001110101000100001010011010001011011000111010100100011001110100111011
runNumber 27
genCount 6154
elapsedTime 599.912
unaryHyperVol 292
binaryHyperVol 0
additiveEps 0
entropy 0.270001
archive 27
3
5 6  100 1010100110110001000000111110100001110101000100001010011010000011011000111010100100011001110100111011
2 7  100 1010100110110001001000111110100001110101000100001010011010000011011000111010100100011001110100111011
1 8  100 1010100110110001001000111110100001110101000100001010011010001011011000111010100100011001110100111011
runNumber 28
genCount 5684
elapsedTime 599.985
unaryHyperVol 292
binaryHyperVol 0
additiveEps 0
entropy 0.270001
archive 28
3
5 6  100 1010100110110001000000111110100001110101000100001010011010000011011000111010100100011001110100111011
2 7  100 1010100110110001001000111110100001110101000100001010011010000011011000111010100100011001110100111011
1 8  100 1010100110110001001000111110100001110101000100001010011010001011011000111010100100011001110100111011
runNumber 29
genCount 5765
elapsedTime 600.008
unaryHyperVol 292
binaryHyperVol 0
additiveEps 0
entropy 0.270001
archive 29
3
5 6  100 1010100110110001000000111110100001110101000100001010011010000011011000111010100100011001110100111011
2 7  100 1010100110110001001000111110100001110101000100001010011010000011011000111010100100011001110100111011
1 8  100 1010100110110001001000111110100001110101000100001010011010001011011000111010100100011001110100111011
