OptimalFront
unaryHyperVol 279
Optimal front is obtained by exact method
-------------------------
4
2 8
3 6
5 5
6 4
runNumber 0
genCount 5877
elapsedTime 600.006
unaryHyperVol 274
binaryHyperVol 2.5
additiveEps 0.25
entropy 0.482558
archive 0
3
5 5  100 0100101101110110101110000100011111011101001001000110010001100111001010111001100001010010111011111010
3 6  100 0100101101010110101110000100011111011101001001000110010001100111001010111001100001010010111011111010
2 8  100 0100101101110110100000000100011111011101001001000110010001100111001010111000010001100010111011111010
runNumber 1
genCount 5746
elapsedTime 599.951
unaryHyperVol 271
binaryHyperVol 2.6875
additiveEps 0.25
entropy 0.461483
archive 1
4
6 5  100 0100101101110110100000000100011111011101001001000110010001100111001001111001100001100010110011110000
5 6  100 0100101101110110100000000100011111011101001001000110010001100111001010111001100001100010111011111010
3 7  100 0100101101010110100000000100011111011101001001000110010001100111001010111001100001100010111011111010
2 8  100 0100101101110110100000000100011111011101001001000110010001100111001010111000010001100010111011111010
runNumber 2
genCount 5708
elapsedTime 599.915
unaryHyperVol 266
binaryHyperVol 5.1875
additiveEps 0.5
entropy 0.449615
archive 2
3
5 6  100 0100101101110110100000000100011111011101001001000110010001100111001010111001100001100010111011111010
3 7  100 0100101101010110100000000100011111011101001001000110010001100111001010111001100001100010111011111010
2 8  100 0100101101110110100000000100011111011101001001000110010001100111001010111000010001100010111011111010
runNumber 3
genCount 5983
elapsedTime 599.932
unaryHyperVol 266
binaryHyperVol 5.1875
additiveEps 0.5
entropy 0.449615
archive 3
3
5 6  100 0100101101110110100000000100011111011101001001000110010001100111001010111001100001100010111011111010
3 7  100 0100101101010110100000000100011111011101001001000110010001100111001010111001100001100010111011111010
2 8  100 0100101101110110100000000100011111011101001001000110010001100111001010111000010001100010111011111010
runNumber 4
genCount 5857
elapsedTime 599.911
unaryHyperVol 266
binaryHyperVol 5.1875
additiveEps 0.5
entropy 0.449615
archive 4
3
5 6  100 0100101101110110100000000100011111011101001001000110010001100111001010111001100001100010111011111010
3 7  100 0100101101010110100000000100011111011101001001000110010001100111001010111001100001100010111011111010
2 8  100 0100101101110110100000000100011111011101001001000110010001100111001010111000010001100010111011111010
runNumber 5
genCount 5905
elapsedTime 600.02
unaryHyperVol 266
binaryHyperVol 5.1875
additiveEps 0.5
entropy 0.449615
archive 5
3
5 6  100 0100101101110110100000000100011111011101001001000110010001100111001010111001100001100010111011111010
3 7  100 0100101101010110100000000100011111011101001001000110010001100111001010111001100001100010111011111010
2 8  100 0100101101110110100000000100011111011101001001000110010001100111001010111000010001100010111011111010
runNumber 6
genCount 5953
elapsedTime 599.927
unaryHyperVol 274
binaryHyperVol 2.5
additiveEps 0.25
entropy 0.482558
archive 6
3
5 5  100 0100101101110110101110000100011111011101001001000110010001100111001010111001100001010010111011111010
3 6  100 0100101101010110101110000100011111011101001001000110010001100111001010111001100001010010111011111010
2 8  100 0100101101110110100000000100011111011101001001000110010001100111001010111000010001100010111011111010
runNumber 7
genCount 5877
elapsedTime 599.943
unaryHyperVol 266
binaryHyperVol 5.1875
additiveEps 0.5
entropy 0.449615
archive 7
3
5 6  100 0100101101110110100000000100011111011101001001000110010001100111001010111001100001100010111011111010
3 7  100 0100101101010110100000000100011111011101001001000110010001100111001010111001100001100010111011111010
2 8  100 0100101101110110100000000100011111011101001001000110010001100111001010111000010001100010111011111010
runNumber 8
genCount 5895
elapsedTime 599.923
unaryHyperVol 266
binaryHyperVol 5.1875
additiveEps 0.5
entropy 0.449615
archive 8
3
5 6  100 0100101101110110100000000100011111011101001001000110010001100111001010111001100001100010111011111010
3 7  100 0100101101010110100000000100011111011101001001000110010001100111001010111001100001100010111011111010
2 8  100 0100101101110110100000000100011111011101001001000110010001100111001010111000010001100010111011111010
runNumber 9
genCount 5798
elapsedTime 599.954
unaryHyperVol 266
binaryHyperVol 5.1875
additiveEps 0.5
entropy 0.449615
archive 9
3
5 6  100 0100101101110110100000000100011111011101001001000110010001100111001010111001100001100010111011111010
3 7  100 0100101101010110100000000100011111011101001001000110010001100111001010111001100001100010111011111010
2 8  100 0100101101110110100000000100011111011101001001000110010001100111001010111000010001100010111011111010
runNumber 10
genCount 5820
elapsedTime 599.949
unaryHyperVol 266
binaryHyperVol 5.1875
additiveEps 0.5
entropy 0.449615
archive 10
3
5 6  100 0100101101110110100000000100011111011101001001000110010001100111001010111001100001100010111011111010
3 7  100 0100101101010110100000000100011111011101001001000110010001100111001010111001100001100010111011111010
2 8  100 0100101101110110100000000100011111011101001001000110010001100111001010111000010001100010111011111010
runNumber 11
genCount 5851
elapsedTime 600.034
unaryHyperVol 266
binaryHyperVol 5.1875
additiveEps 0.5
entropy 0.449615
archive 11
3
5 6  100 0100101101110110100000000100011111011101001001000110010001100111001010111001100001100010111011111010
3 7  100 0100101101010110100000000100011111011101001001000110010001100111001010111001100001100010111011111010
2 8  100 0100101101110110100000000100011111011101001001000110010001100111001010111000010001100010111011111010
runNumber 12
genCount 5805
elapsedTime 599.864
unaryHyperVol 266
binaryHyperVol 5.1875
additiveEps 0.5
entropy 0.449615
archive 12
3
5 6  100 0100101101110110100000000100011111011101001001000110010001100111001010111001100001100010111011111010
3 7  100 0100101101010110100000000100011111011101001001000110010001100111001010111001100001100010111011111010
2 8  100 0100101101110110100000000100011111011101001001000110010001100111001010111000010001100010111011111010
runNumber 13
genCount 5879
elapsedTime 599.969
unaryHyperVol 266
binaryHyperVol 5.1875
additiveEps 0.5
entropy 0.449615
archive 13
3
5 6  100 0100101101110110100000000100011111011101001001000110010001100111001010111001100001100010111011111010
3 7  100 0100101101010110100000000100011111011101001001000110010001100111001010111001100001100010111011111010
2 8  100 0100101101110110100000000100011111011101001001000110010001100111001010111000010001100010111011111010
runNumber 14
genCount 6011
elapsedTime 599.936
unaryHyperVol 266
binaryHyperVol 5.1875
additiveEps 0.5
entropy 0.449615
archive 14
3
5 6  100 0100101101110110100000000100011111011101001001000110010001100111001010111001100001100010111011111010
3 7  100 0100101101010110100000000100011111011101001001000110010001100111001010111001100001100010111011111010
2 8  100 0100101101110110100000000100011111011101001001000110010001100111001010111000010001100010111011111010
runNumber 15
genCount 5894
elapsedTime 599.924
unaryHyperVol 266
binaryHyperVol 5.1875
additiveEps 0.5
entropy 0.449615
archive 15
3
5 6  100 0100101101110110100000000100011111011101001001000110010001100111001010111001100001100010111011111010
3 7  100 0100101101010110100000000100011111011101001001000110010001100111001010111001100001100010111011111010
2 8  100 0100101101110110100000000100011111011101001001000110010001100111001010111000010001100010111011111010
runNumber 16
genCount 5851
elapsedTime 600.031
unaryHyperVol 266
binaryHyperVol 5.1875
additiveEps 0.5
entropy 0.449615
archive 16
3
5 6  100 0100101101110110100000000100011111011101001001000110010001100111001010111001100001100010111011111010
3 7  100 0100101101010110100000000100011111011101001001000110010001100111001010111001100001100010111011111010
2 8  100 0100101101110110100000000100011111011101001001000110010001100111001010111000010001100010111011111010
runNumber 17
genCount 5844
elapsedTime 599.884
unaryHyperVol 266
binaryHyperVol 5.1875
additiveEps 0.5
entropy 0.449615
archive 17
3
5 6  100 0100101101110110100000000100011111011101001001000110010001100111001010111001100001100010111011111010
3 7  100 0100101101010110100000000100011111011101001001000110010001100111001010111001100001100010111011111010
2 8  100 0100101101110110100000000100011111011101001001000110010001100111001010111000010001100010111011111010
runNumber 18
genCount 5654
elapsedTime 599.963
unaryHyperVol 266
binaryHyperVol 5.1875
additiveEps 0.5
entropy 0.449615
archive 18
3
5 6  100 0100101101110110100000000100011111011101001001000110010001100111001010111001100001100010111011111010
3 7  100 0100101101010110100000000100011111011101001001000110010001100111001010111001100001100010111011111010
2 8  100 0100101101110110100000000100011111011101001001000110010001100111001010111000010001100010111011111010
runNumber 19
genCount 5899
elapsedTime 599.967
unaryHyperVol 266
binaryHyperVol 5.1875
additiveEps 0.5
entropy 0.449615
archive 19
3
5 6  100 0100101101110110100000000100011111011101001001000110010001100111001010111001100001100010111011111010
3 7  100 0100101101010110100000000100011111011101001001000110010001100111001010111001100001100010111011111010
2 8  100 0100101101110110100000000100011111011101001001000110010001100111001010111000010001100010111011111010
runNumber 20
genCount 5934
elapsedTime 600.033
unaryHyperVol 266
binaryHyperVol 5.1875
additiveEps 0.5
entropy 0.449615
archive 20
3
5 6  100 0100101101110110100000000100011111011101001001000110010001100111001010111001100001100010111011111010
3 7  100 0100101101010110100000000100011111011101001001000110010001100111001010111001100001100010111011111010
2 8  100 0100101101110110100000000100011111011101001001000110010001100111001010111000010001100010111011111010
runNumber 21
genCount 5763
elapsedTime 599.948
unaryHyperVol 264
binaryHyperVol 4.25
additiveEps 0.4
entropy 0.448759
archive 21
4
5 6  100 0100101101110110100000000100011111011101001001000110010001100111001010111001100001100010010111110110
4 7  100 0100101101010110100000000100011111011101001001000110010001100111001010111001100001100010010111110110
3 8  100 0100101101010110100000000100011111011101001001000110010001100111001010111001100001100010010111111010
2 9  100 0100101101110110100000000100011111011101001001000110010001100111001010111000010001100010010111111010
runNumber 22
genCount 5991
elapsedTime 600
unaryHyperVol 238
binaryHyperVol 13.9375
additiveEps 0.5
entropy 0.475082
archive 22
2
5 6  100 0100101101110110100000000100011111011101001001000110010001100111001010111001100001100010111011111010
3 7  100 0100101101010110100000000100011111011101001001000110010001100111001010111001100001100010111011111010
runNumber 23
genCount 5929
elapsedTime 599.981
unaryHyperVol 266
binaryHyperVol 5.1875
additiveEps 0.5
entropy 0.449615
archive 23
3
5 6  100 0100101101110110100000000100011111011101001001000110010001100111001010111001100001100010111011111010
3 7  100 0100101101010110100000000100011111011101001001000110010001100111001010111001100001100010111011111010
2 8  100 0100101101110110100000000100011111011101001001000110010001100111001010111000010001100010111011111010
runNumber 24
genCount 5766
elapsedTime 599.902
unaryHyperVol 271
binaryHyperVol 2.6875
additiveEps 0.25
entropy 0.461483
archive 24
4
6 5  100 0100101101110110100000000100011111011101001001000110010001100111001001111001100001100010110011110000
5 6  100 0100101101110110100000000100011111011101001001000110010001100111001010111001100001100010110011110000
3 7  100 0100101101010110100000000100011111011101001001000110010001100111001010111001100001100010111011111010
2 8  100 0100101101110110100000000100011111011101001001000110010001100111001010111000010001100010111011111010
runNumber 25
genCount 5799
elapsedTime 599.998
unaryHyperVol 266
binaryHyperVol 5.1875
additiveEps 0.5
entropy 0.449615
archive 25
3
5 6  100 0100101101110110100000000100011111011101001001000110010001100111001010111001100001100010111011111010
3 7  100 0100101101010110100000000100011111011101001001000110010001100111001010111001100001100010111011111010
2 8  100 0100101101110110100000000100011111011101001001000110010001100111001010111000010001100010111011111010
runNumber 26
genCount 5743
elapsedTime 599.934
unaryHyperVol 266
binaryHyperVol 5.1875
additiveEps 0.5
entropy 0.449615
archive 26
3
5 6  100 0100101101110110100000000100011111011101001001000110010001100111001010111001100001100010111011111010
3 7  100 0100101101010110100000000100011111011101001001000110010001100111001010111001100001100010111011111010
2 8  100 0100101101110110100000000100011111011101001001000110010001100111001010111000010001100010111011111010
runNumber 27
genCount 5806
elapsedTime 600.006
unaryHyperVol 266
binaryHyperVol 5.1875
additiveEps 0.5
entropy 0.449615
archive 27
3
5 6  100 0100101101110110100000000100011111011101001001000110010001100111001010111001100001100010111011111010
3 7  100 0100101101010110100000000100011111011101001001000110010001100111001010111001100001100010111011111010
2 8  100 0100101101110110100000000100011111011101001001000110010001100111001010111000010001100010111011111010
runNumber 28
genCount 6045
elapsedTime 599.955
unaryHyperVol 266
binaryHyperVol 5.1875
additiveEps 0.5
entropy 0.449615
archive 28
3
5 6  100 0100101101110110100000000100011111011101001001000110010001100111001010111001100001100010111011111010
3 7  100 0100101101010110100000000100011111011101001001000110010001100111001010111001100001100010111011111010
2 8  100 0100101101110110100000000100011111011101001001000110010001100111001010111000010001100010111011111010
runNumber 29
genCount 5821
elapsedTime 599.96
unaryHyperVol 266
binaryHyperVol 5.1875
additiveEps 0.5
entropy 0.449615
archive 29
3
5 6  100 0100101101110110100000000100011111011101001001000110010001100111001010111001100001100010111011111010
3 7  100 0100101101010110100000000100011111011101001001000110010001100111001010111001100001100010111011111010
2 8  100 0100101101110110100000000100011111011101001001000110010001100111001010111000010001100010111011111010
