OptimalFront
unaryHyperVol 460
Optimal front is obtained by exact method
-------------------------
3
1 4
2 3
5 2
runNumber 0
genCount 5873
elapsedTime 600.047
unaryHyperVol 460
binaryHyperVol 0
additiveEps 0
entropy 0.270001
archive 0
3
5 2  100 0001001000011111011011110111010111110110000000101010111011000110001110001000100011010110101010101010
2 3  100 0001001000101111011011110111010111110110000000101010111011000110001110001000100011010110101010101010
1 4  100 0001001000101111011011110111010111110110000010101010111011000110001110001000100011010110101010101010
runNumber 1
genCount 5907
elapsedTime 599.89
unaryHyperVol 460
binaryHyperVol 0
additiveEps 0
entropy 0.270001
archive 1
3
5 2  100 0001001000011111011011110111010111110110000000101010111011000110001110001000100011010110101010101010
2 3  100 0001001000101111011011110111010111110110000000101010111011000110001110001000100011010110101010101010
1 4  100 0001001000101111011011110111010111110110000010101010111011000110001110001000100011010110101010101010
runNumber 2
genCount 5923
elapsedTime 599.977
unaryHyperVol 460
binaryHyperVol 0
additiveEps 0
entropy 0.270001
archive 2
3
5 2  100 0001001000011111011011110111010111110110000000101010111011000110001110001000100011010110101010101010
2 3  100 0001001000101111011011110111010111110110000000101010111011000110001110001000100011010110101010101010
1 4  100 0001001000101111011011110111010111110110000010101010111011000110001110001000100011010110101010101010
runNumber 3
genCount 5833
elapsedTime 600.057
unaryHyperVol 460
binaryHyperVol 0
additiveEps 0
entropy 0.270001
archive 3
3
5 2  100 0001001000011111011011110111010111110110000000101010111011000110001110001000100011010110101010101010
2 3  100 0001001000101111011011110111010111110110000000101010111011000110001110001000100011010110101010101010
1 4  100 0001001000101111011011110111010111110110000010101010111011000110001110001000100011010110101010101010
runNumber 4
genCount 5859
elapsedTime 599.98
unaryHyperVol 460
binaryHyperVol 0
additiveEps 0
entropy 0.270001
archive 4
3
5 2  100 0001001000011111011011110111010111110110000000101010111011000110001110001000100011010110101010101010
2 3  100 0001001000101111011011110111010111110110000000101010111011000110001110001000100011010110101010101010
1 4  100 0001001000101111011011110111010111110110000010101010111011000110001110001000100011010110101010101010
runNumber 5
genCount 5855
elapsedTime 599.932
unaryHyperVol 460
binaryHyperVol 0
additiveEps 0
entropy 0.270001
archive 5
3
5 2  100 0001001000011111011011110111010111110110000000101010111011000110001110001000100011010110101010101010
2 3  100 0001001000101111011011110111010111110110000000101010111011000110001110001000100011010110101010101010
1 4  100 0001001000101111011011110111010111110110000010101010111011000110001110001000100011010110101010101010
runNumber 6
genCount 5941
elapsedTime 600.007
unaryHyperVol 460
binaryHyperVol 0
additiveEps 0
entropy 0.270001
archive 6
3
5 2  100 0001001000011111011011110111010111110110000000101010111011000110001110001000100011010110101010101010
2 3  100 0001001000101111011011110111010111110110000000101010111011000110001110001000100011010110101010101010
1 4  100 0001001000101111011011110111010111110110000010101010111011000110001110001000100011010110101010101010
runNumber 7
genCount 5906
elapsedTime 599.937
unaryHyperVol 460
binaryHyperVol 0
additiveEps 0
entropy 0.270001
archive 7
3
5 2  100 0001001000011111011011110111010111110110000000101010111011000110001110001000100011010110101010101010
2 3  100 0001001000101111011011110111010111110110000000101010111011000110001110001000100011010110101010101010
1 4  100 0001001000101111011011110111010111110110000010101010111011000110001110001000100011010110101010101010
runNumber 8
genCount 5977
elapsedTime 599.932
unaryHyperVol 460
binaryHyperVol 0
additiveEps 0
entropy 0.270001
archive 8
3
5 2  100 0001001000011111011011110111010111110110000000101010111011000110001110001000100011010110101010101010
2 3  100 0001001000101111011011110111010111110110000000101010111011000110001110001000100011010110101010101010
1 4  100 0001001000101111011011110111010111110110000010101010111011000110001110001000100011010110101010101010
runNumber 9
genCount 5936
elapsedTime 600.018
unaryHyperVol 460
binaryHyperVol 0
additiveEps 0
entropy 0.270001
archive 9
3
5 2  100 0001001000011111011011110111010111110110000000101010111011000110001110001000100011010110101010101010
2 3  100 0001001000101111011011110111010111110110000000101010111011000110001110001000100011010110101010101010
1 4  100 0001001000101111011011110111010111110110000010101010111011000110001110001000100011010110101010101010
runNumber 10
genCount 6052
elapsedTime 600.055
unaryHyperVol 460
binaryHyperVol 0
additiveEps 0
entropy 0.270001
archive 10
3
5 2  100 0001001000011111011011110111010111110110000000101010111011000110001110001000100011010110101010101010
2 3  100 0001001000101111011011110111010111110110000000101010111011000110001110001000100011010110101010101010
1 4  100 0001001000101111011011110111010111110110000010101010111011000110001110001000100011010110101010101010
runNumber 11
genCount 5967
elapsedTime 599.886
unaryHyperVol 460
binaryHyperVol 0
additiveEps 0
entropy 0.270001
archive 11
3
5 2  100 0001001000011111011011110111010111110110000000101010111011000110001110001000100011010110101010101010
2 3  100 0001001000101111011011110111010111110110000000101010111011000110001110001000100011010110101010101010
1 4  100 0001001000101111011011110111010111110110000010101010111011000110001110001000100011010110101010101010
runNumber 12
genCount 5841
elapsedTime 599.984
unaryHyperVol 460
binaryHyperVol 0
additiveEps 0
entropy 0.270001
archive 12
3
5 2  100 0001001000011111011011110111010111110110000000101010111011000110001110001000100011010110101010101010
2 3  100 0001001000101111011011110111010111110110000000101010111011000110001110001000100011010110101010101010
1 4  100 0001001000101111011011110111010111110110000010101010111011000110001110001000100011010110101010101010
runNumber 13
genCount 5715
elapsedTime 600.057
unaryHyperVol 460
binaryHyperVol 0
additiveEps 0
entropy 0.270001
archive 13
3
5 2  100 0001001000011111011011110111010111110110000000101010111011000110001110001000100011010110101010101010
2 3  100 0001001000101111011011110111010111110110000000101010111011000110001110001000100011010110101010101010
1 4  100 0001001000101111011011110111010111110110000010101010111011000110001110001000100011010110101010101010
runNumber 14
genCount 5977
elapsedTime 599.926
unaryHyperVol 460
binaryHyperVol 0
additiveEps 0
entropy 0.270001
archive 14
3
5 2  100 0001001000011111011011110111010111110110000000101010111011000110001110001000100011010110101010101010
2 3  100 0001001000101111011011110111010111110110000000101010111011000110001110001000100011010110101010101010
1 4  100 0001001000101111011011110111010111110110000010101010111011000110001110001000100011010110101010101010
runNumber 15
genCount 5973
elapsedTime 599.963
unaryHyperVol 460
binaryHyperVol 0
additiveEps 0
entropy 0.270001
archive 15
3
5 2  100 0001001000011111011011110111010111110110000000101010111011000110001110001000100011010110101010101010
2 3  100 0001001000101111011011110111010111110110000000101010111011000110001110001000100011010110101010101010
1 4  100 0001001000101111011011110111010111110110000010101010111011000110001110001000100011010110101010101010
runNumber 16
genCount 5850
elapsedTime 600.02
unaryHyperVol 460
binaryHyperVol 0
additiveEps 0
entropy 0.270001
archive 16
3
5 2  100 0001001000011111011011110111010111110110000000101010111011000110001110001000100011010110101010101010
2 3  100 0001001000101111011011110111010111110110000000101010111011000110001110001000100011010110101010101010
1 4  100 0001001000101111011011110111010111110110000010101010111011000110001110001000100011010110101010101010
runNumber 17
genCount 5903
elapsedTime 599.868
unaryHyperVol 460
binaryHyperVol 0
additiveEps 0
entropy 0.270001
archive 17
3
5 2  100 0001001000011111011011110111010111110110000000101010111011000110001110001000100011010110101010101010
2 3  100 0001001000101111011011110111010111110110000000101010111011000110001110001000100011010110101010101010
1 4  100 0001001000101111011011110111010111110110000010101010111011000110001110001000100011010110101010101010
runNumber 18
genCount 5962
elapsedTime 600.042
unaryHyperVol 460
binaryHyperVol 0
additiveEps 0
entropy 0.270001
archive 18
3
5 2  100 0001001000011111011011110111010111110110000000101010111011000110001110001000100011010110101010101010
2 3  100 0001001000101111011011110111010111110110000000101010111011000110001110001000100011010110101010101010
1 4  100 0001001000101111011011110111010111110110000010101010111011000110001110001000100011010110101010101010
runNumber 19
genCount 6013
elapsedTime 599.989
unaryHyperVol 460
binaryHyperVol 0
additiveEps 0
entropy 0.270001
archive 19
3
5 2  100 0001001000011111011011110111010111110110000000101010111011000110001110001000100011010110101010101010
2 3  100 0001001000101111011011110111010111110110000000101010111011000110001110001000100011010110101010101010
1 4  100 0001001000101111011011110111010111110110000010101010111011000110001110001000100011010110101010101010
runNumber 20
genCount 5845
elapsedTime 599.934
unaryHyperVol 460
binaryHyperVol 0
additiveEps 0
entropy 0.270001
archive 20
3
5 2  100 0001001000011111011011110111010111110110000000101010111011000110001110001000100011010110101010101010
2 3  100 0001001000101111011011110111010111110110000000101010111011000110001110001000100011010110101010101010
1 4  100 0001001000101111011011110111010111110110000010101010111011000110001110001000100011010110101010101010
runNumber 21
genCount 5868
elapsedTime 600.036
unaryHyperVol 460
binaryHyperVol 0
additiveEps 0
entropy 0.270001
archive 21
3
5 2  100 0001001000011111011011110111010111110110000000101010111011000110001110001000100011010110101010101010
2 3  100 0001001000101111011011110111010111110110000000101010111011000110001110001000100011010110101010101010
1 4  100 0001001000101111011011110111010111110110000010101010111011000110001110001000100011010110101010101010
runNumber 22
genCount 5821
elapsedTime 599.936
unaryHyperVol 460
binaryHyperVol 0
additiveEps 0
entropy 0.270001
archive 22
3
5 2  100 0001001000011111011011110111010111110110000000101010111011000110001110001000100011010110101010101010
2 3  100 0001001000101111011011110111010111110110000000101010111011000110001110001000100011010110101010101010
1 4  100 0001001000101111011011110111010111110110000010101010111011000110001110001000100011010110101010101010
runNumber 23
genCount 5961
elapsedTime 599.958
unaryHyperVol 460
binaryHyperVol 0
additiveEps 0
entropy 0.270001
archive 23
3
5 2  100 0001001000011111011011110111010111110110000000101010111011000110001110001000100011010110101010101010
2 3  100 0001001000101111011011110111010111110110000000101010111011000110001110001000100011010110101010101010
1 4  100 0001001000101111011011110111010111110110000010101010111011000110001110001000100011010110101010101010
runNumber 24
genCount 5929
elapsedTime 600.044
unaryHyperVol 460
binaryHyperVol 0
additiveEps 0
entropy 0.270001
archive 24
3
5 2  100 0001001000011111011011110111010111110110000000101010111011000110001110001000100011010110101010101010
2 3  100 0001001000101111011011110111010111110110000000101010111011000110001110001000100011010110101010101010
1 4  100 0001001000101111011011110111010111110110000010101010111011000110001110001000100011010110101010101010
runNumber 25
genCount 5931
elapsedTime 599.973
unaryHyperVol 460
binaryHyperVol 0
additiveEps 0
entropy 0.270001
archive 25
3
5 2  100 0001001000011111011011110111010111110110000000101010111011000110001110001000100011010110101010101010
2 3  100 0001001000101111011011110111010111110110000000101010111011000110001110001000100011010110101010101010
1 4  100 0001001000101111011011110111010111110110000010101010111011000110001110001000100011010110101010101010
runNumber 26
genCount 5855
elapsedTime 600.019
unaryHyperVol 460
binaryHyperVol 0
additiveEps 0
entropy 0.270001
archive 26
3
5 2  100 0001001000011111011011110111010111110110000000101010111011000110001110001000100011010110101010101010
2 3  100 0001001000101111011011110111010111110110000000101010111011000110001110001000100011010110101010101010
1 4  100 0001001000101111011011110111010111110110000010101010111011000110001110001000100011010110101010101010
runNumber 27
genCount 5931
elapsedTime 599.867
unaryHyperVol 460
binaryHyperVol 0
additiveEps 0
entropy 0.270001
archive 27
3
5 2  100 0001001000011111011011110111010111110110000000101010111011000110001110001000100011010110101010101010
2 3  100 0001001000101111011011110111010111110110000000101010111011000110001110001000100011010110101010101010
1 4  100 0001001000101111011011110111010111110110000010101010111011000110001110001000100011010110101010101010
runNumber 28
genCount 5898
elapsedTime 600.017
unaryHyperVol 460
binaryHyperVol 0
additiveEps 0
entropy 0.270001
archive 28
3
5 2  100 0001001000011111011011110111010111110110000000101010111011000110001110001000100011010110101010101010
2 3  100 0001001000101111011011110111010111110110000000101010111011000110001110001000100011010110101010101010
1 4  100 0001001000101111011011110111010111110110000010101010111011000110001110001000100011010110101010101010
runNumber 29
genCount 5958
elapsedTime 600.051
unaryHyperVol 460
binaryHyperVol 0
additiveEps 0
entropy 0.270001
archive 29
3
5 2  100 0001001000011111011011110111010111110110000000101010111011000110001110001000100011010110101010101010
2 3  100 0001001000101111011011110111010111110110000000101010111011000110001110001000100011010110101010101010
1 4  100 0001001000101111011011110111010111110110000010101010111011000110001110001000100011010110101010101010
