OptimalFront
unaryHyperVol 471
3
6 5  100 1001110111011110101001000010100100101101011001110010011011001101001110000110100111010100010101101011
5 6  100 1001110111011110101001000010100100101101011001110010011011011101001110000110100111100000010101101011
3 7  100 1001110111011110101001000010100100101101011001110010011011001101001110000110100111100001010101101001
-------------------------
runNumber 0
genCount 8559
elapsedTime 599.843
unaryHyperVol 401
binaryHyperVol 25.25
additiveEps 0.75
entropy 0.49717
archive 0
2
6 8  100 1001110111011110101001000010100100101101011001110010011011001101001110000110100111010001010111110111
4 9  100 1001110111011110101001000010100100101101011001110010011011001101001110000110100111100001010111110111
runNumber 1
genCount 8397
elapsedTime 601.601
unaryHyperVol 471
binaryHyperVol 0
additiveEps 0
entropy 0.270001
archive 1
3
6 5  100 1001110111011110101001000010100100101101011001110010011011001101001110000110100111010100010101101011
5 6  100 1001110111011110101001000010100100101101011001110010011011000001001110000110100111010100010101101011
3 7  100 1001110111011110101001000010100100101101011001110010011011001101001110000110100111100001010101101001
runNumber 2
genCount 8515
elapsedTime 600.892
unaryHyperVol 460
binaryHyperVol 8
additiveEps 0.5
entropy 0.488066
archive 2
2
5 6  100 1001110111011110101001000010100100101101011001110010011011011101001110000110100111100000010101101011
3 7  100 1001110111011110101001000010100100101101011001110010011011001101001110000110100111100001010101101001
runNumber 3
genCount 8101
elapsedTime 600.453
unaryHyperVol 431
binaryHyperVol 12.5833
additiveEps 0.75
entropy 0.49717
archive 3
2
6 8  100 1001000111011110010001000010100100101101011001110010011011001101001110000110100111011000010101101011
3 9  100 1001000111011110010001000010100100101101011001110010011011001101001110000110100111101000010101101011
runNumber 4
genCount 8139
elapsedTime 599.511
unaryHyperVol 439
binaryHyperVol 12.6667
additiveEps 0.333333
entropy 0.482558
archive 4
3
6 5  100 1001110111011110101001000010100100101101011001110010011011001101001110000110100111010100010101101011
5 6  100 1001110111011110101001000010100100101101011001110010011011000001001110000110100111010100010101101011
4 7  100 1001110111011110101001000010100100101101011001110010011011001101000110000110100101010100010101101011
runNumber 5
genCount 8347
elapsedTime 599.973
unaryHyperVol 471
binaryHyperVol 0
additiveEps 0
entropy 0.270001
archive 5
3
6 5  100 1001110111011110101001000010100100101101011001110010011011001101001110000110100111010100010101101011
5 6  100 1001110111011110101001000010100100101101011001110010011011000001001110000110100111010100010101101011
3 7  100 1001110111011110101001000010100100101101011001110010011011001101001110000110100111100001010101101001
runNumber 6
genCount 8288
elapsedTime 599.815
unaryHyperVol 439
binaryHyperVol 12.6667
additiveEps 0.333333
entropy 0.482558
archive 6
3
6 5  100 1001110111011110101001000010100100101101011001110010011011001101001110000110100111010100010101101011
5 6  100 1001110111011110101001000010100100101101011001110010011011000001001110000110100111010100010101101011
4 7  100 1001110111011110101001000010100100101101011001110010011011001101000110000110100101010100010101101011
runNumber 7
genCount 8228
elapsedTime 599.924
unaryHyperVol 471
binaryHyperVol 0
additiveEps 0
entropy 0.270001
archive 7
3
6 5  100 1001110111011110101001000010100100101101011001110010011011001101001110000110100111010100010101101011
5 6  100 1001110111011110101001000010100100101101011001110010011011011101001110000110100111100000010101101011
3 7  100 1001110111011110101001000010100100101101011001110010011011001101001110000110100111100001010101101001
runNumber 8
genCount 8139
elapsedTime 599.899
unaryHyperVol 401
binaryHyperVol 25.25
additiveEps 0.75
entropy 0.49717
archive 8
2
6 8  100 1001110111011110101001000010100100101101011001110010011011001101001110000110100111010001010111110111
4 9  100 1001110111011110101001000010100100101101011001110010011011001101001110000110100111100001010111110111
runNumber 9
genCount 8224
elapsedTime 599.969
unaryHyperVol 471
binaryHyperVol 0
additiveEps 0
entropy 0.270001
archive 9
3
6 5  100 1001110111011110101001000010100100101101011001110010011011001101001110000110100111010100010101101011
5 6  100 1001110111011110101001000010100100101101011001110010011011000001001110000110100111010100010101101011
3 7  100 1001110111011110101001000010100100101101011001110010011011001101001110000110100111100001010101101001
runNumber 10
genCount 8034
elapsedTime 600.019
unaryHyperVol 413
binaryHyperVol 21.1667
additiveEps 0.5
entropy 0.449615
archive 10
3
6 7  100 1001110111010110101001000010100100101101011001110010011011001101001110000101000111010100010101101011
5 8  100 1001110111010110101001000010100100101101011001110010011011000001001110000101000111010100010101101011
4 9  100 1001110111010110101001000010100100101101011001110010011011001101000110000101000101010100010101101011
runNumber 11
genCount 8173
elapsedTime 599.975
unaryHyperVol 439
binaryHyperVol 12.6667
additiveEps 0.333333
entropy 0.482558
archive 11
3
6 5  100 1001110111011110101001000010100100101101011001110010011011001101001110000110100111010100010101101011
5 6  100 1001110111011110101001000010100100101101011001110010011011000001001110000110100111010100010101101011
4 7  100 1001110111011110101001000010100100101101011001110010011011001101000110000110100101010100010101101011
runNumber 12
genCount 8241
elapsedTime 599.618
unaryHyperVol 362
binaryHyperVol 27.1429
additiveEps 0.857143
entropy 0.49717
archive 12
2
6 11  100 1001110011001110010001110010100100010101011001110010011011001101001110000110100111011000010101101011
4 12  100 1001110011001110010001110010100100010101011001110010011011001101001110000110100111101000010101101011
runNumber 13
genCount 8137
elapsedTime 599.923
unaryHyperVol 471
binaryHyperVol 0
additiveEps 0
entropy 0.270001
archive 13
3
6 5  100 1001110111011110101001000010100100101101011001110010011011001101001110000110100111010100010101101011
5 6  100 1001110111011110101001000010100100101101011001110010011011011101001110000110100111100000010101101011
3 7  100 1001110111011110101001000010100100101101011001110010011011001101001110000110100111100001010101101001
runNumber 14
genCount 8091
elapsedTime 599.945
unaryHyperVol 439
binaryHyperVol 12.6667
additiveEps 0.333333
entropy 0.482558
archive 14
3
6 5  100 1001110111011110101001000010100100101101011001110010011011001101001110000110100111010100010101101011
5 6  100 1001110111011110101001000010100100101101011001110010011011000001001110000110100111010100010101101011
4 7  100 1001110111011110101001000010100100101101011001110010011011001101000110000110100101010100010101101011
runNumber 15
genCount 8261
elapsedTime 599.938
unaryHyperVol 459
binaryHyperVol 8.16667
additiveEps 0.5
entropy 0.509891
archive 15
2
6 6  100 1001110111011110101001000010100100101101011001110010011011001101001110000110100111010001010101101001
3 7  100 1001110111011110101001000010100100101101011001110010011011001101001110000110100111100001010101101001
runNumber 16
genCount 8064
elapsedTime 599.966
unaryHyperVol 431
binaryHyperVol 12.5833
additiveEps 0.75
entropy 0.49717
archive 16
2
6 8  100 1001000111011110010001000010100100101101011001110010011011001101001110000110100111011000010101101011
3 9  100 1001000111011110010001000010100100101101011001110010011011001101001110000110100111101000010101101011
runNumber 17
genCount 8057
elapsedTime 599.915
unaryHyperVol 415
binaryHyperVol 23.6667
additiveEps 0.666667
entropy 0.49717
archive 17
2
5 7  100 1001110111011110101001000010100100101101011001110010011011011101001101110110100101010100010101101011
4 8  100 1001110111011110101001000010100100101101011001110010011011011101000101110110100101010100010101101011
runNumber 18
genCount 8030
elapsedTime 599.883
unaryHyperVol 431
binaryHyperVol 12.5833
additiveEps 0.75
entropy 0.49717
archive 18
2
6 8  100 1001000111011110010001000010100100101101011001110010011011001101001110000110100111011000010101101011
3 9  100 1001000111011110010001000010100100101101011001110010011011001101001110000110100111101000010101101011
runNumber 19
genCount 8240
elapsedTime 599.911
unaryHyperVol 459
binaryHyperVol 8.16667
additiveEps 0.5
entropy 0.509891
archive 19
2
6 6  100 1001110111011110101001000010100100101101011001110010011011001101001110000110100111010001010101101001
3 7  100 1001110111011110101001000010100100101101011001110010011011001101001110000110100111100001010101101001
runNumber 20
genCount 8115
elapsedTime 599.988
unaryHyperVol 469
binaryHyperVol 0.166667
additiveEps 0.333333
entropy 0.380344
archive 20
4
6 5  100 1001110111011110101001000010100100101101011001110010011011001101001110000110100111010100010101101011
5 6  100 1001110111011110101001000010100100101101011001110010011011000001001110000110100111010100010101101011
4 7  100 1001110111011110101001000010100100101101011001110010011011001101000110000110100101010100010101101011
3 9  100 1001000111011110010001000010100100101101011001110010011011001101001110000110100111101000010101101011
runNumber 21
genCount 8260
elapsedTime 599.856
unaryHyperVol 459
binaryHyperVol 8.16667
additiveEps 0.5
entropy 0.509891
archive 21
2
6 6  100 1001110111011110101001000010100100101101011001110010011011001101001110000110100111010001010101101001
3 7  100 1001110111011110101001000010100100101101011001110010011011001101001110000110100111100001010101101001
runNumber 22
genCount 8181
elapsedTime 599.698
unaryHyperVol 471
binaryHyperVol 0
additiveEps 0
entropy 0.270001
archive 22
3
6 5  100 1001110111011110101001000010100100101101011001110010011011001101001110000110100111010100010101101011
5 6  100 1001110111011110101001000010100100101101011001110010011011011101001110000110100111100000010101101011
3 7  100 1001110111011110101001000010100100101101011001110010011011001101001110000110100111100001010101101001
runNumber 23
genCount 8370
elapsedTime 599.939
unaryHyperVol 401
binaryHyperVol 25.25
additiveEps 0.75
entropy 0.49717
archive 23
2
6 8  100 1001110111011110101001000010100100101101011001110010011011001101001110000110100111010001010111110111
4 9  100 1001110111011110101001000010100100101101011001110010011011001101001110000110100111100001010111110111
runNumber 24
genCount 8280
elapsedTime 599.867
unaryHyperVol 439
binaryHyperVol 12.6667
additiveEps 0.333333
entropy 0.482558
archive 24
3
6 5  100 1001110111011110101001000010100100101101011001110010011011001101001110000110100111010100010101101011
5 6  100 1001110111011110101001000010100100101101011001110010011011000001001110000110100111010100010101101011
4 7  100 1001110111011110101001000010100100101101011001110010011011001101000110000110100101010100010101101011
runNumber 25
genCount 8081
elapsedTime 599.936
unaryHyperVol 471
binaryHyperVol 0
additiveEps 0
entropy 0.270001
archive 25
3
6 5  100 1001110111011110101001000010100100101101011001110010011011001101001110000110100111010100010101101011
5 6  100 1001110111011110101001000010100100101101011001110010011011011101001110000110100111100000010101101011
3 7  100 1001110111011110101001000010100100101101011001110010011011001101001110000110100111100001010101101001
runNumber 26
genCount 8094
elapsedTime 599.911
unaryHyperVol 308
binaryHyperVol 54.7222
additiveEps 1
entropy 0
archive 26
1
6 11  100 1001110111011110101010100010100100101110011001110001110011001101001110000110100111010001010101101001
runNumber 27
genCount 8011
elapsedTime 599.917
unaryHyperVol 469
binaryHyperVol 0.166667
additiveEps 0.333333
entropy 0.380344
archive 27
4
6 5  100 1001110111011110101001000010100100101101011001110010011011001101001110000110100111010100010101101011
5 6  100 1001110111011110101001000010100100101101011001110010011011000001001110000110100111010100010101101011
4 7  100 1001110111011110101001000010100100101101011001110010011011001101000110000110100101010100010101101011
3 9  100 1001000111011110010001000010100100101101011001110010011011001101001110000110100111101000010101101011
runNumber 28
genCount 8196
elapsedTime 599.981
unaryHyperVol 471
binaryHyperVol 0
additiveEps 0
entropy 0.270001
archive 28
3
6 5  100 1001110111011110101001000010100100101101011001110010011011001101001110000110100111010100010101101011
5 6  100 1001110111011110101001000010100100101101011001110010011011011101001110000110100111100000010101101011
3 7  100 1001110111011110101001000010100100101101011001110010011011001101001110000110100111100001010101101001
runNumber 29
genCount 7937
elapsedTime 599.985
unaryHyperVol 464
binaryHyperVol 0.583333
additiveEps 0.5
entropy 0.509891
archive 29
2
6 5  100 1001110111011110101001000010100100101101011001110010011011001101001110000110100111010100010101101011
3 9  100 1001000111011110010001000010100100101101011001110010011011001101001110000110100111101000010101101011
