OptimalFront
unaryHyperVol 390
4
6 9  100 1000001000010100010000000010001100010101000110011010010100000011010000110001100010001000101011110111
5 10  100 1000001000010100010000000010001100010101000110011010010111000011010000110001100010001000101011110111
4 11  100 1000001000010100010000000010001100010101000110011010010111000011110000110001100010001000101011110111
3 12  100 1000001000010100010000000010001100010101000110011010010100101011011010110001100010001000101011110111
-------------------------
runNumber 0
genCount 8330
elapsedTime 599.925
unaryHyperVol 357
binaryHyperVol 11
additiveEps 0.75
entropy 0.475082
archive 0
2
6 12  100 1000001000000100010000000010001100100101000110011010010100000011011010110000010010001000101011110111
3 13  100 1000001000000100010000000010001100100101000110011010010100101011011010110000010010001000101011110111
runNumber 1
genCount 7545
elapsedTime 599.948
unaryHyperVol 378
binaryHyperVol 3.75
additiveEps 0.25
entropy 0.489829
archive 1
4
6 10  100 1000001000000100010000000010001100010101000110011010010100000011010000110000010010001000101011110111
5 11  100 1000001000000100010000000010001100010101000110011010010101000011010000110000010010001000101011110111
4 12  100 1000001000000100010000000010001100010101000110011010010101000011110000110000010010001000101011110111
3 13  100 1000001000000100010000000010001100010101000110011010010100101011011010110000010010001000101011110111
runNumber 2
genCount 7914
elapsedTime 599.909
unaryHyperVol 327
binaryHyperVol 22.6
additiveEps 0.6
entropy 0.427067
archive 2
3
6 12  100 1000001000001001010000000010001100010101000110011010010100000011010000110000001111001000101011110111
5 13  100 1000001000001001010000000010001100010101000110011010010101000011010000110000001111001000101011110111
4 14  100 1000001000001001010000000010001100010101000110011010010101000011110000110000001111001000101011110111
runNumber 3
genCount 8097
elapsedTime 599.854
unaryHyperVol 378
binaryHyperVol 3.75
additiveEps 0.25
entropy 0.489829
archive 3
4
6 10  100 1000001000000100010000000010001100010101000110011010010100000011010000110000010010001000101011110111
5 11  100 1000001000000100010000000010001100010101000110011010010100101011010000110000010010001000101011110111
4 12  100 1000001000000100010000000010001100010101000110011010010101000011110000110000010010001000101011110111
3 13  100 1000001000000100010000000010001100010101000110011010010100101011011010110000010010001000101011110111
runNumber 4
genCount 8037
elapsedTime 599.891
unaryHyperVol 350
binaryHyperVol 18.4444
additiveEps 0.333333
entropy 0.49717
archive 4
2
6 10  100 1000001000010101010000000010000000100101000110011010010100000011110000110001100010001000101011110111
4 11  100 1000001000010101010000000010000000100101000110011010010101000011110000110001100010001000101011110111
runNumber 5
genCount 8114
elapsedTime 599.846
unaryHyperVol 390
binaryHyperVol 0
additiveEps 0
entropy 0.168124
archive 5
4
6 9  100 1000001000010100010000000010001100010101000110011010010100000011010000110001100010001000101011110111
5 10  100 1000001000010100010000000010001100010101000110011010010100000011010000110101100010001000101011110111
4 11  100 1000001000010100010000000010001100010101000110011010010111000011110000110001100010001000101011110111
3 12  100 1000001000010100010000000010001100010101000110011010010100101011011010110001100010001000101011110111
runNumber 6
genCount 8167
elapsedTime 600.007
unaryHyperVol 328
binaryHyperVol 22.5333
additiveEps 0.6
entropy 0.475082
archive 6
2
5 12  100 1000001000000100010000000010001100010101000000011010010100010100010000110000010010001000101011110111
4 14  100 1000001000000100010000000010001100010101000000011010010100010100011010110000010010001000101011110111
runNumber 7
genCount 8195
elapsedTime 599.941
unaryHyperVol 368
binaryHyperVol 7.33333
additiveEps 0.5
entropy 0.427067
archive 7
3
6 11  100 1000001000000100010000000010001100100101000110011010010100000011110000110000010010001000101011110111
4 12  100 1000001000000100010000000010001100100101000110011010010101000011110000110000010010001000101011110111
3 13  100 1000001000000100010000000010001100100101000110011010010100101011011010110000010010001000101011110111
runNumber 8
genCount 7953
elapsedTime 599.925
unaryHyperVol 360
binaryHyperVol 13.6667
additiveEps 0.333333
entropy 0.482558
archive 8
3
6 9  100 1000001000010101010000000010000000010101000110011010010100000011010000110001100010001000101011110111
5 10  100 1000001000010101010000000010000000010101000110011010010101000011010000110001100010001000101011110111
4 11  100 1000001000010101010000000010000000010101000110011010010101000011110000110001100010001000101011110111
runNumber 9
genCount 8325
elapsedTime 600.005
unaryHyperVol 280
binaryHyperVol 41.9333
additiveEps 1
entropy 0
archive 9
1
5 14  100 1000001000001001010000000010001100010101000110011010010100010111010000110000000101001000101001110011
runNumber 10
genCount 8046
elapsedTime 599.843
unaryHyperVol 327
binaryHyperVol 22.6
additiveEps 0.6
entropy 0.427067
archive 10
3
6 12  100 1000001000001001010000000010001100010101000110011010010100000011010000110000001111001000101011110111
5 13  100 1000001000001001010000000010001100010101000110011010010101000011010000110000001111001000101011110111
4 14  100 1000001000001001010000000010001100010101000110011010010101000011110000110000001111001000101011110111
runNumber 11
genCount 7907
elapsedTime 599.986
unaryHyperVol 360
binaryHyperVol 13.6667
additiveEps 0.333333
entropy 0.482558
archive 11
3
6 9  100 1000001000010101010000000010000000010101000110011010010100000011010000110001100010001000101011110111
5 10  100 1000001000010101010000000010000000010101000110011010010100000011010000110101100010001000101011110111
4 11  100 1000001000010101010000000010000000010101000110011010010100000011110000110101100010001000101011110111
runNumber 12
genCount 8038
elapsedTime 599.974
unaryHyperVol 378
binaryHyperVol 3.75
additiveEps 0.25
entropy 0.489829
archive 12
4
6 10  100 1000001000010100010000000010001100010101000110011010010100000011010000110001100010001000010111110111
5 11  100 1000001000010100010000000010001100010101000110011010010111000011010000110001100010001000010111110111
4 12  100 1000001000010100010000000010001100010101000110011010010111000011110000110001100010001000010111110111
3 13  100 1000001000010100010000000010001100010101000110011010010100101011011010110001100010001000010111110111
runNumber 13
genCount 8128
elapsedTime 599.903
unaryHyperVol 360
binaryHyperVol 13.6667
additiveEps 0.333333
entropy 0.482558
archive 13
3
6 9  100 1000001000010101010000000010000000010101000110011010010100000011010000110001100010001000101011110111
5 10  100 1000001000010101010000000010000000010101000110011010010100000011010000110001100010001000101011110101
4 11  100 1000001000010101010000000010000000010101000110011010010100000011110000110101100010001000101011110111
runNumber 14
genCount 7981
elapsedTime 599.889
unaryHyperVol 390
binaryHyperVol 0
additiveEps 0
entropy 0.168124
archive 14
4
6 9  100 1000001000010100010000000010001100010101000110011010010100000011010000110001100010001000101011110111
5 10  100 1000001000010100010000000010001100010101000110011010010100000011010000110101100010001000101011110111
4 11  100 1000001000010100010000000010001100010101000110011010010100000011110000110101100010001000101011110111
3 12  100 1000001000010100010000000010001100010101000110011010010100101011011010110001100010001000101011110111
runNumber 15
genCount 8254
elapsedTime 599.874
unaryHyperVol 368
binaryHyperVol 7.33333
additiveEps 0.5
entropy 0.427067
archive 15
3
6 11  100 1000001000000100010000000010001100100101000110011010010100000011110000110000010010001000101011110111
4 12  100 1000001000000100010000000010001100100101000110011010010101000011110000110000010010001000101011110111
3 13  100 1000001000000100010000000010001100100101000110011010010100101011011010110000010010001000101011110111
runNumber 16
genCount 7949
elapsedTime 599.905
unaryHyperVol 378
binaryHyperVol 3.75
additiveEps 0.25
entropy 0.489829
archive 16
4
6 10  100 1000001000000100010000000010001100010101000110011010010100000011010000110000010010001000101011110111
5 11  100 1000001000000100010000000010001100010101000110011010010101000011010000110000010010001000101011110111
4 12  100 1000001000000100010000000010001100010101000110011010010101000011110000110000010010001000101011110111
3 13  100 1000001000000100010000000010001100010101000110011010010100101011011010110000010010001000101011110111
runNumber 17
genCount 7970
elapsedTime 600.055
unaryHyperVol 378
binaryHyperVol 3.75
additiveEps 0.25
entropy 0.489829
archive 17
4
6 10  100 1000001000000100010000000010001100010101000110011010010100000011010000110000010010001000101011110111
5 11  100 1000001000000100010000000010001100010101000110011010010100101011010000110000010010001000101011110111
4 12  100 1000001000000100010000000010001100010101000110011010010111000011110000110000010010001000101011110111
3 13  100 1000001000000100010000000010001100010101000110011010010100101011011010110000010010001000101011110111
runNumber 18
genCount 8160
elapsedTime 599.972
unaryHyperVol 378
binaryHyperVol 3.75
additiveEps 0.25
entropy 0.489829
archive 18
4
6 10  100 1000001000000100010000000010001100010101000110011010010100000011010000110000010010001000101011110111
5 11  100 1000001000000100010000000010001100010101000110011010010100000011010000110000010010001000101011110101
4 12  100 1000001000000100010000000010001100010101000110011010010111000011110000110000010010001000101011110111
3 13  100 1000001000000100010000000010001100010101000110011010010100101011011010110000010010001000101011110111
runNumber 19
genCount 8318
elapsedTime 599.849
unaryHyperVol 345
binaryHyperVol 11.8
additiveEps 0.8
entropy 0.475082
archive 19
2
6 13  100 1000001000000100011010000010001100100101000110011010010100000011011010110000010010010000101011110111
3 14  100 1000001000000100011010000010001100100101000110011010010100101011011010110000010010010000101011110111
runNumber 20
genCount 8045
elapsedTime 600.032
unaryHyperVol 390
binaryHyperVol 0
additiveEps 0
entropy 0.168124
archive 20
4
6 9  100 1000001000010100010000000010001100010101000110011010010100000011010000110001100010001000101011110111
5 10  100 1000001000010100010000000010001100010101000110011010010101000011010000110001100010001000101011110111
4 11  100 1000001000010100010000000010001100010101000110011010010100000011110000110101100010001000101011110111
3 12  100 1000001000010100010000000010001100010101000110011010010100101011011010110001100010001000101011110111
runNumber 21
genCount 7967
elapsedTime 599.837
unaryHyperVol 349
binaryHyperVol 18.5556
additiveEps 0.333333
entropy 0.427067
archive 21
3
6 10  100 1000001000000100010000000010001100010101000110011010010100000011010000110000010010001000101011110111
5 11  100 1000001000000100010000000010001100010101000110011010010111000011010000110000010010001000101011110111
4 12  100 1000001000000100010000000010001100010101000110011010010101000011110000110000010010001000101011110111
runNumber 22
genCount 7949
elapsedTime 599.965
unaryHyperVol 390
binaryHyperVol 0
additiveEps 0
entropy 0.168124
archive 22
4
6 9  100 1000001000010100010000000010001100010101000110011010010100000011010000110001100010001000101011110111
5 10  100 1000001000010100010000000010001100010101000110011010010101000011010000110001100010001000101011110111
4 11  100 1000001000010100010000000010001100010101000110011010010101000011110000110001100010001000101011110111
3 12  100 1000001000010100010000000010001100010101000110011010010100101011011010110001100010001000101011110111
runNumber 23
genCount 8217
elapsedTime 599.914
unaryHyperVol 357
binaryHyperVol 11
additiveEps 0.75
entropy 0.475082
archive 23
2
6 12  100 1000001000000100010000000010001100100101000110011010010100000011011001110000010010001000101011110111
3 13  100 1000001000000100010000000010001100100101000110011010010100101011011010110000010010001000101011110111
runNumber 24
genCount 7888
elapsedTime 599.969
unaryHyperVol 366
binaryHyperVol 6
additiveEps 0.4
entropy 0.453679
archive 24
4
6 11  100 1000001000000100011010000010001100010101000110011010010100000011010000110000010010010000101011110111
5 12  100 1000001000000100011010000010001100010101000110011010010100101011010000110000010010010000101011110111
4 13  100 1000001000000100011010000010001100010101000110011010010101000011110000110000010010010000101011110111
3 14  100 1000001000000100011010000010001100010101000110011010010100101011011010110000010010010000101011110111
runNumber 25
genCount 7963
elapsedTime 599.956
unaryHyperVol 279
binaryHyperVol 39.6667
additiveEps 0.833333
entropy 0.475082
archive 25
2
6 14  100 1000001000001001010000000010001100010101000110011001110100000011010000000000010110001000010100110111
5 15  100 1000001000001001010000000010001100010101000110011001110101000011010000000000010110001000010100110111
runNumber 26
genCount 8128
elapsedTime 599.922
unaryHyperVol 349
binaryHyperVol 18.5556
additiveEps 0.333333
entropy 0.427067
archive 26
3
6 10  100 1000001000000100010000000010001100010101000110011010010100000011010000110000010010001000101011110111
5 11  100 1000001000000100010000000010001100010101000110011010010101000011010000110000010010001000101011110111
4 12  100 1000001000000100010000000010001100010101000110011010010101000011110000110000010010001000101011110111
runNumber 27
genCount 8027
elapsedTime 599.86
unaryHyperVol 378
binaryHyperVol 3.75
additiveEps 0.25
entropy 0.489829
archive 27
4
6 10  100 1000001000000100010000000010001100010101000110011010010100000011010000110000010010001000101011110111
5 11  100 1000001000000100010000000010001100010101000110011010010100000011010000110000010010001000101011110101
4 12  100 1000001000000100010000000010001100010101000110011010010111000011110000110000010010001000101011110111
3 13  100 1000001000000100010000000010001100010101000110011010010100101011011010110000010010001000101011110111
runNumber 28
genCount 8025
elapsedTime 599.827
unaryHyperVol 327
binaryHyperVol 22.6
additiveEps 0.6
entropy 0.427067
archive 28
3
6 12  100 1000001000001001010000000010001100010101000110011010010100000011010000110000001111001000101011110111
5 13  100 1000001000001001010000000010001100010101000110011010010111000011010000110000001111001000101011110111
4 14  100 1000001000001001010000000010001100010101000110011010010111000011110000110000001111001000101011110111
runNumber 29
genCount 8061
elapsedTime 599.993
unaryHyperVol 327
binaryHyperVol 22.6
additiveEps 0.6
entropy 0.427067
archive 29
3
6 12  100 1000001000001001010000000010001100010101000110011010010100000011010000110000001111001000101011110111
5 13  100 1000001000001001010000000010001100010101000110011010010100000011010000110000001111001000101011110101
4 14  100 1000001000001001010000000010001100010101000110011010010111000011110000110000001111001000101011110111
