OptimalFront
unaryHyperVol 320
3
6 11  100 0100101101100100101010000101011111011001001001000110010001101011001001111010100001010001110011110101
4 12  100 0100101101100100101010000101011111011001001001000110010001101011001010111010100001010001110011110101
3 13  100 0100101101010010101010000110101111011001001001000110010001101011001010111010100001010001110011110101
-------------------------
runNumber 0
genCount 8133
elapsedTime 599.992
unaryHyperVol 200
binaryHyperVol 39.4762
additiveEps 1
entropy 0
archive 0
1
5 18  100 0100101101010101110000000110010111011001001001011101010001100111011010110110100001000011110011110110
runNumber 1
genCount 8127
elapsedTime 599.916
unaryHyperVol 320
binaryHyperVol 0
additiveEps 0
entropy 0.270001
archive 1
3
6 11  100 0100101101010100101010000110011111011001001001000110010001101011001001111010100001010001110011110101
4 12  100 0100101101010100101010000110011111011001001001000110010001101011001010111010100001010001110011110101
3 13  100 0100101101010100101010000110101111011001001001000110010001101011001010111010100001010001110011110101
runNumber 2
genCount 8420
elapsedTime 600.016
unaryHyperVol 308
binaryHyperVol 5
additiveEps 0.333333
entropy 0.466242
archive 2
3
6 12  100 0100100101010100101001000110011111011001001001000110010001101011001001111010100001100001110011110101
4 13  100 0100100101010100101001000110011111011001001001000110010001101011001010111010100001100001110011110101
3 14  100 0100100101010100101001000110101111011001001001000110010001101011001010111010100001100001110011110101
runNumber 3
genCount 8036
elapsedTime 599.953
unaryHyperVol 296
binaryHyperVol 7.5
additiveEps 0.5
entropy 0.466242
archive 3
3
6 13  100 0100000001100100010000000110011111011001001001000110010001101011001001111010100001010110110011110110
4 14  100 0100000001100100010000000110011111011001001001000110010001101011001010111010100001010110110011110110
3 15  100 0100000001100100010000000110101111011001001001000110010001101011001010111010100001010110110011110110
runNumber 4
genCount 8266
elapsedTime 600.016
unaryHyperVol 308
binaryHyperVol 5
additiveEps 0.333333
entropy 0.466242
archive 4
3
6 12  100 0100100101010100101001000110011111011001001001000110010001101011001001111010100001010110110011110110
4 13  100 0100100101010100101001000110011111011001001001000110010001101011001010111010100001010110110011110110
3 14  100 0100100101010100101001000110101111011001001001000110010001101011001010111010100001010110110011110110
runNumber 5
genCount 7863
elapsedTime 599.94
unaryHyperVol 296
binaryHyperVol 7.5
additiveEps 0.5
entropy 0.466242
archive 5
3
6 13  100 0100000001010010010000000110011111011001001001000110010001101011001001111010100001010110110011110110
4 14  100 0100000001010010010000000110011111011001001001000110010001101011001010111010100001010110110011110110
3 15  100 0100000001010010010000000110101111011001001001000110010001101011001010111010100001010110110011110110
runNumber 6
genCount 8435
elapsedTime 599.965
unaryHyperVol 242
binaryHyperVol 27.0667
additiveEps 1
entropy 0
archive 6
1
4 16  100 0100101100101010101001110110011111011001001001000110010001101011001010110000000001010110110011110110
runNumber 7
genCount 8247
elapsedTime 599.965
unaryHyperVol 308
binaryHyperVol 5
additiveEps 0.333333
entropy 0.466242
archive 7
3
6 12  100 0100100101100100101001000110011111011001001001000110010001101011001001111010100001010110110011110110
4 13  100 0100100101100100101001000110011111011001001001000110010001101011001010111010100001010110110011110110
3 14  100 0100100101100100101001000110101111011001001001000110010001101011001010111010100001010110110011110110
runNumber 8
genCount 8202
elapsedTime 599.986
unaryHyperVol 320
binaryHyperVol 0
additiveEps 0
entropy 0.270001
archive 8
3
6 11  100 0100101101010100101010000110011111011001001001000110010001101011001001111010100001010001110011110101
4 12  100 0100101101010100101010000110011111011001001001000110010001101011001010111010100001010001110011110111
3 13  100 0100101101010100101010000110101111011001001001000110010001101011001010111010100001010001110011110101
runNumber 9
genCount 8176
elapsedTime 599.965
unaryHyperVol 308
binaryHyperVol 5
additiveEps 0.333333
entropy 0.466242
archive 9
3
6 12  100 0100100101100100101001000110011111011001001001000110010001101011001001111010100001010110110011110110
4 13  100 0100100101100100101001000110011111011001001001000110010001101011001010111010100001010110110011110110
3 14  100 0100100101100100101001000110101111011001001001000110010001101011001010111010100001010110110011110110
runNumber 10
genCount 8478
elapsedTime 599.994
unaryHyperVol 220
binaryHyperVol 27.1429
additiveEps 1
entropy 0
archive 10
1
4 18  100 0100101101101010101001010110101111000000001001000110010001101011001010110000000001100001110011110101
runNumber 11
genCount 8075
elapsedTime 599.969
unaryHyperVol 320
binaryHyperVol 0
additiveEps 0
entropy 0.270001
archive 11
3
6 11  100 0100101101010010101010000110011111011001001001000110010001101011001001111010100001010001110011110101
4 12  100 0100101101010010101010000110011111011001001001000110010001101011001010111010100001010001110011110101
3 13  100 0100101101010010101010000110101111011001001001000110010001101011001010111010100001010001110011110101
runNumber 12
genCount 8198
elapsedTime 599.986
unaryHyperVol 273
binaryHyperVol 22.2222
additiveEps 0.666667
entropy 0.49717
archive 12
2
6 13  100 0100100101010100100101000101011111011001001001000110010001101011001001111010100001010001110011110101
4 14  100 0100100101010100100101000101011111011001001001000110010001101011001010111010100001010001110011110111
runNumber 13
genCount 8251
elapsedTime 599.979
unaryHyperVol 320
binaryHyperVol 0
additiveEps 0
entropy 0.270001
archive 13
3
6 11  100 0100101101010010101010000110011111011001001001000110010001101011001001111010100001010001110011110111
4 12  100 0100101101010010101010000110011111011001001001000110010001101011001010111010100001010001110011110111
3 13  100 0100101101010010101010000110101111011001001001000110010001101011001010111010100001010001110011110101
runNumber 14
genCount 7999
elapsedTime 599.989
unaryHyperVol 247
binaryHyperVol 17.5333
additiveEps 0.666667
entropy 0.449615
archive 14
3
8 15  100 0100101101100101110000000100100111011001010101000110010001101011001001111010100001010110110011110110
6 16  100 0100101101100101110000000000100111011001010101000110010001101011001001111010100001010110110011110110
4 17  100 0100101101100101110000000000000011011001010101000110010001101011001010111010100001010110110011110110
runNumber 15
genCount 7993
elapsedTime 599.916
unaryHyperVol 241
binaryHyperVol 24.7222
additiveEps 0.833333
entropy 0.49717
archive 15
2
5 16  100 0100101101100111110101110101011111011001001001000110010001101011000000011010100001010000110011110110
4 17  100 0100101100100111110101110101011111011001001001000110010001101011000000011010100001010000110011110110
runNumber 16
genCount 8137
elapsedTime 600
unaryHyperVol 320
binaryHyperVol 0
additiveEps 0
entropy 0.270001
archive 16
3
6 11  100 0100101101010010101010000110011111011001001001000110010001101011001001111010100001010001110011110101
4 12  100 0100101101010010101010000110011111011001001001000110010001101011001010111010100001010001110011110101
3 13  100 0100101101010010101010000110101111011001001001000110010001101011001010111010100001010001110011110101
runNumber 17
genCount 8217
elapsedTime 600.041
unaryHyperVol 190
binaryHyperVol 39.5
additiveEps 1
entropy 0
archive 17
1
5 19  100 0100100110101010000001000100010001011001001001000110010001101011001010111010010101101010110100110110
runNumber 18
genCount 8212
elapsedTime 599.99
unaryHyperVol 295
binaryHyperVol 12.3333
additiveEps 0.333333
entropy 0.488066
archive 18
2
6 11  100 0100101101100100101010000101011111011001001001000110010001101011001001111010100001010001110011110101
4 12  100 0100101101100100101010000101011111011001001001000110010001101011001010111010100001010001110011110101
runNumber 19
genCount 8158
elapsedTime 599.951
unaryHyperVol 274
binaryHyperVol 22.1111
additiveEps 0.666667
entropy 0.49717
archive 19
2
5 13  100 0100101101010010101010000101011111011001001001000110010001100111110110110110100001010011110011110110
4 14  100 0100101101010010101010000101011111011001001001000110010001100111110110110110100001010011000011110110
runNumber 20
genCount 8258
elapsedTime 599.949
unaryHyperVol 320
binaryHyperVol 0
additiveEps 0
entropy 0.270001
archive 20
3
6 11  100 0100101101010010101010000110011111011001001001000110010001101011001001111010100001010001110011110111
4 12  100 0100101101010010101010000110011111011001001001000110010001101011001010111010100001010001110011110101
3 13  100 0100101101010010101010000110101111011001001001000110010001101011001010111010100001010001110011110101
runNumber 21
genCount 8211
elapsedTime 600
unaryHyperVol 251
binaryHyperVol 24.2667
additiveEps 0.8
entropy 0.49717
archive 21
2
6 15  100 0100101100100100000001110110101101011001001001000110010001101011001001111010100001101010110011110110
4 16  100 0100101100100100000001110110101101011001001001000110010001101011001010111010100001101010110011110110
runNumber 22
genCount 8205
elapsedTime 599.936
unaryHyperVol 320
binaryHyperVol 0
additiveEps 0
entropy 0.270001
archive 22
3
6 11  100 0100101101010100101010000110011111011001001001000110010001101011001001111010100001010001110011110111
4 12  100 0100101101010100101010000110011111011001001001000110010001101011001010111010100001010001110011110101
3 13  100 0100101101010100101010000110101111011001001001000110010001101011001010111010100001010001110011110101
runNumber 23
genCount 8313
elapsedTime 599.992
unaryHyperVol 320
binaryHyperVol 0
additiveEps 0
entropy 0.270001
archive 23
3
6 11  100 0100101101010010101010000110011111011001001001000110010001101011001001111010100001010001110011110111
4 12  100 0100101101010010101010000110011111011001001001000110010001101011001010111010100001010001110011110101
3 13  100 0100101101010010101010000110101111011001001001000110010001101011001010111010100001010001110011110101
runNumber 24
genCount 8222
elapsedTime 599.989
unaryHyperVol 296
binaryHyperVol 7.5
additiveEps 0.5
entropy 0.466242
archive 24
3
6 13  100 0100000001100100010000000110011111011001001001000110010001101011001001111010100001010110110011110110
4 14  100 0100000001100100010000000110011111011001001001000110010001101011001010111010100001010110110011110110
3 15  100 0100000001100100010000000110101111011001001001000110010001101011001010111010100001010110110011110110
runNumber 25
genCount 8369
elapsedTime 599.938
unaryHyperVol 308
binaryHyperVol 5
additiveEps 0.333333
entropy 0.466242
archive 25
3
6 12  100 0100100101010010101001000101011111011001001001000110010001101011001001111010100001010110110011110110
4 13  100 0100100101010010101001000101011111011001001001000110010001101011001010111010100001010110110011110110
3 14  100 0100100101010010101001000110101111011001001001000110010001101011001010111010100001010110110011110110
runNumber 26
genCount 8166
elapsedTime 599.94
unaryHyperVol 320
binaryHyperVol 0
additiveEps 0
entropy 0.270001
archive 26
3
6 11  100 0100101101100100101010000110011111011001001001000110010001101011001001111010100001010001110011110101
4 12  100 0100101101100100101010000110011111011001001001000110010001101011001010111010100001010001110011110101
3 13  100 0100101101100100101010000110101111011001001001000110010001101011001010111010100001010001110011110101
runNumber 27
genCount 7948
elapsedTime 600.038
unaryHyperVol 288
binaryHyperVol 5.78571
additiveEps 0.5
entropy 0.449704
archive 27
3
10 11  100 0100101101010100101010000101011111011001001001000110010001101011001001001010100001010000110011110110
7 12  100 0100101101010100101010000001011111011001001001000110010001101011001001001010100001010000110011110110
4 13  100 0100101101010100101010000101011111011001001001000110010001101011000000011010100001010000110011110110
runNumber 28
genCount 8312
elapsedTime 599.973
unaryHyperVol 320
binaryHyperVol 0
additiveEps 0
entropy 0.270001
archive 28
3
6 11  100 0100101101100100101010000110011111011001001001000110010001101011001001111010100001010001110011110101
4 12  100 0100101101100100101010000110011111011001001001000110010001101011001010111010100001010001110011110101
3 13  100 0100101101100100101010000110101111011001001001000110010001101011001010111010100001010001110011110101
runNumber 29
genCount 8207
elapsedTime 599.928
unaryHyperVol 320
binaryHyperVol 0
additiveEps 0
entropy 0.270001
archive 29
3
6 11  100 0100101101100100101010000101011111011001001001000110010001101011001001111010100001010001110011110101
4 12  100 0100101101100100101010000110011111011001001001000110010001101011001010111010100001010001110011110101
3 13  100 0100101101100100101010000110101111011001001001000110010001101011001010111010100001010001110011110101
