OptimalFront
unaryHyperVol 258
3
5 8  100 0110000011010111110111001110101000100000101000100110101000101001101011110001011001100101101000010010
4 9  100 0110000001010111110111001110101000100000101000100110101000101001101011110001011001100101101000010010
3 10  100 0110000001010011110111001110101000100000101000100110101000101001101011110001011001100101101000010010
-------------------------
runNumber 0
genCount 8439
elapsedTime 599.956
unaryHyperVol 258
binaryHyperVol 0
additiveEps 0
entropy 0.461903
archive 0
3
5 8  100 0000000011010111110111001110101000100000101000100110101000101001101011110001011001100101101000010010
4 9  100 0000000011100111110111001110101000100000101000100110101000101001101011110001011001100101101000010010
3 10  100 0000000011100100110111001110101000100000101000100110101000101001101011110001011001100101101000010010
runNumber 1
genCount 8556
elapsedTime 599.972
unaryHyperVol 258
binaryHyperVol 0
additiveEps 0
entropy 0.461903
archive 1
3
5 8  100 0000000011010111110111001110101000100000101000100110101000101001101011110001011001100101101000010010
4 9  100 0000000011100111110111001110101000100000101000100110101000101001101011110001011001100101101000010010
3 10  100 0000000011100100110111001110101000100000101000100110101000101001101011110001011001100101101000010010
runNumber 2
genCount 8178
elapsedTime 600.017
unaryHyperVol 258
binaryHyperVol 0
additiveEps 0
entropy 0.461903
archive 2
3
5 8  100 0110000011010111110111001110101000100000101000100110101000101001101011110001011001100101101000010010
4 9  100 0110000001010111110111001110101000100000101000100110101000101001101011110001011001100101101000010010
3 10  100 0110000001010011110111001110101000100000101000100110101000101001101011110001011001100101101000010010
runNumber 3
genCount 8734
elapsedTime 599.628
unaryHyperVol 258
binaryHyperVol 0
additiveEps 0
entropy 0.461903
archive 3
3
5 8  100 0110000011010111110111001110101000100000101000100110101000101001101011110001011001100101101000010010
4 9  100 0110000001010111110111001110101000100000101000100110101000101001101011110001011001100101101000010010
3 10  100 0110000001010011110111001110101000100000101000100110101000101001101011110001011001100101101000010010
runNumber 4
genCount 8642
elapsedTime 600.013
unaryHyperVol 258
binaryHyperVol 0
additiveEps 0
entropy 0.461903
archive 4
3
5 8  100 0000000011010111110111001110101000100000101000100110101000101001101011110001011001100101101000010010
4 9  100 0000000011100111110111001110101000100000101000100110101000101001101011110001011001100101101000010010
3 10  100 0000000011100100110111001110101000100000101000100110101000101001101011110001011001100101101000010010
runNumber 5
genCount 8592
elapsedTime 599.949
unaryHyperVol 258
binaryHyperVol 0
additiveEps 0
entropy 0.461903
archive 5
3
5 8  100 0000000011010111110111001110101000100000101000100110101000101001101011110001011001100101101000010010
4 9  100 0000000011100111110111001110101000100000101000100110101000101001101011110001011001100101101000010010
3 10  100 0000000011100100110111001110101000100000101000100110101000101001101011110001011001100101101000010010
runNumber 6
genCount 8496
elapsedTime 599.723
unaryHyperVol 258
binaryHyperVol 0
additiveEps 0
entropy 0.461903
archive 6
3
5 8  100 0110000011010111110111001110101000100000101000100110101000101001101011110001011001100101101000010010
4 9  100 0110000001010111110111001110101000100000101000100110101000101001101011110001011001100101101000010010
3 10  100 0110000001010011110111001110101000100000101000100110101000101001101011110001011001100101101000010010
runNumber 7
genCount 8348
elapsedTime 599.949
unaryHyperVol 258
binaryHyperVol 0
additiveEps 0
entropy 0.461903
archive 7
3
5 8  100 0110000011010111110111001110101000100000101000100110101000101001101011110001011001100101101000010010
4 9  100 0110000001010111110111001110101000100000101000100110101000101001101011110001011001100101101000010010
3 10  100 0110000001010011110111001110101000100000101000100110101000101001101011110001011001100101101000010010
runNumber 8
genCount 8167
elapsedTime 599.973
unaryHyperVol 249
binaryHyperVol 4
additiveEps 0.333333
entropy 0.456965
archive 8
3
5 9  100 0110000011010111110111001110101000100000101000100110101000101001100101110001011001100101010100010010
4 10  100 0110000001010111110111001110101000100000101000100110101000101001100101110001011001100101010100010010
3 11  100 0110000001010011110111001110101000100000101000100110101000101001100101110001011001100101010100010010
runNumber 9
genCount 8411
elapsedTime 599.952
unaryHyperVol 258
binaryHyperVol 0
additiveEps 0
entropy 0.461903
archive 9
3
5 8  100 0110000011010111110111001110101000100000101000100110101000101001100101110001011001100101101000010010
4 9  100 0110000001010111110111001110101000100000101000100110101000101001100101110001011001100101101000010010
3 10  100 0110000001010011110111001110101000100000101000100110101000101001100101110001011001100101101000010010
runNumber 10
genCount 8433
elapsedTime 599.966
unaryHyperVol 258
binaryHyperVol 0
additiveEps 0
entropy 0.461903
archive 10
3
5 8  100 0110000011010111110111001110101000100000101000100110101000101001100101110001011001100101101000010010
4 9  100 0110000001010111110111001110101000100000101000100110101000101001100101110001011001100101101000010010
3 10  100 0110000001010011110111001110101000100000101000100110101000101001100101110001011001100101101000010010
runNumber 11
genCount 8469
elapsedTime 599.993
unaryHyperVol 258
binaryHyperVol 0
additiveEps 0
entropy 0.461903
archive 11
3
5 8  100 0000000011010111110111001110101000100000101000100110101000101001101011110001011001100101101000010010
4 9  100 0000000011100111110111001110101000100000101000100110101000101001101011110001011001100101101000010010
3 10  100 0000000011100100110111001110101000100000101000100110101000101001101011110001011001100101101000010010
runNumber 12
genCount 8415
elapsedTime 600.016
unaryHyperVol 258
binaryHyperVol 0
additiveEps 0
entropy 0.461903
archive 12
3
5 8  100 0110000011010111110111001110101000100000101000100110101000101001101011110001011001100101101000010010
4 9  100 0110000001010111110111001110101000100000101000100110101000101001101011110001011001100101101000010010
3 10  100 0110000001010011110111001110101000100000101000100110101000101001101011110001011001100101101000010010
runNumber 13
genCount 8416
elapsedTime 599.968
unaryHyperVol 249
binaryHyperVol 4
additiveEps 0.333333
entropy 0.456965
archive 13
3
5 9  100 0110000011010111110111001110101000100000101000100110101000101001101011110001011001100101010100010010
4 10  100 0110000001010111110111001110101000100000101000100110101000101001101011110001011001100101010100010010
3 11  100 0110000001010011110111001110101000100000101000100110101000101001101011110001011001100101010100010010
runNumber 14
genCount 8717
elapsedTime 599.91
unaryHyperVol 208
binaryHyperVol 29.5
additiveEps 1
entropy 0
archive 14
1
4 11  100 0110000011100111110111001100101000100011101000100110101000010111110101110001011001100101101000010010
runNumber 15
genCount 8594
elapsedTime 599.958
unaryHyperVol 207
binaryHyperVol 26.875
additiveEps 0.75
entropy 0.49717
archive 15
2
5 11  100 0110000011010111110111001101010100100000101000000110101000101001101011110001011001100101101000010010
4 12  100 0110000001010111110111001101010100100000101000000110101000101001101011110001011001100101101000010010
runNumber 16
genCount 8331
elapsedTime 600.041
unaryHyperVol 258
binaryHyperVol 0
additiveEps 0
entropy 0.461903
archive 16
3
5 8  100 0000000011010111110111001110101000100000101000100110101000101001101011110001011001100101101000010010
4 9  100 0000000011100111110111001110101000100000101000100110101000101001101011110001011001100101101000010010
3 10  100 0000000011100100110111001110101000100000101000100110101000101001101011110001011001100101101000010010
runNumber 17
genCount 8445
elapsedTime 599.886
unaryHyperVol 258
binaryHyperVol 0
additiveEps 0
entropy 0.461903
archive 17
3
5 8  100 0110000011010111110111001110101000100000101000100110101000101001101011110001011001100101101000010010
4 9  100 0110000001010111110111001110101000100000101000100110101000101001101011110001011001100101101000010010
3 10  100 0110000001010011110111001110101000100000101000100110101000101001101011110001011001100101101000010010
runNumber 18
genCount 8452
elapsedTime 600.041
unaryHyperVol 258
binaryHyperVol 0
additiveEps 0
entropy 0.461903
archive 18
3
5 8  100 0000000011010111110111001110101000100000101000100110101000101001101011110001011001100101101000010010
4 9  100 0000000011100111110111001110101000100000101000100110101000101001101011110001011001100101101000010010
3 10  100 0000000011100100110111001110101000100000101000100110101000101001101011110001011001100101101000010010
runNumber 19
genCount 8579
elapsedTime 599.965
unaryHyperVol 258
binaryHyperVol 0
additiveEps 0
entropy 0.461903
archive 19
3
5 8  100 0000000011010111110111001110101000100000101000100110101000101001100101110001011001100101101000010010
4 9  100 0000000011100111110111001110101000100000101000100110101000101001100101110001011001100101101000010010
3 10  100 0000000011100100110111001110101000100000101000100110101000101001100101110001011001100101101000010010
runNumber 20
genCount 8520
elapsedTime 600.005
unaryHyperVol 258
binaryHyperVol 0
additiveEps 0
entropy 0.461903
archive 20
3
5 8  100 0000000011010111110111001110101000100000101000100110101000101001100101110001011001100101101000010010
4 9  100 0000000011100111110111001110101000100000101000100110101000101001100101110001011001100101101000010010
3 10  100 0000000011100100110111001110101000100000101000100110101000101001100101110001011001100101101000010010
runNumber 21
genCount 8498
elapsedTime 599.921
unaryHyperVol 258
binaryHyperVol 0
additiveEps 0
entropy 0.461903
archive 21
3
5 8  100 0000000011010111110111001110101000100000101000100110101000101001101011110001011001100101101000010010
4 9  100 0000000011100111110111001110101000100000101000100110101000101001101011110001011001100101101000010010
3 10  100 0000000011100100110111001110101000100000101000100110101000101001101011110001011001100101101000010010
runNumber 22
genCount 8489
elapsedTime 599.9
unaryHyperVol 258
binaryHyperVol 0
additiveEps 0
entropy 0.461903
archive 22
3
5 8  100 0110000011010111110111001110101000100000101000100110101000101001101011110001011001100101101000010010
4 9  100 0110000001010111110111001110101000100000101000100110101000101001101011110001011001100101101000010010
3 10  100 0110000001010011110111001110101000100000101000100110101000101001101011110001011001100101101000010010
runNumber 23
genCount 8474
elapsedTime 600.001
unaryHyperVol 258
binaryHyperVol 0
additiveEps 0
entropy 0.461903
archive 23
3
5 8  100 0000000011010111110111001110101000100000101000100110101000101001101011110001011001100101101000010010
4 9  100 0000000011100111110111001110101000100000101000100110101000101001101011110001011001100101101000010010
3 10  100 0000000011100100110111001110101000100000101000100110101000101001101011110001011001100101101000010010
runNumber 24
genCount 8353
elapsedTime 599.938
unaryHyperVol 258
binaryHyperVol 0
additiveEps 0
entropy 0.461903
archive 24
3
5 8  100 0000000011010111110111001110101000100000101000100110101000101001101011110001011001100101101000010010
4 9  100 0000000011100111110111001110101000100000101000100110101000101001101011110001011001100101101000010010
3 10  100 0000000011100100110111001110101000100000101000100110101000101001101011110001011001100101101000010010
runNumber 25
genCount 8570
elapsedTime 600.003
unaryHyperVol 258
binaryHyperVol 0
additiveEps 0
entropy 0.461903
archive 25
3
5 8  100 0110000011010111110111001110101000100000101000100110101000101001101011110001011001100101101000010010
4 9  100 0110000001010111110111001110101000100000101000100110101000101001101011110001011001100101101000010010
3 10  100 0110000001010011110111001110101000100000101000100110101000101001101011110001011001100101101000010010
runNumber 26
genCount 8404
elapsedTime 599.911
unaryHyperVol 258
binaryHyperVol 0
additiveEps 0
entropy 0.461903
archive 26
3
5 8  100 0110000011010111110111001110101000100000101000100110101000101001101011110001011001100101101000010010
4 9  100 0110000001010111110111001110101000100000101000100110101000101001101011110001011001100101101000010010
3 10  100 0110000001010011110111001110101000100000101000100110101000101001101011110001011001100101101000010010
runNumber 27
genCount 8251
elapsedTime 599.965
unaryHyperVol 258
binaryHyperVol 0
additiveEps 0
entropy 0.461903
archive 27
3
5 8  100 0000000011010111110111001110101000100000101000100110101000101001101011110001011001100101101000010010
4 9  100 0000000011100111110111001110101000100000101000100110101000101001101011110001011001100101101000010010
3 10  100 0000000011100100110111001110101000100000101000100110101000101001101011110001011001100101101000010010
runNumber 28
genCount 8120
elapsedTime 600.036
unaryHyperVol 258
binaryHyperVol 0
additiveEps 0
entropy 0.461903
archive 28
3
5 8  100 0000000011010111110111001110101000100000101000100110101000101001101011110001011001100101101000010010
4 9  100 0000000011100111110111001110101000100000101000100110101000101001101011110001011001100101101000010010
3 10  100 0000000011100100110111001110101000100000101000100110101000101001101011110001011001100101101000010010
runNumber 29
genCount 8459
elapsedTime 599.96
unaryHyperVol 249
binaryHyperVol 4
additiveEps 0.333333
entropy 0.456965
archive 29
3
5 9  100 0110000011010111110111001110101000100000101000100110101000101001100101110001011001100101101000010101
4 10  100 0110000001010111110111001110101000100000101000100110101000101001100101110001011001100101101000010101
3 11  100 0110000001010011110111001110101000100000101000100110101000101001100101110001011001100101101000010101
