OptimalFront
unaryHyperVol 397
3
6 8  100 1010101010100001000000111111110001010101000101001010011010100011011010111011100100011001110100110111
4 9  100 1010101010100001000000111111110001010101000101001010011010100011011010111011100100011001010100110111
3 12  100 1010101010100001001010111111110001010101000101001010011010100011011010111011100100010001010100110111
-------------------------
runNumber 0
genCount 7942
elapsedTime 599.973
unaryHyperVol 396
binaryHyperVol 0.0625
additiveEps 0.25
entropy 0.46166
archive 0
3
7 8  100 1010101010100001000000111111110001010101001000001010011010100011010000111011100100011001010100110111
4 9  100 1010101010100001000000111111110001010101001000001010011010100011011010111011100100011001010100110111
3 12  100 1010101010100001001010111111110001010101001000001010011010100011011010111011100100010001010100110111
runNumber 1
genCount 7791
elapsedTime 599.97
unaryHyperVol 320
binaryHyperVol 20.1667
additiveEps 0.666667
entropy 0.481574
archive 1
3
7 12  100 1010101010100001001001011101110001100101001000001010011010100011010000111011100100011001010100110111
5 13  100 1010101010100001001001011101110001100101001000001010011010100011110000111011100100011001010100110111
4 14  100 1010101010100001001001011111110001100000001000001010011010100011110000111011100100011001010100110111
runNumber 2
genCount 7983
elapsedTime 600.042
unaryHyperVol 309
binaryHyperVol 22.75
additiveEps 0.833333
entropy 0.49717
archive 2
2
7 13  100 1010101010100001001001011111110001100000001000001010011010100011010000111011100100011001010100110111
4 14  100 1010101010100001001001011111110001100000001000001010011010100011110000111011100100011001010100110111
runNumber 3
genCount 7814
elapsedTime 599.936
unaryHyperVol 287
binaryHyperVol 26.5
additiveEps 0.875
entropy 0.49717
archive 3
2
5 15  100 1010010110100001010101001111110001100101001000001010011010100011010101011011100100010010111000110111
4 16  100 1010010110100001010101001111110001100101001000001010011010100011010101011011100100010010111000110101
runNumber 4
genCount 7881
elapsedTime 599.992
unaryHyperVol 396
binaryHyperVol 0.0625
additiveEps 0.25
entropy 0.46166
archive 4
3
7 8  100 1010101010100001000000111111110001010101001000001010011010100011010000111011100100011001111000110111
4 9  100 1010101010100001000000111111110001010101001000001010011010100011011010111011100100011001111000110111
3 12  100 1010101010100001001010111111110001010101001000001010011010100011011010111011100100010001111000110111
runNumber 5
genCount 8139
elapsedTime 599.892
unaryHyperVol 369
binaryHyperVol 9.5625
additiveEps 0.25
entropy 0.509891
archive 5
2
7 8  100 1010101010100001000000111111110001010101001000001010011010100011010000111011100100011001010100110111
4 9  100 1010101010100001000000111111110001010101001000001010011010100011110000111011100100011001010100110111
runNumber 6
genCount 8026
elapsedTime 600.002
unaryHyperVol 396
binaryHyperVol 0.0625
additiveEps 0.25
entropy 0.46166
archive 6
3
7 8  100 1010101010100001000000111111110001010101001000001010011010100011010000111011100100011001111000110111
4 9  100 1010101010100001000000111111110001010101001000001010011010100011011010111011100100011001111000110111
3 12  100 1010101010100001001010111111110001010101001000001010011010100011011010111011100100010001111000110111
runNumber 7
genCount 8022
elapsedTime 599.951
unaryHyperVol 360
binaryHyperVol 11.875
additiveEps 0.75
entropy 0.509891
archive 7
2
7 11  100 1010101010100001001010111111110001100101001000001010011010100011010000111011100100010001111000110111
3 12  100 1010101010100001001010111111110001100101001000001010011010100011011010111011100100010001111000110111
runNumber 8
genCount 8016
elapsedTime 599.958
unaryHyperVol 397
binaryHyperVol 0
additiveEps 0
entropy 0.461903
archive 8
3
6 8  100 1010101010100001000000111111110001010101000101001010011010100011011010111011100100011001110100110111
4 9  100 1010101010100001000000111111110001010101000101001010011010100011011010111011100100011001010100110111
3 12  100 1010101010100001001010111111110001010101000101001010011010100011011010111011100100010001010100110111
runNumber 9
genCount 8044
elapsedTime 599.98
unaryHyperVol 299
binaryHyperVol 26.1905
additiveEps 0.857143
entropy 0.49717
archive 9
2
5 14  100 0110101000100001001001111111110001100101001000001010011010100011010101011011100100011010111000110111
4 15  100 0110101000100001001001111111110001100101001000001010011010100011010101011011100100011010111000110101
runNumber 10
genCount 7812
elapsedTime 599.987
unaryHyperVol 396
binaryHyperVol 0.0625
additiveEps 0.25
entropy 0.46166
archive 10
3
7 8  100 1010101010100001000000111111110001010101001000001010011010100011010000111011100100011001111000110111
4 9  100 1010101010100001000000111111110001010101001000001010011010100011011010111011100100011001111000110111
3 12  100 1010101010100001001010111111110001010101001000001010011010100011011010111011100100010001111000110111
runNumber 11
genCount 7946
elapsedTime 599.913
unaryHyperVol 321
binaryHyperVol 22.2
additiveEps 0.8
entropy 0.49717
archive 11
2
7 12  100 0110101000100001001001111111110001100101001000001010011010100011010000111011100100011001111000110111
4 13  100 0110101000100001001001111111110001100101001000001010011010100011110000111011100100011001111000110111
runNumber 12
genCount 7992
elapsedTime 600.037
unaryHyperVol 347
binaryHyperVol 20.4167
additiveEps 0.5
entropy 0.49717
archive 12
2
5 10  100 1010101010100001000000111111110001010101001000001010011010100011010101011011100100011010111000110111
4 11  100 1010101010100001000000111111110001010101001000001010011010100011010101011011100100011010111000110101
runNumber 13
genCount 7961
elapsedTime 599.968
unaryHyperVol 396
binaryHyperVol 0.0625
additiveEps 0.25
entropy 0.46166
archive 13
3
7 8  100 1010101010100001000000111111110001010101001000001010011010100011010000111011100100011001111000110111
4 9  100 1010101010100001000000111111110001010101001000001010011010100011011010111011100100011001111000110111
3 12  100 1010101010100001001010111111110001010101001000001010011010100011011010111011100100010001111000110111
runNumber 14
genCount 8037
elapsedTime 599.99
unaryHyperVol 370
binaryHyperVol 12.6667
additiveEps 0.333333
entropy 0.488066
archive 14
2
6 8  100 1010101010100001000000111111110001010101000101001010011010100011011010111011100100011001110100110111
4 9  100 1010101010100001000000111111110001010101000101001010011010100011011010111011100100011001010100110111
runNumber 15
genCount 8063
elapsedTime 599.994
unaryHyperVol 396
binaryHyperVol 0.0625
additiveEps 0.25
entropy 0.46166
archive 15
3
7 8  100 1010101010100001000000111111110001010101001000001010011010100011010000111011100100011001111000110111
4 9  100 1010101010100001000000111111110001010101001000001010011010100011011010111011100100011001111000110111
3 12  100 1010101010100001001010111111110001010101001000001010011010100011011010111011100100010001111000110111
runNumber 16
genCount 7756
elapsedTime 599.858
unaryHyperVol 345
binaryHyperVol 17.4375
additiveEps 0.5
entropy 0.49717
archive 16
2
7 10  100 0000010110100001000000111111110001010101001000001010011011000011010000111011100100011001111000110111
4 11  100 0000010110100001000000111111110001010101001000001010011011000011110000111011100100011001111000110111
runNumber 17
genCount 7921
elapsedTime 599.958
unaryHyperVol 321
binaryHyperVol 22.2
additiveEps 0.8
entropy 0.49717
archive 17
2
7 12  100 1010010110100001101010111111110001010101001000001010011010100011010000111011100100010001111000110111
4 13  100 1010010110100001101010111111110001010101001000001010011010100011110000111011100100010001111000110111
runNumber 18
genCount 7889
elapsedTime 599.977
unaryHyperVol 309
binaryHyperVol 22.75
additiveEps 0.833333
entropy 0.49717
archive 18
2
7 13  100 0000010110100001001001001111110001100101001000001010011010100011010000111011100100011001111000110111
4 14  100 0000010110100001001001001111110001100101001000001010011010100011110000111011100100011001111000110111
runNumber 19
genCount 8171
elapsedTime 600.007
unaryHyperVol 299
binaryHyperVol 26.1905
additiveEps 0.857143
entropy 0.49717
archive 19
2
5 14  100 1010010110100001101001001111110001010101001000001010011010100011010101011011100100011010111000110111
4 15  100 1010010110100001101001001111110001010101001000001010011010100011010101011011100100011010111000110101
runNumber 20
genCount 8164
elapsedTime 599.904
unaryHyperVol 396
binaryHyperVol 0.0625
additiveEps 0.25
entropy 0.46166
archive 20
3
7 8  100 1010101010100001000000111111110001010101001000001010011010100011010000111011100100011001111000110111
4 9  100 1010101010100001000000111111110001010101001000001010011010100011110000111011100100011001111000110111
3 12  100 1010101010100001001010111111110001010101001000001010011010100011011010111011100100010001111000110111
runNumber 21
genCount 8027
elapsedTime 600.007
unaryHyperVol 310
binaryHyperVol 25.8333
additiveEps 0.833333
entropy 0.49717
archive 21
2
6 13  100 1010000010100001010000101111110001100000000101001010011010100011011010111011100100011001110100110111
4 14  100 1010000010100001010000101111110001100000000101001010011010100011011010111011100100011001010100110111
runNumber 22
genCount 7924
elapsedTime 599.991
unaryHyperVol 369
binaryHyperVol 9.5625
additiveEps 0.25
entropy 0.509891
archive 22
2
7 8  100 1010101010100001000000111111110001010101001000001010011010100011010000111011100100011001111000110111
4 9  100 1010101010100001000000111111110001010101001000001010011010100011110000111011100100011001111000110111
runNumber 23
genCount 7941
elapsedTime 599.983
unaryHyperVol 335
binaryHyperVol 24.3333
additiveEps 0.75
entropy 0.49717
archive 23
2
5 11  100 1010101010100001000000111111110001010101001000001010011000000011010101011011100100011010001000110111
4 12  100 1010101010100001000000111111110001010101001000001010011000000011010101011011100100011010001000110101
runNumber 24
genCount 7829
elapsedTime 599.796
unaryHyperVol 321
binaryHyperVol 23.2778
additiveEps 0.666667
entropy 0.449615
archive 24
3
6 12  100 1010000010100001010000101101110001100101000101001010011010100011110000111011100100011001110100110111
5 13  100 1010000010100001010000101101110001100101000101001010011010100011110000111011100100011001010100110111
4 14  100 1010000010100001010000101111110001100000000101001010011010100011110000111011100100011001010100110111
runNumber 25
genCount 8083
elapsedTime 599.869
unaryHyperVol 396
binaryHyperVol 0.0625
additiveEps 0.25
entropy 0.46166
archive 25
3
7 8  100 1010101010100001000000111111110001010101001000001010011010100011010000111011100100011001111000110111
4 9  100 1010101010100001000000111111110001010101001000001010011010100011011010111011100100011001111000110111
3 12  100 1010101010100001001010111111110001010101001000001010011010100011011010111011100100010001111000110111
runNumber 26
genCount 7865
elapsedTime 600.007
unaryHyperVol 396
binaryHyperVol 0.0625
additiveEps 0.25
entropy 0.46166
archive 26
3
7 8  100 1010101010100001000000111111110001010101001000001010011010100011010000111011100100011001111000110111
4 9  100 1010101010100001000000111111110001010101001000001010011010100011011010111011100100011001111000110111
3 12  100 1010101010100001001010111111110001010101001000001010011010100011011010111011100100010001111000110111
runNumber 27
genCount 7910
elapsedTime 599.973
unaryHyperVol 396
binaryHyperVol 0.0625
additiveEps 0.25
entropy 0.46166
archive 27
3
7 8  100 1010101010100001000000111111110001010101001000001010011010100011010000111011100100011001111000110111
4 9  100 1010101010100001000000111111110001010101001000001010011010100011011010111011100100011001111000110111
3 12  100 1010101010100001001010111111110001010101001000001010011010100011011010111011100100010001111000110111
runNumber 28
genCount 7953
elapsedTime 599.972
unaryHyperVol 397
binaryHyperVol 0
additiveEps 0
entropy 0.461903
archive 28
3
6 8  100 1010101010100001000000111111110001010101000101001010011010100011011010111011100100011001110100110111
4 9  100 1010101010100001000000111111110001010101000101001010011010100011011010111011100100011001010100110111
3 12  100 1010101010100001001010111111110001010101000101001010011010100011011010111011100100010001010100110111
runNumber 29
genCount 7964
elapsedTime 599.945
unaryHyperVol 346
binaryHyperVol 20.5
additiveEps 0.5
entropy 0.49717
archive 29
2
6 10  100 0110101001010001000000111111110001010101000101001010011010100011011010111011100100011001110100110111
4 11  100 0110101001010001000000111111110001010101000101001010011010100011011010111011100100011001010100110111
