OptimalFront
unaryHyperVol 98
2
7 22  200 01011010000011110100011011000011010111011010100110000000001010101010111000000100010100110000011000101010000010100001001100000000011010001101001000100011101010001100011001010110010110111010101010101010
3 23  200 01011010000011110100011011000011010111011010100110000000001010101010111000000100011000110000011000101010000010100001001100000000011010001101001000100011101010001100011001010110010110111010101010101010
-------------------------
runNumber 0
genCount 5493
elapsedTime 600.967
unaryHyperVol 67
binaryHyperVol 16.25
additiveEps 0.75
entropy 0.509891
archive 0
2
7 25  200 01011010000011110100011011000011010111011010100110000000001010101010111011000100010100000000011001011010000010100001001100000000011010001101001000100011101010001100011001100001010100111010101010101010
4 26  200 01011010000011110100011011000011010111011010100110000000001010101010111011000100010000000000011001011010000010100001001100000000011010001101001000100011101010001100011001100001010100111010101010101010
runNumber 1
genCount 5550
elapsedTime 599.967
unaryHyperVol 98
binaryHyperVol 0
additiveEps 0
entropy 0.326634
archive 1
2
7 22  200 01011010000011110100011011000011010111011010100110000000001010101010111000000100010100110000011000101010000010100001001100000000011010001101001000100011101010001100011001010110010110111010101010101010
3 23  200 01011010000011110100011011000011010111011010100110000000001010101010111000000100011000110000011000101010000010100001001100000000011010001101001000100011101010001100011001010110010110111010101010101010
runNumber 2
genCount 5633
elapsedTime 600.01
unaryHyperVol 45
binaryHyperVol 16.5833
additiveEps 0.777778
entropy 0.599401
archive 2
3
7 29  200 01011010000000110100011011000011010111011010100110000100001010101010111010101000010100111010011000101010000010100001001100000000011010000000101000100011010101001100010011000001100000111010101010101010
6 30  200 01011010000000110100011011000011010111011010100110000100001010101010111010101000011000111010011000101010000010100001001100000000011010000000101000100011010101001100010011000001100000111010101010101010
4 31  200 01011010000101110100011011000011010111011010100110000100001010101010111010101000011000111010011000101010000010100001001100000000011010000000101000100011010101001100010011000001100000111010101010101010
runNumber 3
genCount 5685
elapsedTime 599.97
unaryHyperVol 37
binaryHyperVol 23.1
additiveEps 0.875
entropy 0.509891
archive 3
2
8 29  200 01011010000011110100011011000011010100011010100110000100001010001101011010100000011000111001011000101010100010100001000000000000011010001111101000100011101010001100010101010110100010111010101010101010
5 30  200 01011010000011110100011011000011010100011010100110000100001010001101011010100000011000111001011000101010100010100001010000000000011010001111101000100011101010001100010101010110100010111010101010101010
runNumber 4
genCount 5524
elapsedTime 599.918
unaryHyperVol 62
binaryHyperVol 16.7
additiveEps 0.8
entropy 0.509891
archive 4
2
7 26  200 01011010000011110100011011000011010111011010100110000000001010101010111010100001010100111001000000101010000100110001001100010100011010001101001000100011101010001100011001010110010110111010101010101010
4 27  200 01011010000011110100011011000011010111011010100110000000001010101010111010100001010000111001000000101010000100110001001100010100011010001101001000100011101010001100011001010110010110111010101010101010
runNumber 5
genCount 5488
elapsedTime 599.879
unaryHyperVol 95
binaryHyperVol 0.375
additiveEps 0.5
entropy 0.349763
archive 5
3
7 22  200 01011010000000110100011011000011010111011010100110000000001010101010111010101000010100111010011000101010000010100001001100000000011010001101001000100011101010001100011001010110010110111010101010101010
6 23  200 01011010000000110100011011000011010111011010100110000000001010101010111010101000011000111010011000101010000010100001001100000000011010001101001000100011101010001100011001010110010110111010101010101010
3 24  200 01011010000101110100011011000011010111011010100110000000001010101010111010101000011000111010011000101010000010100001001100000000011010001101001000100011101010001100011001010110010110111010101010101010
runNumber 6
genCount 5518
elapsedTime 600.024
unaryHyperVol 75
binaryHyperVol 7.15
additiveEps 0.8
entropy 0.509891
archive 6
2
6 26  200 01010101000000110101011011000011010111011010100110000000001010101010111010101000011000110000011001011010000010100001001100000000011010001101001000100011101010001100011001010110010110111010101010101010
3 27  200 01010101000101110101011011000011010111011010100110000000001010101010111010101000011000110000011001011010000010100001001100000000011010001101001000100011101010001100011001010110010110111010101010101010
runNumber 7
genCount 5631
elapsedTime 599.911
unaryHyperVol 95
binaryHyperVol 0.375
additiveEps 0.5
entropy 0.349763
archive 7
3
7 22  200 01011010000000110100011011000011010111011010100110000000001010101001011010101000010100110000011000101010000010100001001100000000011010001101001000100011101010001100011001010110010110111010101010101010
6 23  200 01011010000000110100011011000011010111011010100110000000001010101001011010101000011000110000011000101010000010100001001100000000011010001101001000100011101010001100011001010110010110111010101010101010
3 24  200 01011010000101110100011011000011010111011010100110000000001010101001011010101000011000110000011000101010000010100001001100000000011010001101001000100011101010001100011001010110010110111010101010101010
runNumber 8
genCount 6242
elapsedTime 599.925
unaryHyperVol 95
binaryHyperVol 0.375
additiveEps 0.5
entropy 0.349763
archive 8
3
7 22  200 01011010000000110100011011000011010111011010100110000000001010101010111010101000010100111010011000101010000010100001001100000000011010001101001000100011101010001100011001010110010110111010101010101010
6 23  200 01011010000000110100011011000011010111011010100110000000001010101010111010101000011000111010011000101010000010100001001100000000011010001101001000100011101010001100011001010110010110111010101010101010
3 24  200 01011010000101110100011011000011010111011010100110000000001010101010111010101000011000111010011000101010000010100001001100000000011010001101001000100011101010001100011001010110010110111010101010101010
runNumber 9
genCount 5518
elapsedTime 599.988
unaryHyperVol 95
binaryHyperVol 0.375
additiveEps 0.5
entropy 0.349763
archive 9
3
7 22  200 01011010000000110100011011000011010111011010100110000000001010101010111010101000010100111010011000101010000010100001001100000000011010001101001000100011101010001100011001010110010110111010101010101010
6 23  200 01011010000000110100011011000011010111011010100110000000001010101010111010101000011000111010011000101010000010100001001100000000011010001101001000100011101010001100011001010110010110111010101010101010
3 24  200 01011010000101110100011011000011010111011010100110000000001010101010111010101000011000111010011000101010000010100001001100000000011010001101001000100011101010001100011001010110010110111010101010101010
runNumber 10
genCount 5614
elapsedTime 599.8
unaryHyperVol 98
binaryHyperVol 0
additiveEps 0
entropy 0.326634
archive 10
2
7 22  200 01011010000011110100011011000011010111011010100110000000001010101010111000000100010100110000011000101010000010100001001100000000011010001101001000100011101010001100011001010110010110111010101010101010
3 23  200 01011010000011110100011011000011010111011010100110000000001010101010111000000100011000110000011000101010000010100001001100000000011010001101001000100011101010001100011001010110010110111010101010101010
runNumber 11
genCount 5564
elapsedTime 599.92
unaryHyperVol 98
binaryHyperVol 0
additiveEps 0
entropy 0.326634
archive 11
2
7 22  200 01011010000011110100011011000011010111011010100110000000001010101010111000000100010100110000011000101010000010100001001100000000011010001101001000100011101010001100011001010110010110111010101010101010
3 23  200 01011010000011110100011011000011010111011010100110000000001010101010111000000100011000110000011000101010000010100001001100000000011010001101001000100011101010001100011001010110010110111010101010101010
runNumber 12
genCount 5609
elapsedTime 600.005
unaryHyperVol 98
binaryHyperVol 0
additiveEps 0
entropy 0.326634
archive 12
2
7 22  200 01011010000011110100011011000011010111011010100110000000001010101010111000000100010100110000011000101010000010100001001100000000011010001101001000100011101010001100011001010110010110111010101010101010
3 23  200 01011010000011110100011011000011010111011010100110000000001010101010111000000100011000110000011000101010000010100001001100000000011010001101001000100011101010001100011001010110010110111010101010101010
runNumber 13
genCount 5678
elapsedTime 599.886
unaryHyperVol 57
binaryHyperVol 17
additiveEps 0.833333
entropy 0.509891
archive 13
2
7 27  200 01011010000011110100011011000011010111011010100110001000001010101010111000000100010100110000011000101010000010100001001100000000011010001101001000100011000101000100010001000011000001111010101010101010
4 28  200 01011010000011110100011011000011010111011010100110001000001010101010111000000100010000110000011000101010000010100001001100000000011010001101001000100011000101000100010001000011000001111010101010101010
runNumber 14
genCount 5690
elapsedTime 600.013
unaryHyperVol 95
binaryHyperVol 0.375
additiveEps 0.5
entropy 0.349763
archive 14
3
7 22  200 01011010000000110100011011000011010111011010100110000000001010101001011010101000010100111010011000101010000010100001001100000000011010001101001000100011101010001100011001010110010110111010101010101010
6 23  200 01011010000000110100011011000011010111011010100110000000001010101001011010101000011000111010011000101010000010100001001100000000011010001101001000100011101010001100011001010110010110111010101010101010
3 24  200 01011010000101110100011011000011010111011010100110000000001010101001011010101000011000111010011000101010000010100001001100000000011010001101001000100011101010001100011001010110010110111010101010101010
runNumber 15
genCount 5512
elapsedTime 599.935
unaryHyperVol 60
binaryHyperVol 21.625
additiveEps 0.75
entropy 0.553651
archive 15
3
7 23  200 01011010000011110100011011000011010111011010100110000000001010101010111011000100010101111010011000101010000010100001001100000000011010001101001000100011101010001100011001010110010110111010101010101010
6 24  200 01011010000011110100011011000011010111011010100110000000001010101010111011000100011001111010011000101010000010100001001100000000011010001101001000100011101010001100011001010110010110111010101010101010
5 26  200 01011010000011110100011011000011010111011010100110000000001010101010000111000100010000011010011000101010000010100001001100000000011010001101001000100011101010001100011001010110010110111010101010101010
runNumber 16
genCount 5949
elapsedTime 599.837
unaryHyperVol 95
binaryHyperVol 0.375
additiveEps 0.5
entropy 0.349763
archive 16
3
7 22  200 01011010000000110100011011000011010111011010100110000000001010101010111010101000010100111010011000101010000010100001001100000000011010001101001000100011101010001100011001010110010110111010101010101010
6 23  200 01011010000000110100011011000011010111011010100110000000001010101010111010101000011000111010011000101010000010100001001100000000011010001101001000100011101010001100011001010110010110111010101010101010
3 24  200 01011010000101110100011011000011010111011010100110000000001010101010111010101000011000111010011000101010000010100001001100000000011010001101001000100011101010001100011001010110010110111010101010101010
runNumber 17
genCount 5579
elapsedTime 599.954
unaryHyperVol 98
binaryHyperVol 0
additiveEps 0
entropy 0.326634
archive 17
2
7 22  200 01011010000011110100011011000011010111011010100110000000001010101010111000000100010100110000011000101010000010100001001100000000011010001101001000100011101010001100011001010110010110111010101010101010
3 23  200 01011010000011110100011011000011010111011010100110000000001010101010111000000100011000110000011000101010000010100001001100000000011010001101001000100011101010001100011001010110010110111010101010101010
runNumber 18
genCount 5561
elapsedTime 599.941
unaryHyperVol 98
binaryHyperVol 0
additiveEps 0
entropy 0.326634
archive 18
2
7 22  200 01011010000011110100011011000011010111011010100110000000001010101010111000000100010100110000011000101010000010100001001100000000011010001101001000100011101010001100011001010110010110111010101010101010
3 23  200 01011010000011110100011011000011010111011010100110000000001010101010111000000100011000110000011000101010000010100001001100000000011010001101001000100011101010001100011001010110010110111010101010101010
runNumber 19
genCount 5781
elapsedTime 600.004
unaryHyperVol 98
binaryHyperVol 0
additiveEps 0
entropy 0.326634
archive 19
2
7 22  200 01011010000011110100011011000011010111011010100110000000001010101001011000000100010100110000011000101010000010100001001100000000011010001101001000100011101010001100011001010110010110111010101010101010
3 23  200 01011010000011110100011011000011010111011010100110000000001010101001011000000100011000110000011000101010000010100001001100000000011010001101001000100011101010001100011001010110010110111010101010101010
runNumber 20
genCount 5354
elapsedTime 599.791
unaryHyperVol 58
binaryHyperVol 16.9583
additiveEps 0.833333
entropy 0.509891
archive 20
2
6 27  200 01011010000011110100011011000011010111011001010110000000001010101001011010100001110000111001001000101010000010100001001100000000011010001101001000100011101010001100001101010110010101111010101010101010
4 28  200 01011010000011110100011011000001010111011001010010000000001010101001011010100001010000111001001000101010000010100001001100000000011010001101001000100011101010001100001101010110010101111010101010101010
runNumber 21
genCount 5727
elapsedTime 600.043
unaryHyperVol 95
binaryHyperVol 0.375
additiveEps 0.5
entropy 0.349763
archive 21
3
7 22  200 01011010000000110100011011000011010111011010100110000000001010101001011010101000010100110000011000101010000010100001001100000000011010001101001000100011101010001100011001010110010110111010101010101010
6 23  200 01011010000000110100011011000011010111011010100110000000001010101001011010101000011000110000011000101010000010100001001100000000011010001101001000100011101010001100011001010110010110111010101010101010
3 24  200 01011010000101110100011011000011010111011010100110000000001010101001011010101000011000110000011000101010000010100001001100000000011010001101001000100011101010001100011001010110010110111010101010101010
runNumber 22
genCount 5446
elapsedTime 599.896
unaryHyperVol 95
binaryHyperVol 0.375
additiveEps 0.5
entropy 0.349763
archive 22
3
7 22  200 01011010000000110100011011000011010111011010100110000000001010101010111000001000010100110000011000101010000010100001001100000000011010001101001000100011101010001100011001010110010110111010101010101010
6 23  200 01011010000000110100011011000011010111011010100110000000001010101010111000001000011000110000011000101010000010100001001100000000011010001101001000100011101010001100011001010110010110111010101010101010
3 24  200 01011010000101110100011011000011010111011010100110000000001010101010111000001000011000110000011000101010000010100001001100000000011010001101001000100011101010001100011001010110010110111010101010101010
runNumber 23
genCount 5522
elapsedTime 599.905
unaryHyperVol 95
binaryHyperVol 0.375
additiveEps 0.5
entropy 0.349763
archive 23
3
7 22  200 01011010000000110100011011000011010111011010100110000000001010101010111010101000010100110000011000101010000010100001001100000000011010001101001000100011101010001100011001010110010110111010101010101010
6 23  200 01011010000000110100011011000011010111011010100110000000001010101010111010101000011000110000011000101010000010100001001100000000011010001101001000100011101010001100011001010110010110111010101010101010
3 24  200 01011010000101110100011011000011010111011010100110000000001010101010111010101000011000110000011000101010000010100001001100000000011010001101001000100011101010001100011001010110010110111010101010101010
runNumber 24
genCount 5504
elapsedTime 600.039
unaryHyperVol 65
binaryHyperVol 15.05
additiveEps 0.75
entropy 0.5994
archive 24
3
7 25  200 01011010000000110100011011000011010111011010100110001000001010101010111010101000010100111010011000101010000010100001001100000000011010001101001000100011000101001100011010010110010101111010101010101010
6 26  200 01011010000000110100011011000011010111011010100110001000001010101010111010101000011000111010011000101010000010100001001100000000011010001101001000100011000101001100011010010110010101111010101010101010
4 27  200 01011010000101110100011011000011010111011010100110001000001010101010111010101000011000111010011000101010000010100001001100000000011010001101001000100011000101001100011010010110010101111010101010101010
runNumber 25
genCount 5745
elapsedTime 599.921
unaryHyperVol 95
binaryHyperVol 0.375
additiveEps 0.5
entropy 0.349763
archive 25
3
7 22  200 01011010000000110100011011000011010111011010100110000000001010101010111010101000010100111010011000101010000010100001001100000000011010001101001000100011101010001100011001010110010110111010101010101010
6 23  200 01011010000000110100011011000011010111011010100110000000001010101010111010101000011000111010011000101010000010100001001100000000011010001101001000100011101010001100011001010110010110111010101010101010
3 24  200 01011010000101110100011011000011010111011010100110000000001010101010111010101000011000111010011000101010000010100001001100000000011010001101001000100011101010001100011001010110010110111010101010101010
runNumber 26
genCount 5749
elapsedTime 599.824
unaryHyperVol 95
binaryHyperVol 0.375
additiveEps 0.5
entropy 0.349763
archive 26
3
7 22  200 01011010000000110100011011000011010111011010100110000000001010101010111010101000010100110000011000101010000010100001001100000000011010001101001000100011101010001100011001010110010110111010101010101010
6 23  200 01011010000000110100011011000011010111011010100110000000001010101010111010101000011000110000011000101010000010100001001100000000011010001101001000100011101010001100011001010110010110111010101010101010
3 24  200 01011010000101110100011011000011010111011010100110000000001010101010111010101000011000110000011000101010000010100001001100000000011010001101001000100011101010001100011001010110010110111010101010101010
runNumber 27
genCount 5611
elapsedTime 599.872
unaryHyperVol 96
binaryHyperVol 8
additiveEps 1
entropy 0
archive 27
1
3 23  200 01011010000011110100011011000011010111011010100110000000001010101001011000000100011000110000011000101010000010100001001100000000011010001101001000100011101010001100011001010110010110111010101010101010
runNumber 28
genCount 5554
elapsedTime 600.029
unaryHyperVol 45
binaryHyperVol 18.375
additiveEps 1
entropy 0
archive 28
1
4 30  200 01011010000011110100011011000011010111011010100110001000001010101010111010100011110000111010011001011010000010100001001100000000011010001101001000100011000101001101001101000011010101111010101010101010
runNumber 29
genCount 5642
elapsedTime 599.881
unaryHyperVol 98
binaryHyperVol 0
additiveEps 0
entropy 0.326634
archive 29
2
7 22  200 01011010000011110100011011000011010111011010100110000000001010101010111000000100010100110000011000101010000010100001001100000000011010001101001000100011101010001100011001010110010110111010101010101010
3 23  200 01011010000011110100011011000011010111011010100110000000001010101010111000000100011000110000011000101010000010100001001100000000011010001101001000100011101010001100011001010110010110111010101010101010
