OptimalFront
unaryHyperVol 144
3
8 14  100 0110000000010111001111010100100001000000010110001010000010101000111010110110100111010110100001101010
4 15  100 0110000000010111001111010100000001101000010110001010000010101000111010110110100111010110100001101010
3 16  100 0110101010010010001111010100000001101000010110001010000010101000111010110000010111010110000001101010
-------------------------
runNumber 0
genCount 5528
elapsedTime 599.864
unaryHyperVol 144
binaryHyperVol 0
additiveEps 0
entropy 0.270001
archive 0
3
8 14  100 0110000000010010001111010100000001000000010110001010000010101000111010110000010111010110000001101010
4 15  100 0110000000010010000111010100000001000000010110001010000010101000111010110000010111010110000001101010
3 16  100 0110101010010010001111010100100001101000010110001010000010101000111010110000010111010110000001101010
runNumber 1
genCount 5443
elapsedTime 600.007
unaryHyperVol 143
binaryHyperVol 0.0666667
additiveEps 0.2
entropy 0.46166
archive 1
3
8 14  100 0110000000110111001111010100100001000000010110001010000010101000111010110000010111010110000001101010
4 15  100 0110000000110111001111010100100001101000010110001010000010101000111010110000010111010110000001101010
3 17  100 0100101010110100001111010100100001101000010110001010000010101000111010110000010111010110000001101010
runNumber 2
genCount 5497
elapsedTime 599.742
unaryHyperVol 96
binaryHyperVol 15.0667
additiveEps 0.833333
entropy 0.49717
archive 2
2
8 19  100 0110101010010111111111010100001111000000010110001010000000000000111010111010100111010110000001101010
4 20  100 0110101010010111110111010100001111000000010110001010000000000000111010111010100111010110000001101010
runNumber 3
genCount 5599
elapsedTime 599.995
unaryHyperVol 138
binaryHyperVol 3
additiveEps 0.333333
entropy 0.466242
archive 3
3
8 15  100 0110101010010101001111010100000001000000010110001010000010101000111010110110100111010110100001101010
4 16  100 0110101010010101001111010100000001101000010110001010000010101000111010110110100111010110000001101010
3 17  100 0100101010010100001111010100000001101000010110001010000010101000111010110110100111010110000001101010
runNumber 4
genCount 5540
elapsedTime 599.826
unaryHyperVol 138
binaryHyperVol 3
additiveEps 0.333333
entropy 0.466242
archive 4
3
8 15  100 0110101010010101001111010100000001000000010110001010000010101000111010110110100111010110100001101010
4 16  100 0110101010010101001111010100000001101000010110001010000010101000111010110110100111010110100001101010
3 17  100 0100101010010100001111010100000001101000010110001010000010101000111010110110100111010110100001101010
runNumber 5
genCount 5596
elapsedTime 599.921
unaryHyperVol 139
binaryHyperVol 4.4
additiveEps 0.5
entropy 0.509891
archive 5
2
8 15  100 0110101010010010001111010100100001000000010110001010000010101000111010110000010111010110000001101010
3 16  100 0110101010010010001111010100100001101000010110001010000010101000111010110000010111010110000001101010
runNumber 6
genCount 5544
elapsedTime 599.926
unaryHyperVol 138
binaryHyperVol 3
additiveEps 0.333333
entropy 0.466242
archive 6
3
8 15  100 0110101010010101001111010100000001000000010110001010000010101000111010110110100111010110100001101010
4 16  100 0110101010010101001111010100000001101000010110001010000010101000111010110110100111010110100001101010
3 17  100 0100101010010100001111010100000001101000010110001010000010101000111010110110100111010110100001101010
runNumber 7
genCount 5587
elapsedTime 600.002
unaryHyperVol 138
binaryHyperVol 3
additiveEps 0.333333
entropy 0.466242
archive 7
3
8 15  100 0110101010010101001111010100000001000000010110001010000010101000111010110110100111010110100001101010
4 16  100 0110101010010101001111010100000001101000010110001010000010101000111010110110100111010110100001101010
3 17  100 0100101010010100001111010100100001101000010110001010000010101000111010110110100111010110100001101010
runNumber 8
genCount 5497
elapsedTime 599.884
unaryHyperVol 138
binaryHyperVol 3
additiveEps 0.333333
entropy 0.466242
archive 8
3
8 15  100 0110101010010101001111010100000001000000010110001010000010101000111010110110100111010110100001101010
4 16  100 0110101010010101001111010100000001101000010110001010000010101000111010110110100111010110000001101010
3 17  100 0100101010010100001111010100000001101000010110001010000010101000111010110110100111010110100001101010
runNumber 9
genCount 5527
elapsedTime 599.952
unaryHyperVol 143
binaryHyperVol 0.0666667
additiveEps 0.2
entropy 0.46166
archive 9
3
8 14  100 0110000000010101001111010100000001000000010110001010000010101000111010110110100111010110000001101010
4 15  100 0110000000010101001111010100000001101000010110001010000010101000111010110110100111010110100001101010
3 17  100 0100101010010100001111010100000001101000010110001010000010101000111010110110100111010110100001101010
runNumber 10
genCount 5655
elapsedTime 599.858
unaryHyperVol 116
binaryHyperVol 12
additiveEps 0.5
entropy 0.49717
archive 10
2
8 15  100 0110101001110010001111010100000001000000010110001010000010101000111010110110000111010110100100101010
4 16  100 0110101001110010001111010100000001101000010110001010000010101000111010110110000111010110100100101010
runNumber 11
genCount 5801
elapsedTime 600.032
unaryHyperVol 139
binaryHyperVol 4.4
additiveEps 0.5
entropy 0.509891
archive 11
2
8 15  100 0110101010010010001111010100100001000000010110001010000010101000111010110000010111010110000001101010
3 16  100 0110101010010010001111010100000001101000010110001010000010101000111010110000010111010110000001101010
runNumber 12
genCount 5742
elapsedTime 599.819
unaryHyperVol 105
binaryHyperVol 16.3
additiveEps 1
entropy 0
archive 12
1
4 18  100 0110010101110010010111010100000001101000010110001010000010101000111010110110000111010110100100101010
runNumber 13
genCount 5521
elapsedTime 599.949
unaryHyperVol 138
binaryHyperVol 3
additiveEps 0.333333
entropy 0.466242
archive 13
3
8 15  100 0110101010010001001111010100000001000000010110001010000010101000111010110110100111010110000001101010
4 16  100 0110101010010101001111010100000001101000010110001010000010101000111010110110100111010110000001101010
3 17  100 0100101010010100001111010100000001101000010110001010000010101000111010110110100111010110000001101010
runNumber 14
genCount 5810
elapsedTime 599.82
unaryHyperVol 110
binaryHyperVol 16.2
additiveEps 1
entropy 0
archive 14
1
4 17  100 0110101010010010000001010100000001101000010110001010000010101000111010110110001111001010100001101010
runNumber 15
genCount 5652
elapsedTime 599.99
unaryHyperVol 139
binaryHyperVol 4.4
additiveEps 0.5
entropy 0.509891
archive 15
2
8 15  100 0110101010010010001111010100100001000000010110001010000010101000111010110000010111010110000001101010
3 16  100 0110101010010010001111010100100001101000010110001010000010101000111010110000010111010110000001101010
runNumber 16
genCount 5728
elapsedTime 599.79
unaryHyperVol 125
binaryHyperVol 7
additiveEps 0.8
entropy 0.49717
archive 16
2
4 18  100 0110101010010101000001010100000001101000010110001010000010101000111010110110100111001010100001101010
3 19  100 0100101010010100000001010100000001101000010110001010000010101000111010110110100111001010100001101010
runNumber 17
genCount 5638
elapsedTime 600.022
unaryHyperVol 81
binaryHyperVol 15.5778
additiveEps 0.888889
entropy 0.49717
archive 17
2
8 22  100 0110101010010010001111010100100001000000010110001010000000000001000000011010000001000000000001101010
4 23  100 0110101010010010001111010100000001101000010110001010000000000001000000011010000001000000000001101010
runNumber 18
genCount 5509
elapsedTime 599.929
unaryHyperVol 138
binaryHyperVol 3
additiveEps 0.333333
entropy 0.466242
archive 18
3
8 15  100 0110101010010001001111010100000001000000010110001010000010101000111010110110100111010110000001101010
4 16  100 0110101010010101001111010100000001101000010110001010000010101000111010110110100111010110000001101010
3 17  100 0100101010010100001111010100000001101000010110001010000010101000111010110110100111010110100001101010
runNumber 19
genCount 5588
elapsedTime 600.033
unaryHyperVol 138
binaryHyperVol 3
additiveEps 0.333333
entropy 0.466242
archive 19
3
8 15  100 0110101010010101001111010100000001000000010110001010000010101000111010110110100111010110100001101010
4 16  100 0110101010010101001111010100000001101000010110001010000010101000111010110110100111010110100001101010
3 17  100 0100101010010100001111010100000001101000010110001010000010101000111010110110100111010110100001101010
runNumber 20
genCount 5460
elapsedTime 599.889
unaryHyperVol 138
binaryHyperVol 3
additiveEps 0.333333
entropy 0.466242
archive 20
3
8 15  100 0110101010010101001111010100000001000000010110001010000010101000111010110110100111010110100001101010
4 16  100 0110101010010101001111010100000001101000010110001010000010101000111010110110100111010110100001101010
3 17  100 0100101010010100001111010100000001101000010110001010000010101000111010110110100111010110100001101010
runNumber 21
genCount 5585
elapsedTime 599.995
unaryHyperVol 116
binaryHyperVol 12
additiveEps 0.5
entropy 0.49717
archive 21
2
8 15  100 0110101010110101001111010100000001000000010110001010000010101000111010110110000111010110100100101010
4 16  100 0110101010110101001111010100000001101000010110001010000010101000111010110110000111010110100100101010
runNumber 22
genCount 5531
elapsedTime 600.016
unaryHyperVol 144
binaryHyperVol 0
additiveEps 0
entropy 0.270001
archive 22
3
8 14  100 0110000000010010001111010100100001000000010110001010000010101000111010110000010111010110000001101010
4 15  100 0110000000010010000111010100100001000000010110001010000010101000111010110000010111010110000001101010
3 16  100 0110101010010010001111010100000001101000010110001010000010101000111010110000010111010110000001101010
runNumber 23
genCount 5662
elapsedTime 599.931
unaryHyperVol 139
binaryHyperVol 4.4
additiveEps 0.5
entropy 0.509891
archive 23
2
8 15  100 0110101010010010001111010100100001000000010110001010000010101000111010110000010111010110000001101010
3 16  100 0110101010010010001111010100100001101000010110001010000010101000111010110000010111010110000001101010
runNumber 24
genCount 5419
elapsedTime 599.934
unaryHyperVol 143
binaryHyperVol 0.0666667
additiveEps 0.2
entropy 0.46166
archive 24
3
8 14  100 0110000000010111001111010100000001000000010110001010000010101000111010110110100111010110100001101010
4 15  100 0110000000010101001111010100000001101000010110001010000010101000111010110110100111010110100001101010
3 17  100 0100101010010100001111010100000001101000010110001010000010101000111010110110100111010110100001101010
runNumber 25
genCount 5655
elapsedTime 599.884
unaryHyperVol 143
binaryHyperVol 0.0666667
additiveEps 0.2
entropy 0.46166
archive 25
3
8 14  100 0110000000110111001111010100000001000000010110001010000010101000111010110000010111010110000001101010
4 15  100 0110000000110111001111010100000001101000010110001010000010101000111010110000010111010110000001101010
3 17  100 0100101010110100001111010100000001101000010110001010000010101000111010110000010111010110000001101010
runNumber 26
genCount 5306
elapsedTime 599.924
unaryHyperVol 144
binaryHyperVol 0
additiveEps 0
entropy 0.270001
archive 26
3
8 14  100 0110000000010010001111010100000001000000010110001010000010101000111010110000010111010110000001101010
4 15  100 0110000000010010001111010100100001101000010110001010000010101000111010110000010111010110000001101010
3 16  100 0110101010010010001111010100000001101000010110001010000010101000111010110000010111010110000001101010
runNumber 27
genCount 5631
elapsedTime 599.933
unaryHyperVol 138
binaryHyperVol 3
additiveEps 0.333333
entropy 0.466242
archive 27
3
8 15  100 0110101010010101001111010100000001000000010110001010000010101000111010110110100111010110100001101010
4 16  100 0110101010010101001111010100000001101000010110001010000010101000111010110110100111010110000001101010
3 17  100 0100101010010100001111010100000001101000010110001010000010101000111010110110100111010110000001101010
runNumber 28
genCount 5591
elapsedTime 599.998
unaryHyperVol 130
binaryHyperVol 5.24
additiveEps 0.6
entropy 0.49717
archive 28
2
4 17  100 0110101010010010000001010100000001101000010110001010000010101000111010110110001111001010100001101010
3 19  100 0100101010010100000001010100100001101000010110001010000010101000111010110110100111001010100001101010
runNumber 29
genCount 5863
elapsedTime 599.933
unaryHyperVol 125
binaryHyperVol 7
additiveEps 0.8
entropy 0.49717
archive 29
2
4 18  100 0110101010110101000001010100000001101000010110001010000010101000111010110000010111001010000001101010
3 19  100 0100101010110100000001010100000001101000010110001010000010101000111010110000010111001010000001101010
