OptimalFront
unaryHyperVol 176
4
7 13  100 1010100110010001000000111110100001010101001000001010011001000011010000111010000100011001010100111010
5 14  100 1010100110010001000000101100000001010101000101001010011000000011010101111010100100011001101000111010
4 16  100 0000100110010000000000111110100001010101001000001010011010000011011010111010100100011001101000111010
3 18  100 0000100110010100001000111110100001010101001000001010011010000011011010111010100100011001101000111010
-------------------------
runNumber 0
genCount 5502
elapsedTime 599.997
unaryHyperVol 147
binaryHyperVol 12.4
additiveEps 0.25
entropy 0.449615
archive 0
3
6 14  100 1010100110010001000000111110101001010101001000001010011010000011011010111010100100011001101000111010
5 15  100 1010100110010101000000111110101001010101001000001010011010000011011010111010100100011001101000111010
4 16  100 1010100110010001000000111110100001010101001000001010011010000001011010111010000000011001101000111010
runNumber 1
genCount 5467
elapsedTime 600.066
unaryHyperVol 168
binaryHyperVol 3.4
additiveEps 0.4
entropy 0.470519
archive 1
3
7 15  100 0000100110010000000000111110100001010101001000001010011010000011010000111010100100011001101000111010
4 16  100 0000100110010000000000111110100001010101001000001010011010000011011010111010100100011001101000111010
3 18  100 0000100110010100001000111110100001010101001000001010011010000011011010111010100100011001101000111010
runNumber 2
genCount 5568
elapsedTime 599.922
unaryHyperVol 142
binaryHyperVol 14.15
additiveEps 0.4
entropy 0.49717
archive 2
2
7 15  100 1010100110010001000000111110100001010101001000001010011010000001010000111010000000011001101000111010
4 16  100 1010100110010001000000111110100001010101001000001010011010000001011010111010000000011001101000111010
runNumber 3
genCount 5521
elapsedTime 599.938
unaryHyperVol 139
binaryHyperVol 15.8
additiveEps 0.6
entropy 0.475082
archive 3
2
5 16  100 1010000010010011000000111110100001010101000101001010011010000011011010111010100100011001101000111010
4 17  100 1010000010010111000000111110100001010101000101001010011010000011011010111010100100011001101000111010
runNumber 4
genCount 5402
elapsedTime 599.921
unaryHyperVol 168
binaryHyperVol 3.4
additiveEps 0.4
entropy 0.458329
archive 4
4
6 15  100 1010100110010001001000111110101001100101001000001010011010000011011010111010100100011001101000111010
5 16  100 1010100110010101001000111110101001100101001000001010011010000011011010111010100100011001101000111010
4 17  100 0000100110010000001000111110100001100101001000001010011010000011011010111010100100011001101000111010
3 18  100 0000100110010100001000111110100001100101001000001010011010000011011010111010100100011001101000111010
runNumber 5
genCount 5391
elapsedTime 599.99
unaryHyperVol 168
binaryHyperVol 3.4
additiveEps 0.4
entropy 0.470519
archive 5
3
7 15  100 0000100110010000000000111110100001010101001000001010011010000011010000111010100100011001101000111010
4 16  100 0000100110010000000000111110100001010101001000001010011010000011011010111010100100011001101000111010
3 18  100 0000100110010100001000111110100001010101001000001010011010000011011010111010100100011001101000111010
runNumber 6
genCount 5346
elapsedTime 599.978
unaryHyperVol 146
binaryHyperVol 12.45
additiveEps 0.25
entropy 0.449615
archive 6
3
7 14  100 0110100110010001000000110100000001010101001000001010011010000011010000111010100100011001101000111010
5 15  100 0110100110010001000000110100000001010101001000001010011010000011110000111010100100011001101000111010
4 16  100 0110100110010101000000110100000001010101001000001010011010000011011010111010100100011001101000111010
runNumber 7
genCount 5492
elapsedTime 599.861
unaryHyperVol 173
binaryHyperVol 1.65
additiveEps 0.2
entropy 0.440273
archive 7
4
6 14  100 1010100110010001000000111110101001010101001000001010011010000011011010111010100100011001101000111010
5 15  100 1010100110010101000000111110101001010101001000001010011010000011011010111010100100011001101000111010
4 16  100 0000100110010000000000111110100001010101001000001010011010000011011010111010100100011001101000111010
3 18  100 0000100110010100001000111110100001010101001000001010011010000011011010111010100100011001101000111010
runNumber 8
genCount 5591
elapsedTime 600.053
unaryHyperVol 168
binaryHyperVol 3.4
additiveEps 0.4
entropy 0.470519
archive 8
3
7 15  100 0000100110010000000000111110100001010101001000001010011010000011010000111010100100011001101000111010
4 16  100 0000100110010000000000111110100001010101001000001010011010000011011010111010100100011001101000111010
3 18  100 0000100110010100001000111110100001010101001000001010011010000011011010111010100100011001101000111010
runNumber 9
genCount 5655
elapsedTime 599.93
unaryHyperVol 166
binaryHyperVol 5
additiveEps 0.6
entropy 0.509891
archive 9
2
4 16  100 0000100110010000000000111110100001010101000101001010011010000011011010111010100100011001101000111010
3 18  100 0000100110010100001000111110100001010101000101001010011010000011011010111010100100011001101000111010
runNumber 10
genCount 5388
elapsedTime 599.989
unaryHyperVol 135
binaryHyperVol 16
additiveEps 0.6
entropy 0.427067
archive 10
3
7 16  100 1010000010010011000000111110100001010101001000001010011010000011010000110001000100011001010100111010
6 17  100 1010000010010011000000111110100001010101001000001010011010000011011010110001000100011001010100111010
4 18  100 1010000010010111000000111110100001010101001000001010011010000011011010110001000100011001010100111010
runNumber 11
genCount 5712
elapsedTime 600.064
unaryHyperVol 137
binaryHyperVol 15.9
additiveEps 0.6
entropy 0.475082
archive 11
2
7 16  100 1010100110010001001000111110100001100101001000001010011010000001010000111010000000011001101000111010
4 17  100 1010100110010001001000111110100001100101001000001010011010000001011010111010000000011001101000111010
runNumber 12
genCount 5730
elapsedTime 599.904
unaryHyperVol 132
binaryHyperVol 15.75
additiveEps 0.571429
entropy 0.475082
archive 12
2
5 17  100 0110100101110001001000111110100001100101000101001010011010000011011010110100010100011001101000111010
4 20  100 0110100101110001001000111110100001100101000101001010011000011011011010110100010100011001101000111010
runNumber 13
genCount 5501
elapsedTime 599.989
unaryHyperVol 135
binaryHyperVol 15.1667
additiveEps 0.5
entropy 0.427067
archive 13
3
7 16  100 0110100101110001000000111110100001010101001000001010011001000011010000110100010100011001101000111010
5 17  100 0110100101110001000000111110100001010101001000001010011001000011110000110100010100011001101000111010
4 19  100 0110100101110001000000111110100001010101001000001010011000011011011010110100010100011001101000111010
runNumber 14
genCount 5278
elapsedTime 600.014
unaryHyperVol 168
binaryHyperVol 3.4
additiveEps 0.4
entropy 0.470519
archive 14
3
7 15  100 0000100110010000000000111110100001010101001000001010011010000011010000111010100100011001101000111010
4 16  100 0000100110010000000000111110100001010101001000001010011010000011011010111010100100011001101000111010
3 18  100 0000100110010100001000111110100001010101001000001010011010000011011010111010100100011001101000111010
runNumber 15
genCount 5562
elapsedTime 599.902
unaryHyperVol 142
binaryHyperVol 14.15
additiveEps 0.4
entropy 0.427067
archive 15
3
6 15  100 1010100110010001001000111110101001100101001000001010011010000011011010111010100100011001101000111010
5 16  100 1010100110010101001000111110101001100101001000001010011010000011011010111010100100011001101000111010
4 17  100 1010100110010001001000111110100001100101001000001010011010000001011010111010000000011001101000111010
runNumber 16
genCount 5446
elapsedTime 600.012
unaryHyperVol 143
binaryHyperVol 12.6
additiveEps 0.25
entropy 0.43867
archive 16
3
7 14  100 1010100110010001000000111110100001010101001000001010011010000011010000111010001100011001101000111010
6 15  100 1010100110010001000000111110100001010101001000001010011010000011011010111010001100011001101000111010
4 17  100 1010100110010001000000111110100001010101001000001010011010000011011010111010001111001001101000111010
runNumber 17
genCount 5678
elapsedTime 599.959
unaryHyperVol 136
binaryHyperVol 15.95
additiveEps 0.6
entropy 0.475082
archive 17
2
6 16  100 1010100110010001001000111110100001100101000101001010011010000011011010111010001100011001101000111010
4 18  100 1010100110010001001000111110100001100101000101001010011010000011011010111010001111001001101000111010
runNumber 18
genCount 5421
elapsedTime 599.973
unaryHyperVol 168
binaryHyperVol 3.4
additiveEps 0.4
entropy 0.470519
archive 18
3
7 15  100 0000100110010000000000111110100001010101001000001010011010000011010000111010100100011001101000111010
4 16  100 0000100110010000000000111110100001010101001000001010011010000011011010111010100100011001101000111010
3 18  100 0000100110010100001000111110100001010101001000001010011010000011011010111010100100011001101000111010
runNumber 19
genCount 5329
elapsedTime 599.955
unaryHyperVol 168
binaryHyperVol 3.4
additiveEps 0.4
entropy 0.458329
archive 19
4
6 15  100 1010100110010001001000111110101001100101001000001010011010000011011010111010100100011001101000111010
5 16  100 1010100110010101001000111110101001100101001000001010011010000011011010111010100100011001101000111010
4 17  100 0000100110010000001000111110100001100101001000001010011010000011011010111010100100011001101000111010
3 18  100 0000100110010100001000111110100001100101001000001010011010000011011010111010100100011001101000111010
runNumber 20
genCount 5542
elapsedTime 600.073
unaryHyperVol 132
binaryHyperVol 17.65
additiveEps 0.8
entropy 0.475082
archive 20
2
7 17  100 0110100101110001001000111110100001100101001000001010011010000001010000111010000000011001101000111010
4 18  100 0110100101110001001000111110100001100101001000001010011010000001011010111010000000011001101000111010
runNumber 21
genCount 5522
elapsedTime 599.974
unaryHyperVol 168
binaryHyperVol 3.4
additiveEps 0.4
entropy 0.458329
archive 21
4
6 15  100 1010100110010001001000111110101001100101001000001010011010000011011010111010100100011001101000111010
5 16  100 1010100110010101001000111110101001100101001000001010011010000011011010111010100100011001101000111010
4 17  100 0000100110010000001000111110100001100101001000001010011010000011011010111010100100011001101000111010
3 18  100 0000100110010100001000111110100001100101001000001010011010000011011010111010100100011001101000111010
runNumber 22
genCount 5380
elapsedTime 599.864
unaryHyperVol 168
binaryHyperVol 3.4
additiveEps 0.4
entropy 0.470519
archive 22
3
7 15  100 0000100110010000000000111110100001010101001000001010011010000011010000111010100100011001101000111010
4 16  100 0000100110010000000000111110100001010101001000001010011010000011011010111010100100011001101000111010
3 18  100 0000100110010100001000111110100001010101001000001010011010000011011010111010100100011001101000111010
runNumber 23
genCount 5422
elapsedTime 600.037
unaryHyperVol 141
binaryHyperVol 14.2
additiveEps 0.4
entropy 0.427067
archive 23
3
7 15  100 1010000010010011000000111110100001010101001000001010011010000011010000111010100100011001101000111010
5 16  100 1010000010010011000000111110100001010101001000001010011010000011011010111010100100011001101000111010
4 17  100 1010000010010111000000111110100001010101001000001010011010000011011010111010100100011001101000111010
runNumber 24
genCount 5466
elapsedTime 599.962
unaryHyperVol 163
binaryHyperVol 5.15
additiveEps 0.6
entropy 0.449615
archive 24
3
7 16  100 0000100110010000001000111110100001100101001000001010011010000011010000111010100100011001101000111010
4 17  100 0000100110010000001000111110100001100101001000001010011010000011011010111010100100011001101000111010
3 18  100 0000100110010100001000111110100001100101001000001010011010000011011010111010100100011001101000111010
runNumber 25
genCount 5406
elapsedTime 600.011
unaryHyperVol 141
binaryHyperVol 14.2
additiveEps 0.4
entropy 0.427067
archive 25
3
7 15  100 0110100110010001001000110100000001100101001000001010011010000011010000111010100100011001101000111010
5 16  100 0110100110010001001000110100000001100101001000001010011010000011011010111010100100011001101000111010
4 17  100 0110100110010101001000110100000001100101001000001010011010000011011010111010100100011001101000111010
runNumber 26
genCount 5432
elapsedTime 599.983
unaryHyperVol 110
binaryHyperVol 26.7
additiveEps 0.6
entropy 0.475082
archive 26
2
7 16  100 1010100110010001000000111110100001010101001000001010011010000011010000111100010100011111101000111010
5 17  100 1010100110010001000000111110100001010101001000001010011010000011011010111100010100011111101000111010
runNumber 27
genCount 5464
elapsedTime 599.97
unaryHyperVol 163
binaryHyperVol 5.15
additiveEps 0.6
entropy 0.449615
archive 27
3
7 16  100 0000100110010000001000111110100001100101001000001010011010000011010000111010100100011001101000111010
4 17  100 0000100110010000001000111110100001100101001000001010011010000011011010111010100100011001101000111010
3 18  100 0000100110010100001000111110100001100101001000001010011010000011011010111010100100011001101000111010
runNumber 28
genCount 5445
elapsedTime 599.976
unaryHyperVol 143
binaryHyperVol 12.6
additiveEps 0.25
entropy 0.43867
archive 28
3
7 14  100 1010100110010001000000111110100001010101001000001010011010000011010000111010001100011001101000111010
6 15  100 1010100110010001000000111110100001010101001000001010011010000011011010111010001100011001101000111010
4 17  100 1010100110010001000000111110100001010101001000001010011010000011011010111010001111001001101000111010
runNumber 29
genCount 5490
elapsedTime 600.003
unaryHyperVol 137
binaryHyperVol 15.9
additiveEps 0.6
entropy 0.475082
archive 29
2
7 16  100 1010100110010001001000111110100001100101001000001010011010000001010000111010000000011001101000111010
4 17  100 1010100110010001001000111110100001100101001000001010011010000001011010111010000000011001101000111010
