OptimalFront
unaryHyperVol 109
3
5 13  100 0110100101010110101001000110011111011001001010000110010001101011001001111001100001100001000011110101
4 14  100 0110100101010110101001000110011111011001001010000110010001101011001010111001100001100001000011110101
3 15  100 0110100101010110101001000110101111011001001010000110010001101011001010111001100001100001000011110101
-------------------------
runNumber 0
genCount 5455
elapsedTime 599.967
unaryHyperVol 97
binaryHyperVol 4.2
additiveEps 0.6
entropy 0.449615
archive 0
3
5 16  100 0000000001100110010000000110011111011001001010000110010001101011001001111000010001100001000011110101
4 17  100 0000000001100110010000000110011111011001001010000110010001101011001010111000010001100001100011110101
3 18  100 0000000001100110010000000110101111011001001010000110010001101011001010111000010001100001100011110101
runNumber 1
genCount 5706
elapsedTime 600.005
unaryHyperVol 97
binaryHyperVol 4.2
additiveEps 0.6
entropy 0.449615
archive 1
3
5 16  100 0000000001100110010000000110011111011001001010000110010001101011001001111000010001100001000011110101
4 17  100 0000000001100110010000000110011111011001001010000110010001101011001010111000010001100001000011110101
3 18  100 0000000001100110010000000110101111011001001010000110010001101011001010111000010001100001000011110101
runNumber 2
genCount 5575
elapsedTime 599.983
unaryHyperVol 105
binaryHyperVol 2.33333
additiveEps 0.333333
entropy 0.456965
archive 2
3
5 14  100 0110000001010110010000000110011111011001001010000110010001101011001001111001100001100001000011110101
4 15  100 0110000001010110010000000110011111011001001010000110010001101011001010111001100001100001000011110101
3 16  100 0110000001010110010000000110101111011001001010000110010001101011001010111001100001100001000011110101
runNumber 3
genCount 5449
elapsedTime 599.979
unaryHyperVol 68
binaryHyperVol 25.75
additiveEps 0.833333
entropy 0.49717
archive 3
2
5 18  100 0000101111001100101001110110011111011001001010000110010001101011001001111000010001100001000011110111
4 19  100 0000101111001100101001110110011111011001001010000110010001101011001010111000010001100001000011110111
runNumber 4
genCount 5448
elapsedTime 599.947
unaryHyperVol 101
binaryHyperVol 3.5
additiveEps 0.5
entropy 0.449615
archive 4
3
5 15  100 0110100101100110101001000110011111011001001010000110010001101011001001111000010001100001000011110101
4 16  100 0110100101100110101001000110011111011001001010000110010001101011001010111000010001100001000011110101
3 17  100 0110100101100110101001000110101111011001001010000110010001101011001010111000010001100001000011110101
runNumber 5
genCount 5569
elapsedTime 599.982
unaryHyperVol 101
binaryHyperVol 3.5
additiveEps 0.5
entropy 0.449615
archive 5
3
5 15  100 0000100101100110101001000110011111011001001010000110010001101011001001111000010001100001000011110101
4 16  100 0000100101100110101001000110011111011001001010000110010001101011001010111000010001100001000011110101
3 17  100 0000100101100110101001000110101111011001001010000110010001101011001010111000010001100001000011110101
runNumber 6
genCount 5597
elapsedTime 599.966
unaryHyperVol 71
binaryHyperVol 25.5
additiveEps 0.8
entropy 0.49717
archive 6
2
5 17  100 0110000000100110010001110110011111011001001010000110010001101011001001111000010001101010000011110110
4 18  100 0110000000100110010001110110011111011001001010000110010001101011001010111000010001101010100011110110
runNumber 7
genCount 5414
elapsedTime 599.888
unaryHyperVol 95
binaryHyperVol 5.4
additiveEps 0.8
entropy 0.49717
archive 7
2
4 17  100 0000000001100110010000000110011111011001001010000110010001101011001010111000010001100001100011110101
3 18  100 0000000001100110010000000110101111011001001010000110010001101011001010111000010001100001100011110101
runNumber 8
genCount 5589
elapsedTime 599.998
unaryHyperVol 109
binaryHyperVol 0
additiveEps 0
entropy 0.461903
archive 8
3
5 13  100 0110100101010110101001000110011111011001001010000110010001101011001001111001100001100001000011110111
4 14  100 0110100101010110101001000110011111011001001010000110010001101011001010111001100001100001000011110101
3 15  100 0110100101010110101001000110101111011001001010000110010001101011001010111001100001100001000011110101
runNumber 9
genCount 5470
elapsedTime 600.038
unaryHyperVol 68
binaryHyperVol 25.75
additiveEps 0.833333
entropy 0.49717
archive 9
2
5 18  100 0000100101100110101001000110011111011001001010000110010001101011001001111000010000010110000011010010
4 19  100 0000100101100110101001000110011111011001001010000110010001101011001010111000010000010110000011010010
runNumber 10
genCount 5528
elapsedTime 599.874
unaryHyperVol 68
binaryHyperVol 25.75
additiveEps 0.833333
entropy 0.49717
archive 10
2
5 18  100 0110100101100110101001000110011111011001001010000110010001101011001001111000010000010110000011010010
4 19  100 0110100101100110101001000110011111011001001010000110010001101011001010111000010000010110000011010010
runNumber 11
genCount 5464
elapsedTime 599.987
unaryHyperVol 101
binaryHyperVol 3.5
additiveEps 0.5
entropy 0.449615
archive 11
3
5 15  100 0000100101100110101001000110011111011001001010000110010001101011001001111000010001100001000011110101
4 16  100 0000100101100110101001000110011111011001001010000110010001101011001010111000010001100001000011110101
3 17  100 0000100101100110101001000110101111011001001010000110010001101011001010111000010001100001000011110101
runNumber 12
genCount 5533
elapsedTime 600.023
unaryHyperVol 97
binaryHyperVol 4.2
additiveEps 0.6
entropy 0.449615
archive 12
3
5 16  100 0000000001100110010000000110011111011001001010000110010001101011001001111000010001100001000011110101
4 17  100 0000000001100110010000000110011111011001001010000110010001101011001010111000010001100001100011110101
3 18  100 0000000001100110010000000110101111011001001010000110010001101011001010111000010001100001100011110101
runNumber 13
genCount 5534
elapsedTime 599.952
unaryHyperVol 68
binaryHyperVol 25.75
additiveEps 0.833333
entropy 0.49717
archive 13
2
5 18  100 0000100101100110101001000110011111011001001010000110010001101011001001111000010000010110000011010010
4 19  100 0000100101100110101001000110011111011001001010000110010001101011001010111000010000010110100011010010
runNumber 14
genCount 5359
elapsedTime 600.002
unaryHyperVol 95
binaryHyperVol 5.4
additiveEps 0.8
entropy 0.49717
archive 14
2
4 17  100 0000000001100110010000000110011111011001001010000110010001101011001010111000010001100001100011110101
3 18  100 0000000001100110010000000110101111011001001010000110010001101011001010111000010001100001100011110101
runNumber 15
genCount 5453
elapsedTime 599.977
unaryHyperVol 101
binaryHyperVol 3.5
additiveEps 0.5
entropy 0.449615
archive 15
3
5 15  100 0000100101100110101001000110011111011001001010000110010001101011001001111000010001100001000011110101
4 16  100 0000100101100110101001000110011111011001001010000110010001101011001010111000010001100001000011110111
3 17  100 0000100101100110101001000110101111011001001010000110010001101011001010111000010001100001000011110101
runNumber 16
genCount 5664
elapsedTime 599.937
unaryHyperVol 69
binaryHyperVol 26.7
additiveEps 1
entropy 0
archive 16
1
4 18  100 0110101101100110101010000110011111011001001010000110010001101011001010110100010000010011000011010010
runNumber 17
genCount 5493
elapsedTime 599.977
unaryHyperVol 68
binaryHyperVol 25.75
additiveEps 0.833333
entropy 0.49717
archive 17
2
5 18  100 0000100101100110101001000110011111011001001010000110010001101011001001111000010000010110000011010010
4 19  100 0000100101100110101001000110011111011001001010000110010001101011001010111000010000010110000011010010
runNumber 18
genCount 5467
elapsedTime 599.928
unaryHyperVol 97
binaryHyperVol 4.2
additiveEps 0.6
entropy 0.449615
archive 18
3
5 16  100 0110000001100110010000000110011111011001001010000110010001101011001001111000010001100001000011110101
4 17  100 0000000001100110010000000110011111011001001010000110010001101011001010111000010001100001000011110101
3 18  100 0110000001100110010000000110101111011001001010000110010001101011001010111000010001100001000011110101
runNumber 19
genCount 5565
elapsedTime 600.061
unaryHyperVol 101
binaryHyperVol 3.5
additiveEps 0.5
entropy 0.449615
archive 19
3
5 15  100 0000100101100110101001000110011111011001001010000110010001101011001001111000010001100001000011110101
4 16  100 0000100101100110101001000110011111011001001010000110010001101011001010111000010001100001000011110101
3 17  100 0000100101100110101001000110101111011001001010000110010001101011001010111000010001100001000011110101
runNumber 20
genCount 5691
elapsedTime 599.883
unaryHyperVol 72
binaryHyperVol 26.625
additiveEps 1
entropy 0
archive 20
1
4 17  100 0000100101100101110001000110011111011001001010000110010001101011001010111000010001101010100011110110
runNumber 21
genCount 5552
elapsedTime 599.992
unaryHyperVol 97
binaryHyperVol 4.2
additiveEps 0.6
entropy 0.449615
archive 21
3
5 16  100 0110000001100110010000000110011111011001001010000110010001101011001001111000010001100001000011110101
4 17  100 0110000001100110010000000110011111011001001010000110010001101011001010111000010001100001000011110101
3 18  100 0110000001100110010000000110101111011001001010000110010001101011001010111000010001100001000011110101
runNumber 22
genCount 5448
elapsedTime 599.998
unaryHyperVol 97
binaryHyperVol 4.2
additiveEps 0.6
entropy 0.449615
archive 22
3
5 16  100 0110000001100110010000000110011111011001001010000110010001101011001001111000010001100001000011110101
4 17  100 0110000001100110010000000110011111011001001010000110010001101011001010111000010001100001000011110101
3 18  100 0110000001100110010000000110101111011001001010000110010001101011001010111000010001100001000011110101
runNumber 23
genCount 5454
elapsedTime 599.967
unaryHyperVol 99
binaryHyperVol 5
additiveEps 0.75
entropy 0.49717
archive 23
2
4 16  100 0110100101100110101001000110011111011001001010000110010001101011001010111000010001100001100011110101
3 17  100 0110100101100110101001000110101111011001001010000110010001101011001010111000010001100001100011110101
runNumber 24
genCount 5707
elapsedTime 599.918
unaryHyperVol 71
binaryHyperVol 25.5
additiveEps 0.8
entropy 0.49717
archive 24
2
5 17  100 0000101101100000000000000110101101011001001010000110010001101011001001111001100001100001000011110101
4 18  100 0000101101100000000000000110101101011001001010000110010001101011001010111001100001100001100011110101
runNumber 25
genCount 5511
elapsedTime 599.994
unaryHyperVol 99
binaryHyperVol 5
additiveEps 0.75
entropy 0.49717
archive 25
2
4 16  100 0000100101100110101001000110011111011001001010000110010001101011001010111000010001100001000011110111
3 17  100 0000100101100110101001000110101111011001001010000110010001101011001010111000010001100001100011110101
runNumber 26
genCount 5468
elapsedTime 599.941
unaryHyperVol 101
binaryHyperVol 3.5
additiveEps 0.5
entropy 0.449615
archive 26
3
5 15  100 0110100101100110101001000110011111011001001010000110010001101011001001111000010001100001000011110101
4 16  100 0110100101100110101001000110011111011001001010000110010001101011001010111000010001100001000011110101
3 17  100 0110100101100110101001000110101111011001001010000110010001101011001010111000010001100001000011110101
runNumber 27
genCount 5579
elapsedTime 600.002
unaryHyperVol 65
binaryHyperVol 25.9286
additiveEps 0.857143
entropy 0.49717
archive 27
2
5 19  100 0000000001100110010000000110011111011001001010000110010001101011001001111000010000010110000011010010
4 20  100 0000000001100110010000000110011111011001001010000110010001101011001010111000010000010110000011010010
runNumber 28
genCount 5809
elapsedTime 600.01
unaryHyperVol 66
binaryHyperVol 26.75
additiveEps 1
entropy 0
archive 28
1
4 19  100 0000100101100110101001000110011111011001001010000110010001101011001010111000010000010110100011010010
runNumber 29
genCount 5511
elapsedTime 600.002
unaryHyperVol 101
binaryHyperVol 3.5
additiveEps 0.5
entropy 0.449615
archive 29
3
5 15  100 0000100101100110101001000110011111011001001010000110010001101011001001111000010001100001000011110111
4 16  100 0000100101100110101001000110011111011001001010000110010001101011001010111000010001100001000011110101
3 17  100 0000100101100110101001000110101111011001001010000110010001101011001010111000010001100001000011110101
