OptimalFront
unaryHyperVol 116
4
8 23  200 10111010111011010000010101110011101000110010101011000111011010101110000100000101111000000000011111101010111010101101001101000010011011010001000110100111010000001100010000110110010101000010010011110000
6 24  200 10111010111011010000010101110011101000110010101011000111011010101110000100000101111000000000011111101010111010101101001101000010011011010001000110100111011000001100010000110110010101000010010011110000
4 26  200 10111010111011010000010101110011101000110010101011000011011010101110000100000101111000000000011111101010111010101101001101000010011011010001000110100111011010001100010000110110010101000010010011110000
3 27  200 10111010111011010000010101110011101000110010101011000011011010101110000100000101111000000000011111101010111010101101001101000010011011010001000110100111011010001100010000010110010101000010010011110000
-------------------------
runNumber 0
genCount 4603
elapsedTime 599.971
unaryHyperVol 45
binaryHyperVol 33.4571
additiveEps 1
entropy 0
archive 0
1
6 30  200 10111010110101010000010101110011101000010010101011000100011010101110000110101001111000001001011111101010111010101101001101000101011011010001000010100111011010001100010000111010010101000010010011110000
runNumber 1
genCount 4332
elapsedTime 599.678
unaryHyperVol 38
binaryHyperVol 32.4222
additiveEps 0.888889
entropy 0.475082
archive 1
2
8 31  200 10111010111011010000010101110011101000110010101011000111011010101110000100000101111000000000010000100111110010101011101101000010010111010001000110100111010000001100011101010110010101000010010011110000
6 32  200 10111010111011010000010101110011101000110010101011000111011010101110000100000101111000000000010000100111110010101011101101000010010111010001000110100111011000001100011101010110010101000010010011110000
runNumber 2
genCount 4478
elapsedTime 599.719
unaryHyperVol 57
binaryHyperVol 23.325
additiveEps 0.75
entropy 0.427067
archive 2
3
7 29  200 10110110111011011000010101110011001000110000010111110111010101011101010111000101110000001001011101011010111010101111101101000010011011010001000110100111011010001100001101010110010101000010010011110000
6 30  200 10110110111011011000010101110011001000110100010111110111010101011101010111000101110000001001011101011010111010101111101101000010011011010001000110100111011010001100001101010110010101000010010011110000
5 31  200 10110110111011011000010101110011001000010000010111110100010101011101010111000101110000001001011101011010111010101111101101000010011011010001000110100111011010001100001101010110010101000010010011110000
runNumber 3
genCount 4453
elapsedTime 599.898
unaryHyperVol 92
binaryHyperVol 4.71429
additiveEps 0.428571
entropy 0.482997
archive 3
4
8 26  200 10111010110101010000010101110011101000110010101011000111011010101101010110101001110000001001011101011010111010101101001101000010011011010001000110100111010000001100010000110110010101000010010011110000
6 27  200 10111010110101010000010101110011101000110010101011000111011010101101010110101001110000001001011101011010111010101101001101000010011011010001000110100111011000001100010000110110010101000010010011110000
4 29  200 10111010110101010000010101110011101000110010101011000011011010101101010110101001111000001001011101011010111010101101001101000010011011010001000110100111011010001100010000110110010101000010010011110000
3 30  200 10111010110101010000010101110011101000110010101011000011011010101101010110101001111000001001011101011010111010101101001101000010011011010001000110100111011010001100010000010110010101000010010011110000
runNumber 4
genCount 4544
elapsedTime 599.938
unaryHyperVol 77
binaryHyperVol 18.12
additiveEps 1
entropy 0
archive 4
1
4 28  200 10111010111011010000010101110011101000110010101011000111011010101110000100000101110000000000011111101010111010101101001101000010011011010000100110100111010101001100010001010110000001000010010011110000
runNumber 5
genCount 4311
elapsedTime 599.687
unaryHyperVol 103
binaryHyperVol 7.65
additiveEps 0.2
entropy 0.455586
archive 5
4
8 23  200 10111010111011010000010101110011101000110010101011000111011010101110000110100011110000001001011111101010111010101101011111011010011011010011000110100111010000001101100000110011010101000010010011110000
6 24  200 10111010111011010000010101110011101000110010101011000111011010101110000110100011110000001001011111101010111010101101011111011010011011010001000110100111011000001101100000110011010101000010010011110000
5 26  200 10111010111011010000010101110011101000110010101011000011011010101110000110100011110000001001011111101010111010101101011111011010011011010001000110100111011010001101100000110011010101000010010011110000
4 27  200 10111010111011010000010101110011101000110010101011000011011010101110000110100011110000001001011111101010111010101101011111011010011011010001000110100111011010001101100000010011010101000010010011110000
runNumber 6
genCount 4496
elapsedTime 599.796
unaryHyperVol 15
binaryHyperVol 33.6154
additiveEps 1
entropy 0
archive 6
1
6 36  200 10111010110101010000010101110011101000010010101011000100011010100001010110010011000000001001011111100111001010101011101101101010010111010001000110100111000000001100001100010001010100110010010011110000
runNumber 7
genCount 4474
elapsedTime 599.798
unaryHyperVol 70
binaryHyperVol 19.0444
additiveEps 0.555556
entropy 0.427067
archive 7
3
8 26  200 10111010111011010000010101110011101000110001010111000111010000101110000111000101110000011001011111101010111010101111101101000010011011010001000110100111010000001100001101010110010101000010010011110000
6 27  200 10111010111011010000010101110011101000110001010111000111010000101110000111000101110000011001011111101010111010101111101101000010011011010001000110100111011000001100001101010110010101000010010011110000
5 32  200 10111010111011010000010101110011000100110001011100000011010000101110000111000101111000011001011111101010111010101111101101000010011011010001000110100111011010001100001101010110010101000010010011110000
runNumber 8
genCount 4395
elapsedTime 599.972
unaryHyperVol 91
binaryHyperVol 15.25
additiveEps 0.4
entropy 0.468768
archive 8
3
8 23  200 10111010111011010000010101110011101000110000001011000111010101011110000111000101110000001001011101011010101010101101010001101010011011010001000110100111010000001101100000110011010101000010010011110000
6 24  200 10111010111011010000010101110011101000110000001011000111010101011110000111000101110000001001011101011010101010101101010001101010011011010001000110100111011000001101100000110011010101000010010011110000
5 26  200 10111010111011010000010101110011101000110000001011000011010101011110000111000101110000001001011101011010101010101101010001101010011011010001000110100111011010001101100000110011010101000010010011110000
runNumber 9
genCount 4448
elapsedTime 599.903
unaryHyperVol 49
binaryHyperVol 22.88
additiveEps 0.7
entropy 0.427067
archive 9
3
8 30  200 10111010111011010000010101110011101000110010101011000111011010101101010110100011110000000000011111101010111010101101001101000010011011010001000100010111010000000000010000010100010100110010010011110000
6 31  200 10111010111011010000010101110011101000110010101011000111011010101101010110100011110000000000011111101010111010101101001101000010011011010001000100010111011000000000010000010100010100110010010011110000
5 33  200 10111010111011010000010101110011101000110010101011110111011010101101010110100011110000000000011111101010111010101101001101000010011011010001000100011101011000010101000000010110010100110010010011110000
runNumber 10
genCount 4400
elapsedTime 599.807
unaryHyperVol 36
binaryHyperVol 25.96
additiveEps 1
entropy 0
archive 10
1
5 33  200 10000110111000010000010100010000101000010100101011000100011010101110000110101001111000001001011111101010101010101101010001000010011011010010100110100111011010001100100001010110000001000010010011110000
runNumber 11
genCount 4563
elapsedTime 599.792
unaryHyperVol 47
binaryHyperVol 24.7778
additiveEps 0.888889
entropy 0.475082
archive 11
2
6 31  200 10111010111011010000010101110011101000111101010111000111011010101110000111000101110000001001011101011010111010101101011111011010011011010010100110100111011010001100010100010001000000110010010011110000
5 32  200 10111010111011010000010101110001101000111101010011000111011010101110000111000101110000001001011101011010111010101101011111011010011011010010100110100111011010001100010100010001000000110010010011110000
runNumber 12
genCount 4532
elapsedTime 599.966
unaryHyperVol 62
binaryHyperVol 14
additiveEps 0.571429
entropy 0.427067
archive 12
3
10 25  200 10111010111011010000010101110011101000110010101011110111011010101110000100000101110000000000011111101010111010101101001101000010011011010000010110100111010101001100010000110110010101000010010011110000
8 27  200 10111010111011010000010101110011101000110010101011110101011010101110000000000101110000000000011111101010111010101101001101000010011011010000010110100111010101001100010000110110010101000010010011110000
5 31  200 10111010111011010000010101110011101000110010101011110111011010101110000100000101110000000000010000101010110100111101001101000010011011010000010010100111010101001100010000110110010101000010010011110000
runNumber 13
genCount 4549
elapsedTime 599.673
unaryHyperVol 33
binaryHyperVol 32.56
additiveEps 0.9
entropy 0.475082
archive 13
2
8 32  200 10111010111011010000010101110011101000110010101011000111110000111100001100000100110000000011000000101010110100111101011111010100011011010001000110100111010000001100100000110110010101000010010011110000
6 33  200 10111010111011010000010101110011101000110010101011000111110000111100001100000100110000000011000000101010110100111101011111010100011011010001000110100111011000001100100000110110010101000010010011110000
runNumber 14
genCount 4477
elapsedTime 599.88
unaryHyperVol 43
binaryHyperVol 20.5556
additiveEps 0.888889
entropy 0.475082
archive 14
2
10 31  200 10110110110111110000010101110011101000110000001000110011010101010100000100000101110000000000011111101010111010101101001100011010011011011001000110100111010100000100010001010011000001000010010011110000
5 32  200 10110110110111110000010101110011101000110000001000010111010101010100000100000101110000000000011111101010111010101101001100011010011011011001000110100111010101000100010001010011000001000010010011110000
runNumber 15
genCount 4389
elapsedTime 600.008
unaryHyperVol 116
binaryHyperVol 0
additiveEps 0
entropy 0.326634
archive 15
4
8 23  200 10111010111011010000010101110011101000110010101011000111011010101110000100000101111000000000011111101010111010101101001101000010011011010001000110100111010000001100010000110110010101000010010011110000
6 24  200 10111010111011010000010101110011101000110010101011000111011010101110000100000101111000000000011111101010111010101101001101000010011011010001000110100111011000001100010000110110010101000010010011110000
4 26  200 10111010111011010000010101110011101000110010101011000011011010101110000100000101111000000000011111101010111010101101001101000010011011010001000110100111011010001100010000110110010101000010010011110000
3 27  200 10111010111011010000010101110011101000110010101011000011011010101110000100000101111000000000011111101010111010101101001101000010011011010001000110100111011010001100010000010110010101000010010011110000
runNumber 16
genCount 4464
elapsedTime 599.844
unaryHyperVol 48
binaryHyperVol 32.0286
additiveEps 0.857143
entropy 0.475082
archive 16
2
8 29  200 10111010110101010000010101110011101000110000001011000111010101011110000110101001110000001001010000100111110010100001001101100111011011010001000110100111010000001100010000110110010101000010010011110000
6 30  200 10111010110101010000010101110011101000110000001011000111010101011110000110101001110000001001010000100111110010100001001101100111011011010001000110100111011000001100010000110110010101000010010011110000
runNumber 17
genCount 4377
elapsedTime 599.846
unaryHyperVol 116
binaryHyperVol 0
additiveEps 0
entropy 0.326634
archive 17
4
8 23  200 10111010111011010000010101110011101000110010101011000111011010101110000100000101111000000000011111101010111010101101001101000010011011010001000110100111010000001100010000110110010101000010010011110000
6 24  200 10111010111011010000010101110011101000110010101011000111011010101110000100000101111000000000011111101010111010101101001101000010011011010001000110100111011000001100010000110110010101000010010011110000
4 26  200 10111010111011010000010101110011101000110010101011000011011010101110000100000101111000000000011111101010111010101101001101000010011011010001000110100111011010001100010000110110010101000010010011110000
3 27  200 10111010111011010000010101110011101000110010101011000011011010101110000100000101111000000000011111101010111010101101001101000010011011010001000110100111011010001100010000010110010101000010010011110000
runNumber 18
genCount 4488
elapsedTime 599.864
unaryHyperVol 58
binaryHyperVol 23.3
additiveEps 0.75
entropy 0.475082
archive 18
2
6 29  200 10110110111011010101010101110011101000110100001011000101011010101110000000000101111000000000011111101010111010101101011101000010000111011001000110100111010000000101100000110110010101000010010011110000
5 31  200 10110110111011010101010101110011101000110100101011110101011010101110000000000101111000000000011111101010111010101101010101000010000111000001000110100111011010000101100000110110010101000010010011110000
runNumber 19
genCount 4442
elapsedTime 599.831
unaryHyperVol 83
binaryHyperVol 13.0667
additiveEps 0.5
entropy 0.427067
archive 19
3
8 26  200 10111010111011010000010101110011101000110010101011000111011010101101010110100001111000001001001111101010111010101101001101000010011011010001000110100111010000001100010000110001010100110010010011110000
6 27  200 10111010111011010000010101110011101000110010101011000111011010101101010110100001111000001001001111101010111010101101001101000010011011010001000110100111011000001100010000110001010100110010010011110000
4 29  200 10111010111011010000010101110011101000110010101011000011011010101101010110100001111000001001001111101010111010101101001101000010011011010001000110100111011010001100010000110001010100110010010011110000
runNumber 20
genCount 4308
elapsedTime 599.711
unaryHyperVol 43
binaryHyperVol 23.1818
additiveEps 0.727273
entropy 0.427067
archive 20
3
7 31  200 10111010111000010000010101110000101000110001010111110111011010101110000110101001110000001001011111101010111010101101001101000010011011010001000100011101011010000101000001110011000001000010010011110000
6 33  200 10111010111000010000010101110000101000110001010111110101010000001100000010101001110000001001011111101010111010101101001101000010011011010001000100011101011010000101000001110011000001000010010011110000
5 34  200 10111010111000010000010101110000101000110001010111110101010000001110000010101001111000001001011111101010111010101101001101000010011011010001000100011101011010000101000001110011000001000010010011110000
runNumber 21
genCount 4453
elapsedTime 599.803
unaryHyperVol 70
binaryHyperVol 18.2
additiveEps 1
entropy 0
archive 21
1
4 29  200 10111010111011010000010101110011101000110010101011000111011010101101010110100011110000001001011111101010111010101101001101000010011011010000100110100111010101001100010001010110000001000010010011110000
runNumber 22
genCount 4464
elapsedTime 599.952
unaryHyperVol 79
binaryHyperVol 19.56
additiveEps 0.4
entropy 0.427067
archive 22
3
8 25  200 10111010111011010000010101110011101000110000001011000111010101011110000111000101110000011001011111101010111010101101001101000010011011010001000110100111010000001100010001010110000001000010010011110000
6 26  200 10111010111011010000010101110011101000110000101011000111010101011110000111000101110000011001011111101010111010101101001101000010011011010001000110100111011000001100010001010110000001000010010011110000
5 28  200 10111010111011010000010101110011101000110000001011000011010101011110000111000101110000011001011111101010111010101101001101000010011011010001000110100111011010001100010001010110000001000010010011110000
runNumber 23
genCount 4537
elapsedTime 599.87
unaryHyperVol 0
binaryHyperVol 48.875
additiveEps 1
entropy 0
archive 23
1
9 39  200 10111010111011010000010101110011101000110000101011000111101010100001010110100011001000000000011111101010110001110101011100000001001011010001001100011111110101000101100000110110010101000010010011110000
runNumber 24
genCount 4647
elapsedTime 599.978
unaryHyperVol 85
binaryHyperVol 13
additiveEps 0.5
entropy 0.554333
archive 24
4
7 26  200 10111010110101010000010101110011101000110001010111110111011010101101010110101001110000000000011111101010111010101101001101000010011011010001000110100111011010001100010000110110010101000010010011110000
6 27  200 10111010110101010000010101110011101000111101010111110111011010101101010110101001110000000000011111101010111010101101001101000010011011010001000110100111011010001100010000110110010101000010010011110000
5 28  200 10111010110101010000010101110011101000111101010111110111011010011101010110101001110000000000011111101010111010101101001101000010011011010001000110100111011010001100010000110110010101000010010011110000
4 29  200 10111010110101010000010101110001101000110001010011000011011010101101010110101001110000000000011111101010111010101101001101000010011011010001000110100111011010001100010000110110010101000010010011110000
runNumber 25
genCount 4466
elapsedTime 599.848
unaryHyperVol 61
binaryHyperVol 14.22
additiveEps 0.6
entropy 0.431037
archive 25
4
8 29  200 01110000000101010000010101110011101000110010101011000111011010101101010110101001110000001001011111101010111010101101001101101010011011010001000110100111010000001100010000010001010100110010010011110000
6 30  200 01110000000101010000010101110011101000110010101011000111011010101101010110101001110000001001011111101010111010101101001101101010011011010001000110100111011000001100010000010001010100110010010011110000
5 32  200 01110000000101010000010101110011101000110010101011000011011010101101010110101001110000001001011111101010111010101101001101101010011011010001000110100111011010001100010000010001010100110010010011110000
4 33  200 01010000000101010000010101110011101000110010101011000011011010101101010110101001110000001001011111101010111010101101001101101010011011010001000110100111011010001100010000010001010100110010010011110000
runNumber 26
genCount 4460
elapsedTime 599.892
unaryHyperVol 102
binaryHyperVol 7.7
additiveEps 0.25
entropy 0.470519
archive 26
3
8 23  200 10111010111011010000010101110011101000110001010111000111010000101110000100000101110000000000011111101010111010101101001101000010011011010001000110100111010000001100010000110110010101000010010011110000
6 24  200 10111010111011010000010101110011101000110001010111000111010000101110000100000101110000000000011111101010111010101101001101000010011011010001000110100111011000001100010000110110010101000010010011110000
4 27  200 10111010111011010000010101110011101000110001010111000011010000001110000100000101110000000000011111101010111010101101001101000010011011010001000110100111011010001100010000110110010101000010010011110000
runNumber 27
genCount 4425
elapsedTime 600.044
unaryHyperVol 55
binaryHyperVol 22.5111
additiveEps 0.666667
entropy 0.427067
archive 27
3
8 29  200 10111010111011010000010101110011101000110001010111000111010000011101010110100000000111011001010111001010111010101101001101000010011011010001000110100111010000001100010000110110010101000010010011110000
6 30  200 10111010111011010000010101110011101000110001010111000111010000011101010110100000000111011001010111001010111010101101001101000010011011010001000110100111011000001100010000110110010101000010010011110000
5 32  200 10111010111011010000010101110011101000110001010111000011010000011101010110100000000111011001010111001010111010101101001101000010011011010001000110100111011010001100010000110110010101000010010011110000
runNumber 28
genCount 4638
elapsedTime 599.647
unaryHyperVol 54
binaryHyperVol 25.8571
additiveEps 1
entropy 0
archive 28
1
5 30  200 10111010111011010000010101110011101000010010101011000100011010101110000100000101111000000000011111101010111010101101011101000010000111010100100110100111011010000101100000110110010101000010010011110000
runNumber 29
genCount 4558
elapsedTime 599.998
unaryHyperVol 77
binaryHyperVol 18.12
additiveEps 1
entropy 0
archive 29
1
4 28  200 10111010111011010000010101110011101000110010101011000111011010101110000100000101111000000000011111101010111010101101001101000010011011010010100110100111000101001100010010010110010101000010010011110000
