OptimalFront
unaryHyperVol 141
4
9 28  200 10110010110001010100000001101011111010011010101001000110001101001101011100100000000101001000001100001001000001111110001001000011110101101010101111001101011000110000011101010111010100100111010000001001
6 30  200 10110010110001010100000001101011111010011010101001000110001101001110101100100000000101001000001100001001000001111110001001000011110101101010101111001101011000110000011101010111010100100111010000001001
5 31  200 10110010110001010100000001101011111010011010101001000110000101001110101100100000000101001000001100001001000001111110001001000011110101101010101111001101011000110000011101010111010100100111010000001001
4 34  200 10110010110001010100000001101011111010011010101001000110001101001110101100100000000101001001011110101001000001111110001001000011110101101010101111001101011000110000011101010111010100100111010000001001
-------------------------
runNumber 0
genCount 5024
elapsedTime 599.262
unaryHyperVol 53
binaryHyperVol 30.2769
additiveEps 0.923077
entropy 0.475082
archive 0
2
9 40  200 10111010110001010010100001101011111010011010101001000110001100011110011100100001010100011000000101011001000101111110001000100101110101100001000001011111000101100000011110010111010101100111010000001001
6 41  200 10111010110001010010100001101011111010011010101001000110001100011110101100100001010100011000000101011001000101111110001000100101110101100001000001011111000101100000011110010111010101100111010000001001
runNumber 1
genCount 5325
elapsedTime 600.01
unaryHyperVol 122
binaryHyperVol 4.33333
additiveEps 0.444444
entropy 0.431244
archive 1
4
9 32  200 10110010110001010100000001101011111010011010101001000010001101001110011100100000000101001000000000001001110000111110001000100100110101100001001111001101010000110000011101010111010100100111010000001001
6 33  200 10110010110001010100000001101011111010011010101001000010001101001110101100100000000101001000000000001001110000111110001000100100110101100001001111001101010000110000011101010111010100100111010000001001
5 34  200 10110010110001010100000001101011111010011010101001000010000101001110101100100000000101001000000000001001110000111110001000100100110101100001001111001101010000110000011101010111010100100111010000001001
4 37  200 10110010110001010100000001101011111010011010101001000010001101001110101100100000000101001001011110101001000000111110001000100100110101100001001111001101010000110000011101010111010100100111010000001001
runNumber 2
genCount 5108
elapsedTime 599.746
unaryHyperVol 131
binaryHyperVol 3.55
additiveEps 0.375
entropy 0.427067
archive 2
3
6 31  200 10111010110001010010011101101011111010011010101001101010001101001110101100100000000101001000001100001001000000111110001000010100110101100101001111001101011000110100010001010111000001100111010000001001
5 33  200 10111010110001010010011101101011111010011010101001101010000101001110101100100000000101001000001100001001000000111110001000010100110101100101001111001101011000110100010001010011000001100111010000001001
4 36  200 10111010110001010010011101101011111010011010101001101010001101001110101100100000000101001001011110101001000000111110001000010100110101100101001111001101011000110100010001010011000001100111010000001001
runNumber 3
genCount 5297
elapsedTime 599.905
unaryHyperVol 62
binaryHyperVol 27.9167
additiveEps 0.666667
entropy 0.478842
archive 3
3
9 36  200 10110101110001010010010001101011111010010010101001000011001101001110101100100000000101001000001100000000110000110010001000101001110101101010101101111101011010100000011101010101010100110111010000001001
7 39  200 10110101110001010010010001101011111010010110101001000011011101001110101100100000000101001000001110100000110000110010001000101001110101101010101101111101011010100000011101010101010100110111010000001001
6 40  200 10110101110001010010010001101011111010010110101001000011010101001110101100100000000101001000001110100000110000110010001000101001110101101010101101111101011010100000011101010101010100110111010000001001
runNumber 4
genCount 5092
elapsedTime 599.918
unaryHyperVol 99
binaryHyperVol 13.2381
additiveEps 0.571429
entropy 0.478842
archive 4
3
10 31  200 10111010110001010010100001101011111010011010101001000110001101001110100000100000000100001000001100001001000001111110001000101011110101101010101101011111110101100000011101010101010100110111010000001001
6 34  200 10111010110001010010100001101011111010011010101001000110111101001110100001100000000100000000001100001001000001111110001000101011110101101010101101011111110101100000011101010101010100110111010000001001
5 35  200 10111010110001010010100001101011111010011010101001000110110101001110100001100000000100000000001100001001000001111110001000101011110101101010101101011111110101100000011101010101010100110111010000001001
runNumber 5
genCount 5369
elapsedTime 599.83
unaryHyperVol 80
binaryHyperVol 20.3
additiveEps 1
entropy 0
archive 5
1
5 38  200 10111010110001010010011101101011111010011010010101000010001100001110101100100000000101001001011110101001000001111110001000101011010101101010011101001101011010101101001101010111010101100111010000001001
runNumber 6
genCount 5028
elapsedTime 599.795
unaryHyperVol 39
binaryHyperVol 50.6857
additiveEps 0.857143
entropy 0.475082
archive 6
2
9 34  200 10111010110001010010100001101011111010011010101001000010001101001110011100001111010100110000001010101001110000111110001000101010110101101010010000001101011010100000011101010111010100100111010000001001
8 35  200 10111010110001010010100001101011111010011010101001000010001101001110101100001111010100110000001010101001110000111110001000101010110101101010010000001101011010100000011101010111010100100111010000001001
runNumber 7
genCount 5008
elapsedTime 599.818
unaryHyperVol 103
binaryHyperVol 17.4286
additiveEps 0.714286
entropy 0.475082
archive 7
2
6 33  200 01010101100111111100000000010111110101111010101001000010001101001110011100100000001010001000001100001001000001111110001000101011010101101010011101001101011010100000011101010101010100110111010000001001
5 35  200 01010101100111111100000000010111110101111010101001000010000101001110101100100000001010001000001100001001000001111110001000101011010101101010011101001101011010100000011101010101010100110111010000001001
runNumber 8
genCount 5103
elapsedTime 600.005
unaryHyperVol 84
binaryHyperVol 19.34
additiveEps 0.9
entropy 0.475082
archive 8
2
6 37  200 10111010110001010010011101101011111010011010101001101010001101001110101100000000000101000000000000000000111000110010001001000001110101101010010111001101000101010000011110010111010101100111010000001001
5 38  200 10111010110001010010011101101011111010011010101001101010001101001110101101000000000101000000000000000000111000110010001001000001110101101010010111001101000101010000011110010111010101100111010000001001
runNumber 9
genCount 5057
elapsedTime 599.931
unaryHyperVol 120
binaryHyperVol 4.82
additiveEps 0.5
entropy 0.427067
archive 9
3
6 33  200 10110101110001010010010001101011111010011010101001000110001101001110101100100000000101001000001100001001000001111110001000101011110101101010101111001101011000110000011101010101010100110111010000001001
5 34  200 10110101110001010010010001101011111010011010101001000110000101001110101100100000000101001000001100001001000001111110001000101011110101101010101111001101011000110000011101010101010100110111010000001001
4 38  200 10110101110001010010010001101011111010011010101001000110001101001110101100100000000101001001011110101001000001111110001000101011110101101010101111001101011000110000011101010001010100110111010000001001
runNumber 10
genCount 5357
elapsedTime 599.564
unaryHyperVol 141
binaryHyperVol 0
additiveEps 0
entropy 0.424747
archive 10
4
9 28  200 10110010110001010100000001101011111010011010101001000110001101001101011100100000000101001000001100001001000001111110001001000011110101101010101111001101011000110000011101010111010100100111010000001001
6 30  200 10110010110001010100000001101011111010011010101001000110001101001110101100100000000101001000001100001001000001111110001001000011110101101010101111001101011000110000011101010111010100100111010000001001
5 31  200 10110010110001010100000001101011111010011010101001000110000101001110101100100000000101001000001100001001000001111110001001000011110101101010101111001101011000110000011101010111010100100111010000001001
4 34  200 10110010110001010100000001101011111010011010101001000110001101001110101100100000000101001001011110101001000001111110001001000011110101101010101111001101011000110000011101010111010100100111010000001001
runNumber 11
genCount 5347
elapsedTime 599.943
unaryHyperVol 133
binaryHyperVol 4
additiveEps 0.428571
entropy 0.427067
archive 11
3
6 31  200 10000010110001100100000001010100111010011010101001000110001101001110101100100000000101001000001100001001000001111110001001000011110101101010101111001101011000110000011101010111010100100111010000001001
5 32  200 10000010110001100100000001010100111010011010101001000110000101001110101100100000000101001000001100001001000001111110001001000011110101101010101111001101011000110000011101010111010100100111010000001001
4 35  200 10000010110001100100000001010100111010011010101001000110001101001110101100100000000101001001011110101001000001111110001001000011110101101010101111001101011000110000011101010111010100100111010000001001
runNumber 12
genCount 5186
elapsedTime 599.81
unaryHyperVol 27
binaryHyperVol 35.8235
additiveEps 0.941176
entropy 0.475082
archive 12
2
10 44  200 10110101110001010010010001010111110101011010101001000110001100111100000000100000001000001001110110100000111000111010001010100100000101100101001111001101011000110000010011000001000000110111010000001001
7 45  200 10110101110001010010010000010111110101011010101001000110001100111100000000100000001000001001110110100000111000111010001010100100000101100101001111001101011000110000010011000001000000110111010000001001
runNumber 13
genCount 5286
elapsedTime 599.895
unaryHyperVol 101
binaryHyperVol 16.2286
additiveEps 0.571429
entropy 0.449491
archive 13
3
9 32  200 01011010110001010010100001101011111010011010101001101010001101001101011100100000000100111001011110101001000001111110001001000011110101101010010111001101011000010000011101010110010100110111010000001001
6 34  200 01011010110001010010100001101011111010011010101001101010001101001110101100100000000100111001011110101001000001111110001001000011110101101010010111001101011000010000011101010110010100110111010000001001
5 35  200 01011010110001010010100001101011111010011010101001101010000101001110101100100000000100111001011110101001000001111110001001000011110101101010010111001101011000010000011101010110010100110111010000001001
runNumber 14
genCount 5292
elapsedTime 599.853
unaryHyperVol 104
binaryHyperVol 18.5
additiveEps 0.833333
entropy 0.475082
archive 14
2
6 33  200 10110101110111111100000001101011111010011010101001000110001101001110101100100000001010001000000000001001110001111110001001000011110101101010101101111101000101100000011110010111010101100111010000001001
5 34  200 10110101110111111100000001101011111010011010101001000110000101001110101100100000001010001000000000001001110001111110001001000011110101101010101101111101000101100000011110010111010101100111010000001001
runNumber 15
genCount 5147
elapsedTime 599.958
unaryHyperVol 96
binaryHyperVol 24.3
additiveEps 0.4
entropy 0
archive 15
1
6 30  200 01010101000001010010010011010111110101001010101001000100001101001110101100000000000101000000000000001001110001111110001001000011110101101010101101111101011010100000011101010111010100100111010000001001
runNumber 16
genCount 5282
elapsedTime 599.656
unaryHyperVol 105
binaryHyperVol 14.8571
additiveEps 0.428571
entropy 0.427067
archive 16
3
9 31  200 10111010110001010010100001101011111010011010101001000110001101001101011100000000000100110000001110101001111101111110001000101011110101101010101100001101000101100000011110010111010101100111010000001001
6 33  200 10111010110001010010100001101011111010011010101001000110001101001110101100000000000100110000001110101001111101111110001000101011110101101010101100001101000101100000011110010111010101100111010000001001
5 35  200 10111010110001010010100001101011111010011010101001000110000101001110101100000000000100110000001110101001111101111110001000101011110101101010101100001101000101100000011110010011010101100111010000001001
runNumber 17
genCount 4936
elapsedTime 599.972
unaryHyperVol 97
binaryHyperVol 17.85
additiveEps 0.75
entropy 0.427067
archive 17
3
7 34  200 10110101110001010010010001010101111010010100000001000110001101001110101100100000000101001000001100001001111101111110001000101011010101100000011101001101010101100000011101010101010100110111010000001001
6 35  200 10110101110001010010010000010101111010010100000001000110001101001110101100100000000101001000001100001001111101111110001000101011010101100000011101001101010101100000011101010101010100110111010000001001
5 36  200 10110101110001010010010000010101111010010100000001000110000101001110101100100000000101001000001100001001111101111110001000101011010101100000011101001101010101100000011101010101010100110111010000001001
runNumber 18
genCount 5247
elapsedTime 599.705
unaryHyperVol 107
binaryHyperVol 6.84
additiveEps 0.7
entropy 0.427067
archive 18
3
9 35  200 10001010110001011100000001101011111010011010101001000110001101001101011100100000001000011001010001011001000101111110001000101011110101101010101111001101011000110100010001010111000001100111010000001001
5 36  200 10001010110001011100000001101011111010011010101001000110111101001101011100100000001000011001010001011001000101111110001000101011110101101010101111001101011000110100010001010111000001100111010000001001
4 38  200 10001010110001011100000001101011111010011010101001000110110101001101011100100000001000011001010001011001000101111110001000101011110101101010101111001101011000110100010001010011000001100111010000001001
runNumber 19
genCount 5220
elapsedTime 599.949
unaryHyperVol 79
binaryHyperVol 29.4286
additiveEps 0.857143
entropy 0.475082
archive 19
2
7 34  200 10111010110001010010011101101011111010010110101001000011011101001110101100100000000101001001011110101001000001111110001001000011110101101010101101111101011010100000011101010111010100100111010000001001
6 35  200 10111010110001010010011101101011111010010110101001000111010101001110101100100000000101001001011110101001000001111110001001000011110101101010101101111101011010100000011101010111010100100111010000001001
runNumber 20
genCount 4972
elapsedTime 599.726
unaryHyperVol 118
binaryHyperVol 10.7
additiveEps 0.2
entropy 0.509891
archive 20
2
9 28  200 10110010110001010100000001101011111010011010101001000010001101001101011100100000000101001000001100001001000001111110001010101011110101100101001101111101011010100100010001010111000001100111010000001001
5 31  200 10110010110001010100000001101011111010011010101001000010111101001101011101100000000101000000001100001001000001111110001010101011110101100101001101111101011010100100010001010111000001100111010000001001
runNumber 21
genCount 5263
elapsedTime 599.801
unaryHyperVol 106
binaryHyperVol 15.5
additiveEps 0.5
entropy 0.449491
archive 21
3
9 31  200 10110101110001010010010001101011111010011010101001000110001101001101011100100000000101001000001100001001000001111110001000101011110101101010101101011111110101100000011101010101010100110111010000001001
6 33  200 10110101110001010010010001101011111010011010101001000110001101001110101100100000000101001000001100001001000001111110001000101011110101101010101101011111110101100000011101010101010100110111010000001001
5 34  200 10110101110001010010010001101011111010011010101001000110000101001110101100100000000101001000001100001001000001111110001000101011110101101010101101011111110101100000011101010101010100110111010000001001
runNumber 22
genCount 5249
elapsedTime 599.807
unaryHyperVol 99
binaryHyperVol 18.8
additiveEps 0.857143
entropy 0.475082
archive 22
2
6 34  200 10111010110111111100000001101011111010011010101000010101001101000100000000100000000101001000001100001001000001111110001001000011010101101010011101001101011010100000011101010111010100100111010000001001
5 35  200 10111010110111111100000001101011111010011010101000010101000101000100000000100000000101001000001100001001000001111110001001000011010101101010011101001101011010100000011101010111010100100111010000001001
runNumber 23
genCount 5280
elapsedTime 599.951
unaryHyperVol 113
binaryHyperVol 15.2667
additiveEps 0.5
entropy 0.475082
archive 23
2
6 31  200 10110010110001010100000001101011111010011010101001000010001101001110101100100000000101001000001100001001000001111110000000101011110000001010011100001101011010100000011101010111010100100111010000001001
5 33  200 10110010110001010100000001101011111010011010101001000010000101001110101100100000000101001000001100001001000001111110001000101011110000011010011101011100011010100000011101010101010100110111010000001001
runNumber 24
genCount 5073
elapsedTime 599.816
unaryHyperVol 119
binaryHyperVol 10.3889
additiveEps 0.166667
entropy 0.470519
archive 24
3
10 29  200 10110010110001010100000001101011111010011010101001000010001101001110100000000000001000000000001100001001000001111110001010101011110101100101001101111101011010100000011101010101010100110111010000001001
6 30  200 10110010110001010100000001101011111010011010101001000010001101001110101100000000000101000000001100001001000001111110001010101011110101100101001101111101011010100000011101010101010100110111010000001001
5 31  200 10110010110001010100000001101011111010011010101001000010001101001110101101000000000101000000001100001001000001111110001010101011110101100101001101111101011010100000011101010101010100110111010000001001
runNumber 25
genCount 5186
elapsedTime 599.754
unaryHyperVol 40
binaryHyperVol 31.7738
additiveEps 0.666667
entropy 0.478842
archive 25
3
10 35  200 10110101110001010010010001101011111010010010101001000011001101001110101100000000000101000000001100001001000001111110001010101011110000110000011101111101010101010000011101010100010100100111010000001001
8 40  200 10110101110001010010010001101011111010010110101001000011011101001110101100000000000101000000001110101001010001111110000010101011110000110000011101111101010101010000011101010100010101100111010000001001
7 42  200 10110101110001010010010001101011111010010110101001000011010101001110101100000000000101000000001110101001010001111110000010101011110000110000011101111101010101010000001101010100010101100111010000001001
runNumber 26
genCount 5266
elapsedTime 599.883
unaryHyperVol 88
binaryHyperVol 27.5
additiveEps 0.666667
entropy 0
archive 26
1
6 32  200 10111010110001010010011101101011111010011010101001000010001101001110101100100000000101001000000000001001110001111110001010101011110101101010010111001101010101000000011101010100010100100111010000001001
runNumber 27
genCount 5262
elapsedTime 599.872
unaryHyperVol 52
binaryHyperVol 30.9692
additiveEps 1
entropy 0
archive 27
1
6 41  200 10001010110001011100000001101000011010011101010001011000111101001101010000100000110000001000101110101001000001111110001010101011110101100101001101011111110101100000011101010101010100110111010000001001
runNumber 28
genCount 5188
elapsedTime 599.961
unaryHyperVol 119
binaryHyperVol 13.6
additiveEps 0.333333
entropy 0.509891
archive 28
2
6 30  200 00111010010001011100000001101011111010011010101001000110001101001110101100100000000101001000001100001001000001111110001001000011110101101010101101011111110101100000011101010111010100100111010000001001
5 31  200 00111010010001011100000001101011111010011010101001000110000101001110101100100000000101001000001100001001000001111110001001000011110101101010101101011111110101100000011101010111010100100111010000001001
runNumber 29
genCount 5162
elapsedTime 599.927
unaryHyperVol 88
binaryHyperVol 18.38
additiveEps 0.8
entropy 0.475082
archive 29
2
6 36  200 01010101110001010010010001010111110101001010101001000010001101001110101100100000000101001000001100001001000000111110001000101010110000110110010000001101010000000000011101010111010100100111010000001001
5 38  200 01010101110001010010010001010111110101001010101001000010000101001110101100100000000101001000001100001001000000111110001000101010110000110110010000001101010000000000011101010011010100100111010000001001
