 18 2 0 15 0
 18 2 15 30 0
 18 2 0 15 1
 18 2 15 30 1
 18 2 0 15 2
 18 2 15 30 2
 18 2 0 15 3
 18 2 15 30 3
 18 2 0 15 4
 18 2 15 30 4
 18 2 0 15 5
 18 2 15 30 5
 18 2 0 15 6
 18 2 15 30 6
 18 2 0 15 7
 18 2 15 30 7
 18 2 0 15 8
 18 2 15 30 8
 18 2 0 15 9
 18 2 15 30 9
 18 2 0 15 10
 18 2 15 30 10
 18 2 0 15 11
 18 2 15 30 11
 18 2 0 15 12
 18 2 15 30 12
 18 2 0 15 13
 18 2 15 30 13
 18 2 0 15 14
 18 2 15 30 14
 18 2 0 15 15
 18 2 15 30 15
 18 2 0 15 16
 18 2 15 30 16
 18 2 0 15 17
 18 2 15 30 17
 18 2 0 15 18
 18 2 15 30 18
 18 2 0 15 19
 18 2 15 30 19
 18 2 0 15 20
 18 2 15 30 20
 18 2 0 15 21
 18 2 15 30 21
 18 2 0 15 22
 18 2 15 30 22
 18 2 0 15 23
 18 2 15 30 23
 18 2 0 15 24
 18 2 15 30 24
 18 2 0 15 25
 18 2 15 30 25
 18 2 0 15 26
 18 2 15 30 26
 18 2 0 15 27
 18 2 15 30 27
 18 2 0 15 28
 18 2 15 30 28
 18 2 0 15 29
 18 2 15 30 29
