 23 0 0 15 0
 23 0 15 30 0
 23 0 0 15 1
 23 0 15 30 1
 23 0 0 15 2
 23 0 15 30 2
 23 0 0 15 3
 23 0 15 30 3
 23 0 0 15 4
 23 0 15 30 4
 23 0 0 15 5
 23 0 15 30 5
 23 0 0 15 6
 23 0 15 30 6
 23 0 0 15 7
 23 0 15 30 7
 23 0 0 15 8
 23 0 15 30 8
 23 0 0 15 9
 23 0 15 30 9
 23 0 0 15 10
 23 0 15 30 10
 23 0 0 15 11
 23 0 15 30 11
 23 0 0 15 12
 23 0 15 30 12
 23 0 0 15 13
 23 0 15 30 13
 23 0 0 15 14
 23 0 15 30 14
 23 0 0 15 15
 23 0 15 30 15
 23 0 0 15 16
 23 0 15 30 16
 23 0 0 15 17
 23 0 15 30 17
 23 0 0 15 18
 23 0 15 30 18
 23 0 0 15 19
 23 0 15 30 19
 23 0 0 15 20
 23 0 15 30 20
 23 0 0 15 21
 23 0 15 30 21
 23 0 0 15 22
 23 0 15 30 22
 23 0 0 15 23
 23 0 15 30 23
 23 0 0 15 24
 23 0 15 30 24
 23 0 0 15 25
 23 0 15 30 25
 23 0 0 15 26
 23 0 15 30 26
 23 0 0 15 27
 23 0 15 30 27
 23 0 0 15 28
 23 0 15 30 28
 23 0 0 15 29
 23 0 15 30 29
