 13 2 0 15 0
 13 2 15 30 0
 13 2 0 15 1
 13 2 15 30 1
 13 2 0 15 2
 13 2 15 30 2
 13 2 0 15 3
 13 2 15 30 3
 13 2 0 15 4
 13 2 15 30 4
 13 2 0 15 5
 13 2 15 30 5
 13 2 0 15 6
 13 2 15 30 6
 13 2 0 15 7
 13 2 15 30 7
 13 2 0 15 8
 13 2 15 30 8
 13 2 0 15 9
 13 2 15 30 9
 13 2 0 15 10
 13 2 15 30 10
 13 2 0 15 11
 13 2 15 30 11
 13 2 0 15 12
 13 2 15 30 12
 13 2 0 15 13
 13 2 15 30 13
 13 2 0 15 14
 13 2 15 30 14
 13 2 0 15 15
 13 2 15 30 15
 13 2 0 15 16
 13 2 15 30 16
 13 2 0 15 17
 13 2 15 30 17
 13 2 0 15 18
 13 2 15 30 18
 13 2 0 15 19
 13 2 15 30 19
 13 2 0 15 20
 13 2 15 30 20
 13 2 0 15 21
 13 2 15 30 21
 13 2 0 15 22
 13 2 15 30 22
 13 2 0 15 23
 13 2 15 30 23
 13 2 0 15 24
 13 2 15 30 24
 13 2 0 15 25
 13 2 15 30 25
 13 2 0 15 26
 13 2 15 30 26
 13 2 0 15 27
 13 2 15 30 27
 13 2 0 15 28
 13 2 15 30 28
 13 2 0 15 29
 13 2 15 30 29
