START at Tue Sep  3 16:01:27 2013

genCount 1
1
274.18 274  200 10101001110011110100101101001001010010111011110110100010010010101110010101001110101000110011111110100111000110000010111001001011101000101010111000000100111011110100010011100110100010111000110111110110
genCount 2
1
244.16 244  200 10101001110011111000011100011101111000011001100011101100000110101110010101001110101000110011111110100111000110000010111001001011101000101010111000000100111011110100010011100110100010111000110111110110
genCount 3
1
230.15 230  200 11111000100000001100001011000010010101010011010111101101010010101110010101001110101000110011111110100111000110000010111001001011101000101010111000000100111011110100010011100110100010111000110111110110
genCount 4
1
229.15 229  200 01101010010011111001000000101100101010100110100110000110101000101010010100111011010001000101011100100000100110011111000111011001101011110000010100100110010101000010111110010011100110111001000010110000
genCount 5
1
215.14 215  200 01001010101000101100001101110010101011101010110011101100000110101110010101001110101000110011111110100111000110000010111001001011101000101010111000000100111011110100010011100110100010111000110111110110
genCount 6
1
184.12 184  200 01101010010000001100001011000010010101010010010111101101101010011110101010110110001111001011011010101011110010010010010010011011111001110000010100100110010101000011111110010011100110111001000010110000
genCount 8
1
170.11 170  200 01101010101000101100001101110010100101010010010111101101101010011110101010001110101000110011111110100111010110000010111011011001101011110000010100100110010101000010111110010011100110111001000010110000
genCount 9
1
169.11 169  200 01101010011000001100001011000010010101010010010111101101101010011110101011110110001111000011111110100111000110000010111001001011101000000000010100100110010101000010111110010011100110111001000010110000
genCount 11
1
154.1 154  200 01101010011000001100001011000010010101010010010111101101101010011110101010000110101000110011111110100111010110000010111011011001101011110000010100100110010101000010110110010011100110111001000010110000
genCount 14
1
139.09 139  200 01101010011100101100001011000010010101010010010111101101101010011110101010000110101000110011111110100111010110000010111011011001101011110000010100100110010101000010110110010011100110111001000010110000
genCount 17
1
124.08 124  200 01101010010100011100001011000010001011101010100011101101101010011110101010000110101000110011111010100111010110000010111011011001101011110000010101100110010101000010110110010011100110111000000010010000
genCount 24
1
110.07 110  200 01001010010100001100001011000010100101010010100011101101101010011110101011000110101010110011111110100011010110000010010011111001101011110000011100100110010101000010111110010011100110111000110111010000
genCount 48
1
95.06 95  200 01101010010100011100001011000000001011100010100011101101101010111110101001000110101100110011111010100011010110000010010011111001101011110000110100000111010101000010111110010011100110111000110111110010
DONE after 54 generations.
Finished computation at Tue Sep  3 16:01:33 2013
elapsed time: 6.04001s
