START at Tue Sep  3 15:20:01 2013

genCount 1
1
34.02 34  100 0011011100000100100100001100110110111110110110001110000110101010011010000100001101100010100111100010
genCount 2
1
31.02 31  100 0001000001001101100001111101100011111010011000110011000101101000010110011001011111100101100100011010
genCount 3
1
17.01 17  100 0000101100010011101010000010110010001010100011110010011010101001100010010110101101100101100010001000
genCount 6
2
17.01 17  100 0011011100010011101010000010100010001010110110001110000110101010111010000100001101100010100111100010
7 45  100 0000101100010011101010000010110010001010001101111110001010101010010110010000001001100011100111001000
genCount 12
2
17.01 17  100 0110000000010011101010000010110010001010101010110011011010101001100000010110101101100101100111011010
7 44  100 0000101100010011101010000101100010001010001101111110001010101010010110010000001001100011100111001000
genCount 16
2
17.01 17  100 0000111100010011101010000010110010001010100111110010011010101010110000010110101101100100101010001000
4 43  100 0000100100010011111010000010111010001010011001110011000100101010010000010100001101100000100010101000
genCount 18
2
17.01 17  100 0000101100010011101010000010110011111010011010110011000100101000100010010111001101100010100111110010
4 39  100 0000101010010011001010000110110010001010100001111010001010101000110000010110111001100000100000000000
genCount 20
2
17.01 17  100 0001001100010011101010000010110010001010100011110010001010101001100000110110101110100101101111011000
4 38  100 0010101010010011001010000110110010001010100001111010001010101000110000010110111001100000100000000000
genCount 22
3
17.01 17  100 0000101100010011111011000010100010001010000101111110001010101010010110010000001101101110100010001000
4 38  100 0010101010010011001010000110110010001010100001111010001010101000110000010110111001100000100000000000
3 40  100 0010000000010011101010001010110010001010100000110011000100101000010110010000001001100001100010000001
genCount 23
2
17.01 17  100 0010101010010011001010000110100010001011001110110011011010101000010110000011100100100100100000000010
3 37  100 0010001100010011101000001010100011111010011010110011000100101000100010010111001001100001100010000001
genCount 27
2
17.01 17  100 0000101100010011101000001010100011111010011010110011000100101000100010010111001101100101100010001010
3 36  100 0010001100010011101000001010100011111010011010110011000100101000100010010111001011100001100010000001
genCount 29
2
17.01 17  100 0000101100010011101100000011101010101001000011010010010000101000010110010010010111100100100000101000
3 35  100 0010001100010011101111001010110010001010000110111010001010101010100010010111001011100001100010000001
genCount 33
2
17.01 17  100 1001101100010011101011001010010010001010000110110010000100101000100010000010001000100110100010001011
3 34  100 0010001100010011101111001010110010001010000110111010001010101000100010010111001011100001100010000001
genCount 39
2
17.01 17  100 1100100100010001100010010010111010011010000111000010001000101010010110001110110111100001000010101000
3 33  100 0010001100010011101111001000110010001010000110111010001010101000100010010111001011100001100010000001
genCount 40
2
17.01 17  100 0000100101010001100010100000110010001010111111111110011001101000100110010001111101100101100010101000
3 32  100 0000001100010011101111011000110010000010000110111010001010101000100010010111001011100001100010000001
genCount 49
2
17.01 17  100 0011011000010000000010101000010010001010000100100100001000101001010110010011000001100100100111101010
3 30  100 1000001100010011101111011000110010000010010110111010001010101000110110010111001011100001100010000001
genCount 56
2
17.01 17  100 0001101100010011101111011000110011000010011110110110001000101010100110000111001011100001100010001011
3 28  100 1000001100010010101111011000110010000010010110111010001010101000110110110111001011100001100010000001
genCount 64
2
17.01 17  100 1000100100010001101010011010110010000010010110101010001010101000110110110111001011100001100010100000
3 27  100 1010001100010010111111011000110010000010010110111010001010101000110110110111001011100001100010000001
genCount 69
2
17.01 17  100 1000100100010010111111011000110010001000010010010110001010101010110110010010001111101100100000100000
3 26  100 1010001100010010111111011000110010000011010110111000000010101000110110110111001011100001100010000001
genCount 72
2
17.01 17  100 0000100000010001100100010000100011001010111011010110001001101000110110010111000010100101100011010001
3 25  100 1010000110010010111111011000110010000011110110111000000010101000110110110111001011100001100010100001
DONE after 73 generations.
Finished computation at Tue Sep  3 15:20:07 2013
elapsed time: 5.95606s
