START at Tue Sep  3 15:20:07 2013

genCount 1
1
34.02 34  100 1110110010000111110101110110111111111011111010100110101010101010000110000001101100011111011101111110
genCount 3
1
19.01 19  100 1110110010000111110101110110111111111011111010100110101010101010000110000110000110100110101101111110
genCount 4
1
18.01 18  100 1101110010110001100001111100100110101000101100111010101010101010000110000001100000101010011110000101
genCount 5
2
18.01 18  100 1101110010110001100001111100100110101000101100111010101010101010000110000001100000101010011110000101
3 42  100 1101110100010000000001111100100110101000101100111010101010101010000110000001100000101010101110011001
genCount 6
3
17.01 17  100 1101110100010001000100001010100011101001010001001011000011101011111110101101101111100000100111111101
4 41  100 1101110100010000000100001010100011001001011111111011101010101010000110000001100000101010011110011001
3 42  100 1101110100010000000001111100100110101000101100111010101010101010000110000001100000101010101110011001
genCount 7
2
17.01 17  100 1111011111010010100101110110111111111011111010101111101010101010001110001110100001100101100000100110
3 41  100 0101110100010000000001111100100110101000101100111010101010101010000110000001100000101010101110111001
genCount 8
3
17.01 17  100 1110110010010000100100001101111100001001010010100110101010101010001110000110000110100110101101111110
4 38  100 1101110100010001000100001010100011101001010001001011000011101011111110101101101111100011100111111101
3 39  100 1101110100010000000001111100100110101000101100111010101010101011111110010101010011101010101110011001
genCount 10
2
17.01 17  100 1101110100010001000100001010100011101001010001001011000011101011111110101101101111100010100111111101
3 37  100 1001110100010001000001111000100111111001010001001011001111101011111110010101010000101010101110011001
genCount 15
2
17.01 17  100 1001110100010000000001111100100110101000101100010110101010101010000110101101010000101100101110011001
3 33  100 1001110100010001000001111000100111111001010001001011001111101011111110010101010000101010100000100110
genCount 28
2
17.01 17  100 1101110100010011111101110110011111111001010111111001100011101010001110001010101100101101101000100101
3 32  100 1001000000010001000001110000011101101011011010110111101010101010000110000101010100101010100000100100
genCount 31
2
17.01 17  100 1101110010010011111101110110111101111011111010101111101000101001110010001001001011100010100100111101
3 31  100 1001000000010001000001110000011101101011011010110111001000101010111010010100010100101010100000100100
genCount 36
2
17.01 17  100 0011000100010010111101111000101111011001110001100011101000101011000110010110101010101110100000100100
3 30  100 1011000000010001000001110000011101101011011010110111001000101010111010110100010100101010100000100100
genCount 40
2
17.01 17  100 0011001100010000000001110000011101101001111010001001100010101010000110010000101000101110100000000110
3 28  100 1011000000010001000001110000011101011001011110011011001000101010111010110100010100101010100000100110
genCount 51
2
17.01 17  100 0000110111010010111101110110011101011001011010111111110000101011110110010101011111100101101001010001
3 27  100 1011000000010001000001110000011101011001011110011011001000101010111010110101010110101010100000100110
genCount 52
2
17.01 17  100 0101100000010001001100101000100111011001011010101110111100101011110010001101000110100110100011111101
3 26  100 1011000000010001000001110000011101011000011110011011001000101010111010110101010110101010100000100110
genCount 68
2
17.01 17  100 0111100000010000101101111001100101111011011110101111111000101011110010010001100101100010100000000001
3 25  100 1011000000010001000001110000011101011000011110011011001000101000111110110101010111101010000000100110
genCount 72
2
17.01 17  100 0101100010010001000100110000101000011011110010011100110000101010111010010101010110101010100000000101
3 24  100 1011000000010001000001110000011101011000011110001011001000101000111110110101010111101010000000100110
DONE after 74 generations.
Finished computation at Tue Sep  3 15:20:13 2013
elapsed time: 6.01574s
