START at Tue Sep  3 16:01:21 2013

genCount 1
1
304.2 304  200 11101001101001101010000001111000010111100001100101000000001011000110101000010001100100011000111101011000001000000110000011100010010011110001110100011101101010111000011100010010000110100011000110100000
genCount 2
1
273.18 273  200 00011011100100111011100001110110100110101010101111100000001011000110101000010001100101101010001110111110010100100100011110111000101011110000000100110111101010000010101000010010100100000011101100101000
genCount 3
1
257.17 257  200 00011011100100111011100001110110100110101010101111100000001011000110101000010001100101101010001110111110010110011110010011000010110011110000000100110111101010000010101000010010100100000011101100101000
genCount 4
1
219.14 219  200 00111010100101000010001010101001001000100110100000011000101001011111101111100001010001110101001010101010010010001100110100000111001111001100001101001101001011111010111010101001101001001011000001011100
genCount 5
1
214.14 214  200 00111010100101000111100001110110100110101010101111100000001011000110101011011001100101001101000010101010010010001100110101101000111001000111010001110111101010000010101000010010100100000011101100101000
genCount 7
1
204.13 204  200 00111010100101000010001001110110100110101010101111100000001011000110101000010001100101110101001010101010010010001100110100000111001111001100001101001101001011111010111010101001101001001011000001011100
genCount 8
1
200.13 200  200 00111010100101000011100001110110100110101010101111100000001011000110101000010001100101101010001110111110010110011110010011000000101011110000000100110111101010010101001010101010100000000011101100101000
genCount 9
1
198.13 198  200 00111010100101101000000001111010100110101010101111100000001001000110100010111010101110110000001110101010000010011110110100000111001111001000001101001101001011111010111010101001101001001011000001011100
genCount 10
1
184.12 184  200 00111010100001000010001010101001000110101010101111100000100101000110101000010001100101011000101110101010010010011110010011000010111011001100001101001101001011111010111010101001101001001011000001011100
genCount 11
1
170.11 170  200 00111010100001000010001010101001001000100110100011100000100101000010101000010001100101011000101110101010010010011110010011000010111011000000000100111111101010010101001010101010100000000011101101011100
genCount 12
1
169.11 169  200 00111010100101000010011001110010100110101010101111100000001011000110101000010001100101110101001010101010010010011110010011000000101011110000000100100111001011111010111010101001101001001011000001011100
genCount 13
1
154.1 154  200 00111010100101000110100111001000010010100010100011101000001011000110100000010001100101110101001010101010010010011110010011000000101011110000000100100111101011111010111100010110100000001011000001011100
genCount 16
1
139.09 139  200 00111010100101000000000001111010000100101010100011101000001011000110100000010001100101110101001010101010010010011110010011000000101011110000000100100111101011111010111100010110100000000011101100101000
genCount 17
1
125.08 125  200 00111010100101000000000001111010000100101010100011101000001011000110100000010001100101110101001010101010010010011110010011000000101011110000000100100111101011111010111010101010100000000011101100101000
genCount 18
1
124.08 124  200 00011010100101101000001010101001001000100110100011100000001001000110100000010001100101110101001010101010010010011110010011000000101011110000000100100111111010011010111100010110101001001011000001011100
genCount 19
1
110.07 110  200 00111010100101000110100111001001001000100010100011101000001011000110101011011001100101110101001010100010010010001110010011001010111011101101011101100111101010000010000000010010100110000011000001011100
genCount 21
1
109.07 109  200 00111010100101000100001010101001001001101010101111100000001001000110100000010001100101110101001010101010010010011110010011000000001011101101001101100011001001001010111100010110101001001011001001011100
genCount 24
1
94.06 94  200 00111010100101000000000001101011001000101010100011101000001011000110100000011001100101110000001110101010100010011110010011000000111011101101011101100101101010111010111100010110100001001011000000011100
genCount 50
1
79.05 79  200 00111010100101000000000111101001001000000110100011101000001011010110100000011001110101100101001110100000010010011110010011000000111011101101011101100111101010111010111000010110101001001010000100101000
DONE after 53 generations.
Finished computation at Tue Sep  3 16:01:27 2013
elapsed time: 5.93974s
