START at Tue Sep  3 15:19:55 2013

genCount 1
1
46.03 46  100 0000111101001001101010000001101110101010001000010001101111011001001010100011011101101010101110000101
genCount 2
1
32.02 32  100 1101001110010000111111111111011110110110010000010111001001101011001110010011011101101001101110001001
genCount 3
1
31.02 31  100 0011011111110011101111000111101110101001001100111110001010101010110010100011000001101001101011000000
genCount 4
1
17.01 17  100 1101001110010000111111111111010001000011010000010111001001101011001110010011011101101001101110001001
genCount 5
2
17.01 17  100 1101001110010000111111111111010001000011010000010111001001101011001110010011011101101001101110001001
3 42  100 0111000101010001110001001101101110101001001100111110001010101010110010100011011101101000000011000111
genCount 7
2
17.01 17  100 1101001110010000111111111111010001000011010000010111001001101011001010101011011101101000101110001001
3 36  100 1101001110010000111111111111010001000011010001010111001001101010110010100011011011100001101011000001
genCount 10
2
17.01 17  100 1101001110010000101010000001111011011000101100000100001010101001000000100111100110101001101110001001
3 34  100 1101001110010000111111111111010001000011010001010111001001101010110010110011000011100001101011000001
genCount 17
2
17.01 17  100 1111000111010000111111111101110001000011010000110111011001101011010110010011011101101001101110001001
3 33  100 1101001110010000111111111110010001000011010101010111001001101011110010110011000011100001101011000001
genCount 19
2
17.01 17  100 0111001110010000110101111111010001001011010000010111001111101011001110010111011101101000101110010111
3 32  100 0111000111010010111111111110010001000011010000111111001010101010110010100011000011100001101011100001
genCount 23
2
17.01 17  100 0111000100010000111101001100110001000011011000001110001011101010000110010011011111101111101110011110
3 31  100 0111000111010010111111001110010001000011011000111111001010101010110010110011000011100001101011100001
genCount 24
2
17.01 17  100 1101001110010000101110110111011010111000101000111110001010101010001110010111011100101000101110001101
3 30  100 0111000111010010111111001100010001000011011000111111001010101010110010110011000011100001101011100001
genCount 27
2
17.01 17  100 0111000100010000111101001100110001000011011000001110001011101010000110010011011111101111101110011110
3 29  100 0111000111010010111111001100010001000011011000111111001010101010110010110011000011100001100011100001
genCount 32
2
17.01 17  100 0110001111010000111111100111110110101010010000001110011001101011101110111000110101101010101110101001
3 28  100 0111000111010010111111001100010001000011011000111111001010101000110010110011000011100001100011100001
genCount 40
2
17.01 17  100 1011001110010000110010011111011110101001000001011110011011101010000110100010010000101001100110001101
3 27  100 0111000111010010111111011100010001000011011000111111001010101000110010110011000011100001100011100001
genCount 52
2
17.01 17  100 1011000100010010111111001101011110101000010110001110001001101011111110110010010111101100101010100100
3 26  100 0110000111010010111111011100010001000011011000111111001010101000110010110011000011100001100011100001
genCount 65
2
17.01 17  100 1111000110010000101101000101110111000011010011000101100010101001110010100011111100101000101010010100
3 25  100 0110000110010010101111110100010001000001011001101111001110101000110010110011000011100001100011100001
genCount 68
2
17.01 17  100 1101000100010000001111111101001001101011110100110101101011101001110110000011111011101110100011100100
3 23  100 0110000110010010101111110100010001000001000110001111000010101000100010110011000011100001100011100001
DONE after 68 generations.
Finished computation at Tue Sep  3 15:20:01 2013
elapsed time: 5.56391s
