START at Tue Sep  3 16:01:15 2013

genCount 1
1
291.19 291  200 11001011000101101111101000101001111011110100101010100011001010110101110111010000100010011110101101100110011010110110000010111011110101001110101101101010001000100101001000001001111100000100101111001110
genCount 3
1
257.17 257  200 00000010001001101100001000111100101100110110101001101010011000100111101010011111100101110100100001010000100110101110100111101001111011010010010011010110001011010001000010110010001110000001100011110001
genCount 4
1
242.16 242  200 10111000001001101100001000111100101100110110101001101010011000100111101010011111100101110100100001010000100110101110100111101001010011101110110111110110100101001110100111100001101010111010011101010110
genCount 5
1
227.15 227  200 10111000001001101100001000111100101100110110101001101010011000100111101010011111000101110100100001010000100110101110100011000101100100011100100011101001100101001110100111100001101010111010011101010110
genCount 6
1
212.14 212  200 10111000001001101100001000111100101100110110101001101010011000100111101010011111000101110100100001010000100110101110100101010110101000010010110000100011000101001110100111100001101010111010011101010110
genCount 7
1
168.11 168  200 10000101101001100101010011011001101010000110101001101010011010000110101110011011100101110100100001010000100110101110000111101001111011010010010011101001100101001110110001001000100110001010111111001110
genCount 9
1
153.1 153  200 10000101101001000101010011011001101010000110101001101010011010000110101110011011100101110100100001010000100110101110000111101001111011010010010011101001100101001110110001001000100110001010111111001110
genCount 10
1
139.09 139  200 10000101101001000101010011011001101010000110101001101010011010000110101110011011100101110100100001010000110110101110100101010110101000010010110000100011000101001110110001001000100110001010111111001110
genCount 12
1
138.09 138  200 10000101101001000101010011011001101010000110101001101010011010000110101110011011100101110100100001010000100110101110000111101001111011010010010011101001100101001110110001100001100110001010111111001110
genCount 14
1
125.08 125  200 10000101101001000101010011011001101010000110101001101010011010000110101110011011100101110100100001010000101010101110100011101001111011010000110000100011000101001110110001001000100110001010111111001110
genCount 22
1
110.07 110  200 10000101101001000101010010011001011011110110101001101010001010000110101100000111100101110100100001010000101010101110101011101001111011010000110000100011000101001110110001001000100110001010110111000110
genCount 27
1
109.07 109  200 00000101101001000101010010011001011011111110101001101010001010000110101100000111100101110100100001010000100110101110100011101001111011010000111010100011010101001110110001101000100110110010111111000110
DONE after 55 generations.
Finished computation at Tue Sep  3 16:01:21 2013
elapsed time: 5.97632s
