OptimalFront
unaryHyperVol 50
4
6 11  100 0110010101110110101001000110011111011001001010000110010001101011001001111010100001100001110011110101
5 12  100 0110010101110110101001000110011111011001001010000110010001101011001010111010100001100001110011110101
4 13  100 0110010101010110101001000110011111011001001010000110010001101011001010111010100001100001110011110101
3 14  100 0110010101010110101001000110101111011001001010000110010001101011001010111010100001100001110011110101
-------------------------
runNumber 0
genCount 46060
elapsedTime 600.001
unaryHyperVol 24
binaryHyperVol 15.5
additiveEps 1
entropy 0
archive 0
1
4 15  100 0000010101110101110001000110011111011001001010000110010001101011001010110000010001101010110011110110
runNumber 1
genCount 45490
elapsedTime 600.005
unaryHyperVol 29
binaryHyperVol 13.1667
additiveEps 0.75
entropy 0.475082
archive 1
2
5 14  100 0110010110010110101010000100011111011001001010000110010001101011000110110110100001010011110011110110
4 15  100 0110010110010110101010000100011111011001001010000110010001101011000110110110100001010011000011110110
runNumber 2
genCount 45356
elapsedTime 599.996
unaryHyperVol 50
binaryHyperVol 0
additiveEps 0
entropy 0.168124
archive 2
4
6 11  100 0110010101110110101001000110011111011001001010000110010001101011001001111010100001100001110011110101
5 12  100 0110010101110110101001000110011111011001001010000110010001101011001010111010100001100001110011110101
4 13  100 0110010101010110101001000110011111011001001010000110010001101011001010111010100001100001110011110101
3 14  100 0110010101010110101001000110101111011001001010000110010001101011001010111010100001100001110011110101
runNumber 3
genCount 44786
elapsedTime 599.999
unaryHyperVol 36
binaryHyperVol 4
additiveEps 0.4
entropy 0.453679
archive 3
4
6 13  100 0110001001110110010000000110011111011001001010000110010001101011001001111010100001100001110011110101
5 14  100 0110001001110110010000000110011111011001001010000110010001101011001010111010100001100001110011110101
4 15  100 0110001001010110010000000110011111011001001010000110010001101011001010111010100001100001110011110101
3 16  100 0110001001010110010000000110101111011001001010000110010001101011001010111010100001100001110011110101
runNumber 4
genCount 45076
elapsedTime 600.003
unaryHyperVol 16
binaryHyperVol 13.0476
additiveEps 0.714286
entropy 0.475082
archive 4
2
5 16  100 0110011001110110101010000110011111011001001010000110010001100111110110110110100000010011110011010010
4 18  100 0110011001010110101010000110011111011001001010000110010001100111110110110110100000010011000011010010
runNumber 5
genCount 45002
elapsedTime 599.991
unaryHyperVol 39
binaryHyperVol 9.22222
additiveEps 0.333333
entropy 0.427067
archive 5
3
6 12  100 0110010101110110101001000110011111011001001010000110010001101011001101111010100001010110110011110110
5 13  100 0110010101110110101001000110011111011001001010000110010001101011000110111010100001010110110011110110
4 14  100 0110010101010110101001000110011111011001001010000110010001101011000110111010100001010110110011110110
runNumber 6
genCount 46111
elapsedTime 599.999
unaryHyperVol 20
binaryHyperVol 21.5
additiveEps 1
entropy 0
archive 6
1
5 15  100 0110011001110110101010000101011111011001001010000110010001101011001010111010100011010001110100110101
runNumber 7
genCount 45369
elapsedTime 599.995
unaryHyperVol 39
binaryHyperVol 9.22222
additiveEps 0.333333
entropy 0.427067
archive 7
3
6 12  100 0110010101110110101001000110011111011001001010000110010001101011001101111010100001010110110011110110
5 13  100 0110010101110110101001000110011111011001001010000110010001101011000110111010100001010110110011110110
4 14  100 0110010101010110101001000110011111011001001010000110010001101011000110111010100001010110110011110110
runNumber 8
genCount 46097
elapsedTime 599.994
unaryHyperVol 24
binaryHyperVol 15.5
additiveEps 1
entropy 0
archive 8
1
4 15  100 0000010101110101110001000101011111011001001010000110010001101011001010110000010001101010110011110110
runNumber 9
genCount 46184
elapsedTime 599.991
unaryHyperVol 20
binaryHyperVol 21.5
additiveEps 1
entropy 0
archive 9
1
5 15  100 0110010101110110101001000110011111011001001010000110010000000011011010111010100001010110110011110110
runNumber 10
genCount 44947
elapsedTime 600.005
unaryHyperVol 27
binaryHyperVol 11.9333
additiveEps 0.6
entropy 0.427067
archive 10
3
6 14  100 0110001001110110010000000110011111011001001010000110010001101011000101111010100001010110110011110110
5 15  100 0110001001110110010000000110011111011001001010000110010001101011000110111010100001010110110011110110
4 16  100 0110001001010110010000000110011111011001001010000110010001101011000110111010100001010110110011110110
runNumber 11
genCount 45215
elapsedTime 599.99
unaryHyperVol 32
binaryHyperVol 10.0667
additiveEps 0.4
entropy 0.427067
archive 11
3
6 13  100 0110001001110110010001110101011111011001001010000110010001101011001001111010100001101010110011110110
5 14  100 0110001001110110010001110101011111011001001010000110010001101011001010111010100001101010110011110110
4 16  100 0110001000010110010001110101011111011001001010000110010001101011001010111010100001101010110011110110
runNumber 12
genCount 45030
elapsedTime 600.012
unaryHyperVol 27
binaryHyperVol 11.9333
additiveEps 0.6
entropy 0.427067
archive 12
3
6 14  100 0110001001110110010000000110011111011001001010000110010001101011000101111010100001010110110011110110
5 15  100 0110001001110110010000000110011111011001001010000110010001101011000110111010100001010110110011110110
4 16  100 0110001001010110010000000110011111011001001010000110010001101011000110111010100001010110110011110110
runNumber 13
genCount 46349
elapsedTime 599.992
unaryHyperVol 22
binaryHyperVol 13.8
additiveEps 0.8
entropy 0.475082
archive 13
2
6 15  100 0110010101110110101001000101011111011001001010000110010001101011001010111101000101100011110100110110
4 16  100 0110010101010110101001000101011111011001001010000110010001101011001010111101000101100011110100110110
runNumber 14
genCount 45852
elapsedTime 599.991
unaryHyperVol 6
binaryHyperVol 15.7143
additiveEps 1
entropy 0
archive 14
1
4 18  100 0110001000000110010001110100011111011001001010000110010001100111110110110000010001101010110011110110
runNumber 15
genCount 45087
elapsedTime 599.998
unaryHyperVol 33
binaryHyperVol 10.9167
additiveEps 0.5
entropy 0.427067
archive 15
3
6 13  100 0110010101110110000000000110101101011001001010000110010001101011001001111010100001101010110011110110
5 14  100 0110010101110110000000000110101101011001001010000110010001101011001010111010100001101010110011110110
4 15  100 0110010101010110000000000110101101011001001010000110010001101011001010111010100001101010110011110110
runNumber 16
genCount 45415
elapsedTime 599.999
unaryHyperVol 34
binaryHyperVol 12.3333
additiveEps 0.666667
entropy 0.475082
archive 16
2
6 13  100 0110010110010110101001000100011111011001001010000110010001101011000101111010100001010110110011110110
4 14  100 0110010110010110101001000100011111011001001010000110010001101011000110111010100001010110110011110110
runNumber 17
genCount 44924
elapsedTime 600.002
unaryHyperVol 36
binaryHyperVol 4
additiveEps 0.4
entropy 0.453679
archive 17
4
6 13  100 0110001001110110010000000110011111011001001010000110010001101011001001111010100001100001110011110101
5 14  100 0110001001110110010000000110011111011001001010000110010001101011001010111010100001100001110011110101
4 15  100 0110001001010110010000000110011111011001001010000110010001101011001010111010100001100001110011110101
3 16  100 0110001001010110010000000110101111011001001010000110010001101011001010111010100001100001110011110101
runNumber 18
genCount 44952
elapsedTime 599.995
unaryHyperVol 34
binaryHyperVol 12.3333
additiveEps 0.666667
entropy 0.475082
archive 18
2
6 13  100 0110010110010110101001000100000111011001001001000110010001101011001001111010100001100001110011110101
4 14  100 0110010110010110101001000100000111011001001001000110010001101011001010111010100001100001110011110101
runNumber 19
genCount 43686
elapsedTime 599.995
unaryHyperVol 28
binaryHyperVol 4.54762
additiveEps 0.333333
entropy 0.428271
archive 19
5
10 12  100 0110010101110110101010000101011111011001001010000110010001101011001101001010100001010000110011110110
7 13  100 0110010101110110101010000001011111011001001010000110010001101011001101001010100001010000110011110110
6 14  100 0110010101110110101010000001011111011001001010000110010001101011001101001010100001010000000011110110
5 16  100 0110010101110110101010000101011111011001001010000110010001101011000000011010100000010000110011010010
4 17  100 0110010101010110101010000101011111011001001010000110010001101011000000011010100000010000110011010010
runNumber 20
genCount 44548
elapsedTime 600.012
unaryHyperVol 24
binaryHyperVol 19.25
additiveEps 0.75
entropy 0.475082
archive 20
2
6 14  100 0110010101110100110000010100000011011001001001000110010001101011001001111010100001100001110011110101
5 15  100 0110010101110100110000010100000011011001001001000110010001101011001001111010100001100001000011110101
runNumber 21
genCount 44986
elapsedTime 599.99
unaryHyperVol 39
binaryHyperVol 9.22222
additiveEps 0.333333
entropy 0.427067
archive 21
3
6 12  100 0110010101110110101001000101011111011001001010000110010001101011000101111010100001010110110011110110
5 13  100 0110010101110110101001000101011111011001001010000110010001101011000110111010100001010110110011110110
4 14  100 0110010101010110101001000101011111011001001010000110010001101011000110111010100001010110110011110110
runNumber 22
genCount 44839
elapsedTime 600.002
unaryHyperVol 36
binaryHyperVol 4
additiveEps 0.4
entropy 0.453679
archive 22
4
6 13  100 0110001001110110010000000110011111011001001010000110010001101011001001111010100001100001110011110101
5 14  100 0110001001110110010000000110011111011001001010000110010001101011001010111010100001100001110011110101
4 15  100 0110001001010110010000000110011111011001001010000110010001101011001010111010100001100001110011110101
3 16  100 0110001001010110010000000110101111011001001010000110010001101011001010111010100001100001110011110101
runNumber 23
genCount 46074
elapsedTime 599.995
unaryHyperVol 15
binaryHyperVol 21.6
additiveEps 1
entropy 0
archive 23
1
5 16  100 0110011001110110101010000110011111011001001010000110010001101011000000011010100011010000110100110110
runNumber 24
genCount 44584
elapsedTime 599.993
unaryHyperVol 0
binaryHyperVol 21.75
additiveEps 1
entropy 0
archive 24
1
5 19  100 0110010101110100110101000110010011011001001001000110010001100111110110111010100011010001110100110101
runNumber 25
genCount 45842
elapsedTime 600
unaryHyperVol 15
binaryHyperVol 21.6
additiveEps 1
entropy 0
archive 25
1
5 16  100 0110010101110110101010010100011111011001001010000110010011000011010000110110100001010011110011110110
runNumber 26
genCount 44829
elapsedTime 599.994
unaryHyperVol 50
binaryHyperVol 0
additiveEps 0
entropy 0.168124
archive 26
4
6 11  100 0110010101110110101001000110011111011001001010000110010001101011001001111010100001100001110011110101
5 12  100 0110010101110110101001000110011111011001001010000110010001101011001010111010100001100001110011110101
4 13  100 0110010101010110101001000110011111011001001010000110010001101011001010111010100001100001110011110101
3 14  100 0110010101010110101001000110101111011001001010000110010001101011001010111010100001100001110011110101
runNumber 27
genCount 45303
elapsedTime 600.001
unaryHyperVol 50
binaryHyperVol 0
additiveEps 0
entropy 0.168124
archive 27
4
6 11  100 0110010101110110101001000110011111011001001010000110010001101011001001111010100001100001110011110101
5 12  100 0110010101110110101001000110011111011001001010000110010001101011001010111010100001100001110011110101
4 13  100 0110010101010110101001000110011111011001001010000110010001101011001010111010100001100001110011110101
3 14  100 0110010101010110101001000110101111011001001010000110010001101011001010111010100001100001110011110101
runNumber 28
genCount 45142
elapsedTime 599.999
unaryHyperVol 38
binaryHyperVol 2.90476
additiveEps 0.333333
entropy 0.438886
archive 28
4
10 11  100 0110010101110110101001000101011111011001001010000110010001101011001001001010100001100000110011110110
7 12  100 0110010101110110101001000001011111011001001010000110010001101011001001001010100001100000110011110110
5 13  100 0110010101110110101001000101011111011001001010000110010001101011000000011010100001100000110011110110
4 14  100 0110010101010110101001000101011111011001001010000110010001101011000000011010100001100000110011110110
runNumber 29
genCount 45149
elapsedTime 600
unaryHyperVol 39
binaryHyperVol 9.22222
additiveEps 0.333333
entropy 0.427067
archive 29
3
6 12  100 0110010101110110101001000101011111011001001010000110010001101011000101111010100001010110110011110110
5 13  100 0110010101110110101001000101011111011001001010000110010001101011000110111010100001010110110011110110
4 14  100 0110010101010110101001000101011111011001001010000110010001101011000110111010100001010110110011110110
