OptimalFront
unaryHyperVol 176
4
7 13  100 1010100110010001000000111110100001010101001000001010011001000011010000111010000100011001010100111010
5 14  100 1010100110010001000000101100000001010101000101001010011000000011010101111010100100011001101000111010
4 16  100 0000100110010000000000111110100001010101001000001010011010000011011010111010100100011001101000111010
3 18  100 0000100110010100001000111110100001010101001000001010011010000011011010111010100100011001101000111010
-------------------------
runNumber 0
genCount 7974
elapsedTime 599.984
unaryHyperVol 145
binaryHyperVol 12.5
additiveEps 0.25
entropy 0.449615
archive 0
3
7 14  100 1010100110010001000000111110100001010101001000001010011010000011010000111010001100011001101000111010
6 15  100 1010100110010001000000111110100001010101001000001010011010000011011010111010001100011001101000111010
4 16  100 1010100110010001000000111110100001010101001000001010011010000001011010111010000000011001101000111010
runNumber 1
genCount 7853
elapsedTime 599.913
unaryHyperVol 129
binaryHyperVol 17.9167
additiveEps 0.833333
entropy 0.475082
archive 1
2
5 18  100 1010000010010011000000111110100001010101001000001010011011011011010101111010100100011001101000111010
4 19  100 1010000010010111000000111110100001010101001000001010011011011011010101111010100100011001101000111010
runNumber 2
genCount 7488
elapsedTime 600.019
unaryHyperVol 141
binaryHyperVol 14.2
additiveEps 0.4
entropy 0.427067
archive 2
3
7 15  100 0000100110010000000000111110100001010101001000001010011001000011010000111010100100011001010111110101
5 16  100 0000100110010000000000111110100001010101001000001010011001000011110000111010100100011001010111110101
4 17  100 0000100110010000000000111110100001010101001000001010011010000011110000110110100100011000010111110101
runNumber 3
genCount 7881
elapsedTime 599.955
unaryHyperVol 127
binaryHyperVol 16.25
additiveEps 0.625
entropy 0.475082
archive 3
2
5 18  100 0000100110010010000000111101010001010101000101001010011010000011011010110100010100011001101000111010
4 21  100 0000100110010010000000111101010001010101000101001010011000011011011010110100010100011001101000111010
runNumber 4
genCount 7787
elapsedTime 599.945
unaryHyperVol 145
binaryHyperVol 12.5
additiveEps 0.25
entropy 0.432868
archive 4
3
7 14  100 1010100110010001001000101100000001100101001000001010011010000011010000111010100100011001101000111010
5 15  100 1010100110010001001000101100000001100101001000001010011010000011110000111010100100011001101000111010
4 17  100 1010100110010101001000111100000001100011001000001010011010000011110000111010100100011001101000111010
runNumber 5
genCount 7876
elapsedTime 599.994
unaryHyperVol 141
binaryHyperVol 14.2
additiveEps 0.4
entropy 0.427067
archive 5
3
6 15  100 0110100101110001000000111110101001010101001000001010011010000011011010111010100100011001101000111010
5 16  100 0110100101110101000000111110101001010101001000001010011010000011011010111010100100011001101000111010
4 18  100 0110100101110001000000111110100001010101001000001010011010000011011010111010001111001001101000111010
runNumber 6
genCount 7979
elapsedTime 599.953
unaryHyperVol 168
binaryHyperVol 3.4
additiveEps 0.4
entropy 0.470519
archive 6
3
7 15  100 0000100110010000000000111110100001010101001000001010011010000011010000111010100100011001101000111010
4 16  100 0000100110010000000000111110100001010101001000001010011010000011011010111010100100011001101000111010
3 18  100 0000100110010100001000111110100001010101001000001010011010000011011010111010100100011001101000111010
runNumber 7
genCount 8120
elapsedTime 599.977
unaryHyperVol 145
binaryHyperVol 12.5
additiveEps 0.25
entropy 0.449615
archive 7
3
7 14  100 1010100110010001000000111110100001010101001000001010011010000011010000111010001100011001101000111010
6 15  100 1010100110010001000000111110100000010101001000001010011010000011010000111010001100011001101000111010
4 16  100 1010100110010001000000111110100001010101001000001010011010000001011010111010000000011001101000111010
runNumber 8
genCount 8057
elapsedTime 600.043
unaryHyperVol 120
binaryHyperVol 23.2
additiveEps 0.5
entropy 0
archive 8
1
5 14  100 1010100110010001000000101100000001010101000101001010011000000011010101111010100100011001101000111010
runNumber 9
genCount 8008
elapsedTime 599.953
unaryHyperVol 140
binaryHyperVol 14.25
additiveEps 0.4
entropy 0.427067
archive 9
3
7 15  100 1010100110010001000000111110100001010101001000001010011001000011010000110100010100011001101000111010
5 16  100 1010100110010001000000111110100001010101001000001010011001000011110000110100010100011001101000111010
4 18  100 1010100110010001000000111110100001010101001000001010011000011011011010110100010100011001101000111010
runNumber 10
genCount 8128
elapsedTime 599.97
unaryHyperVol 139
binaryHyperVol 15.8
additiveEps 0.6
entropy 0.475082
archive 10
2
5 16  100 1010000010010011000000111110100001010101000101001010011010000011011010111010100100011001101000111010
4 17  100 1010000010010111000000111110100001010101000101001010011010000011011010111010100100011001101000111010
runNumber 11
genCount 7945
elapsedTime 600.002
unaryHyperVol 111
binaryHyperVol 26.65
additiveEps 0.6
entropy 0.475082
archive 11
2
6 16  100 1010100110010001000000111110101001010101001000001010011010000011010101011010100100011100101000111010
5 17  100 1010100110010101000000111110101001010101001000001010011010000011010101011010100100011100101000111010
runNumber 12
genCount 7543
elapsedTime 599.919
unaryHyperVol 142
binaryHyperVol 14.15
additiveEps 0.4
entropy 0.475082
archive 12
2
5 15  100 1010100110010001000000111110100001010101000101001010011010000011011010110100010100011001101000111010
4 18  100 1010100110010001000000111110100001010101000101001010011000011011011010110100010100011001101000111010
runNumber 13
genCount 8013
elapsedTime 600.028
unaryHyperVol 137
binaryHyperVol 15.0833
additiveEps 0.5
entropy 0.475082
archive 13
2
5 16  100 1010100110010001001000111110100001100101000101001010011010000011011010110100010100011001101000111010
4 19  100 1010100110010001001000111110100001100101000101001010011000011011011010110100010100011001101000111010
runNumber 14
genCount 7708
elapsedTime 599.987
unaryHyperVol 173
binaryHyperVol 1.65
additiveEps 0.2
entropy 0.440273
archive 14
4
6 14  100 1010100110010001000000111110101001010101001000001010011010000011011010111010100100011001101000111010
5 15  100 1010100110010101000000111110101001010101001000001010011010000011011010111010100100011001101000111010
4 16  100 0000100110010000000000111110100001010101001000001010011010000011011010111010100100011001101000111010
3 18  100 0000100110010100001000111110100001010101001000001010011010000011011010111010100100011001101000111010
runNumber 15
genCount 8017
elapsedTime 599.9
unaryHyperVol 107
binaryHyperVol 28.35
additiveEps 0.8
entropy 0.475082
archive 15
2
6 17  100 1010100110010001000000111110101001010101001000001010011011010111110101111010100100011001101000111010
5 18  100 1010100110010101000000111110101001010101001000001010011011010111110101111010100100011001101000111010
runNumber 16
genCount 7871
elapsedTime 600
unaryHyperVol 141
binaryHyperVol 14.2
additiveEps 0.4
entropy 0.475082
archive 16
2
6 15  100 1010100110010001000000111110100001010101000101001010011010000011011010111010001100011001101000111010
4 17  100 1010100110010001000000111110100001010101000101001010011010000011011010111010001111001001101000111010
runNumber 17
genCount 7780
elapsedTime 599.986
unaryHyperVol 141
binaryHyperVol 14.2
additiveEps 0.4
entropy 0.427067
archive 17
3
7 15  100 1010000010010011000000111110100001010101001000001010011010000011010000111010100100011001101000111010
5 16  100 1010000010010011000000111110100001010101001000001010011010000011110000111010100100011001101000111010
4 17  100 1010000010010111000000111110100001010101001000001010011010000011110000111010100100011001101000111010
runNumber 18
genCount 7797
elapsedTime 599.965
unaryHyperVol 150
binaryHyperVol 10.75
additiveEps 0.25
entropy 0.482558
archive 18
3
7 13  100 1010100110010001000000111110100001010101001000001010011001000011010000111010000100011001010100111010
5 14  100 1010100110010001000000111110100001010101001000001010011001000011110000111010000100011001010100111010
4 16  100 1010100110010001000000111110100001010101001000001010011000011011011010111010000100011001010100111010
runNumber 19
genCount 7931
elapsedTime 599.971
unaryHyperVol 168
binaryHyperVol 3.4
additiveEps 0.4
entropy 0.470519
archive 19
3
7 15  100 0000100110010000000000111110100001010101001000001010011010000011010000111010100100011001101000111010
4 16  100 0000100110010000000000111110100001010101001000001010011010000011011010111010100100011001101000111010
3 18  100 0000100110010100001000111110100001010101001000001010011010000011011010111010100100011001101000111010
runNumber 20
genCount 8058
elapsedTime 600.009
unaryHyperVol 142
binaryHyperVol 14.15
additiveEps 0.4
entropy 0.49717
archive 20
2
7 15  100 1010100110010001000000111110100001010101001000001010011010000001010000111010000000011001101000111010
4 16  100 1010100110010001000000111110100001010101001000001010011010000001011010111010000000011001101000111010
runNumber 21
genCount 7682
elapsedTime 599.928
unaryHyperVol 168
binaryHyperVol 3.4
additiveEps 0.4
entropy 0.470519
archive 21
3
7 15  100 0000100110010000000000111110100001010101001000001010011010000011010000111010100100011001101000111010
4 16  100 0000100110010000000000111110100001010101001000001010011010000011011010111010100100011001101000111010
3 18  100 0000100110010100001000111110100001010101001000001010011010000011011010111010100100011001101000111010
runNumber 22
genCount 7999
elapsedTime 599.998
unaryHyperVol 166
binaryHyperVol 5
additiveEps 0.6
entropy 0.509891
archive 22
2
4 16  100 0000100110010000000000111110100001010101000101001010011010000011011010111010100100011001101000111010
3 18  100 0000100110010100001000111110100001010101000101001010011010000011011010111010100100011001101000111010
runNumber 23
genCount 7970
elapsedTime 599.98
unaryHyperVol 140
binaryHyperVol 14.25
additiveEps 0.4
entropy 0.427067
archive 23
3
7 15  100 1010100110010001000000111110100001010101001000001010011001000011010000110100010100011001101000111010
5 16  100 1010100110010001000000111110100001010101001000001010011001000011110000110100010100011001101000111010
4 18  100 1010100110010001000000111110100001010101001000001010011000011011011010110100010100011001101000111010
runNumber 24
genCount 7933
elapsedTime 599.975
unaryHyperVol 130
binaryHyperVol 15.8214
additiveEps 0.571429
entropy 0.427067
archive 24
3
7 17  100 1010100110010001001000111110100001100101001000001010011001000011010000110100010100001001101000010110
5 18  100 1010100110010001001000111110100001100101001000001010011001000011110000110100010100001001101000010110
4 20  100 1010100110010001001000111110100001100101001000001010011000011011011010110100010100001001101000010110
runNumber 25
genCount 8086
elapsedTime 600.01
unaryHyperVol 141
binaryHyperVol 14.2
additiveEps 0.4
entropy 0.475082
archive 25
2
6 15  100 1010100110010001000000111110100001010101000101001010011010000011011010111010001100011001101000111010
4 17  100 1010100110010001000000111110100001010101000101001010011010000011011010111010001111001001101000111010
runNumber 26
genCount 7805
elapsedTime 599.956
unaryHyperVol 123
binaryHyperVol 18.2143
additiveEps 0.857143
entropy 0.475082
archive 26
2
6 19  100 1010000010010011000000111110100001010101001000001010011011011011010101110001000100011001010100111010
4 20  100 1010000010010111000000111110100001010101001000001010011011011011010101110001000100011001010100111010
runNumber 27
genCount 7806
elapsedTime 599.996
unaryHyperVol 140
binaryHyperVol 14.25
additiveEps 0.4
entropy 0.427067
archive 27
3
7 15  100 1010100110010001000000111110100001010101001000001010011001000011010000110100010100011001101000111010
5 16  100 1010100110010001000000111110100001010101001000001010011001000011110000110100010100011001101000111010
4 18  100 1010100110010001000000111110100001010101001000001010011000011011011010110100010100011001101000111010
runNumber 28
genCount 7600
elapsedTime 599.937
unaryHyperVol 136
binaryHyperVol 15.95
additiveEps 0.6
entropy 0.427067
archive 28
3
7 16  100 0000100110010000000000111110100001010101001000001010011010000011010000110001000100011001010100111010
5 17  100 0000100110010000000000111110100001010101001000001010011010000011110000110001000100011001010100111010
4 18  100 0000100110010100000000111110100001010101001000001010011010000011110000110001000100011001010100111010
runNumber 29
genCount 7820
elapsedTime 599.939
unaryHyperVol 168
binaryHyperVol 3.4
additiveEps 0.4
entropy 0.470519
archive 29
3
7 15  100 0000100110010000000000111110100001010101001000001010011010000011010000111010100100011001101000111010
4 16  100 0000100110010000000000111110100001010101001000001010011010000011011010111010100100011001101000111010
3 18  100 0000100110010100001000111110100001010101001000001010011010000011011010111010100100011001101000111010
