START at Thu Nov 21 16:25:35 2013

genCount 1
1
302.2 302  200 11101000001000001011001111001001000101010001100010100100111000011110101000100011101010110101101100100001100110001001111011110110010101110100111110111111110111010010110110101011101111100110011100110100
genCount 2
1
290.19 290  200 01110010011100100010101000101100000010100100001100101100011001001001000110000110010010111111001010000110111010111100110010000100100101010000111101101110000110101010010000101010100100010010010110010011
genCount 3
1
259.17 259  200 10001010110100011100111000101000001001011110100101001000111011011001101011011001100011000110110111000110111010111100110110000100100101010000111101101110000110101010010010100110101001000101111110000101
genCount 5
1
231.15 231  200 10001010110100011100111000010110010111100100000100000111010101110110101010000110100100011000011010100110111010111100110110000010001001010000111101101110000110100110100000100110101001000101111110000101
genCount 6
1
230.15 230  200 10001010110100011100111000101000001001011110100101001000110101110110101010000110100100011001011001101010111010110100110101001111111010100101000000110011011010101010010010100110101001000101111110000101
genCount 7
1
228.15 228  200 11001010110100011100111000101000001011011110100101001000111011000110101010000110100100111000011011100111010110110000110010000110100101010000111101101110000110101010010000101010100000011111101110110010
genCount 8
1
199.13 199  200 11001010110100011100101000010110010101100100000100000011010101110110101010000110100100011000011010100110111010111100110110000010001001010000111101101110000110100110100000100110101001000101111110000101
genCount 10
1
197.13 197  200 11001010110100011100101000101000001001011110100101101000110101110110100111101110100111001000011010100110111010111100110110000010001001010000111101101110000110100110100000100110101101000101111110000101
genCount 11
1
184.12 184  200 10001010110100011100101000101000001001011110100101101000110101110110100111101110100111001000011010100110111010111100110110000010001001010000110101101110000110101010010010100110101001000101111110000101
genCount 12
1
182.12 182  200 10001010110100011100111000101000001001011110100101101000110101110110100111101110100111001000011010100110111010111100110110000010001001010000111101100011011010100110100000100110101001000101111110000101
genCount 13
1
177.11 177  200 10101010110100011100111000101000001001010110100101101000110100110110100111101110100111001000011010100110111010111100110110000010001001010000111101100011011010100110010010100110101001000101111110000101
genCount 14
1
169.11 169  200 11001010110100011100101000101000001001011110100101101000110101110110101000000110100100011000011010100110111010111100110110000010001001010000111101101110010110100110100000100110101001000101111110000101
genCount 16
1
155.1 155  200 11001010110100011100101001101000001001011110100101101000110101110110101000000110100100011000011010100110111010111100110110000010001001010000111101100011011010100110010010100110101001000101111110000101
genCount 17
1
154.1 154  200 10001010110100011100111000101000001001011110101101101000110101110110100111101111100101001000011010100110111010111100110110000010011001010000111101101110010101110110100000100110101001000101111110001101
genCount 20
1
147.09 147  200 10101010110100011100101000101010001001011110100101100100111000110110101010000110100100011000011010100110111010111100110110000010001001010000111101100011011010100110010010100110101001000101111110000101
genCount 21
1
139.09 139  200 10001010110100011100111000101000101001011110101101101000110101110110100111101111100101001000011010100110111010111110110110000010001001010000111101101110010101110110100000100110101001000101011110001101
genCount 23
1
125.08 125  200 11001010110100011100101000101000001001011010100101101000110101110110101000000111100101111100011010100110111010111110110110000010001001010000111101100011011010100110010010100111101001000101111111000101
genCount 24
1
110.07 110  200 10001010110100011100101001101000001001011010100101101000110101110110101000000111100101111100011010100110111010111110110110000010001001010000111101100011010101110110100010100110101001000101111110000101
genCount 29
1
109.07 109  200 10001010110100011100001001101000001001011010100101101010110101110110101000000111100101011100011010100110111010111110100110000010001001010000111101101110010101110110100010100110101001000101111110000001
genCount 30
1
95.06 95  200 11001010110100011100001001101000011001001010100101101000110101110010101000000111100101011100011010100110111010111110110110000010001001010000111101100011010101110110100010100110101001000001111110000101
