START at Thu Nov 21 16:20:06 2013

genCount 1
1
305.2 305  200 00001000100001000101011010100101100001011110101000000001101000001110100001111011011001011000101110101110101011011010011101010010100101010110001101010100011101000000100111111100001111110100000110110110
genCount 2
1
290.19 290  200 01101000001011000000011100010101100001011110101000000001101000001110100001111011011001011000101110101110101011011010011101010010100101010110010110101111111111001011111100010111101100100100100001000000
genCount 4
1
260.17 260  200 00001000001011000000011100010101100001011110101000000001101000001110100001101000110001000011101000100011100000110110001000000100001101110111001101100001111010100010111001111010011111011100000110110110
genCount 6
1
245.16 245  200 00001000001011000000011100010101100001011110101000000001101000001110100001101000110101000011101000100011100000110110001000000100001101110111001101100001111010100010111001111010011111011100000110110110
genCount 7
1
230.15 230  200 01101000001011000000011100010101100001011110101000000001101000001110100001111011011001010000101110101110101010011010011101010010100101010111001101010110101010101101011110100011100101010111100101000000
genCount 9
1
200.13 200  200 00101000110101001100001011101001111010111010101111101001101000001110100001101000110000010101001010100110100001000001001011011010001011110110001101100001111010100010111001101010011111011100001011000010
genCount 10
1
199.13 199  200 00101000000101001100110000101001111010111010101111101001101000001110100001101000110000010101001010100110100001000001001011011010001011110110001101010110101010101101011110100011100101010111100111000010
genCount 12
1
185.12 185  200 00101000110101001100001011101001111010111010101111101001101000001110100001101000110000010101001010100110100001000001001011011010001011110010001101100001111010110010111001101010011110011100001011000010
genCount 14
1
169.11 169  200 00001000000101001100110000101001111010111010101111101001101000001110100001101000110000010101001010100110100001000001001011011010001011110110001001010111101010101101011100100011101110010011100100010010
genCount 15
1
154.1 154  200 00001000000101001100110000101001111010111010101111101001101000001110100001101000110000010101001110101110101010011010011101110010100101010111001101100001111010110010111001100011101110010011100100010010
genCount 17
1
142.09 142  200 00001000000101001100110000101001110010111010101111101001101000001110100001101000110000010101001010100110101010011010011111011010001011110010001100010111101010101101011100100011101110010011100100010010
genCount 18
1
139.09 139  200 00001000000101001100001111101001101010111110101000000001101000001110100001101001011001010000101110101110101010011010011111011010001011110010001100010101101010101101011100100011101110010000000100010000
genCount 19
1
127.08 127  200 00001000000101001100110000101001111010111010101111101001001000001110100001101000110000010101001010100110101010011010011111011010001011110010001100010111101010101101011100100011101110010011100100010010
genCount 20
1
125.08 125  200 00001000000101000100110000101001111010111010101111101001101000001110100001101000110000010101001010100110101010011010011111010010100101010111001101010111101010101101011100100011101110010011100100110010
genCount 23
1
112.07 112  200 00001000000101001100110000101001111010111010101111101001101000001110100001101000110000110001001010100110101010011010011111011010001011110010001100010111101010101101111001100011101110010011101011100010
genCount 24
1
110.07 110  200 00001000000101001100110000101001111010111010101111101001101000001110100001101000110000110001001010100110101010011010011111010010100101010111001101010111101010101101011100100011101110010011100100010010
genCount 34
1
95.06 95  200 00001010000101001100001011101001111010111010101111101001101000001110100001101000110000110001001010100110101010011010011111010010100101010110001101010111001010101101011100100011101110010011100101110010
genCount 40
1
80.05 80  200 00001010000101001100001011101001111010111010101101101001101000011110100001101000110100110001001010100110101010011010011111011010100101001101011101010111001010101101011100100011101110010011100111110010
