OptimalFront
unaryHyperVol 287
3
4 7  100 1001110100100101000001100100000000101011001110101110111101111010110100010110100000001011011111010010
3 8  100 1001110100010001000001100101101100101011001110101110111101111010110100010110100000001011011111010010
2 9  100 1001110100010001001001100101101100101011001110101110111101111010110100010110100000010111011111010010
-------------------------
runNumber 0
genCount 5414
elapsedTime 599.973
unaryHyperVol 160
binaryHyperVol 11.8846
additiveEps 1
entropy 0
archive 0
1
2 20  100 1101110000010001001001100101101100101011011110101010111101000010010101010110100001010110111111010010
runNumber 1
genCount 5216
elapsedTime 599.975
unaryHyperVol 139
binaryHyperVol 11.1875
additiveEps 0.9375
entropy 0.49717
archive 1
2
3 22  100 0100110100010000000001000101101100101011000010100110001110111010010100011010010000011000010111010010
2 23  100 1000011100010000000001101101100000001011001110001110111101011010110100010110010000010100011101010110
runNumber 2
genCount 5383
elapsedTime 599.872
unaryHyperVol 94
binaryHyperVol 9.03623
additiveEps 0.782609
entropy 0.447914
archive 2
4
8 24  100 0111110100110001001001000001101100010101000000101010010101111111010100110110010000010111011110010010
7 26  100 0100110100110001000101010101101100010101011010111010110100111111110100110010100010010111011101010010
5 27  100 0110110100110011000101010101101100011000000000010010101111110110100100010110101100000000010000000010
2 30  100 0110110101010011000101010101101100011000000000010010010101110110000100110010000000010110001101010010
runNumber 3
genCount 5283
elapsedTime 600.125
unaryHyperVol 103
binaryHyperVol 7.95385
additiveEps 0.653846
entropy 0.529986
archive 3
4
7 24  100 1101110100010101111101100000000000101011011110000110111101111011110111000010010000110101011111000110
4 25  100 1101110100010101111101100000000000101011011110000110111101111011110111011110011101010100011111000110
3 29  100 1000000100000100010010010100000000111011101110000110111101111000100100011110011100010100010111001110
2 33  100 0100000101010000111101010000000000000001101110000110111101111000100100011110011100010100011101000110
runNumber 4
genCount 5313
elapsedTime 599.892
unaryHyperVol 111
binaryHyperVol 7.96154
additiveEps 0.653846
entropy 0.49717
archive 4
2
3 24  100 1011110111010001010001100000001100101011010010101110110001111010010101000110100111111001001111000010
2 33  100 1110100100010011111001011100001001111000010000001110110001110011000100011110101010010100101101010010
runNumber 5
genCount 5315
elapsedTime 599.944
unaryHyperVol 139
binaryHyperVol 7.16667
additiveEps 0.583333
entropy 0.481574
archive 5
3
4 21  100 1000110100110100001001010101101100101011000110000000110101111000010100100110110100010111011011010010
3 22  100 1000110100110100000001110101101100101011000110000010110101111000010100100110110100010111011011010010
2 31  100 0000110110010000011001110101101110111001100010110010111100011000000100100110010100010111011101000010
runNumber 6
genCount 5549
elapsedTime 599.978
unaryHyperVol 100
binaryHyperVol 8.44231
additiveEps 0.692308
entropy 0.481574
archive 6
3
4 25  100 0101000101010010000001100101101001100100101110011110110001110111110111010010101001001011011100100010
3 27  100 0101010000010000000001100101101101000001001110011110110001110111110111010010000000001010010100001010
2 33  100 0101100111010010000101100101101110000010001110111110101011110110001110011010101001010111110100000110
runNumber 7
genCount 5251
elapsedTime 600.012
unaryHyperVol 155
binaryHyperVol 8.72222
additiveEps 0.722222
entropy 0.49717
archive 7
2
3 20  100 1000111011010100011001100101101100101011111110001110111101001010110100000110010000010111011011010101
2 25  100 1100110111010000011001100101101100101011000000100010001001110100010100000110010000010111011010010010
runNumber 8
genCount 5203
elapsedTime 599.899
unaryHyperVol 135
binaryHyperVol 8.35526
additiveEps 0.75
entropy 0.492862
archive 8
5
10 20  100 1000110100100101001101100100000000011000001101000010111101011000100100010110000000110101011111000101
6 22  100 1000110100100101000101100100000100011011100000100010001101111100000100010110010000110001011111000101
5 23  100 1000110111100101001001100100000010111011100001011110111101100001110100100110010001010110011111000101
3 24  100 1000110110100100001101100100000100011011100000100010001101111100000100010110000000110001011101010101
2 26  100 1000110011010001000101100100000100001011000000101010001101111000000100010110001010010100011101010101
runNumber 9
genCount 5181
elapsedTime 599.947
unaryHyperVol 118
binaryHyperVol 7.20139
additiveEps 0.666667
entropy 0.479575
archive 9
6
8 21  100 1111010100100100000011110101100100101010101110101110111101110010110101010110100000010001011111010101
7 23  100 1111000100110100001111010101100100101010001110101110111101111010110100011110110000010100011101000101
6 25  100 1111111100010101000101011010100100000011001110101110111101101010110100011110010000010001010101000101
4 26  100 1011111110010001000111011010100100000011001110101110111101101010110100011110010001010000011101010101
3 27  100 1111111110010011011101011001100100101010101110101110111101110010110101010110100000010001011110000101
2 31  100 1011111110010001000101000101100100001010011010011010111101111010110000111010010001010110110111000101
runNumber 10
genCount 5336
elapsedTime 599.817
unaryHyperVol 126
binaryHyperVol 8.43182
additiveEps 0.909091
entropy 0.49717
archive 10
2
4 22  100 1001000111100111001101100110101100101010000010001110001101110110000100010110010000010001111111010101
2 29  100 0011000111010011111101100110101100101010000010111110110001110110000100010110011101010101111111010101
runNumber 11
genCount 5288
elapsedTime 599.96
unaryHyperVol 78
binaryHyperVol 7.69828
additiveEps 0.793103
entropy 0.481574
archive 11
3
6 25  100 1100111001010100001001100100001101111000001110101010111100110111000101010010100010000011111111011101
3 32  100 0000110111010010001001100100001101011011000010111010110100111111000100010010111110110001111001010101
2 36  100 0100110111010010001100100100000101001000001010111010110000111111101101010010101101010101010110010101
runNumber 12
genCount 5315
elapsedTime 599.975
unaryHyperVol 102
binaryHyperVol 8.40385
additiveEps 0.692308
entropy 0.49717
archive 12
2
3 25  100 0100111110010001000001001000101101101011110000001110111101011010100100010110010010001011011101110010
2 33  100 0111111101010000001100011011101101101011110000100110111101010011100100010010010000010111101101110110
runNumber 13
genCount 5312
elapsedTime 599.961
unaryHyperVol 151
binaryHyperVol 9.29412
additiveEps 0.764706
entropy 0.481574
archive 13
3
5 20  100 0100111100010100000101000100000001100100000110101110111101111010110100010110100000010110010101010000
4 21  100 0100110100010100000101100100000001100100100110101110111101111010110100010110100101010110010101010000
2 24  100 0000111110010011000101100100000100000000000110101110111101111010110100010110100101010100010111000010
runNumber 14
genCount 5356
elapsedTime 599.778
unaryHyperVol 116
binaryHyperVol 10.225
additiveEps 0.85
entropy 0.481574
archive 14
3
4 24  100 1000110100010101011001000000000000101011000110110110111111111110111100011010010100010111011111000101
3 25  100 1100000100010100011001100100000000001010001110100110111111111110111100011010000000010111011011000101
2 27  100 1000110110010001011001110100000000111011001110100010100011111010010100011010101100010111000101000101
runNumber 15
genCount 5288
elapsedTime 599.897
unaryHyperVol 89
binaryHyperVol 8.784
additiveEps 0.8
entropy 0.529986
archive 15
4
7 25  100 1010110100010111111101100100100100000011011110101110100110111000010100010010100000010000011110010101
6 27  100 1010110100010001111001100100100100000011011100101110100011111100010011010010100000110000011110010101
3 29  100 0110110110010001111001100100000100000000011110101110100110111001010011010010010000010001011110010101
2 32  100 0100110100010011100101100100100100000011011110101110111001011110111010001010010000010101000000100101
runNumber 16
genCount 5260
elapsedTime 599.968
unaryHyperVol 122
binaryHyperVol 9.2619
additiveEps 0.809524
entropy 0.481574
archive 16
3
4 23  100 0100100100010100001100100100000100101000001101000010111101110110111010010110010000010111010111011110
3 26  100 1100110100010100001100100100000011101010011110110010111101110110111000000110010000010111101100011110
2 28  100 0100000101010000000011100100000010101000000110001110111101010110111010010110010000010111011100011010
runNumber 17
genCount 5463
elapsedTime 600.094
unaryHyperVol 97
binaryHyperVol 8.7619
additiveEps 0.809524
entropy 0.529986
archive 17
4
12 22  100 1001110111110101011101010101101000000011111110101110110001011010010111010110010000010101011111010110
9 25  100 1011110001010101011101010101101000000011111110101110110000011010010111011110010000010111010111010010
5 26  100 1001110111110000001100010101101010000010111110101110111000010110110110010010010000010011011111010010
2 28  100 1100110111010011110100010001101000000011111110101110110000011010010111010110010000010111011111010101
runNumber 18
genCount 5414
elapsedTime 599.902
unaryHyperVol 158
binaryHyperVol 11.1071
additiveEps 0.928571
entropy 0.49717
archive 18
2
4 20  100 1001110101010000001001100101101100101001011110100010110001110111000100010110100000010011001111010101
2 21  100 1101111000010011111001100101100100101011001110100010110001110111000100010110100000010111001111010101
runNumber 19
genCount 5313
elapsedTime 599.952
unaryHyperVol 106
binaryHyperVol 10.825
additiveEps 0.9
entropy 0.49717
archive 19
2
4 25  100 1101111100010011000001100111101100101011110000101110111001111010000100110110100101010100001010010000
2 27  100 0001101111010011100001100111101100101011110000101110111001111010000100110110100001010100101011010101
runNumber 20
genCount 5317
elapsedTime 599.956
unaryHyperVol 144
binaryHyperVol 9.92647
additiveEps 0.823529
entropy 0.449615
archive 20
3
6 21  100 1011110101010101000101010101100100011011001110100010001100111010111100011110100011010111011111100010
3 22  100 1100111100010100011010000100001100001011001110101010001111111010111100010110100011010111011111110010
2 24  100 1111110100010001000101110101100100011011001110101110011001111000000100011110100011010111011110101010
runNumber 21
genCount 5284
elapsedTime 600.08
unaryHyperVol 104
binaryHyperVol 9.0625
additiveEps 0.75
entropy 0.49717
archive 21
2
3 25  100 1100000111010001000101100101100100101011001110011110111111001000010100010110010001110001111111010101
2 31  100 1000110001010001001101001101100100101011101110011110111101001101001100010010001010010100111011010101
runNumber 22
genCount 5090
elapsedTime 599.936
unaryHyperVol 108
binaryHyperVol 9.73571
additiveEps 0.857143
entropy 0.481574
archive 22
3
9 23  100 1100110100010101001111000100000100101011001101001010110110111010110111011110110100010101011100010010
3 26  100 0000111100010100001101000100000100101011001110101010000101111011110111011110010000010101001111110110
2 27  100 1000110100010001011100100000000000101011000110010010111101111010110111100010011110010101011100010110
runNumber 23
genCount 5330
elapsedTime 599.801
unaryHyperVol 118
binaryHyperVol 8.09375
additiveEps 0.666667
entropy 0.447913
archive 23
4
6 23  100 0001000100010111001001110101101100111011001110010001110111110110000100000110100000000000100100010101
4 24  100 1001000100010111001001110101101100111011001110010010100111010110001111010110100000000001011101010101
3 25  100 1001000000010011001001100101101111111011001110010010110011010101001111010110100000000001011111010101
2 31  100 1001000100010010000110001101100101001011001110010010110011010101001111010110100000010101010111010101
runNumber 24
genCount 5292
elapsedTime 599.985
unaryHyperVol 120
binaryHyperVol 11.9118
additiveEps 1
entropy 0
archive 24
1
2 24  100 0101110100010011100001111001101000101001000010101110110001110110111100000110100000010100010111010010
runNumber 25
genCount 5396
elapsedTime 599.971
unaryHyperVol 126
binaryHyperVol 8.06522
additiveEps 0.826087
entropy 0.481574
archive 25
3
4 22  100 0001001000010101101001101000000000011000011110101110110101111010000100010010111100010111011111010010
3 28  100 0100011111010100001111001100000111000011111110101010111001111010110100010110101100010110011111001010
2 30  100 1000110110010000101001001000000000011011111110101010011100100001000100010010001110010110011111010010
runNumber 26
genCount 5332
elapsedTime 599.943
unaryHyperVol 79
binaryHyperVol 10.9697
additiveEps 0.909091
entropy 0.481574
archive 26
3
8 27  100 1101110100010000111101101101101100101001001100111100110100111010000000010010000001010100000000010010
7 28  100 1001110110010000101101100111101101101001011100111100101110111000111000010010100001010100000000010010
2 29  100 1101110100010001001000000101101101001000000000110010101110111000111000010010110001010100001000010010
runNumber 27
genCount 5308
elapsedTime 599.878
unaryHyperVol 150
binaryHyperVol 11.8929
additiveEps 1
entropy 0
archive 27
1
2 21  100 1001110100010001001101101100000000101011000010101110111001111110110100010110011000010100001111001110
runNumber 28
genCount 5290
elapsedTime 599.962
unaryHyperVol 123
binaryHyperVol 7.69444
additiveEps 0.666667
entropy 0.529986
archive 28
4
5 22  100 0000111000110001001001110101100000101011000010011110101101111010010100011110010000010111111100010010
4 24  100 0011110110010100110111101110100000101011000010101110111101011010111100011110010000010111111111010010
3 28  100 0000010100110100001001110101100000111000000000100110100101001100110100011010010000010110111100010010
2 31  100 0010010100010001001111101101100000111000000010101110100101000110010111011110010000010101001110110010
runNumber 29
genCount 8265
elapsedTime 599.912
unaryHyperVol 116
binaryHyperVol 10.225
additiveEps 0.85
entropy 0.481574
archive 29
3
4 24  100 1000110000010101000111000100000001011001111110010010111101110110110100010110010000010111101011010010
3 25  100 1000111100010100001001000100000010011001011110010010111101111110110100010110011010010111101011010010
2 27  100 1000110100010000000101000100000010011001011110011010111001111110110100010110111000010111101011010110
