OptimalFront
unaryHyperVol 300
1
2 7  100 0001000000011111010000110111010111111010000000101010111011100110001110001000100011100110101010100010
-------------------------
runNumber 0
genCount 5296
elapsedTime 599.998
unaryHyperVol 175
binaryHyperVol 8.5625
additiveEps 1
entropy inf
archive 0
2
5 18  100 0001000011011101010000111111010111110111001011111010111111100110011110001000000011100110101010111010
2 23  100 0001000011011101010000110101110011001011000011111010110110100111011110001000001011100110101010010010
runNumber 1
genCount 5166
elapsedTime 600.002
unaryHyperVol 84
binaryHyperVol 8.375
additiveEps 0.785714
entropy -inf
archive 1
4
6 26  100 1101000010001111011100100111010100110011100100000101001111000100101110001101100011001101101010100001
5 29  100 1101000010001111011100100111010000110011100010000101001101100110101110001101100011001101101010101001
4 31  100 1101000010001110011100100110010000111010100010000110001101100100101110001001100100100101101000101001
2 35  100 0100101011111100000000101000010000111010100010000110001101100100101110011101100111100101101000101001
runNumber 2
genCount 5027
elapsedTime 599.948
unaryHyperVol 122
binaryHyperVol 10.2237
additiveEps 0.947368
entropy -inf
archive 2
3
10 23  100 1111101101011101110101110111110100111010000011001010001011100110000110101000100000100110101010101100
4 25  100 1101100111111110100000110111110100111010000011101011110111100110000110000001111101010111011010111010
2 26  100 1111100111111110100000110111010101101010010000001000111010100110001110000101101101100111101010101010
runNumber 3
genCount 5216
elapsedTime 599.933
unaryHyperVol 150
binaryHyperVol 9.10526
additiveEps 1
entropy inf
archive 3
2
4 21  100 0111000000011100010001110111010100011011000000110110111111100110001110000000000001100110101010101101
2 26  100 1101101000011100010000110111011100111010101000000100000000100011111110001000000001100110101010101111
runNumber 4
genCount 5188
elapsedTime 600.031
unaryHyperVol 143
binaryHyperVol 9.52222
additiveEps 0.833333
entropy -inf
archive 4
3
7 21  100 1101000000111100011100110101010100001010110000101010111011100110011110101000101011000001101001100000
6 22  100 1101000000111101011101110111000101001010001100011011001011100110011110001000100011000001101001100000
2 25  100 1111000000111101010000110111010101011010101000011000000111100110001110001100111101101110101010100000
runNumber 5
genCount 5311
elapsedTime 599.936
unaryHyperVol 133
binaryHyperVol 8.01087
additiveEps 0.782609
entropy -inf
archive 5
3
6 22  100 1010100101000111011001000101010001110100001111101011110111100110001110000000100011100110101010100000
3 25  100 0010100101000111011001000101010101001000111011001011100111100110001110000010100011100110101010100010
2 30  100 0001101101000011110000100111010011001001111101011010110111100110010010010011110011100110101000111110
runNumber 6
genCount 5445
elapsedTime 599.951
unaryHyperVol 72
binaryHyperVol 8.09333
additiveEps 0.733333
entropy -inf
archive 6
3
12 27  100 0001100101011010011001010111110100110000011110010000110100010110001010001001110000100110101010101010
3 29  100 0010100101111010011001000111110100111010011101010111110100010110001010000001100001100110101010110000
2 37  100 1110100101111010110000010000010101000000010011000111110000100011011010101100100000100100101010110010
runNumber 7
genCount 5191
elapsedTime 599.961
unaryHyperVol 85
binaryHyperVol 9.23111
additiveEps 0.8
entropy -inf
archive 7
4
11 26  100 0000100100110100000000110111010111111010001100100100000111100100011110001000110101010010101001001010
7 27  100 0000100110110100000000110111010111111010001100100100000111100100011110001000110100010010101001001010
4 29  100 1100100101110100000000100111010111111010001100100100110111100100011110000000110100010010101000010000
2 32  100 0101100111110111000000110111010111111010000010110010110111100000010110110101011110101010101000011111
runNumber 8
genCount 5304
elapsedTime 600.015
unaryHyperVol 124
binaryHyperVol 10.35
additiveEps 1
entropy inf
archive 8
2
4 24  100 1001000011000111011001111011010000111010010001101001001010100110001110000100111110100110101010101101
2 27  100 0101000011000010010000001011011111111011111110011011001011100110001110000100111110100110101010100001
runNumber 9
genCount 5195
elapsedTime 599.938
unaryHyperVol 180
binaryHyperVol 333
additiveEps 333
entropy 0
archive 9
1
2 19  100 1111000000011011010000111111010100111010100011111010010111100010111110001000100011100110101010100010
runNumber 10
genCount 5130
elapsedTime 600.025
unaryHyperVol 164
binaryHyperVol 8.52632
additiveEps 1
entropy inf
archive 10
2
3 20  100 0011101011111100010000110110010111111010000000101010011001100110001010000001001111100110011010110001
2 26  100 0001101011110100010000110110011111101010000100101010111001100101001110010101000010101100101010110001
runNumber 11
genCount 5131
elapsedTime 599.99
unaryHyperVol 129
binaryHyperVol 8.69643
additiveEps 0.761905
entropy -inf
archive 11
5
10 22  100 0011100101011100011001000101101111110101000001100010110111101101001110001000100011101110101010110000
8 23  100 1111100101111100010000100111011111010101001100100100110111100110001110001000100010101110101011100010
6 24  100 1101100100111100010000000111101111110100000011101001110111010110110000001001010011101110101000100010
3 25  100 1111100100111100011001000101110111111001000101101011110101101110000000001000010011101110101010100010
2 28  100 1111100100111100010000000111110111111001011101111110010011100110001110011000000011101110101000010000
runNumber 12
genCount 5427
elapsedTime 600.021
unaryHyperVol 174
binaryHyperVol 10.4286
additiveEps 1
entropy inf
archive 12
2
5 19  100 1101101000111100010001110111010100011010000000011010101010010100101110001000100011000010101010100110
2 21  100 1101100000111100110000110101010100011010000000011011111011100100101110001000100011100010101010100110
runNumber 13
genCount 5321
elapsedTime 599.859
unaryHyperVol 167
binaryHyperVol 8.72549
additiveEps 0.882353
entropy -inf
archive 13
3
5 19  100 0001000000011011100000011101010101000010000000100000111011001110001110001000100011101010101010010001
4 22  100 0101000000111011010000111100000111011010000000100011111011010111001110011000100000010010101011010001
2 24  100 0001000000011011010000001100001111000010000000100011111011010111001110011001100001101010101001011110
runNumber 14
genCount 5018
elapsedTime 600.044
unaryHyperVol 94
binaryHyperVol 10.5217
additiveEps 0.913043
entropy -inf
archive 14
4
5 27  100 0001100100010010001100110101000101011010110000101101011011001010000000111011010000100111101010100001
4 28  100 0001100100010011010101000101000011011010110000010101010011001010000000111011000001100101101010100001
3 29  100 0001100100010011110101000101010011011010110000001101110100100100011010011010010000100101101010100001
2 30  100 1001101111010111110000110011000100111011000000101101110111101100000000010110110000100101101010100001
runNumber 15
genCount 5181
elapsedTime 599.946
unaryHyperVol 140
binaryHyperVol 333
additiveEps 333
entropy 0
archive 15
1
2 23  100 0001100000010011000000000111110110000010000000010101111011100110001110000000110000100100101000100000
runNumber 16
genCount 5306
elapsedTime 599.921
unaryHyperVol 160
binaryHyperVol 333
additiveEps 333
entropy 0
archive 16
1
2 21  100 0001101000111101000000100111100111011010000011100011111011101100001110001011100011100111101010100001
runNumber 17
genCount 5167
elapsedTime 600.018
unaryHyperVol 162
binaryHyperVol 9.41176
additiveEps 1
entropy inf
archive 17
2
4 20  100 0101000000001111011001110111000101111010010000010110111011010101000110001100101001100110101001100000
2 24  100 1111100100011100010000110011010100011000110000010110111011010101000110001000100011100111101001000011
runNumber 18
genCount 5317
elapsedTime 599.946
unaryHyperVol 132
binaryHyperVol 8.74286
additiveEps 0.857143
entropy -inf
archive 18
3
7 22  100 1101100100011101011101000000000111110001111100111010110111010111010010001000100011100110101010100010
3 25  100 1101100100111101111101000000000111111011010100101010110010100000000010101000100011100110101010100010
2 28  100 0111100100110000000000000000000111111001011100111000110110100111000010111000100011100110101010100010
runNumber 19
genCount 5225
elapsedTime 600.013
unaryHyperVol 129
binaryHyperVol 16.4554
additiveEps 1
entropy inf
archive 19
2
9 22  100 0001010000011111010101010111011110111010000100000011110011010110010110001000101111100100101001100000
3 23  100 0101100101011111000101000011010101011010000110000011111011010101001110001000001111100110101010100010
runNumber 20
genCount 5078
elapsedTime 599.905
unaryHyperVol 141
binaryHyperVol 6.54348
additiveEps 0.695652
entropy -1.37294
archive 20
5
8 19  100 1111101000011100010001110111010100011000000000101010011111100010111110001000110011100110101010101010
7 22  100 0001010100011111010101000001111101110010110000000010111011100110111110001000110010100110101011101010
6 23  100 1111101001011100010001110111010100011000000000101010110100101110001110001001011111100110101000011110
3 26  100 0001010100011111010101000001111101111010111000101110110100101110000110001000010010100110101011000001
2 30  100 1111000000111101000000110100110000111010111001110010001001100010111110101000110010100110101000101110
runNumber 21
genCount 5129
elapsedTime 599.996
unaryHyperVol 138
binaryHyperVol 10.1667
additiveEps 1
entropy inf
archive 21
2
6 22  100 0001100110011111111100100111110111011010000000100110010111100110001110001000100110100100101011010001
2 25  100 1111101000001011100000000110011100001010000000111110101011101000011110001000100011100101101010100001
runNumber 22
genCount 5272
elapsedTime 599.987
unaryHyperVol 115
binaryHyperVol 10.325
additiveEps 0.95
entropy -inf
archive 22
3
8 24  100 0011101000000000100000110111010110110101010000111111110011100110111110011011001011100110101010100000
5 26  100 0111101000000000100000110111010110110101010000111100110011100110111010001011001011100110101010110000
2 27  100 0001101000000000100000000110010111001001010000100100110011101110111010001011000111100110101000010010
runNumber 23
genCount 5329
elapsedTime 599.973
unaryHyperVol 154
binaryHyperVol 8.7
additiveEps 1
entropy inf
archive 23
2
3 21  100 0101101000010011010000110111000111111010000100100010000001100100001010110001100011100111011010100001
2 27  100 1100101001010111010000111011010111111010000110100100100000100100001010110001100011100111101010100101
runNumber 24
genCount 5186
elapsedTime 599.957
unaryHyperVol 150
binaryHyperVol 333
additiveEps 333
entropy 0
archive 24
1
2 22  100 0111000000011101010000110100010111111011000010100010011010100101001110001010100011101010101011101011
runNumber 25
genCount 5240
elapsedTime 599.945
unaryHyperVol 114
binaryHyperVol 16.8125
additiveEps 0.875
entropy -inf
archive 25
3
6 22  100 0001100000010101010000110111010101001010000000111101011001100001000010001000100011010110010100010001
4 28  100 0001100000010000110000110111110101001011000000101001110101100010000000000111010011100000010100100001
3 31  100 0001100000010000110000110111110101001011000001101001010101100001010000000001010011101000010110100001
runNumber 26
genCount 5235
elapsedTime 600.022
unaryHyperVol 148
binaryHyperVol 6.96
additiveEps 0.6
entropy 0.0232462
archive 26
3
4 21  100 0101000000111110001001110101000111000001000000001010110011100110001110010001100000100110011011010010
3 22  100 1111000000111100110000110111010111000001000000001010100011100110001110010001100001100110011010010001
2 32  100 0100100100111101100000110111010011001001000000001010111101101100001110011110000110100111101000011101
runNumber 27
genCount 5154
elapsedTime 599.919
unaryHyperVol 98
binaryHyperVol 21.2222
additiveEps 0.916667
entropy -inf
archive 27
3
5 25  100 1101011111011111010101000101010100000001000100010001110000010110011100011000100001100100011010100010
4 29  100 1101011111011011010101000101010100001001000100110011110000010110011010011010100001100110010110100100
3 31  100 1011100101011011010101000010010110000010000000010001111100010101001010000001111000100111011000101010
runNumber 28
genCount 5219
elapsedTime 599.938
unaryHyperVol 137
binaryHyperVol 9.1625
additiveEps 0.8
entropy -inf
archive 28
5
6 22  100 1101100100011101011001001011110111010100000100101110100101001010000010001000100001100001101010100010
5 23  100 0101100100001110010000000111111111110100010100101111010100010110001110001000100011100101101010110010
4 25  100 0101100100001110010000100011111111010100000100100100000101001100001110001000100011100101101010110010
3 26  100 0101100100001101010001000111111111111010000000101101001100101100000110001000101001101011101010100010
2 27  100 0101100100001110010000100011111111111010000110000100000101010111101110001000100011100101101010110010
runNumber 29
genCount 5104
elapsedTime 599.943
unaryHyperVol 100
binaryHyperVol 9.97516
additiveEps 0.869565
entropy -inf
archive 29
3
9 26  100 0001101111010000010000001011000011111010001101101010100100000101000010000001010011100101010110100001
3 27  100 0001101011010010010000101011100111111000000011100010001010100001000010000001010011100101010100100001
2 30  100 1001101011011100010000000011101111111000000101111010000001100001000010001001010011101101101000100001
