OptimalFront
unaryHyperVol 381
Optimal front is obtained by exact method
-------------------------
2
3 9
4 6
runNumber 0
genCount 5540
elapsedTime 599.886
unaryHyperVol 97
binaryHyperVol 10.3819
additiveEps 0.71875
entropy 0.472411
archive 0
4
12 28  100 1110000111101011110000000000001101010111101011110000100101001100000010000100010100010111111111000100
5 29  100 0010000111101011110000000000001100010111101111111010100101110100110000100000010100010111100111011100
4 34  100 0010000000101010100001001100101000010111101111111010101110110100010010100100010100010111010010010001
3 38  100 1010100000100100100001010000001100010111101111111010100101110100110000101100010001101001100111010000
runNumber 1
genCount 5269
elapsedTime 599.973
unaryHyperVol 193
binaryHyperVol 11.8056
additiveEps 0.875
entropy 0.472411
archive 1
4
11 20  100 0000000111100011101000000101101101100100100011011110101100111100001001010000011100100001101110010111
9 22  100 0000000111101011001000000111101011100100101111110010101001110101011101000000010100100001101110010111
4 23  100 0000100111100001100000000101101001100110101011110010101000110011000010010100011101101001101110010011
3 24  100 1110000111100000111000000101101011100100101011110010101000110011000010010100011101100001001101100001
runNumber 2
genCount 5085
elapsedTime 599.997
unaryHyperVol 100
binaryHyperVol 18.4295
additiveEps 0.833333
entropy 0.5994
archive 2
3
9 27  100 0010000111100001001101000001101010100110100011000010101100111100011010110000010101010101110111000101
7 30  100 0000010111100001011111000101101010100000100011010010100100111101011010100100010101010101111111000101
4 32  100 0000100110100001001101000101101010101110100000010011001100111100010110100000010000010111011001010001
runNumber 3
genCount 5230
elapsedTime 599.961
unaryHyperVol 177
binaryHyperVol 13.4211
additiveEps 0.894737
entropy 0.599401
archive 3
3
5 23  100 0000001000001111001010001100101000010110011011110010100000111111001010000011011000100001001101110111
4 24  100 0000001000101111001010001100101000010100011011110010100000111111001010000011011000100001001100010111
3 25  100 1010001010101001001011000101101000010110011011110010100000111111001010000000010001100001001101010001
runNumber 4
genCount 5270
elapsedTime 599.967
unaryHyperVol 106
binaryHyperVol 11.1423
additiveEps 0.8
entropy 0.380988
archive 4
5
13 25  100 0010100101100111111000000101101000101110000101000011110101111111001001000000010100100001110010010111
12 26  100 0110111011100111111000001101101011100100011101110011110101111111010101010000011100100001011110010111
9 28  100 0110000101101111111000101101101011101110000101100011110111010011001001000000000100100001100100010101
8 30  100 0010010111011100001000011101101010101001000101110011110101111111010101000000011000100001101100000101
3 32  100 0110011101101111111000001101101010100100011101000011110101000011000000000000011100100001010100010101
runNumber 5
genCount 5270
elapsedTime 599.909
unaryHyperVol 205
binaryHyperVol 10.7
additiveEps 0.8
entropy 0.599401
archive 5
3
5 20  100 0010000111100111110000000101100111010110100100110110101100111111101010101000011000000001101001010111
4 25  100 0010000111100101110001010101100011010110100111100000101101111110101110000000011000000001101001110111
3 26  100 0010110011101111000001000101100011010110100111100001101101111101000110000000010011101011110110010111
runNumber 6
genCount 5309
elapsedTime 599.961
unaryHyperVol 220
binaryHyperVol 9.12143
additiveEps 0.7
entropy 0.5994
archive 6
3
10 18  100 0000001111100111111000010101101011101010101011110001010000111111001110000000011100100011011111011100
4 20  100 0000001111100111111010000001101111101110101011110001010000111111000110000000011100100001011111010111
3 26  100 1010001110100110111000010101101010101010101011001001110000111111001110111000011100100001011111010101
runNumber 7
genCount 5239
elapsedTime 599.984
unaryHyperVol 192
binaryHyperVol 14.8125
additiveEps 1
entropy 0
archive 7
1
3 22  100 0010000110100111111000000001101010010110011011100010100001111101000000000000010000100001001100010101
runNumber 8
genCount 5389
elapsedTime 599.987
unaryHyperVol 177
binaryHyperVol 9.34615
additiveEps 0.653846
entropy 0.472411
archive 8
4
7 22  100 0000100101000111111000010101100011100001101011111100100000111111000110000100011100010111100110010000
6 23  100 0010011111000101110101000101101011101001101011101101101100111111000110000000010101010111100100010010
4 24  100 0000100101100111110000000101101011100001101001100000101100111111000110000000010101010111110100010000
3 32  100 0110011101100000000001000101101011101001101011001000000101111111000110000000010111101011010110010000
runNumber 9
genCount 5321
elapsedTime 599.954
unaryHyperVol 214
binaryHyperVol 13.0625
additiveEps 0.875
entropy 0.509891
archive 9
2
4 20  100 0000010111100111001000000100101111010110111000110010110000111100001010000000011100100001011111010111
3 22  100 0010000111100111001001000100001011010110111001110110110000011100001010000000011100100001011111010101
runNumber 10
genCount 5409
elapsedTime 599.8
unaryHyperVol 186
binaryHyperVol 10.7792
additiveEps 0.761905
entropy 0.472411
archive 10
4
14 21  100 0010000101100011111000000101101100100100000111000010110100111111011010000001001100100001101111011001
5 22  100 0010000101100011011000000101100001100100010111000011100100111111000110000001001100100001101111011001
4 24  100 0010000101100011111000000101101100100100001111000001110100111111011010001000011000101001101111011011
3 27  100 0010000100101011011000001101101001101000010101000011101100111111001110000000011010100001011111011001
runNumber 11
genCount 5258
elapsedTime 599.99
unaryHyperVol 180
binaryHyperVol 14.8235
additiveEps 1
entropy 0
archive 11
1
3 23  100 0110001101010100111011000110101011100110001111111011111100111101101010000001101100100001001111011101
runNumber 12
genCount 5141
elapsedTime 599.895
unaryHyperVol 202
binaryHyperVol 9.28986
additiveEps 0.652174
entropy 0.472411
archive 12
4
6 20  100 0010000111000100101000000101101011101000101000110001110001111111000110000011001100101000001111011001
5 21  100 0010000111100100000000000101101011101000101000110000010100011111000110000001001100101000001111011001
4 24  100 0010000100101100101000000101101011101000101000110001110001111111000110000011011100100001001111011001
3 29  100 0010000111100000000000111101101011101010010100110000011100011011000110111100011100100001001111011001
runNumber 13
genCount 5391
elapsedTime 600.015
unaryHyperVol 104
binaryHyperVol 12.6285
additiveEps 0.916667
entropy 0.5994
archive 13
3
15 26  100 0010000101100111100000010111000101100101001111000110100000111011001010010000011100101011000111000110
11 28  100 0010000101100101010100000011001000100000001111000011010100011111001010010000011000101011011111000110
3 30  100 1110110101100001000001001010101010100010001010111100100000111111001010010000010000101011110111100010
runNumber 14
genCount 5445
elapsedTime 599.993
unaryHyperVol 156
binaryHyperVol 14.8421
additiveEps 1
entropy 0
archive 14
1
3 25  100 0000100101100110101000000101100101010101001001110011011110111111011010000000010100100001101111000101
runNumber 15
genCount 5139
elapsedTime 599.889
unaryHyperVol 176
binaryHyperVol 20.131
additiveEps 0.75
entropy 0.54796
archive 15
4
7 21  100 0010000111100100110101000111101010100110101000110101100100110000101010001001001100010111101111010010
6 23  100 0010000111100100010100111001101010100110101011010001100010110010101010001111001100010111101111010010
5 24  100 0010000111100100010100111001101010100110101011010001100110110010101010001111001101010111101111010010
4 27  100 0010000111101100010100001101101010100110101000010101000100110001101010001001000000010111101101010000
runNumber 16
genCount 5233
elapsedTime 599.974
unaryHyperVol 130
binaryHyperVol 26.619
additiveEps 0.952381
entropy 0.509891
archive 16
2
6 26  100 1010000111100011111100000000101010100110011010010110000100011111001101010000001100010110100011010001
4 27  100 1010000111100011111100000000101010100110011010010110000100011111000101010000011101010110100011010001
runNumber 17
genCount 5220
elapsedTime 600.039
unaryHyperVol 225
binaryHyperVol 13
additiveEps 0.866667
entropy 0.5994
archive 17
3
5 19  100 0010000110100111110100000101101000100110001011110010101100100001001010110000011100000001111011010101
4 20  100 0010000110100111110100000101101000100110001011010010101100100011001010110000010100101001111011010101
3 21  100 0010000110100111110100000101101000100110001011010010101100100011001010110000010100100001111011010101
runNumber 18
genCount 5336
elapsedTime 599.892
unaryHyperVol 192
binaryHyperVol 10.125
additiveEps 0.761905
entropy 0.54796
archive 18
4
11 20  100 1110000101000111110000000101101011101101101011110010100000111101000110000000000000100000001111011001
7 22  100 0110000111000111111000000101101011100101101011111101101101111001010000000000001101100000100111001001
4 23  100 1110000011100111011000000001101011100101101011110010101000111101000010100100011101100001101100100111
3 27  100 0110001101010010101100000101101011100101101011010010101001111101000110000000010001100001101111110001
runNumber 19
genCount 5166
elapsedTime 600.025
unaryHyperVol 186
binaryHyperVol 13.3889
additiveEps 0.888889
entropy 0.509891
archive 19
2
6 22  100 0010000101100111111000000100101001101010101000110010101011110100000000001100011110000000101011010101
3 24  100 0010000110100111111000000111101111101010000011010010100111111111000000001100011100100001110101010101
runNumber 20
genCount 5186
elapsedTime 599.854
unaryHyperVol 213
binaryHyperVol 12.1778
additiveEps 0.888889
entropy 0.509891
archive 20
2
12 18  100 0010110111000111011000000101101010100101000111110010111101111111011010000000011100000001101111010001
3 21  100 0010000010100111011000000101100101100011101011100110101000111111001010000100011100100001101111010101
runNumber 21
genCount 5378
elapsedTime 599.996
unaryHyperVol 148
binaryHyperVol 13.585
additiveEps 0.9
entropy 0.509891
archive 21
2
13 24  100 0010000100100111011000000001101011101010000111000000110000111111111100000000010111101001101011010101
3 26  100 0010001001100100001001000101101011100101101111111001100000111111111110000000011111100001001011011101
runNumber 22
genCount 5296
elapsedTime 600.025
unaryHyperVol 140
binaryHyperVol 17.6558
additiveEps 0.857143
entropy 0.5994
archive 22
3
10 24  100 1001100100011101011000000101100101010110100011111010101100000011100000001001001100101001101111000111
5 26  100 0101000100010001011000000101100101010101101011111011101100100011010000000000011100101001101001000111
4 28  100 1001000100011101001000000101100101010110100010011000100000001010100000000000011100101001101111000111
runNumber 23
genCount 5224
elapsedTime 599.682
unaryHyperVol 206
binaryHyperVol 12.4559
additiveEps 0.823529
entropy 0.468496
archive 23
3
7 20  100 0000000000000111110001100101101011100110101011110011100100111110001010000000011101100001101100010001
6 21  100 0110001101000111110001000101101011100110101011110011100100111110001010000000010100000001110100010001
3 23  100 0000001000100111110001000111100011100110101011110011100100111110001010000000011101100001111100010001
runNumber 24
genCount 5493
elapsedTime 599.894
unaryHyperVol 204
binaryHyperVol 14.8
additiveEps 1
entropy 0
archive 24
1
3 21  100 0010000100100111111000000101101010100110100101110010100101111111111110000000010000100001110111010101
runNumber 25
genCount 5264
elapsedTime 600.138
unaryHyperVol 149
binaryHyperVol 11.1884
additiveEps 0.782609
entropy 0.33854
archive 25
6
15 23  100 0000000111101011111011101010101010010110101000110010101101111100011010000101000000100001111100010101
11 24  100 0010000111101011111011101010101010010110101000110010101101111100010010000001000000100000111100110111
7 25  100 0010110101101111110011010100101010010110101011110010101111010001000110000001000100100001111100010111
5 27  100 0010110111101011111011001011101010010110111111010010101111010001000110000001000000100000111100100111
4 28  100 0010001100101011111011101010101010010110101000110010101101111100011010100000010110100001111100100111
3 29  100 0000010110101011000001100100101110010110111111110010001101101100001010000000011101101011001000011111
runNumber 26
genCount 5232
elapsedTime 599.884
unaryHyperVol 188
binaryHyperVol 12.6204
additiveEps 0.833333
entropy 0.5994
archive 26
3
9 21  100 0010001001100001110001000101100101010110110011110001101100110100001010001001100000101010101111010110
7 23  100 0010001001100001110001000101100101010110110011110101111100100100001010000001100000101010101111010110
3 24  100 0000000011100001010001000110101011010100100011110001101110111100001010010000010000101000101101000110
runNumber 27
genCount 5225
elapsedTime 599.972
unaryHyperVol 216
binaryHyperVol 14.7857
additiveEps 1
entropy 0
archive 27
1
3 20  100 0000000111101111111000110001101010100110100111110110101110111111001010001100011111100001101110010101
runNumber 28
genCount 5401
elapsedTime 599.848
unaryHyperVol 127
binaryHyperVol 20.4762
additiveEps 0.952381
entropy 0.509891
archive 28
2
9 26  100 1010001110000101111000000101101011010101000101000110001000001100000110100000000001010111101101010110
4 27  100 1010000100100101111100000101101011010101001111000110100100001100000110000100010001010110100001010110
runNumber 29
genCount 7560
elapsedTime 599.973
unaryHyperVol 215
binaryHyperVol 13.8667
additiveEps 0.933333
entropy 0.509891
archive 29
2
4 20  100 0010000111100111111000001000101000100110011011110110001000110111000000010000011100101001001111010101
3 21  100 0010000111100111111000001000101001100110011011110110001000110111000000010000011100100001001111010101
