OptimalFront
unaryHyperVol 275
Optimal front is obtained by exact method
-------------------------
3
2 9
3 7
5 6
runNumber 0
genCount 5124
elapsedTime 599.916
unaryHyperVol 133
binaryHyperVol 7.61905
additiveEps 0.666667
entropy 0.529986
archive 0
4
5 19  100 1000001000010001011010000010000001000101100101110001100100000000011001000101100000101000101100110111
4 23  100 1000001000010101011011100010000011100100011101011111010101000000011001100001100000101100101100000111
3 24  100 1000001000010100111000001010000101100101000101010011011101000000010101000001100110101101111100110111
2 27  100 1000001010010000001010010010000000101001101101011001010101000000010101000000010101101101101100110110
runNumber 1
genCount 5214
elapsedTime 599.854
unaryHyperVol 139
binaryHyperVol 11.1111
additiveEps 0.933333
entropy 0.49717
archive 1
2
3 20  100 1100001000100100011010110010101100100110001101011001010100000000010101010000010010100100100101110111
2 21  100 1100001000010010011010110010101100100110001101011001010100000000010101010000010010100100100111111111
runNumber 2
genCount 5190
elapsedTime 600.035
unaryHyperVol 126
binaryHyperVol 7.71818
additiveEps 0.636364
entropy 0.529986
archive 2
4
7 20  100 1000001001010101011001000010000100101001110110011000010100011011010101010011101010100000101110111011
4 21  100 1000001001010101011010000010000000101011110100011000010100011011010101010011101011100000101110111011
3 23  100 1000001000010100010001100010000100101001110110011000010000011011010101010011100010101000111101010000
2 28  100 1000001011010001011011000100000001101101110110011000000101011011011011000100010100101000101110110011
runNumber 3
genCount 5275
elapsedTime 599.831
unaryHyperVol 126
binaryHyperVol 8.49
additiveEps 0.7
entropy 0.529986
archive 3
4
7 20  100 1000001000010101011010001010000100100101100111011000010100000011010101000011101000100110111100110111
5 21  100 1000001000010001011001000010000000100101100111011000110100000011010101010111101010101011111100110111
3 23  100 1000001000010100011000000110000100100101100111011000110100000011100101010111101010101011111100110111
2 26  100 1100101000010001011001000010000000100101100111011000010100000001110101110100011010101000011100101110
runNumber 4
genCount 5307
elapsedTime 599.939
unaryHyperVol 149
binaryHyperVol 8.58824
additiveEps 0.705882
entropy 0.481574
archive 4
3
5 18  100 1000011000010101011000100010000000100100100100011011010100000011011000010000100010001100100011111111
3 21  100 1000001011010100001010100110000000100100000100011011010100000011011000101001100000101100100011111111
2 23  100 1100101011010001011001000010000000100100100100011011010100000011011000010000010000101001010011110111
runNumber 5
genCount 5194
elapsedTime 599.971
unaryHyperVol 101
binaryHyperVol 7.89744
additiveEps 0.653846
entropy 0.49717
archive 5
2
3 23  100 1000001000000100011011000011010101100011001101010101110100000000001000110000010000101001101111010111
2 32  100 1000001000010001011010000100110001100000000000010111110001000000001000010000010000101101000111110110
runNumber 6
genCount 5105
elapsedTime 599.977
unaryHyperVol 78
binaryHyperVol 10.4432
additiveEps 0.863636
entropy 0.49717
archive 6
2
6 25  100 0000101000000100011011001011000000101101001101010000010101110001001000110100011110101000111111000111
2 28  100 0000111001010000011011001010000000100001001101100111100100101011011010110000010011101100111110110111
runNumber 7
genCount 5256
elapsedTime 599.976
unaryHyperVol 150
binaryHyperVol 11.8718
additiveEps 1
entropy 0
archive 7
1
2 19  100 1001001000010001011011000010001100101001000101011010010100000011010101110000010010100111011111110001
runNumber 8
genCount 5185
elapsedTime 599.968
unaryHyperVol 161
binaryHyperVol 6.33333
additiveEps 0.722222
entropy 0.529986
archive 8
4
6 15  100 0100001000010111010010000011001100010101000101010001010100001011010000100100010010101000101111010111
5 20  100 1100001000010111000010000011001100010111010101010001010110011011010000100100010000101000101111010101
4 21  100 0000001001010011001011000010001000010101000101010001010100001011010000000100010010101000110101110111
2 24  100 0100001000010011011011000010001100010101001101011001001000000010111011100100010010100010101111110000
runNumber 9
genCount 5292
elapsedTime 599.801
unaryHyperVol 115
binaryHyperVol 9.14286
additiveEps 0.761905
entropy 0.49717
archive 9
2
3 22  100 1000001000000100011001000000110000010100100011010101001100011001011000110000010010101000001011110111
2 27  100 1000001000010001011010001011011011100100100000010101001000011001011000010100011010101000011011110111
runNumber 10
genCount 5317
elapsedTime 599.963
unaryHyperVol 120
binaryHyperVol 7.26667
additiveEps 0.6
entropy 0.49717
archive 10
2
3 21  100 1100001000000100011010000011001000010101000101011011110100000011111011101100010011101110101111111011
2 31  100 1100001010010000011010010110100101100101100111011011101110111011011001101100010001101110101111111011
runNumber 11
genCount 6727
elapsedTime 726.8
unaryHyperVol 71
binaryHyperVol 8.85897
additiveEps 0.769231
entropy 0.529986
archive 11
4
8 25  100 0100010101110100011010110000001000100100000101011001010100000011011000110100011111011001110101100111
5 27  100 0100010101110100011010110011110010100100000101011001010100000011011000110100011101011001110101100111
3 28  100 0100010101010100011011110111110010010110011100011001010100000011111000110000011101101000101111100111
2 32  100 0001010101010010111011110100000010100111000100011001010100000011011000110100010111101111101100111110
runNumber 12
genCount 5207
elapsedTime 649.485
unaryHyperVol 73
binaryHyperVol 8.41346
additiveEps 0.730769
entropy 0.472736
archive 12
5
10 24  100 1000001000010011110011000001000100100101001001101011110100011010011000110000010000101000010111111100
6 26  100 1000001000010001000010010100111100100101001101001101110100001010001000010000010001101000000101110111
4 27  100 1000001011010001110011010111100100100110001001011111110100011010011011110000010001101000100101110111
3 29  100 0000001001010011010011010101000100100101001001101111111100011010011000110000010001101000010111110010
2 32  100 0000001000010011011001000001100100100101001000001101111011001010011011101100010001101010010111110011
runNumber 13
genCount 5282
elapsedTime 599.864
unaryHyperVol 136
binaryHyperVol 8.26389
additiveEps 0.833333
entropy 0.49717
archive 13
2
6 18  100 1000001001100100011010000011000001011101110101011101010100000011011000110000010110101010101111110111
2 24  100 0000111000010001011010000110000100101111011101011001010111001011011000110000010101101000101101010101
runNumber 14
genCount 5296
elapsedTime 599.957
unaryHyperVol 79
binaryHyperVol 9.05797
additiveEps 0.833333
entropy 0.481574
archive 14
3
8 23  100 1000001000001001011010000011110000010101000100011001000110011001010001100000011100101100101110010010
7 24  100 1000001000001001011010001111110000010111000100011001000000011001010101100000001100101100100011100111
2 29  100 1000001000010001101011100111111011010111000100010001000100011001010101111100011100101100100011100111
runNumber 15
genCount 5040
elapsedTime 600.003
unaryHyperVol 161
binaryHyperVol 6.19048
additiveEps 0.571429
entropy 0.485314
archive 15
5
9 15  100 1000001000010101011010110010000000010101000101010111110101111011010000000001100110101100101111110111
7 17  100 1100001000010101011010000010000011010101000101010111110101011011010000010001100110101100111111110101
4 18  100 1100011000010101011010000110000001010101000101010001110100111011010000010001100010101001001001110111
3 22  100 1000001000010100011010110000000100010101000111010101110100111001011011000001100011100101001101110111
2 24  100 0000101000010001011010000010000011010101000101011111110101111011011001000000011001100100011111110111
runNumber 16
genCount 5277
elapsedTime 599.98
unaryHyperVol 175
binaryHyperVol 5.56667
additiveEps 0.5
entropy 0.449615
archive 16
3
5 15  100 0100001001110100011010000010001100100101001101011001010101011011011000110001101010101000101011010110
3 17  100 0100001000110100011010000010001100100101001101011001010101011011011000110000011010101011001111111010
2 26  100 1000111000010010111001001000000101101101011101011001010101101011001000110000011010101000101111111101
runNumber 17
genCount 5232
elapsedTime 599.856
unaryHyperVol 123
binaryHyperVol 10.0222
additiveEps 0.833333
entropy 0.449615
archive 17
3
7 21  100 1100001000010101011010001000000100100101000111010001011000011011011000001000010010101011001100110101
3 22  100 1000101000010100011010010001001100100101000101010101101000011011011000001000010010100011001100110110
2 24  100 0100101010010001011010010000000100100101000111010001011000011011011000001000010010101011001100110101
runNumber 18
genCount 5218
elapsedTime 599.984
unaryHyperVol 60
binaryHyperVol 10.9773
additiveEps 0.909091
entropy 0.49717
archive 18
2
12 26  100 1000001010010101011001000110000100010100001111011011001001110001001000100000010010101000101101001110
2 28  100 1000011001010011011000001110000101010110000101011001001001111000101001100000010010101000100011000110
runNumber 19
genCount 5077
elapsedTime 600.056
unaryHyperVol 65
binaryHyperVol 8.61607
additiveEps 0.714286
entropy 0.449615
archive 19
3
10 26  100 1111000011001001011001010100111101010101000101101001010111101000001000010000010010001100000111110111
3 27  100 1000011001110100101010110100111100010101000101111001010101011000001010001100010010101100110011110101
2 34  100 0111101001010001101010110100101111100101001001110011110111011000001000010100010001101000110011110000
runNumber 20
genCount 5217
elapsedTime 599.841
unaryHyperVol 138
binaryHyperVol 10.4778
additiveEps 0.866667
entropy 0.49717
archive 20
2
8 19  100 1000001001010001010010000000000100000101000101010001100000000011011000110001101010100000011100011011
2 21  100 1000001000010001111010000011110100101101000101010001000111000001111000110000010010100000111111110111
runNumber 21
genCount 5266
elapsedTime 599.956
unaryHyperVol 106
binaryHyperVol 21.6481
additiveEps 0.888889
entropy 0.49717
archive 21
2
4 22  100 1111001010010101011010000010000000100001010000011101010100001000111000111001100001101000101111101011
3 24  100 0100001001010100011010100101000000101101000111011001010100011001101010011001100010101000101110010000
runNumber 22
genCount 5245
elapsedTime 599.821
unaryHyperVol 107
binaryHyperVol 7.09615
additiveEps 0.692308
entropy 0.449615
archive 22
3
6 21  100 1000111010000100011010001110000100001101000100010001000100011011010000100000010101101010101110010111
3 25  100 0000111010000100011010000001000100100101000100100001011100011011011000101000010000100000100100000011
2 32  100 1000111001010000001001001011000000100101000100010001101010111000111000100000010100100000101101011011
runNumber 23
genCount 5203
elapsedTime 599.903
unaryHyperVol 81
binaryHyperVol 7.88095
additiveEps 0.666667
entropy 0.506429
archive 23
4
5 24  100 0100001011001001001010000010000000100100110101010101000100000001111011110000010011101000001101000100
4 25  100 0100001010101001011010000010000000100101011111010111011100000001011010111000000011101000001111000110
3 32  100 1110001001010010010010000000010001100101010111110011010110000001011010111000010001101010001000110101
2 34  100 0111001011010000011011010010000000100100111101011101000100001000001011111000010010101111011001001101
runNumber 24
genCount 5220
elapsedTime 599.924
unaryHyperVol 114
binaryHyperVol 10.1228
additiveEps 0.842105
entropy 0.49717
archive 24
2
4 22  100 1000001000010100000010000001001101010101110100010001101110011010001001110000010010101100101111110111
2 25  100 1011001001010000011010100000000100010110101101011001011100011000101000110000010010100000101011000101
runNumber 25
genCount 5285
elapsedTime 599.964
unaryHyperVol 110
binaryHyperVol 16.1
additiveEps 0.833333
entropy 0.49717
archive 25
2
7 20  100 0100010100010101011010100101010100100110111001010001000100011011010000010001101110101000101111110111
3 24  100 0100010100010100011000110011001100100110001001010011100000011011001000010101100111101000101111110111
runNumber 26
genCount 5193
elapsedTime 600.01
unaryHyperVol 103
binaryHyperVol 9.28571
additiveEps 0.809524
entropy 0.481574
archive 26
3
6 22  100 1000001000000100011010100110000100001100000101010001000100001001011000110000011100100000101111110001
3 26  100 0000001000000100011000001101010101100000000101000001011111000001011000110000011100101010101111110011
2 27  100 1000011001010000011000100101000100100101010111010001000111000001011000110000011100100000101111111011
runNumber 27
genCount 5243
elapsedTime 599.961
unaryHyperVol 111
binaryHyperVol 11.3203
additiveEps 0.941176
entropy 0.49717
archive 27
2
11 22  100 1000001000010001011010000010000100010101000100011011110100100101001001010000010000101000010011110011
2 23  100 1000001000010001011010000010000100010110000101000101000100000010001001010000010001101000110001000111
runNumber 28
genCount 5180
elapsedTime 600.038
unaryHyperVol 113
binaryHyperVol 8.37681
additiveEps 0.695652
entropy 0.49717
archive 28
2
3 22  100 1000001000110100011010000010000100100101000001011101011000011011011000001000010100101001111100101111
2 29  100 1100001000010000001000100110001100100110101101011000010101111011011000111000010100101001111100101111
runNumber 29
genCount 5475
elapsedTime 599.859
unaryHyperVol 98
binaryHyperVol 10.2875
additiveEps 0.85
entropy 0.49717
archive 29
2
6 23  100 1010001000001000011010100010100100100101001001010001010101000001000101110000011100101010101011110111
2 26  100 1000001000010001011011001000000000010101000101000001010101000001000101110100011100101100100011001111
