OptimalFront
unaryHyperVol 339
Optimal front is obtained by exact method
-------------------------
2
2 6
3 4
runNumber 0
genCount 5152
elapsedTime 600.066
unaryHyperVol 148
binaryHyperVol 6.85222
additiveEps 0.586207
entropy 0.54796
archive 0
4
9 19  100 0000011100000100010011110101100101110100000011000100101010011001001110110111111001111110101011001110
5 21  100 0000001101000100010011100011000000010100010101100110101010111001001010110111101010110110101011100010
3 22  100 0000011100000100010011110101100101110100000101101110101010011001001110110111111001111110101011001110
2 33  100 0000010011010000010111110000100000010100010101101110101010111010100110010100010100011010101011100010
runNumber 1
genCount 5097
elapsedTime 599.918
unaryHyperVol 100
binaryHyperVol 9.06452
additiveEps 0.935484
entropy 0.509891
archive 1
2
3 25  100 0000111111110100100110001100000000000111111000110010101010001000011110110100010000110111101000101111
2 35  100 0000111101010000000101000000100000000001001101000010110011001000011110110100010101001110101000101011
runNumber 2
genCount 5268
elapsedTime 599.979
unaryHyperVol 147
binaryHyperVol 9.41667
additiveEps 0.916667
entropy 0.509891
archive 2
2
3 21  100 0000011100000100110011101100000000010110100011010110101011001001000010010111111100010001101011010000
2 28  100 0000110110010000100011101100000000010110101100010110010101000011000010011011000110110001101011010000
runNumber 3
genCount 5127
elapsedTime 599.956
unaryHyperVol 98
binaryHyperVol 11.942
additiveEps 0.913043
entropy 0.509891
archive 3
2
8 25  100 1010101101010001110000111100000011100100101100110110111000000000000110110011001000111000011011111111
2 27  100 1010101101010001110000001100000011100100101011001110011011101010001110100001101010101001101011111110
runNumber 4
genCount 5179
elapsedTime 600.004
unaryHyperVol 152
binaryHyperVol 9.1118
additiveEps 0.73913
entropy 0.599401
archive 4
3
9 20  100 0000011110000100000101001100000010101100101100000000101010001001001110110101011010001110101011011110
3 21  100 0000110001000100010000001100001010000100100000000010101010001001001110110101010100000010101010001111
2 27  100 1010000001010000010111001100101010111100010000001010101010001001001110101011010101110010101000111111
runNumber 5
genCount 5272
elapsedTime 599.942
unaryHyperVol 155
binaryHyperVol 9.57576
additiveEps 0.727273
entropy 0.599401
archive 5
3
5 20  100 0000111101100100110010110100000000011010000101000100100010001001001110110111001000000110100011001011
3 22  100 0000011001100100011011011100001000011010100000001010100110001001100000110111001010010110101011001010
2 26  100 0000010011010010010010101100000001111000101100000010010111001001001010110111001000000110101011001011
runNumber 6
genCount 5242
elapsedTime 599.998
unaryHyperVol 171
binaryHyperVol 10.9167
additiveEps 0.833333
entropy 0.5994
archive 6
3
4 19  100 0000010101000100101000000000000000010111100000010100101010111001000010110111110011011101101001001111
3 21  100 0000111001000100101000000000000000010111110000001110001010111001000000110111110011011101101011001111
2 22  100 0000011001010000111111001100000000010110100000010010001010111001000000110111110011011101101001001111
runNumber 7
genCount 5108
elapsedTime 600.019
unaryHyperVol 157
binaryHyperVol 8.91667
additiveEps 0.916667
entropy 0.509891
archive 7
2
3 20  100 0000001100000100000011110100000000010100011101001110111010000001010000010100101010110101101011001111
2 28  100 0000011101010000011011110000000011010100011101000010001010000001010000010000001110111100101011000110
runNumber 8
genCount 5035
elapsedTime 599.985
unaryHyperVol 89
binaryHyperVol 9.38312
additiveEps 0.75
entropy 0.472411
archive 8
4
13 24  100 1010011101001000001111000000000000111100011100110100110000001001001110011100001110010101100011110011
11 25  100 1010011101001000001111001100000100111101011010010001110000001001000110010100001010110101101011110011
4 26  100 1010001100001011110001110100000010001100010100111110110110001001011110010100001010100101100011110011
2 32  100 1010011110010011101101100100101000101100010110111110110100001001010110011100001010110001101011110011
runNumber 9
genCount 5052
elapsedTime 599.917
unaryHyperVol 141
binaryHyperVol 20.9848
additiveEps 0.772727
entropy 0.5994
archive 9
3
5 20  100 1010010111010000101111111000000000110111100000000110111001001011000101110101111010110100010111000111
4 23  100 0010011111010000101111111000000000010000000000000100101101111011000000110001111010110100010111111111
3 26  100 1010011110010011101111111000000000010100100100000110001111011011000000110001111010001000010111011101
runNumber 10
genCount 5073
elapsedTime 599.979
unaryHyperVol 202
binaryHyperVol 9.90625
additiveEps 0.8125
entropy 0.5994
archive 10
3
4 16  100 0000001101100101100011000000000000111100100000000110101010001000001110110011001010110101101000001101
3 19  100 0000001101110100100011010000000000111100100000000110101010001010001110100010100110110101101000011011
2 20  100 0000001101010000100111000000000000111100100000000110101010101010001110100011001010110101101000101101
runNumber 11
genCount 5077
elapsedTime 600.036
unaryHyperVol 119
binaryHyperVol 11.2987
additiveEps 0.863636
entropy 0.5994
archive 11
3
9 23  100 1001001101010001010111111101100100100100100000001010101000001000010110110000001010110101101001000111
5 24  100 0001101100010000010011111100100100010100000000001010100000001001110110100000001010110101101010001111
2 26  100 0000101101010000111110110100000100000100100000001010100000001000010110110000001110110110101001000011
runNumber 12
genCount 5104
elapsedTime 599.958
unaryHyperVol 144
binaryHyperVol 9.25
additiveEps 0.75
entropy 0.54796
archive 12
4
6 20  100 0000011101000111011111001000100001110111101100000110100110001001001110110111111001000001100011110010
5 23  100 1100100100000100111011010100000000110111100000010010100010001001000110111111011010101010100011110011
4 24  100 0110111101110011011111001000100001110111101100000110100110001001001110110111111001000001100011110000
2 27  100 1110010110010010111111000001100000001100100010001010100010101001001110100111111011111011101001001111
runNumber 13
genCount 5018
elapsedTime 599.958
unaryHyperVol 204
binaryHyperVol 7.14286
additiveEps 0.714286
entropy 0.599401
archive 13
3
4 15  100 0000011111000100000010111100000000010111101000110100101010101001001110110111110101010101101011001111
3 21  100 0000011111000100101010111100000000010111100001110110010001001001000010111011110001000101101011001001
2 25  100 0000101111010000010111111100000100010111101000110110100011101001001110010111110101010101101011110101
runNumber 14
genCount 5198
elapsedTime 599.924
unaryHyperVol 197
binaryHyperVol 12
additiveEps 0.928571
entropy 0.509891
archive 14
2
3 17  100 0000011101010100101011110100000001101110101100000110100110111001001010111111111010010001101011001111
2 18  100 0000011100010001100011110000000000101110101100000110100110111001001010111111111010010001101011001111
runNumber 15
genCount 5172
elapsedTime 599.965
unaryHyperVol 162
binaryHyperVol 11
additiveEps 0.894737
entropy 0.509891
archive 15
2
3 20  100 0000011101000100010111110000000001110101001111100110001010001001001110100101110110000101101011000011
2 23  100 0000010101010011101011101100100001010101010000010110001010001001001110100011110110000111101011001110
runNumber 16
genCount 5158
elapsedTime 600.056
unaryHyperVol 142
binaryHyperVol 8.92
additiveEps 0.72
entropy 0.5994
archive 16
3
7 21  100 0000011100010100100011111100000010100100100000000000100110001000010110111110001001001011100000111110
3 22  100 0000011100010100100011111000000010100100100000000010100010001000011110111010001001001001101000011010
2 29  100 1110100001010001101011111100000111011011100010000110101110001010011110111010001000001001101000000100
runNumber 17
genCount 5170
elapsedTime 599.724
unaryHyperVol 118
binaryHyperVol 10.767
additiveEps 0.875
entropy 0.54796
archive 17
4
10 22  100 0000011101010111110101110100000011110100100000000110111001001011000000000111001110110101011001000111
8 24  100 0000000101010111010110111100100000110100010000000110101001001011000010000111001110111100010111111111
5 25  100 0000011101010100110101110100000011010100100010000010100001001001000010000111001011001100011001000111
2 26  100 0000011101010001000100100100000001010100100000000110111001000011000010100111001110110111101001000101
runNumber 18
genCount 5207
elapsedTime 599.907
unaryHyperVol 176
binaryHyperVol 12.8667
additiveEps 1
entropy 0
archive 18
1
2 19  100 0000110111010000100011111100000000100100110000001110101000011001001110110010011100110101101011001011
runNumber 19
genCount 5191
elapsedTime 600.009
unaryHyperVol 122
binaryHyperVol 12.39
additiveEps 0.95
entropy 0.509891
archive 19
2
12 23  100 0000010110010100100011110100001100100101100000000110111010001000001001010110010100111100101001000001
2 24  100 0000111010010000100011110100000000000101100000000110111010001000111110011010010100111000101011000011
runNumber 20
genCount 5021
elapsedTime 599.955
unaryHyperVol 123
binaryHyperVol 9.07143
additiveEps 0.928571
entropy 0.509891
archive 20
2
3 23  100 0000100101000100001001101100000000100101011100110010101010001001000110000111111101110110101000110011
2 32  100 0000010101010010100100111100001101001110000001000110110110111010010010100111010011100011101000111111
runNumber 21
genCount 5201
elapsedTime 599.969
unaryHyperVol 170
binaryHyperVol 11.549
additiveEps 0.882353
entropy 0.509891
archive 21
2
5 19  100 0000011111010101101011111000001000101000100000000110101010101010011110110011110010000101101011010111
2 21  100 0000011111010001100011111000001000101000100000000110001001001000011110011011010010110101101011010111
runNumber 22
genCount 5298
elapsedTime 599.989
unaryHyperVol 184
binaryHyperVol 10.7647
additiveEps 0.882353
entropy 0.509891
archive 22
2
3 18  100 0000011110000100010000100101100001110100101100000110001010001001001110000111110110110101101010001111
2 21  100 0000011100010000101111110101100001110000111100000110001010001000001110100111110110110101101010001111
runNumber 23
genCount 5151
elapsedTime 599.983
unaryHyperVol 108
binaryHyperVol 12.4091
additiveEps 0.954545
entropy 0.509891
archive 23
2
4 25  100 0000011111010000010000101100100000010101001000000100000010011001000110000110001011010101101011001101
2 26  100 0110011100010001000111111000000100110100011111001110001010001001000110000110001011010101101011001101
runNumber 24
genCount 5190
elapsedTime 600.049
unaryHyperVol 119
binaryHyperVol 11.2987
additiveEps 0.863636
entropy 0.54796
archive 24
4
9 23  100 0000111111110101010011011100001010100000111100010100111010001001000010111011111110111100101011001101
6 24  100 0000111111110100000111111100101010000100101000010000111110001001000010111011111110110100101011011101
4 25  100 0000110111110101010011011100000010110110000000100010110010001001000010111011111110111100101011001101
2 26  100 0000101111010000010011011100000010101000101000000110101100011001000000011110011110110100101011010101
runNumber 25
genCount 5163
elapsedTime 599.986
unaryHyperVol 170
binaryHyperVol 10.3333
additiveEps 0.789474
entropy 0.5994
archive 25
3
5 19  100 0000111101000100100011110000000000100001010010000110111001011001001101110101001000000101101011011011
3 20  100 0000111101000100100001010000000000100000010000001110001001011001001110100111111100111101101011011011
2 23  100 0000111100010000100011110000000000100000000010000110111001011001001110100011110111111001101000101110
runNumber 26
genCount 5239
elapsedTime 599.966
unaryHyperVol 153
binaryHyperVol 12.2222
additiveEps 0.944444
entropy 0.509891
archive 26
2
3 21  100 0000010001000100100001110100100000010111011000000110100010000000110010111111110010110110101011001101
2 22  100 0000011101010000010011110100100000011100101000000110111010011001010000110111110010010011101011111110
runNumber 27
genCount 5105
elapsedTime 599.999
unaryHyperVol 199
binaryHyperVol 9.91667
additiveEps 0.8125
entropy 0.468496
archive 27
3
5 16  100 0000011101000101100011110000000000100100100001000110101010001001001100111110010001001110101011000011
3 19  100 0000011101000100100011110000000000100101100001001010101111001001000110001011010001000111101011000011
2 20  100 0000011101010000100110110000000010100100100001000110101010001001001110011000110100100110101011000110
runNumber 28
genCount 5098
elapsedTime 599.95
unaryHyperVol 165
binaryHyperVol 12.875
additiveEps 1
entropy 0
archive 28
1
2 20  100 0000011100010001100011100000000000010100110111001110001010000001001110010011111010110001101011001111
runNumber 29
genCount 5234
elapsedTime 599.906
unaryHyperVol 193
binaryHyperVol 10.6562
additiveEps 0.8125
entropy 0.599401
archive 29
3
4 17  100 0000011101000111110111111100001000100100100000000110101010011001101110011011110110000101101001000001
3 19  100 0000110101010100110111111100000010100100100000000110101010011001101110011011110110000101101001000001
2 20  100 0000110101010000110111111100001000100100100000000110101010011001101110011011110110000101101001000001
