OptimalFront
unaryHyperVol 514
3
4 6  100 1001100111011110101001000010100100111001011001110011011011101101001110000100100111100000010101101001
3 7  100 1001100111011110101001000010100100111001011001110011011011101101001110000100100111100000101001101011
2 9  100 1001100111011110100000000010100100111001011001110011011011101101001110000100100111100000101001101011
-------------------------
runNumber 0
genCount 5003
elapsedTime 600.015
unaryHyperVol 291
binaryHyperVol 6.1583
additiveEps 0.405405
entropy 0.442854
archive 0
4
9 20  100 1001100110101110000101000010100000111001011001100011011111101101010110001010101101010000101001001011
4 21  100 1001100110101110000101000010110000111001011001001011101001101101000110000110101101010000101001001011
3 23  100 1001100110100110001101000010100001111001011001100011011011101101000110001011011110100101101001101011
2 43  100 0111100010101100010000001001000011011011101011101010001111101101010110011001000000101101101001000010
runNumber 1
genCount 5086
elapsedTime 599.833
unaryHyperVol 261
binaryHyperVol 11.4896
additiveEps 0.75
entropy 0.481574
archive 1
3
6 23  100 1101000011011111111100110100100100111011010101100011011000000001001110100101100111100010101001101011
3 27  100 1111100101111101111101000111111001011001011001100000111111101001001110000100000100100000101001101011
2 30  100 1111100100101101110000010011110011111001010101100000011111101001001110000100000100100000101011011111
runNumber 2
genCount 4990
elapsedTime 599.931
unaryHyperVol 300
binaryHyperVol 12.7368
additiveEps 0.842105
entropy 0.49717
archive 2
2
4 21  100 0001100011011101100000000010100100111001011110110111011001010101101110000101100111100100010110101101
2 25  100 0001101011011101100000000010100100111001000000010111011011010100001110000101110111100100101011000111
runNumber 3
genCount 4856
elapsedTime 599.915
unaryHyperVol 274
binaryHyperVol 18.4
additiveEps 0.73913
entropy 0.493798
archive 3
5
7 20  100 1100010111010000000101000011000100111001011000110011110011101001001110000100100111100000101001100011
6 23  100 1001010111010000010101001111010100110001111100110011011111101001001110000100100111100010101001010010
5 26  100 1001010100011111001101001011010001011001011100110011011111100001001110000100000111100010101001010010
4 27  100 1011011111111000010101001111000100111011101000110011110111101101000010001100110111100000101001010011
3 29  100 0010010101010000010101001101000000011001101000110011110011101001000110000100100111100001101001111110
runNumber 4
genCount 5178
elapsedTime 599.758
unaryHyperVol 289
binaryHyperVol 12.2143
additiveEps 0.761905
entropy 0.49717
archive 4
2
3 22  100 1000100111011111111001000010101111111010111001010011011011101101000010010100111000100000101000011011
2 27  100 1100100101011101100000000000100101001001010111110011101011101101010000010100011111101100101000011011
runNumber 5
genCount 5049
elapsedTime 599.983
unaryHyperVol 250
binaryHyperVol 14.4286
additiveEps 0.904762
entropy 0.49717
archive 5
2
3 25  100 1001100111000001010101000100101000111000010001100011101000101101001110011100100110100100101001001011
2 27  100 1110100111111111010000110001101000111000010001100011101010100001101110000100100111101100101001011000
runNumber 6
genCount 5041
elapsedTime 599.898
unaryHyperVol 305
binaryHyperVol 9.92754
additiveEps 0.666667
entropy 0.481574
archive 6
3
5 20  100 0100010111111110101101000010001100111001011010110011101111101111001010110100110111100000101001101011
3 24  100 0100100111010110101001000010100101011000011010110011110111100101011010110100110111100100101001111010
2 29  100 0100100111010010100000000110100101011011011111110111111110101111000000010101101111101100101001111011
runNumber 7
genCount 4993
elapsedTime 599.879
unaryHyperVol 270
binaryHyperVol 13.675
additiveEps 0.85
entropy 0.481574
archive 7
3
6 23  100 1100100101111110010001000001001000110101000000110111010111101101000010000100100111100000101001101010
4 25  100 1100100101010100010001000111110010101010101001110001010111101101000010000100100111000000101001101011
2 26  100 0100100101110101010000001010010110101001001001110011010111101111000010001100101111100000101001101011
runNumber 8
genCount 4961
elapsedTime 600.013
unaryHyperVol 262
binaryHyperVol 14.4
additiveEps 0.9
entropy 0.481574
archive 8
3
5 24  100 1101100101010001100001000010100100001000011001111111011000101100010010000000100100010100101001011100
3 25  100 1101100110010010100101000010110100101001000001101111011000100101001110000000101000100001101001111111
2 26  100 1100100110011110100000000010100100001001011111111000010100100101001110000000101101100011101001011111
runNumber 9
genCount 5035
elapsedTime 599.982
unaryHyperVol 280
binaryHyperVol 13.5395
additiveEps 0.842105
entropy 0.449615
archive 9
3
10 22  100 1001100111010010100001000010110111111000011001000011110001001001100000010001100111100000010100000111
5 23  100 1001100111010010100000100010010111111000011001000011001000100100000000010101100111100001010101000111
2 25  100 1001100111010010110000000010010111111000011001000011001010101001100010000000100111101010101011101001
runNumber 10
genCount 5108
elapsedTime 599.845
unaryHyperVol 219
binaryHyperVol 11.5625
additiveEps 0.75
entropy 0.506429
archive 10
4
6 26  100 0101100100010100101001000010100100011001011001100111010011100011101110000000010110100111000000011010
5 27  100 1101100100010100110101110010101000011001011011010001001110100001001110000100010110101100101001100011
3 31  100 0111100100010100101001000000100101000011000001100111010010100001001110000100010000101111101000101110
2 34  100 0101100010000000110000111100100101001001001011010100010010100001001110000100010100101100101001000111
runNumber 11
genCount 6112
elapsedTime 601.512
unaryHyperVol 331
binaryHyperVol 13.0208
additiveEps 0.8125
entropy 0.449615
archive 11
3
5 19  100 1001100110010001101001000010010100000001010101000111011011101101000101000100100000100000101010100111
3 20  100 1001100110010001101001000010010100000001010001000000011011101101000110000100100000100000101010100111
2 22  100 1001100111101000100000000001000100000001010101000011011011101101000110000100100000100000101010100111
runNumber 12
genCount 5035
elapsedTime 647.072
unaryHyperVol 330
binaryHyperVol 11
additiveEps 0.684211
entropy 0.49717
archive 12
2
3 19  100 1001100100000100100001000010000101000000011001110011011011101101011110000101100111100000101001101001
2 25  100 1001101000011110100000000000011011000010010111000011011011101101011110000101100111100100101001111001
runNumber 13
genCount 5135
elapsedTime 599.916
unaryHyperVol 256
binaryHyperVol 12.6522
additiveEps 0.869565
entropy 0.49717
archive 13
2
4 24  100 1001100111001110100001000000100000011011110111010011101011001101000000110100110000100100101000101011
2 29  100 1101100111001101100000000000101000011011111000011111001111101101000000111110100100101100101001100111
runNumber 14
genCount 5031
elapsedTime 599.99
unaryHyperVol 216
binaryHyperVol 11.9352
additiveEps 0.777778
entropy 0.447913
archive 14
4
10 26  100 1001100101101100010101110111110100011001010011000011110011101001001110000100100100101100101001100011
4 28  100 1001100011001110010001110011110100111011010011000011111000101111000010000100101000101000101000000011
3 29  100 1111100111110000111001001110000010011001110100010011110000010101001110000100100100101100101001111011
2 33  100 1111100101111001100000110111110100011001110100000011111000101111000010000100100000101110101001100011
runNumber 15
genCount 5120
elapsedTime 599.955
unaryHyperVol 294
binaryHyperVol 15.875
additiveEps 1
entropy 0
archive 15
1
2 22  100 1000100111010000100000010010100100111001011000110011011001101101000000000101100010100100101001110111
runNumber 16
genCount 4901
elapsedTime 599.98
unaryHyperVol 294
binaryHyperVol 15.875
additiveEps 1
entropy 0
archive 16
1
2 22  100 1101100110011110000000010011100100111001010101110011011000100101001110000001100111101000101000001011
runNumber 17
genCount 5008
elapsedTime 599.892
unaryHyperVol 255
binaryHyperVol 10.0517
additiveEps 0.62069
entropy 0.49717
archive 17
2
3 24  100 1101100111100100110001000001100100000001011101010010011000101110001110000001101011100001010111100111
2 35  100 0101100100101000010000100001000110000001011111010000011000101010011110100101111000100001101001011011
runNumber 18
genCount 4953
elapsedTime 600.005
unaryHyperVol 246
binaryHyperVol 10.5714
additiveEps 0.892857
entropy 0.49717
archive 18
2
4 24  100 1100100111011110101001000110100100111001111101010011010011100101001001011000111110100010101010111001
2 34  100 1000100111011010100000000100111111001001111111011010100011100010110010000101100011100000101010111000
runNumber 19
genCount 5060
elapsedTime 599.948
unaryHyperVol 213
binaryHyperVol 14.6425
additiveEps 0.913043
entropy 0.481574
archive 19
3
11 27  100 1001100111010000010101000011110100110001010101010001101100101101001110111010110111101000101010110011
4 28  100 0101011101100010010101000110010100111001010100010000111000101110001110010001000111100100101001101011
2 29  100 0000100101010011010000000111110100111001010101010001111101101110001110010101100111101101101001101011
runNumber 20
genCount 4971
elapsedTime 600.093
unaryHyperVol 383
binaryHyperVol 10.1385
additiveEps 0.8
entropy 0.481574
archive 20
3
7 14  100 1001100101111100010001010010101100111001011001110011011011101101001110000100100111000000101001101011
5 18  100 1101100101111100100000000001101000111001011001110011011011101101000110000110100111000000101001101001
2 19  100 1101100101111100100000000001101000111001011001110011011011101101000110000110100111100001101001101001
runNumber 21
genCount 5157
elapsedTime 599.893
unaryHyperVol 306
binaryHyperVol 14.0588
additiveEps 0.882353
entropy 0.49717
archive 21
2
3 21  100 1101100100111010101001000001100100111001011000111111001011101000001110000100000111101100101010101001
2 23  100 1001100101110010110000000111110100111001011000111111001011101000001110000100100111101100101000101011
runNumber 22
genCount 5006
elapsedTime 599.96
unaryHyperVol 294
binaryHyperVol 15.875
additiveEps 1
entropy 0
archive 22
1
2 22  100 1001100111010110100000000010100100101001101010111111010001010100010000000101110111100000101001101011
runNumber 23
genCount 4995
elapsedTime 599.967
unaryHyperVol 227
binaryHyperVol 12.4423
additiveEps 0.846154
entropy 0.481574
archive 23
3
4 26  100 1000100111011110100001001011000111111001100101111001010000101100000010000000010101000010101001101001
3 31  100 1000100111011110100001001011000111000000010010111000010110101110000010001110010011100010101011011001
2 32  100 1000100111011110100000001111001100000001010110001000110010100110000010001110010011100010101001101001
runNumber 24
genCount 4823
elapsedTime 599.976
unaryHyperVol 263
binaryHyperVol 10.6282
additiveEps 0.692308
entropy 0.481574
archive 24
3
5 23  100 0001100111011110101001000010010101111001001000010010010011011100010000000100110000100010101001011011
3 27  100 0001100111011110101001000010010101111001001000111010010001010111101110011111110100101010101001011011
2 32  100 1001100101011110100000011010000101001011001000011011010011010111101110001101010100100010101011011111
runNumber 25
genCount 5056
elapsedTime 599.925
unaryHyperVol 266
binaryHyperVol 11.08
additiveEps 0.8
entropy 0.481574
archive 25
3
4 23  100 0101100111010110010101000011100100111001010001110011011100000011000000010101010101101101101001101011
3 29  100 1101100100111111000001000010010100111001011110000010010100100011000000000111100111101101101000001111
2 31  100 0101100111110110100000110011100100011001011101110111010000100111100000010101000100101001101010101111
runNumber 26
genCount 4966
elapsedTime 599.992
unaryHyperVol 262
binaryHyperVol 13.0909
additiveEps 0.818182
entropy 0.49717
archive 26
2
3 24  100 0101100111111110011001000111100100011000010001110011010101101111010000011100110011100000101001101011
2 28  100 1101100111111110010000100111010100111000011101110011010101101101000010111100111011100000101010011000
runNumber 27
genCount 4919
elapsedTime 599.769
unaryHyperVol 272
binaryHyperVol 10.96
additiveEps 0.68
entropy 0.49717
archive 27
2
3 23  100 1000100100010100101001000101100100111001010001110010011000101101000110100111011011100001101001101010
2 31  100 1101100100010111110000001010100101111001011011001000101111100101001110101101000011101001101001001011
runNumber 28
genCount 5075
elapsedTime 600.004
unaryHyperVol 221
binaryHyperVol 13.9792
additiveEps 0.875
entropy 0.49717
archive 28
2
3 27  100 1001100100011110011001000110100100001000010011110011000101101100011010100001001011100011101001100011
2 30  100 1001100100011110100000110100100100001000010011110011000101101100011010100001001011100011101001100011
runNumber 29
genCount 4964
elapsedTime 599.918
unaryHyperVol 213
binaryHyperVol 14.6136
additiveEps 0.909091
entropy 0.481574
archive 29
3
16 26  100 0101101001111101100001110111110101001001010001010011011001101101001110001011100111000011101000101011
13 27  100 1101100101111101110001110111110000011001100001010011011001101101001110001011100111000011101000101011
2 28  100 1111100101011100100000110111110101011001011001110010011001101101101110000000100100100000101010010100
