OptimalFront
unaryHyperVol 317
Optimal front is obtained by exact method
-------------------------
2
2 7
3 5
runNumber 0
genCount 5191
elapsedTime 599.901
unaryHyperVol 171
binaryHyperVol 10.0294
additiveEps 0.764706
entropy 0.5994
archive 0
3
4 18  100 1100001101010100100011011100001000011000100000000100100100001000001110000110111110010101100001001110
3 19  100 1000001101110100100011011000000000011010000000000110101000111101001111010110110001010101000011001110
2 22  100 1000011101010000100011001100001010011000100000000110111000111100001111000110110101010101000010000110
runNumber 1
genCount 5202
elapsedTime 600.002
unaryHyperVol 117
binaryHyperVol 10.7273
additiveEps 0.909091
entropy 0.509891
archive 1
2
3 23  100 1000110101110100001111000000100000111000100000000110101010001000011111100010011101010101011111001110
2 27  100 1000011000010010100010011000100000111011000000000110101000001000011110100010011101010101100001001110
runNumber 2
genCount 5178
elapsedTime 600
unaryHyperVol 127
binaryHyperVol 9.325
additiveEps 0.875
entropy 0.472411
archive 2
4
10 19  100 1000011100000100100111001100000000000010000000100110101010001000001101111110110000110111100001000010
6 23  100 0000001100000100100111001100000000000010010000010010101010001000001101111110010001110111100010101110
4 24  100 0011010100000100000001011100000000000010010000100010101011001001001101110110110001010111100010001010
2 25  100 1000001110010000100111001100000000000010000000100110101010001010001101111110010000010111100010010010
runNumber 3
genCount 5143
elapsedTime 599.958
unaryHyperVol 110
binaryHyperVol 10.0688
additiveEps 0.809524
entropy 0.472411
archive 3
4
11 21  100 1100111111110100001101111100000000101000000010000110101010000000001111010110000001110101110011000110
10 22  100 0000111111110100001101111100000000101000000010000110101010000000001101110110010000110101000001000110
6 24  100 0000111111110100001110111110100000101001100000001110101000001001011101110110010000110101110111000110
2 26  100 0000111110010000000011111100000000011000000000001110101000001010001101110010110000010111011100010110
runNumber 4
genCount 5217
elapsedTime 600.009
unaryHyperVol 91
binaryHyperVol 10.8213
additiveEps 0.869565
entropy 0.478871
archive 4
4
11 24  100 0000011111010100110001011100000000101000100000000110001100011010000111110000011101010110111111001110
10 25  100 0000011111110101001011011100001000101000100000000110001100010010001111110000111101010110111111001110
3 26  100 0000011111010100110001011100000000101000100000001010011111111001010011101010011101010110111111001110
2 28  100 0000101101010001100101011100000000101000100000001010011111111001010011101010011101010110111111001110
runNumber 5
genCount 5187
elapsedTime 599.952
unaryHyperVol 94
binaryHyperVol 20.0833
additiveEps 0.904762
entropy 0.509891
archive 5
2
6 24  100 1000000001000100100010111100000100101001100000000110101000111100000011010001110101010100011100000101
3 26  100 1000000001000100100010111100000100101011000110101110101000000001011110100110110001000001110000000101
runNumber 6
genCount 5046
elapsedTime 599.995
unaryHyperVol 138
binaryHyperVol 17.4588
additiveEps 0.882353
entropy 0.509891
archive 6
2
7 19  100 0100011101001000100001101100000000101000000000000110100101111001001100000100000010010101000011101100
3 22  100 0100011101001000100000001100000000101000000000000110100101111001000000000000000010010100000011101110
runNumber 7
genCount 5061
elapsedTime 599.984
unaryHyperVol 148
binaryHyperVol 10.3684
additiveEps 0.789474
entropy 0.599401
archive 7
3
4 20  100 1000011110000100010001111000000000101000100000111100010111100101001111110110111110010101101100000101
3 22  100 1000011110000100010001110000000000111000100000111110101101001000100111000110110010010101101000000101
2 24  100 1000011101010000010011110000000000101000010000111110101101000100011100010110111010010100001111100101
runNumber 8
genCount 5248
elapsedTime 599.962
unaryHyperVol 97
binaryHyperVol 10.3333
additiveEps 0.833333
entropy 0.599401
archive 8
3
8 23  100 1000101101000100010001111100010000011000010000000010101001100001011111111110010100110100010111000010
6 25  100 1000101101000100010001111100010001011011010000001110011010010100011011110110111100111010010011000101
2 28  100 0000101100010000011011101100000001011001110000000010011000011001011111110110010110010111010001001010
runNumber 9
genCount 5114
elapsedTime 599.94
unaryHyperVol 148
binaryHyperVol 27.9375
additiveEps 0.875
entropy 0.509891
archive 9
2
4 19  100 1000001101101000100011110000000000101010100000000110010100011001001111110100001000010111000011101110
3 21  100 1010001101101000100011110000000000101000100000000110010100011001001111100000001000010111000011101110
runNumber 10
genCount 5175
elapsedTime 600.006
unaryHyperVol 108
binaryHyperVol 10.1883
additiveEps 0.818182
entropy 0.417715
archive 10
5
9 22  100 0100010101010100100000011100000000101000100010001100101000001010000110101010010100110111100001001110
8 23  100 0000101101010100100000011100000000101000100000001100100000001010000110101010010010010101001011000110
5 25  100 0000010111010000001000111100000000101000100010001100101000000000001011101010010000010111100011001110
4 26  100 0100010101010100100000111100000000101000100010000010011110001100101001001001001000010110101001000101
2 27  100 0100010101010000000010011100000000101000100010011010011010111000010011101010101111010110100111001110
runNumber 11
genCount 5238
elapsedTime 599.968
unaryHyperVol 132
binaryHyperVol 12.8824
additiveEps 1
entropy 0
archive 11
1
2 22  100 1100011110010001100000101100000100101000100000100110111010001101011110000110001000010101100001001110
runNumber 12
genCount 4988
elapsedTime 600.021
unaryHyperVol 113
binaryHyperVol 9.23077
additiveEps 0.923077
entropy 0.509891
archive 12
2
3 23  100 0000011101010100000000000000000011000000110110001010010010001001000111111110111110010101010011001110
2 31  100 0001111001010011000101011100000000111001010000110010001110001001000111000110101110010101011111010110
runNumber 13
genCount 5174
elapsedTime 599.933
unaryHyperVol 171
binaryHyperVol 9.55556
additiveEps 0.888889
entropy 0.509891
archive 13
2
3 18  100 1000011101100100011111110000000000000011100000000110010110001001011100010010111010010101100001001110
2 23  100 1010011101010000011111110000000000000011100000000110011010100101000111110110000111010101101000011110
runNumber 14
genCount 5216
elapsedTime 600.006
unaryHyperVol 149
binaryHyperVol 14.3125
additiveEps 0.875
entropy 0.472411
archive 14
4
11 18  100 1000111101000100000100001100000100101000100000000110101010001001011111110110101010111011000110101110
5 19  100 0000011101010100000100001100000000001000100000000110101010101001001111100110111010111011000100101110
4 20  100 1100000110000100010000001100000100101000100000000110101010001001011111100110110010111001111110000010
3 21  100 0000111101000100010001011100101001111010100000000110101010001001001111100110110001111001111111101110
runNumber 15
genCount 5162
elapsedTime 599.96
unaryHyperVol 128
binaryHyperVol 11.0842
additiveEps 0.894737
entropy 0.509891
archive 15
2
7 21  100 1000011101000100010100001100000000011000010000000110101110111010001101010110011001110101001001111100
2 24  100 1000011100010000010100001100000000011000010000000110101110001010001111100110010001010101000001111010
runNumber 16
genCount 5348
elapsedTime 600.021
unaryHyperVol 138
binaryHyperVol 11.5621
additiveEps 0.888889
entropy 0.5994
archive 16
3
11 20  100 1000011111010100010011110000000000011000110010100000111010111001001111111110111001010101100111000110
9 21  100 1000011111010100010011110000001101011000100110000000111010111001001111111110111001010101100111000110
2 22  100 0100110001010000010011110100000001011000110000000010111010111001001111110010111001010101100111001010
runNumber 17
genCount 5119
elapsedTime 599.916
unaryHyperVol 95
binaryHyperVol 10.3819
additiveEps 0.833333
entropy 0.5994
archive 17
3
8 24  100 1000011001000100111101110100010001101000110000010110101100001001001111001110110010010001011011110101
3 26  100 0000011001000100111001111100001000001010110000010110001100001001001111001110110010000001011011110101
2 29  100 1101111001010000111101111100001011111000110000010110111100001001001101001010010010010101000011000101
runNumber 18
genCount 5131
elapsedTime 599.949
unaryHyperVol 152
binaryHyperVol 11.4706
additiveEps 0.882353
entropy 0.509891
archive 18
2
3 20  100 1000011101100100100000111101100000000000010000100010101010001110001111110010001000010111100011101110
2 22  100 1000011110010000100000111101100000000000010000100110111010001110001111110010001000010111100011101110
runNumber 19
genCount 5212
elapsedTime 600.072
unaryHyperVol 185
binaryHyperVol 11.1429
additiveEps 0.857143
entropy 0.509891
archive 19
2
3 17  100 1000011101010100100001111000001100011000100000000110001010001001001111000110011010010101000101001010
2 19  100 1000010101010000000001111000001100011000100000000110001010001001001111000110011010010101000000001010
runNumber 20
genCount 5120
elapsedTime 599.933
unaryHyperVol 139
binaryHyperVol 10.5
additiveEps 0.9
entropy 0.509891
archive 20
2
3 21  100 0100100111100100100000111100000000101001000010000110101010001101011100110110001000010111100001001110
2 25  100 0100010011010000100000111100000000101001000110000010100110000001010110110110001001010111100001001110
runNumber 21
genCount 5095
elapsedTime 600.014
unaryHyperVol 166
binaryHyperVol 7.69565
additiveEps 0.913043
entropy 0.509891
archive 21
2
3 18  100 1100111101010100100011111000000000101011100000000010101010100001001101110010001010010101100001000010
2 28  100 1100101100010000010111111000000000101011001110011010011010010011011111101110001010010101100011000010
runNumber 22
genCount 5116
elapsedTime 599.992
unaryHyperVol 185
binaryHyperVol 11.1429
additiveEps 0.857143
entropy 0.509891
archive 22
2
3 17  100 1000011101010100111111011100000000001000010000000110100110100101000101110110101010010101100011001110
2 19  100 1000011101010011000111011100000000001000010000000110100110100101000101110110101010010101100011001110
runNumber 23
genCount 5224
elapsedTime 599.895
unaryHyperVol 139
binaryHyperVol 11.6111
additiveEps 0.888889
entropy 0.509891
archive 23
2
4 21  100 0011110000000100100011110111100001001000000010000110101010001001001111110110011010010101010001011110
2 23  100 0101010001010000000011110111100100000000000110000110101010000101001111110110011010010101101111111110
runNumber 24
genCount 5203
elapsedTime 600.007
unaryHyperVol 152
binaryHyperVol 8.39773
additiveEps 0.681818
entropy 0.472411
archive 24
4
6 19  100 0100000101010100100011111100000000011000100000000110101000001001011101110010110100110110000111000010
5 20  100 0000011101010100100010111100000000101000100000000010101000001001011101110110011100110111001100010010
3 21  100 0100001101110100101011111000000000011000100000000010101000001001011101110110010010010101101101010010
2 27  100 0000011101010000100111111100000001101010100000000110111101110000011001111110010010010111101100000010
runNumber 25
genCount 5123
elapsedTime 600.024
unaryHyperVol 82
binaryHyperVol 10.9733
additiveEps 0.84
entropy 0.5994
archive 25
3
5 26  100 1100011101000100100011001100000101011010010110000110101000011001001111010000110000010011000001011010
3 27  100 0100011101010100100011011110100111011010010110000110101000100110001111010110110010010110010000101110
2 30  100 1000011110010000011111011100101101101011011110000110100001111100001111010110110010010100000101011110
runNumber 26
genCount 5340
elapsedTime 599.911
unaryHyperVol 61
binaryHyperVol 8.25078
additiveEps 0.758621
entropy 0.54796
archive 26
4
13 23  100 0000100100010101100011111000001010101000100000000110011010000100011111110000010101110101110001001110
6 27  100 1000011100010011110110111000100011101000100010100010101000000001001111010110000111110101110001010010
4 28  100 0100011101010000100011101000101001101010100010000110111011101100000010110000011111010101110011011110
2 34  100 1000110101010011110110001011100101001001101110000110101010001100011101100110010000010110100001000110
runNumber 27
genCount 5020
elapsedTime 600.011
unaryHyperVol 145
binaryHyperVol 11.5392
additiveEps 0.882353
entropy 0.5994
archive 27
3
8 20  100 1000001101100100110011111100000001101000110000010100100011110001010111111010111000010110100011001110
5 21  100 1001001101010001100011111100000000001001010000000110001010111011000111111010111001110100110010001110
2 22  100 0000101101010011100011111100000011101000110010011110001010001001001111011010111000010101110111011110
runNumber 28
genCount 5081
elapsedTime 599.983
unaryHyperVol 89
binaryHyperVol 11.3623
additiveEps 0.869565
entropy 0.472411
archive 28
4
8 25  100 1100011101010100010011110100000101011000010000001100110110001010001111111110010000010100000001000110
5 26  100 1100111101010000010011110000000111111001100000011100110110001010001111111110011000010100110001001110
3 27  100 0100011001110100000011011100000011011001011110111110100000011010001111111110010001010101000011001110
2 28  100 0111011110010001110011111100000000011001011010001110100011001010001111111010010100010111100001001010
runNumber 29
genCount 5281
elapsedTime 599.923
unaryHyperVol 162
binaryHyperVol 6.7037
additiveEps 0.925926
entropy 0.509891
archive 29
2
3 18  100 1000011101100100100001110100000000101000100000000110100010000001001101111110111010010100001010010101
2 32  100 1110110100010001000000011101100000001010100000000110100010000001000101111110100001010101110010010101
