OptimalFront
unaryHyperVol 308
Optimal front is obtained by exact method
-------------------------
1
2 8
runNumber 0
genCount 5288
elapsedTime 600.02
unaryHyperVol 130
binaryHyperVol 8.95238
additiveEps 0.809524
entropy -inf
archive 0
3
6 22  100 0011101000000101011111100101101000100111101000100010101101000000001010000010101110001011110011010110
5 25  100 0000011001000101001111100111101000100111101000000010101111000000111010000010101110001011110011010110
2 29  100 0101101000010000001110110111011000100111101000100010101111000000001010001010101100001011010111010111
runNumber 1
genCount 5182
elapsedTime 599.954
unaryHyperVol 129
binaryHyperVol 10.963
additiveEps 0.944444
entropy -inf
archive 1
3
8 23  100 0011101001000101011111000110000100100110000111110110100000011011101010000010001100001011100011010110
4 25  100 0011101000010100011011000110000100100110000111110010011000011011111010010010011100001011111011010110
2 26  100 0011101001010011011110001001010011101001011111110010100000011011101010010010011100000111100011010110
runNumber 2
genCount 5182
elapsedTime 600.004
unaryHyperVol 83
binaryHyperVol 23.096
additiveEps 0.8
entropy -inf
archive 2
4
7 25  100 0100010111000100000100000100000100100101101011110010110101111011000101010110101101111001001111000110
6 26  100 0100010111110101000100000111010100100101101011110010100100111011000101010110100010011001001111011101
5 32  100 0100010111110100010100011101000000101101101011100010100111111000100101010110100010011001001111011101
4 33  100 0100010111010100010100000100000100101101101011100010100111111000100101010110100010011010110111111101
runNumber 3
genCount 5275
elapsedTime 600.002
unaryHyperVol 114
binaryHyperVol 9.5
additiveEps 1
entropy inf
archive 3
2
3 25  100 0011011001010000010100110001010011010110011100110001001100111011001010000010001101001011101111100100
2 32  100 0001101011010000000111010110000101010110110110000001111100111001001010110110011100001001111111110111
runNumber 4
genCount 5250
elapsedTime 599.962
unaryHyperVol 100
binaryHyperVol 9.88889
additiveEps 0.833333
entropy -inf
archive 4
3
5 26  100 0011010111010101000100011011000111010100101011110101100000111010001010010110001100000101101111100111
3 28  100 0011010111010011010111000100000100101110011011110101100000111010001010110110001100000101101110100111
2 32  100 0111101011010000010100011011000111010100101011110111110000011010001010010110001100000111111101000101
runNumber 5
genCount 5245
elapsedTime 599.89
unaryHyperVol 167
binaryHyperVol 9.9375
additiveEps 0.8125
entropy -inf
archive 5
3
5 20  100 0011101011010011010100000101100011000011111000000001101111111011001010000110101101001011101111010110
4 21  100 0011101011000100010000000110011011100010100100011111101100001001011010000010101101001011101111010110
2 24  100 0011101011010011010100001000001001100010100100010101101100011001011010000010101100001111101111010110
runNumber 6
genCount 5308
elapsedTime 599.939
unaryHyperVol 76
binaryHyperVol 8.05357
additiveEps 0.714286
entropy -0.181551
archive 6
5
12 25  100 1111101001110100111000000101000011100110101011110001100001111000011010000010010100001011001001110001
5 28  100 0111101000110010111000000101111011100111100011110001000011011010011010000010010100001010101011110000
4 31  100 1111101010010000111100000111011011100110100011110001100011111000010010001010010001101001101101110000
3 32  100 0101101011010011001000000100010111100011100011110001000010011001111010000000111011000000001111010000
2 36  100 1101101000010011000101001111010011100110111000011101011010011000111010000010010100001011001001110101
runNumber 7
genCount 5185
elapsedTime 599.989
unaryHyperVol 116
binaryHyperVol 9.63636
additiveEps 0.818182
entropy -inf
archive 7
3
6 24  100 0011101011010100110100010101110110010110111001000110101000110101001010000010010011001011111111010111
4 26  100 0011101011010100110100010101110110010110111001000110101000011010011010000010010011001011111111010111
2 30  100 0000101011010011111100000011011011100110011010001001110011111000001010000010010001001010010101000110
runNumber 8
genCount 5298
elapsedTime 599.98
unaryHyperVol 116
binaryHyperVol 11.175
additiveEps 0.95
entropy -inf
archive 8
3
4 25  100 0011000001010100010011000101000000100110111011111011100000111001011010010010101100011111101111011100
3 27  100 0000101000100100001011011001100001100110111011111011100000111001011010010010101100001101101111011100
2 28  100 1011101000010000001011011001100001100110111011111011100000111001111010000010100100001101101111011100
runNumber 9
genCount 5258
elapsedTime 599.833
unaryHyperVol 113
binaryHyperVol 11.13
additiveEps 0.9
entropy -inf
archive 9
4
7 25  100 0011101011010111110101000111100111100100111011100000000110011011000010011110011100101011111111010110
4 26  100 0011101011010111110101001101110111100100111100000101001101111001001010000010011100101011110111010110
3 27  100 1100010111010001010100101001101011100110001100100100111101111011001010001010111100101011111111010111
2 28  100 0011101011010011110101010111100111100110000101000100111101111001111010000110011100001011111101010111
runNumber 10
genCount 5299
elapsedTime 599.614
unaryHyperVol 179
binaryHyperVol 14.1667
additiveEps 0.833333
entropy -inf
archive 10
3
8 16  100 0000010111000101000100000101011010100100100111010010101100111011001010000010101100001011100111010111
7 17  100 0000010111000100000000000101101010100101100011001010101100111011001010000110101100001011100111010111
3 21  100 0000010110010000010100000101101010100001101111000010101110111011111010000010101100001011001111010101
runNumber 11
genCount 5272
elapsedTime 599.814
unaryHyperVol 73
binaryHyperVol 11.8802
additiveEps 0.954545
entropy -inf
archive 11
3
13 28  100 1101101010001011001101000110101010010111011011000010101100111010001010011010010000000101011111010001
6 29  100 0000100011010011001000001110101010010110101101000010101001111010101010011110010011000101101101010101
2 30  100 1101101001010011001000001110111010010110011011000010101100011010001010100010010011000101110011010001
runNumber 12
genCount 5247
elapsedTime 599.976
unaryHyperVol 105
binaryHyperVol 8.26984
additiveEps 0.666667
entropy 0.0232461
archive 12
3
9 25  100 0100101001110100011000000111111011100110101000111010101100000011000010010110011100100111001111011010
3 26  100 0100101011110100010001000110011011100101101000010010101100000001001010011110111100100111011111010110
2 35  100 0100101001010000110001000111111001100110101000110100100010000001011010011110110001000111100101011011
runNumber 13
genCount 5120
elapsedTime 599.891
unaryHyperVol 139
binaryHyperVol 12.25
additiveEps 1
entropy inf
archive 13
2
6 23  100 0011101010010100110111000101100111000101111011010010101101011000001010001110101101001011011101010111
2 24  100 0011101010010000110111000101101000100100001011111000101111111011001010101110101000001011001110010111
runNumber 14
genCount 5237
elapsedTime 600.028
unaryHyperVol 101
binaryHyperVol 9.54
additiveEps 0.8
entropy -inf
archive 14
3
4 26  100 0100101011000101011101000101000001101000101011010000100101111011001010000010101100001001000011011101
3 28  100 0000101000000100011000100101000001101100101011010011000100111001001010100010100001000010101011010010
2 33  100 0110101001010001111101100001110101010100001111010011100101111011001010001010101111001011000101011011
runNumber 15
genCount 5134
elapsedTime 599.915
unaryHyperVol 140
binaryHyperVol 11
additiveEps 1
entropy inf
archive 15
2
3 23  100 0000101011000100011000000100111011100101011011010011000010111011111010001110101101001010101111011110
2 26  100 0000101010010001011000011001001011100101011011010011000010111011111010001110101101001010101111010110
runNumber 16
genCount 5227
elapsedTime 599.985
unaryHyperVol 108
binaryHyperVol 11.18
additiveEps 0.95
entropy -inf
archive 16
3
7 25  100 0100000001100100011111000101110101011100101000010010100110111010001010100010101100001011101111110110
5 27  100 0100100011000100100001010111101000001110001000110010110010101001111010100010101100000111101111010101
2 28  100 1000101001010000011111000101000101010100101100010000100110111010001010100010101100001011101111110110
runNumber 17
genCount 5332
elapsedTime 599.968
unaryHyperVol 70
binaryHyperVol 10.3913
additiveEps 1
entropy inf
archive 17
2
10 26  100 0000000001010000001111000001100100100101010111000010101111111011011010000010001100001001100111010100
2 31  100 1011101001010011000011000101100100100001001111111101011111001011011010000010001100001010000011011011
runNumber 18
genCount 5266
elapsedTime 599.933
unaryHyperVol 107
binaryHyperVol 11.2857
additiveEps 1
entropy inf
archive 18
2
3 26  100 0100101000000100111000001111101011100111011000110010101111111000011010001110010100110011011111000100
2 29  100 0011101000010000001010000101101010100001011000010001101100101001001010110010010000010011011111000101
runNumber 19
genCount 5151
elapsedTime 599.973
unaryHyperVol 108
binaryHyperVol 11.1222
additiveEps 0.9
entropy -inf
archive 19
3
11 25  100 0011101011010101111000000101101011100001101000010110101101000100001010001010010001101111011111001110
4 26  100 0011101011010100111000100101101011100101001100000010011100011011001010101010001101001011110001001100
2 28  100 0111101010010001111001000101101011100001101000000011011100011011001010101010010101001011000001010101
runNumber 20
genCount 5310
elapsedTime 600.01
unaryHyperVol 121
binaryHyperVol 333
additiveEps 333
entropy 0
archive 20
1
2 25  100 0010101010010001111000000101001010100110111000000010001111000001001010000010011100000010101100110110
runNumber 21
genCount 5097
elapsedTime 600.011
unaryHyperVol 103
binaryHyperVol 9.73913
additiveEps 0.782609
entropy -inf
archive 21
4
8 25  100 0100101011000101011000110101000101010101011001010011111100111011001010010010111111001011001111000110
5 26  100 0100101011000111011000110101000101010101011001010011100101001001001010010010101111001011001111000110
4 28  100 0011101011000100010011000011010111010101010100100111111100101011101010010010101111001011011111010100
2 31  100 0011101010010011110100010111000111100111011001010011110000111011001010100010100111110010011101101110
runNumber 22
genCount 5168
elapsedTime 599.993
unaryHyperVol 80
binaryHyperVol 14.9048
additiveEps 0.833333
entropy -inf
archive 22
3
9 26  100 0000010111010100011111001101100101000100001000110000101100111000001010010010110011101010011111010110
5 28  100 0000010111010100001000000101000011100001011000111010011100111011001010110110010000101111011011101101
3 32  100 0100010111110100010110010111000011100001111000110000011100111011001010100110010000000100011011100101
runNumber 23
genCount 5270
elapsedTime 599.78
unaryHyperVol 136
binaryHyperVol 7.44444
additiveEps 0.833333
entropy 0.0232461
archive 23
3
5 21  100 1111101011010011111000000101011011100000000101110011010100111011011001110010101101001011101111010101
4 28  100 0011101011010010111000000101011001100000010101010001110100111011010000011110001100000111101110110110
2 32  100 1101101011010011110100000101000001100110010101010011110000111010111010011010101001011000001100010101
runNumber 24
genCount 5176
elapsedTime 599.935
unaryHyperVol 128
binaryHyperVol 29.0882
additiveEps 1
entropy inf
archive 24
2
4 23  100 0011010111100100010100000100100000010110000011010011110100111001001010010110001000001011101111010110
3 25  100 0011010111010000010100110100100000010110101100010010100001011011001010001110000000011011011111010110
runNumber 25
genCount 5262
elapsedTime 599.909
unaryHyperVol 95
binaryHyperVol 8.66667
additiveEps 0.769231
entropy -inf
archive 25
4
8 25  100 0011101000110100111110000001101011100101101011000010101101001000001010100001110100001001111100100000
4 28  100 0011101000010100111110000001101011100001101011000010101001001000101010000110010100001011111100110000
3 30  100 0000101000010100101000001011110101010110110111000010100001000001111010111010101101001010101100110110
2 34  100 1111101000010000101100000001000110010101110010111101000001000011111010110010101100001010001100100101
runNumber 26
genCount 5166
elapsedTime 599.983
unaryHyperVol 115
binaryHyperVol 11.7105
additiveEps 0.947368
entropy -inf
archive 26
3
6 25  100 0011101011000100110011010101101011011100001001110100010110111011001010110010101111000001001111010010
4 26  100 0011101011000100110011010101101001010100000000110100010110111011001010110010101111000001001111010010
2 27  100 0111101011010011111011010101111011010101000000111101100110000011001010100110111100001001101111010011
runNumber 27
genCount 5303
elapsedTime 599.898
unaryHyperVol 213
binaryHyperVol 8.95833
additiveEps 0.916667
entropy -inf
archive 27
3
4 16  100 0011101011000100011000000101101011100011101011110010101110101011001010000010101100101011101111111100
3 19  100 0000101011000100000101000101111011100011101011110010101100111011001010000010000100001000101101010101
2 20  100 0011101011010001100001000101111011100011101011110010101100111011001010000010001100001011101110111100
runNumber 28
genCount 5297
elapsedTime 599.963
unaryHyperVol 140
binaryHyperVol 7.26923
additiveEps 0.615385
entropy 0.0232462
archive 28
3
4 22  100 0011101011000100010111000100100011101010011100110001101110101011001010000010101101111011101101010110
3 24  100 0000101011000100010111000100110011101010011100110001101110101011001010000010101101111011101100010110
2 34  100 1111101001010001101000000001000111100011011100110011111111000001001010001010110101001011010110101110
runNumber 29
genCount 7976
elapsedTime 599.944
unaryHyperVol 174
binaryHyperVol 11.2857
additiveEps 1
entropy inf
archive 29
2
3 20  100 1100101011010100110100000100111000010110100011000001101000011011001010000010101100001001101111010110
2 22  100 1100101011010000110000000100111000010110101011000001101000011011001010001010101100001001101111010100
