OptimalFront
unaryHyperVol 429
Optimal front is obtained by exact method
-------------------------
3
2 8
3 7
6 6
runNumber 0
genCount 5258
elapsedTime 599.947
unaryHyperVol 175
binaryHyperVol 20.4271
additiveEps 0.708333
entropy 0.49717
archive 0
2
4 23  100 0111001000011100010001010101111110001001110111010000011010101001001000000001011011101010010111101000
3 30  100 0111000111100011000001010111010110001001111111010000011010101001001000000001010010001000101011001000
runNumber 1
genCount 5280
elapsedTime 599.995
unaryHyperVol 154
binaryHyperVol 15.9375
additiveEps 1
entropy 0
archive 1
1
2 26  100 1011100001101010100101111101101001001000010100001111011010101001111000000100011000010110101011101001
runNumber 2
genCount 5373
elapsedTime 600.006
unaryHyperVol 75
binaryHyperVol 11.469
additiveEps 0.774194
entropy 0.506429
archive 2
4
15 28  100 0011010111010000100100110010101001001011110100111110011110101010000011011111010100110001101001001001
13 29  100 0010110011010000100100110010101001000010110111001110011100101010000011011111110100110101101001001001
3 32  100 0100110011100000111110001010101001000010110111001001011101101000101100011111110100110001101001001001
2 37  100 0100110110101100000100110010011011001011000100101000001000101011100011011111110100010100101001001001
runNumber 3
genCount 5128
elapsedTime 599.954
unaryHyperVol 118
binaryHyperVol 12.1518
additiveEps 0.857143
entropy 0.481574
archive 3
3
6 27  100 0111100110100100100000010001101001000100111111111111110010101000000100100011011101010001101011111001
3 32  100 1111000100100001011000011101101001000000111111111111111000101001000100101101101100010001101011111001
2 34  100 1111000101100011100100010001101001001011000111111111111000101001010010100101111111010100101011111001
runNumber 4
genCount 5221
elapsedTime 599.996
unaryHyperVol 155
binaryHyperVol 24.1625
additiveEps 0.95
entropy 0.49717
archive 4
2
4 25  100 1011100010101100100001110000110001001010110100010000001110100100100100100011011010101011101001001011
3 26  100 1011100010101100100001110000110001001010110100010000111111101001001100100011011010111011101001001011
runNumber 5
genCount 5174
elapsedTime 599.901
unaryHyperVol 238
binaryHyperVol 13.9524
additiveEps 0.866667
entropy 0.49717
archive 5
2
9 19  100 1111100000101000101000110101100001001001010111010000010010101000001010100011011000010000101011101001
2 21  100 0111000000101000101000110101100001001001010111010000010010101000111010100011011000010100101011101001
runNumber 6
genCount 5239
elapsedTime 600.033
unaryHyperVol 164
binaryHyperVol 21.5761
additiveEps 0.782609
entropy 0.49717
archive 6
2
4 24  100 1011100011100101101000010001110111111001000111010000111101001010011011000001011000010111010100101011
3 29  100 0111100001011100100100000101101011111001010101111100111101101010001100010001011000010100010110001011
runNumber 7
genCount 5097
elapsedTime 599.961
unaryHyperVol 206
binaryHyperVol 14.2083
additiveEps 0.888889
entropy 0.49717
archive 7
2
4 22  100 1011111110100000010110001101101000100111000100010000011100101011001000100011010000010111101011101001
2 24  100 1011111100100000011110011011011001011001110111010001011101101011001000110011000000010111101011101001
runNumber 8
genCount 5221
elapsedTime 599.943
unaryHyperVol 200
binaryHyperVol 8.43966
additiveEps 0.551724
entropy 0.529986
archive 8
4
6 21  100 1011101111101100101010011001111001000001110111010100101001101011110110100001001000100000010101001001
4 23  100 1011100111011101101010011001101001000001110111110001011101101000011100010001010011010111010100011001
3 27  100 1011101111100100101011010100110010000001110011110001101001101011001111010001010100000001010100101001
2 35  100 1100000111100100101011010100110010000001110011110001101001101011001111000010100011010100101010111001
runNumber 9
genCount 5323
elapsedTime 599.967
unaryHyperVol 238
binaryHyperVol 7.00641
additiveEps 0.615385
entropy 0.506429
archive 9
4
8 17  100 0011100011100000101010110101011001001001000111110000000000000011001000000011011000010001101001101001
7 20  100 1011100011100000101011111110101011001001001101110000010100000011001000000001001000100000101001101001
3 23  100 0111100000100000100010110101011001001001000111110000000101101011101000000011101000010001101011111001
2 32  100 0110100000100000101010111111110100101000011111100100000001101001001000010001111000010101101000001001
runNumber 10
genCount 5399
elapsedTime 599.999
unaryHyperVol 195
binaryHyperVol 11.5714
additiveEps 0.761905
entropy 0.455879
archive 10
6
10 21  100 1011100001100010101010110001101001101001010101011000111100000011001000000001001010010101011011001000
8 23  100 1011100001100010101010110001101001111000000101001100111100000011001000000001001010010101011011001000
6 24  100 1011000000010000101010110101101000011000101111011000111000001011001100010001011010010101011000011000
4 25  100 1011000000010000001010010101101001111000100011011100110001101011101000010001011000010101011011001000
3 26  100 1110100010100000101010010001101101101001011101011000110001101011101000010001011000010101011011001000
2 27  100 0011100101100010101010110001101001111000000111011000011100101011001100010101001110010101101011001001
runNumber 11
genCount 5105
elapsedTime 599.744
unaryHyperVol 172
binaryHyperVol 12.0521
additiveEps 0.75
entropy 0.447913
archive 11
4
6 24  100 0111100001010000101011000011001000000001010110000000010101000011000101100011000000010110101001001001
4 25  100 1101000111101101111010110001011000000001000111000000010101000011000101100011100000010110101001101001
3 26  100 0111000001011000111010100011011001000011110101000101101010101011000000100011010100010110101001001001
2 30  100 0111100100101001001010110001110101000010110101000101101010101001000100100101111000010111101001001000
runNumber 12
genCount 5343
elapsedTime 599.931
unaryHyperVol 207
binaryHyperVol 17.325
additiveEps 0.75
entropy 0.449615
archive 12
3
8 20  100 1011000000100000101110101001100001000101000111010100101000000000011000000001010100100001011011001001
4 22  100 1001100111101100101100110001100011001000000111000001011001000001001000000001010100000001011011101001
3 26  100 1001000011100100001110010001110001000001011110010011110110101001001000000001010101100001011011101001
runNumber 13
genCount 5233
elapsedTime 599.957
unaryHyperVol 223
binaryHyperVol 14.9375
additiveEps 0.9375
entropy 0.49717
archive 13
2
3 21  100 0101000101010100100010110001011001001001110011000000011110101011000011100001011000010111101011101001
2 22  100 0111100100100100100010110000111001001001010011000000011110101011000011100001011000010111101011101001
runNumber 14
genCount 5240
elapsedTime 600.07
unaryHyperVol 173
binaryHyperVol 13.7619
additiveEps 0.857143
entropy 0.49717
archive 14
2
5 24  100 1011100001101110101000100001100101000010100111010100110001001011000100010001111001110101011011101001
2 27  100 1011100111101000100000100001011001111001011111100000110111101011001000000110001010010100101011101001
runNumber 15
genCount 5177
elapsedTime 599.973
unaryHyperVol 190
binaryHyperVol 14.3289
additiveEps 0.894737
entropy 0.49717
archive 15
2
5 23  100 1000100111100000101010110001101001000010100111001101101010100100000100100001010100110001101001001001
2 25  100 1000001111100000101010110011101001001000111100010010001010101000010110101011010100010110101011001001
runNumber 16
genCount 5333
elapsedTime 599.955
unaryHyperVol 170
binaryHyperVol 13.0635
additiveEps 0.857143
entropy 0.449615
archive 16
3
11 23  100 0011100001100010101110110011110001010101000111010000010101101011110000100010011100010111101000101001
6 25  100 0011100001101000011110000001000001110101000111010100010110101000110000000010011000010111101011101010
2 27  100 0011100001100101110110110111001011001010100111010000010101101011110000100010011100010111101000101001
runNumber 17
genCount 5269
elapsedTime 600.252
unaryHyperVol 200
binaryHyperVol 11.6932
additiveEps 0.727273
entropy 0.481574
archive 17
3
4 22  100 1010110011100000011010110011001001000011110111000000110110101011000000010101010110000000010111101001
3 26  100 1011110011100000101010010011011001000011110010010001101010101001100010101101000101100001101011101001
2 28  100 1011110011101001001010010010000101000011010111010001010110101001101011101101010101010110101011101001
runNumber 18
genCount 5206
elapsedTime 600.043
unaryHyperVol 115
binaryHyperVol 11.8242
additiveEps 0.769231
entropy 0.472422
archive 18
6
16 25  100 1010100011100000001010000101100001100101001111010101011001000000001111010000000100000000101011001001
10 27  100 1101100011101000001010111111100001000101001111000101011001001011000100010001100100110001101000011001
9 28  100 1000101011100100101010001110000101000101001111000101011001000001001100010010010001110001101010011001
8 29  100 1111100011100000001010111111000101100101001111000101011001000001001111010101010110110001101000111001
4 30  100 1111101011100100001010111101000101001001011111010101011000000001001111010101100111010101101000111001
2 32  100 1011101011100000010100001111110001111001001111101100000010101010001001000001011011010100101000111001
runNumber 19
genCount 5227
elapsedTime 599.532
unaryHyperVol 116
binaryHyperVol 14.7083
additiveEps 0.916667
entropy 0.49717
archive 19
2
7 28  100 1011111100100011010100000101101011111001100111110000011010101001001100111011100100111010101011101001
2 30  100 1011111110100011010100000101010100111001100111010000011010101001001100011010100110010111101011101001
runNumber 20
genCount 5327
elapsedTime 599.977
unaryHyperVol 168
binaryHyperVol 15.9342
additiveEps 1
entropy 0
archive 20
1
2 25  100 1011101111101011101010110001111001011001110011010000010010101001000101101000110000010110101011001000
runNumber 21
genCount 5389
elapsedTime 599.966
unaryHyperVol 196
binaryHyperVol 15.9265
additiveEps 1
entropy 0
archive 21
1
2 23  100 1011110001100000101010110001101001000001110011100000001110101001010011100111010001010111101001001001
runNumber 22
genCount 5178
elapsedTime 599.624
unaryHyperVol 196
binaryHyperVol 11.7386
additiveEps 0.75
entropy 0.529986
archive 22
4
6 22  100 0111010111010000110000001101101001000001000111010100011001000011000011010011011001010111101001011001
4 24  100 0111010111011000001100010101101001000001000111010100011001000001100000000011011100010111101011001011
3 26  100 0111011101010100100110011001101000000001000111010100011110101011010011010011011110010111101011101000
2 28  100 0000010011100100100110011101101001000001010111010100011110101001011011001100010001010111101011001000
runNumber 23
genCount 5221
elapsedTime 599.63
unaryHyperVol 222
binaryHyperVol 10.7976
additiveEps 0.75
entropy 0.481574
archive 23
3
6 20  100 0011100011100100001010000001011001110101001111000000110110101000001000100001011000100000011001101001
3 23  100 0011100011100100100010000001010001000001011111000110010110101010001001100001011000100001101011101001
2 27  100 1010010001100100111000000101000000000001110111010000110010101010000000000001011000010101101011011001
runNumber 24
genCount 5272
elapsedTime 600.025
unaryHyperVol 154
binaryHyperVol 15.9375
additiveEps 1
entropy 0
archive 24
1
2 26  100 0100100011100001111100000001000110001010111111010000011010101011001100101011010100010110101000101000
runNumber 25
genCount 5195
elapsedTime 599.977
unaryHyperVol 181
binaryHyperVol 15.1053
additiveEps 0.947368
entropy 0.49717
archive 25
2
3 24  100 1111100011100000101011000001101001101001111111111101000001101010011000010001011010110001011011101001
2 25  100 1111100011100000101011000001101001101001111111111101000001101010011000010001011011010101101011101001
runNumber 26
genCount 5322
elapsedTime 599.938
unaryHyperVol 187
binaryHyperVol 10.5
additiveEps 0.653846
entropy 0.49717
archive 26
2
3 23  100 0111100001010000011001110000011101011001110111100000001010101010000100100011011100010101101010101011
2 32  100 0111100001101100011000110111010110011001100111110000011011101010000101110011011101010101101000011011
runNumber 27
genCount 5252
elapsedTime 599.87
unaryHyperVol 252
binaryHyperVol 15.9038
additiveEps 1
entropy 0
archive 27
1
2 19  100 1011010001100000101010010010101001011001110111010100011010101011011000101101011011010111101011111001
runNumber 28
genCount 5198
elapsedTime 600.049
unaryHyperVol 186
binaryHyperVol 12.4205
additiveEps 0.772727
entropy 0.49717
archive 28
2
4 23  100 0111100011100010101111110001101010011010000100010000011010101011001000101101101011010011101010101011
2 28  100 0111110101100010101111110001101000011010000100010000011010101011001001101101000011010111101000101011
runNumber 29
genCount 5162
elapsedTime 599.922
unaryHyperVol 132
binaryHyperVol 12.0093
additiveEps 0.851852
entropy 0.481574
archive 29
3
6 26  100 0110100001010000000001000001110001110101000000000000110110101011001010000011011100010110101011101001
3 31  100 0101010001011000010011000101011001111001000110010000010111101011000001001101001000010111101010011001
2 33  100 0001111000101001100010011001110001111000001110010000011110101011001001001111001111010110101011101001
