OptimalFront
unaryHyperVol 446
Optimal front is obtained by exact method
-------------------------
3
1 7
2 6
4 5
runNumber 0
genCount 5224
elapsedTime 600.043
unaryHyperVol 163
binaryHyperVol 30.0714
additiveEps 0.809524
entropy 0.449615
archive 0
3
5 22  100 0100011000010110011001011000101010100100010110000000100001111011000110100101010101111000011011001001
4 24  100 0100011001011010011001011010110110110100011110000000100011111111110110100101010101111000011011001001
3 26  100 0100011001011010011001011010110110110100010110000000111000100010101110000001010101111000011011001001
runNumber 1
genCount 5230
elapsedTime 599.908
unaryHyperVol 263
binaryHyperVol 8.66667
additiveEps 0.666667
entropy 0.506429
archive 1
4
4 16  100 1011011000101000011001011111000110100100010001000000100101111101000000000101001010100100010111001001
3 19  100 1010011000101000011001011111100110100100110010000011110101111101000000000001001000101100010111001011
2 25  100 1011011000101000011011101010011010011100110010011000100101111101000000000111101010110000101011001001
1 26  100 1000101000101000011001011110010001100100110010011000100101111101001010000001001000101001101011101011
runNumber 2
genCount 5183
elapsedTime 599.98
unaryHyperVol 61
binaryHyperVol 12.9042
additiveEps 0.833333
entropy 0.455879
archive 2
6
9 29  100 0100010001011110001010010111110000100010000010110011000010111111110000010100100100011000101011001001
7 31  100 0100010001011110101010100001010101010110000010110011100110011010110000000100100100111000101011001001
5 32  100 0100100001100100111011100010011100001100000010110011100110001110100000010100100100111000101011001000
3 33  100 0100010101011110101010010011110001011100000110110111110110111010100110010000110100101000101011001001
2 34  100 0110111001100110111011100001011001000100000010110011100110111010110000001011010101101000101010000000
1 35  100 0100011001100100111011100010011100000110000010110011100110011010110010001011000001001001101011001000
runNumber 3
genCount 5224
elapsedTime 600.042
unaryHyperVol 223
binaryHyperVol 14.0784
additiveEps 0.882353
entropy 0.49717
archive 3
2
2 20  100 1000011000101110101001010011010110100001011110000101101110111101100000000011000000101000101010001001
1 22  100 1000011000101110101001010011010110100001011110000101101110011111100010000111000000101000101010001001
runNumber 4
genCount 5359
elapsedTime 599.959
unaryHyperVol 249
binaryHyperVol 13.0312
additiveEps 0.8125
entropy 0.449615
archive 4
3
5 18  100 1000011000101010011011011111101110100100010010000000100001110001110010100111001000100001100000101001
2 19  100 1100011000101010011011011011101110100000010010011100110001111101100000000001001001101000101001101001
1 21  100 1100011000101010011011011011101110100000010010011100110001111101100010000001011001101000101001101001
runNumber 5
genCount 5226
elapsedTime 599.929
unaryHyperVol 150
binaryHyperVol 12.27
additiveEps 0.8
entropy 0.481574
archive 5
3
5 24  100 1100011000101010011001100101101110011000100000001100100101011110000001110101000100100110101010001001
2 27  100 1100011000101001011000100111100001101000010000001111110101110100000110000101000100101110101010001001
1 30  100 0000011011101001011001101001100000011101111010001100100101011100101110100101000100100110101010001000
runNumber 6
genCount 5358
elapsedTime 600.01
unaryHyperVol 207
binaryHyperVol 11.6508
additiveEps 0.904762
entropy 0.49717
archive 6
2
4 20  100 0100010000101001011001010111110001010110010110010010101101111110100010000101000100101000101011001001
1 26  100 0101011000101101111011010111101001100111010010000011101101111111100010001101010100100010101000001010
runNumber 7
genCount 5209
elapsedTime 599.984
unaryHyperVol 169
binaryHyperVol 12.5652
additiveEps 0.782609
entropy 0.449615
archive 7
3
8 23  100 0111010000100000011011011010101110100100010010000100011101001101101110101111110101100111000011001001
2 24  100 0101001000100010011011011010101110000100010010001110101101111101000000111011011101101010101010101001
1 28  100 0100001000100010011011011010101110000100010010110100001010001101101110101110001111101010101010011001
runNumber 8
genCount 5102
elapsedTime 599.913
unaryHyperVol 185
binaryHyperVol 9.23661
additiveEps 0.607143
entropy 0.447913
archive 8
4
9 21  100 0110001000101010000011001011101001111100000010010011100101111101110000000111000100101000101011001001
4 22  100 0100001000100010010001010011000101000100010001000000010001000001010000000111000100100100101011011010
2 25  100 0100101010100110001011011010100110000100010010110011011100001110100000100011000100100101101011001001
1 33  100 1101001010100110001011011010010001110101000010010001110101100010000010000111000100100101101010001010
runNumber 9
genCount 5188
elapsedTime 599.922
unaryHyperVol 190
binaryHyperVol 9.67901
additiveEps 0.666667
entropy 0.529986
archive 9
4
4 21  100 1001001010101001000001011011011101011011100010000011101101110101100000110111000110101000101011001001
3 24  100 1001001010101011010001111101010101111111100010000011101101110101100000110111000110101000101011001001
2 27  100 1001001000101111011001011111010101111111000000000011101101110101100000010111100110001000101010111010
1 32  100 1101001010101011011000010111011001110111000010000010101101010111100010100111001101001001101001101000
runNumber 10
genCount 5318
elapsedTime 599.964
unaryHyperVol 153
binaryHyperVol 13.3333
additiveEps 0.913043
entropy 0.49717
archive 10
2
4 24  100 1100111000001100011000010111110101101000010000000000100100110111100010001111000101101010101010001001
1 28  100 1100101001100101001011010111100000000000010110001000100100110111100010000111000101101011101001001001
runNumber 11
genCount 5279
elapsedTime 599.959
unaryHyperVol 144
binaryHyperVol 11.115
additiveEps 0.875
entropy 0.431679
archive 11
4
9 22  100 1010010100101010101001011100101110110100000110000001100101111101101010100111010000111111010111001001
3 28  100 1011010100101010101001010111101100010101110000001001011001110101011010100001110101111011010111001000
2 29  100 1000010100101010101001010111100110011011101110000001101101010000011110000001110110111111101001001001
1 30  100 1000011001101010101001011100101010110100000010000001100101111000001010011000000001000111101001011001
runNumber 12
genCount 5316
elapsedTime 599.963
unaryHyperVol 176
binaryHyperVol 14.4
additiveEps 0.9
entropy 0.49717
archive 12
2
3 23  100 1000011011101100011001011011101110100110000000011010101101010111100000000001000101011101011011001001
1 25  100 1001011011101000011001011101101110000110011110011000101101010110010010000110100100101011101011001010
runNumber 13
genCount 5276
elapsedTime 599.896
unaryHyperVol 189
binaryHyperVol 11.8551
additiveEps 0.73913
entropy 0.49717
archive 13
2
2 22  100 1100011011101101011001011011001100101000011010000000101001111100100000001110010100100011101011111001
1 28  100 1111101011101011111001011011001100101000011110000101101101111100101010001101010101100110101011111001
runNumber 14
genCount 5193
elapsedTime 599.964
unaryHyperVol 164
binaryHyperVol 13.2273
additiveEps 0.909091
entropy 0.49717
archive 14
2
5 23  100 0101011011100010111010011001101110100100010010000101011111111101010110000111010100001010100011001001
1 27  100 1000011010100111011010101011101110100100100010001101001001011100010110000100110010011010101011001001
runNumber 15
genCount 5116
elapsedTime 600.002
unaryHyperVol 195
binaryHyperVol 15.9216
additiveEps 1
entropy 0
archive 15
1
1 22  100 1000111000100100011000010011110000000100011110000000101010111101100010000111000000101011101000001001
runNumber 16
genCount 5062
elapsedTime 599.992
unaryHyperVol 133
binaryHyperVol 10.0958
additiveEps 0.689655
entropy 0.43482
archive 16
7
10 23  100 1000011000100110000111011111110010110101010010010100101101101101100010110101000101101110101011001001
8 25  100 1000011001101010000011011111110000010111010010010000000111101111100000110101000101101011101011001001
6 27  100 1000011000100110000111011101110011111101110000010100101101101111100000101011010101101011101011001001
4 28  100 0000011000001100011001100010010110101101011010110101111101101101100010110001010100101011101011001000
3 29  100 1000001001101110010001011110110100010111010010010101001101101101100000101011010101100011101000001000
2 31  100 1000011001100000011011100010010110001101011010110101111101101101100000101011010101100011101000001001
1 34  100 1000011001100000011001100010010110001101011010110101111101101101100110000001110000111011101001101000
runNumber 17
genCount 5094
elapsedTime 599.965
unaryHyperVol 166
binaryHyperVol 11.0467
additiveEps 0.72
entropy 0.493798
archive 17
5
7 22  100 0110011011001111011001001011000101110100010010010000101101111111110000000111010100011100101000001001
5 24  100 0110011000011001011001110111010001010000010010010000101111111101110000001111000000101100101000011001
4 27  100 1101011001011111011001001011000101010000010010010000101111111101110000001111000000101100101000010000
2 28  100 1111001010101101011001110000100000010110010010010000101111111101100000000100010110111100101001001010
1 30  100 0110011001101101011001001011100101110100110110010010111100111101010110011111010100011100101000001001
runNumber 18
genCount 5085
elapsedTime 599.936
unaryHyperVol 129
binaryHyperVol 12.4385
additiveEps 0.807692
entropy 0.481574
archive 18
3
6 25  100 0101010101011000001001010011101110100100001100010001100101110100010000001011100100101000101001011000
3 28  100 0100011001011000001001010010111001100100000110010101010001111101010000001011100100101000101010111000
1 31  100 0100011000101001101011000000101011100010001110001110100011110000110010001011100100101000101011111000
runNumber 19
genCount 5251
elapsedTime 599.953
unaryHyperVol 164
binaryHyperVol 15.15
additiveEps 0.95
entropy 0.49717
archive 19
2
2 24  100 0011001000101001101001010111101110100100110000000011101001111011010010000011001000001000101000001010
1 25  100 1011001000101010011010010111001100101100110010000011110101100101100010100111000000101000101000011000
runNumber 20
genCount 5266
elapsedTime 599.988
unaryHyperVol 210
binaryHyperVol 13.1708
additiveEps 0.933333
entropy 0.49717
archive 20
2
16 18  100 1100001000101010011001011011101110100100010000000000110001111101001100010000110100011100101011001001
1 21  100 1100001000101010011001011011101110100100010110000001110001101101000010100111110110011101101011001001
runNumber 21
genCount 5261
elapsedTime 599.973
unaryHyperVol 150
binaryHyperVol 15.9333
additiveEps 1
entropy 0
archive 21
1
1 25  100 1011011000100110011001010110101110110000010010101100100011110101101010000000100100111000101001111001
runNumber 22
genCount 5347
elapsedTime 600.011
unaryHyperVol 300
binaryHyperVol 15.8667
additiveEps 1
entropy 0
archive 22
1
1 15  100 1000101000101010011001011011111000100000010010000000101101111111100010000111000110101000101011001010
runNumber 23
genCount 5145
elapsedTime 600.028
unaryHyperVol 171
binaryHyperVol 9.51724
additiveEps 0.655172
entropy 0.449615
archive 23
3
6 22  100 0100011000100010000001011011100100101001011110000100101101001101010110000011000100001011100011001001
2 25  100 1100011000101011001010100101100010101000000000000100101111110001011110000110000100001001101011001001
1 34  100 0101011000101100001011100011111011010001111110111000000001001101010110000011000100011011101011001000
runNumber 24
genCount 5304
elapsedTime 599.926
unaryHyperVol 210
binaryHyperVol 15.9167
additiveEps 1
entropy 0
archive 24
1
1 21  100 1000001011101010011000011100100010000100010010000001101101110110110010000111101000011000101011001001
runNumber 25
genCount 5240
elapsedTime 599.896
unaryHyperVol 255
binaryHyperVol 11.5098
additiveEps 0.882353
entropy 0.49717
archive 25
2
4 17  100 1001011000101010011001001001101101000101010000000010101101111110100000000101110100100100010111111001
1 22  100 0100011000100010011001011011101100111110011010110010100101111110100010000101010000100100101011001001
runNumber 26
genCount 5200
elapsedTime 600.055
unaryHyperVol 135
binaryHyperVol 11.2083
additiveEps 0.769231
entropy 0.447913
archive 26
4
13 23  100 1010010100100010011001010110100010100100011101010110110101111100100000110101010100101100101000001001
6 26  100 1010010100100010011001010110100010101100001100011111110000111100100000110101010100101100101010001001
2 27  100 1000010100101111101011101111001010101100011110001111001001111100100000010011110100101101101010001001
1 31  100 0000011001100010011001101011010110011100001110001111001001111101101010000001010110111101101010111001
runNumber 27
genCount 5174
elapsedTime 599.929
unaryHyperVol 147
binaryHyperVol 13.2935
additiveEps 0.869565
entropy 0.481574
archive 27
3
9 24  100 0111010001011000011001010111110101010000010000000100101101111101100010011010010101101100101011001001
2 26  100 0111011000101000011000011100100000101100010010000100111110011101100000101000011111101000101011001000
1 28  100 0111011000101010011000011100100010101100010110011011101110111100010010011110110100001001101011001000
runNumber 28
genCount 5157
elapsedTime 599.97
unaryHyperVol 180
binaryHyperVol 15.9259
additiveEps 1
entropy 0
archive 28
1
1 23  100 1100001000101010011010011011011010100000010010000110101101111101000010000011010110101111101000111001
runNumber 29
genCount 7538
elapsedTime 599.967
unaryHyperVol 233
binaryHyperVol 13.2118
additiveEps 0.823529
entropy 0.449615
archive 29
3
6 19  100 1000011010101000011001011111010011110100010001000010010001111100000000000111000110101000101011001001
2 20  100 1000011000100010011001011111110110010100011010000111000001001100110000000111000110101000101011001001
1 22  100 1000011000100010011001011111110110010100011010000111000001001100000110000111000110101000101011001001
