OptimalFront
unaryHyperVol 384
Optimal front is obtained by exact method
-------------------------
1
3 4
runNumber 0
genCount 5375
elapsedTime 599.984
unaryHyperVol 143
binaryHyperVol 34.25
additiveEps 1
entropy inf
archive 0
2
6 21  100 1111111001111101110111000101110001010100000000110110110101101001110000011010000110111101010100111100
5 28  100 1111111000111100011010000111110001010101001101010001011000101101110000001010000110111111010100111110
runNumber 1
genCount 5307
elapsedTime 599.932
unaryHyperVol 204
binaryHyperVol 333
additiveEps 333
entropy 0
archive 1
1
3 19  100 1100111001010101011011101111001111101010111101011011110100101100010000011010100110101101010110001101
runNumber 2
genCount 5320
elapsedTime 599.899
unaryHyperVol 127
binaryHyperVol 14.3636
additiveEps 1
entropy inf
archive 2
2
8 25  100 0100110110000101010111001000100010101010001100011111110100010101110000011100011100111111011000010011
3 26  100 1111111010010101010111001000100010101010001101011111110100010101110000010000011010011110001011010111
runNumber 3
genCount 5320
elapsedTime 600.092
unaryHyperVol 274
binaryHyperVol 13.6
additiveEps 1
entropy inf
archive 3
2
5 13  100 1100111010010101010111111001011111101010001100100110110100101001010000011100100010111101001010011101
3 14  100 1100111010010101010111111001011110101010001100100110110100101001010010011110100010111100001010011101
runNumber 4
genCount 5342
elapsedTime 599.776
unaryHyperVol 169
binaryHyperVol 12.7661
additiveEps 0.894737
entropy -inf
archive 4
3
12 20  100 0100011000101101010111011111010110101010001100111111110101010101110001010000010101110001001010011100
10 21  100 1011111001101101010111110111010110101010001100111111110101010101110001010100011010111101001010011111
3 23  100 1011111000101101010111001111111110101010000010101100100100010101100010010000010101110001001010011111
runNumber 5
genCount 5383
elapsedTime 600.061
unaryHyperVol 139
binaryHyperVol 12.2
additiveEps 1
entropy inf
archive 5
2
4 24  100 1001010110101110010111101110001001101000001111010100110100010101010000010100010100111101001010011101
3 29  100 1010111000101110010101000111010001101011110001100110011111100111010000000000010110111101001000111001
runNumber 6
genCount 5346
elapsedTime 599.806
unaryHyperVol 131
binaryHyperVol 10.5269
additiveEps 0.807692
entropy -inf
archive 6
4
13 22  100 1100001010101001010011010011011110101010000100000110010100011101010010010000011000111111001001001101
5 25  100 1100001010101001010001100010011100101010000100000110011110101011010000110100010101111101001000001101
4 27  100 0100111010101111110011010011011110101010000100000001010101001111010010110000010101111111001000011100
3 30  100 1100111010101011010011110011011110101011000101000101010101010110011010100000010001111111001001001101
runNumber 7
genCount 5217
elapsedTime 600.033
unaryHyperVol 185
binaryHyperVol 9.25296
additiveEps 0.652174
entropy -0.495742
archive 7
6
14 18  100 1100111010101101011111001101011110101000001100110111110100101111100000011010001101111101101011011111
8 19  100 1100111010100001010110101101011110101000001100110110110100100001100001011010001100111100011011010011
6 20  100 1100111010110101010101101001011110101000001100110111110100100111000000011010001101111101001010011100
5 22  100 1100111010100101010100001111010001101000011110110011110100101001100000011110001101111101011011010011
4 26  100 0000111010100000000100101101000001001000011100000111110100101001110010100000010110111011001010010101
3 27  100 1100111011010010100100110000000000101010110000110110110100101001110010100000011110111011001010010101
runNumber 8
genCount 5307
elapsedTime 599.939
unaryHyperVol 167
binaryHyperVol 21.5395
additiveEps 1
entropy inf
archive 8
2
7 20  100 1101110100100101010111100011011110010101001100010110110100101001000000011100011101001101001000011101
4 23  100 1111110100100101010111100111010000010100101100110110110100101001000000011100011101001100001010011101
runNumber 9
genCount 5420
elapsedTime 599.884
unaryHyperVol 139
binaryHyperVol 13.7121
additiveEps 0.954545
entropy -inf
archive 9
3
6 24  100 0100011001101101000110000111011110101010101100000111010100010101100001010000011010000001001010011101
5 25  100 0101011001101001100110000111001110101010101100010111110100010110110001010100010110010101001010011101
3 26  100 1101011000101001100110001011011110101010101100010101111000010101110000010000010011001001001010010011
runNumber 10
genCount 5652
elapsedTime 599.896
unaryHyperVol 127
binaryHyperVol 8.54427
additiveEps 0.625
entropy -2.44258
archive 10
6
15 22  100 1100011000100001010111011100110101000001010100010111110100100101010000011010100111111100011011001101
11 23  100 1100101010100000010011001100110101000000001100010011110100100001110000011010100110111100001000000101
10 24  100 1100001010110000010011000101000101000000001100010011110100100001110000011010100110111100001010110101
7 25  100 1100001010100001010110010111000101000000000111110101110100100101110110010010100111011101011010110100
4 26  100 1100101010100000010011000101001000101011000010110111110100100101110010011010101011011111011011011001
3 36  100 0000010110010110110110111011101000101011000010110111110001100011101010111010100111010110011010000100
runNumber 11
genCount 7458
elapsedTime 720.192
unaryHyperVol 151
binaryHyperVol 14.3
additiveEps 1
entropy inf
archive 11
2
8 23  100 1100111010101011010101101001000010100101011100111111110000101011010000010000010110111100001010011101
3 24  100 0100111010101001010100001101010011101000110000011111110100100110010010010000010110111100001010011101
runNumber 12
genCount 5291
elapsedTime 647.486
unaryHyperVol 150
binaryHyperVol 10.6008
additiveEps 0.782609
entropy -inf
archive 12
5
14 20  100 0000111000101100000111010111010000101010001111000110110100000001110000000000010110011001001010011101
9 22  100 1100111010101101010111111111000000101000001101000110011100000001000000000000010111110001001010101101
6 24  100 1100111010101101010001111111000001101000001111000101000100000011000000010000010110111001001001001101
5 26  100 1100111010101101010111111100000000101000010100110100110100100001000110000000011000001001000000011101
3 27  100 0100111010101101010011111111000000101000000101110100100101010101010000000000011000110001001010101101
runNumber 13
genCount 5176
elapsedTime 599.924
unaryHyperVol 162
binaryHyperVol 12.3636
additiveEps 0.863636
entropy -inf
archive 13
3
6 22  100 1100101010100001010111011111011010101010110000001010100101100101100110100110100110100101011010100001
4 23  100 1100001010100000000110011111011010101010110011110111110100101101100110111010100110111001011011101001
3 26  100 1101111010010101101101011111100010101010110010010010000101101101111110111010100110011001011010101001
runNumber 14
genCount 5338
elapsedTime 599.964
unaryHyperVol 168
binaryHyperVol 333
additiveEps 333
entropy 0
archive 14
1
3 22  100 1101101000001011000011110100011110101010001100010111110101101001111110010000010110111101001010011101
runNumber 15
genCount 5440
elapsedTime 599.953
unaryHyperVol 124
binaryHyperVol 8.66667
additiveEps 0.6875
entropy 0.0232461
archive 15
3
9 22  100 0100110111000010010111000111111100010101001100000111110100101001110000011100011100111101010111011111
5 26  100 0000110101011001001100000111110100101001001100000111110000101001110000011100010100111001010111011011
3 36  100 1101010100101011010110111001010100101001100111100011010101100111110000010000010011000100001001101111
runNumber 16
genCount 5363
elapsedTime 599.964
unaryHyperVol 197
binaryHyperVol 14.125
additiveEps 1
entropy inf
archive 16
2
10 19  100 1100111010010110010100011111010000001000001101000111110000100001010000011010101000111101010110101101
3 20  100 1100111010010110010100011111011100101000000011010001101011100001110000011010101000111101010110101101
runNumber 17
genCount 5394
elapsedTime 599.963
unaryHyperVol 131
binaryHyperVol 13.1565
additiveEps 0.956522
entropy -inf
archive 17
3
8 24  100 1100011010010111010110011001001110101000001101010000100100100000010000001100100100111101011010011111
6 26  100 1100111000010100011000010110001110101000001101100101110111010100010000001100100101111101101000011111
3 27  100 1100111010010101100111100000001110101000001101000110000111010111000010010010101000111100101011011110
runNumber 18
genCount 5385
elapsedTime 599.947
unaryHyperVol 196
binaryHyperVol 12.5
additiveEps 0.882353
entropy -inf
archive 18
3
11 18  100 1100111001101101011011011111011010101000011101000110000110101001110101010000010110111101001010111101
9 19  100 1100111001101101011011011111011010101000011101000110000110101001110101010100010101111110001010011101
3 21  100 1100011010101100011100010111010000101000001100101000110100101000110010010000011001111100001010011101
runNumber 19
genCount 5294
elapsedTime 599.956
unaryHyperVol 164
binaryHyperVol 12.4545
additiveEps 1
entropy inf
archive 19
2
4 22  100 1100110110100011010111011111110110101001101100100100111000100001110110110000010010111111001010010101
3 26  100 1110111011111110010111011111110110101001101100100100111000100001110110110000010010101111001011110001
runNumber 20
genCount 5441
elapsedTime 600.076
unaryHyperVol 187
binaryHyperVol 14.1765
additiveEps 1
entropy inf
archive 20
2
8 20  100 1101001011110101100111001101011110101001001001100110110000101001110010001110100110111111010100101101
3 21  100 0101001001010111010111011011011110101001000100100100111100101001100000010110101111111110010101011110
runNumber 21
genCount 5282
elapsedTime 600.008
unaryHyperVol 213
binaryHyperVol 12.5294
additiveEps 1
entropy inf
archive 21
2
4 18  100 1100111010011010011011011101011110101001001101000110110100101010110000001100010100011100011010011101
3 21  100 0100111010010110011011010101011110101001001100100110010100101010100000001110101110100100011010011111
runNumber 22
genCount 5374
elapsedTime 599.639
unaryHyperVol 179
binaryHyperVol 14.2222
additiveEps 1
entropy inf
archive 22
2
4 21  100 1100111010100001010111011110000000001010001000100101110101101001111110010000010110111100001001111111
3 22  100 1100111010100001010101010100110010101010001100000111011001101001111110010000010111111101001001011111
runNumber 23
genCount 5313
elapsedTime 600.014
unaryHyperVol 192
binaryHyperVol 333
additiveEps 333
entropy 0
archive 23
1
3 20  100 1111001010011101000011101000011111101010001100100110000100101001110010010000010010111101001010100101
runNumber 24
genCount 5203
elapsedTime 600.045
unaryHyperVol 179
binaryHyperVol 12.1625
additiveEps 0.85
entropy -inf
archive 24
3
7 20  100 1100111000110100100011010111011101101010001111100110010101101001110000011110101111111111001010101101
6 21  100 1100111000110101110101010101010111101010001111100110010101101001110000011110101111111111001010101101
3 24  100 1000111000010100000100000010101101101010001100000110010111101001110000011110101111111111001010101101
runNumber 25
genCount 5239
elapsedTime 599.887
unaryHyperVol 92
binaryHyperVol 11.8313
additiveEps 0.851852
entropy -inf
archive 25
4
12 25  100 1100101010101100010111000011010001101010000100100101111000010110100000100010000101111001111001000101
10 27  100 0000111000101100100011000011000111101010000100101010110000010110100000000010000101111101111001001101
8 28  100 1100101010101100010111100011010001101010000100100101111110010110100010000010000001111111111001000101
3 31  100 0101011010010101010011010000110001101011000110101000111010010110100000000010100000111100011010010101
runNumber 26
genCount 5414
elapsedTime 599.942
unaryHyperVol 138
binaryHyperVol 14.3333
additiveEps 1
entropy inf
archive 26
2
9 24  100 1100111001100001011110011111000101001001011101010010110100101000110110001010100100110100011010111101
3 25  100 1100001000010100000111111111100101101011101101111110110100101111110110111010100110000001011010011101
runNumber 27
genCount 5188
elapsedTime 600.015
unaryHyperVol 198
binaryHyperVol 12.6667
additiveEps 1
entropy inf
archive 27
2
5 19  100 0111111001110101011110011111011010101010001100010100000000101001000000111010100110111100011010011111
3 22  100 1001101011010110011110011111011010101010001100000100101100101001000000011010100011111100101010011101
runNumber 28
genCount 5252
elapsedTime 599.824
unaryHyperVol 166
binaryHyperVol 13.6
additiveEps 1
entropy inf
archive 28
2
4 22  100 1000111010011001011011011111011110101010001100001111111111001101010000110000010001111101001010010001
3 24  100 1000111010011001011011011111011110101010001100011101001111101101010000110000010001110101001011011001
runNumber 29
genCount 5512
elapsedTime 599.723
unaryHyperVol 120
binaryHyperVol 11.1346
additiveEps 0.875
entropy -inf
archive 29
4
11 23  100 1100111010100001010111011100011010101010000011000100010100011101000010010100010000111110001001011001
10 25  100 0010101000100001000111011000101010101010001100000100110100011101000010010100010011111101111001011101
5 27  100 1100111010010001110110010000101011101010001100000101000100010101000000011100010010111100101001000111
3 30  100 0110111010100101010011011100101011101000000011001101100101101100000000010000010010111110001011000101
