OptimalFront
unaryHyperVol 522
2
5 6  100 1011111011010111011000111110111001010111101111010111110011011010101011001010100001100010011010011001
2 7  100 1011111011010011011000111110111011100011101111010111110011011010101011001000010001100010011010011001
-------------------------
runNumber 0
genCount 5325
elapsedTime 599.953
unaryHyperVol 255
binaryHyperVol 16.9444
additiveEps 1
entropy 0
archive 0
1
2 24  100 1011001000010011011000110010101011100000111011010100110101011001100101001000010011100010011010110011
runNumber 1
genCount 5157
elapsedTime 600.004
unaryHyperVol 299
binaryHyperVol 15.8958
additiveEps 0.9375
entropy 0.509891
archive 1
2
3 21  100 1000010101010100001000110000110101010111011111010101110011001010101011001000011001101110011010010001
2 22  100 0000010101010001001000111110111111010111010001010101110011001010101011000000010001101110011010010100
runNumber 2
genCount 5267
elapsedTime 599.916
unaryHyperVol 262
binaryHyperVol 15.2763
additiveEps 0.947368
entropy 0.509891
archive 2
2
6 23  100 1000111011010011011010111110111010100011000011010111110001011001110001001000011100100010000101101001
2 25  100 1000111011010001011010111110111010100011000011010101010001011000001001001100011000100010101001001001
runNumber 3
genCount 5330
elapsedTime 600.061
unaryHyperVol 302
binaryHyperVol 8.82051
additiveEps 0.692308
entropy 0.54796
archive 3
4
5 19  100 0011011011010000111000110111111101100011101111010111110011011010101001011010100000101110001010101001
4 25  100 0000011000010000111001110100000001100011101111010111110110011010101000000110100100101110011010011011
3 28  100 1100011000010100111000010110111111100010101110010111111010111000001000000001100000100001010010001001
2 32  100 1111001010010000011000010101010001100011111111100101111010011000101000000100011101100101001110101101
runNumber 4
genCount 5343
elapsedTime 599.936
unaryHyperVol 295
binaryHyperVol 12.7833
additiveEps 0.75
entropy 0.509891
archive 4
2
3 21  100 1011001001010011010011001110111010100100010111010101110011011010001011001000010001101010011001001011
2 26  100 0010001011010011001010101110011010100101011111000001110011011010101011001000010001100000011101000001
runNumber 5
genCount 5348
elapsedTime 599.991
unaryHyperVol 345
binaryHyperVol 16.9167
additiveEps 1
entropy 0
archive 5
1
2 18  100 1011111011010000011000001100110000100011101111010101000011011010101011000100010001100110001010011010
runNumber 6
genCount 5254
elapsedTime 599.993
unaryHyperVol 326
binaryHyperVol 10.4667
additiveEps 0.7
entropy 0.5994
archive 6
3
5 18  100 1000010111010000111000111110111011100000100011010100110001010100011011001001100011100011011010011001
4 21  100 1000010111010000011000001110101011100110100000010110110000011010011011010001100011100011011010011001
2 26  100 1000010111010000011000001110101001100000100011110110110000001010010101001000010011100010111001001011
runNumber 7
genCount 5265
elapsedTime 599.918
unaryHyperVol 333
binaryHyperVol 13.75
additiveEps 0.933333
entropy 0.509891
archive 7
2
6 18  100 0111010111010011011000101101110001010111011111011101110000011010111011001001101001100011011010011001
2 21  100 1011010111010011011001101101100101010111101111011101110000011000101011001100011110100011011010011001
runNumber 8
genCount 5262
elapsedTime 599.992
unaryHyperVol 280
binaryHyperVol 16.0235
additiveEps 0.941176
entropy 0.509891
archive 8
2
7 22  100 1000110100010101010111001110110100100011011101010011110011001001101011001000011010100110011001011001
2 23  100 1000010111010001111000001111011101100011111101010011110011011010101011001000011011100110101010011000
runNumber 9
genCount 5254
elapsedTime 599.983
unaryHyperVol 212
binaryHyperVol 14.213
additiveEps 0.833333
entropy 0.472411
archive 9
4
11 26  100 1010010110010001101000111110001001010111000011010101101111101001001010000110100011100001001110101001
4 27  100 1000010111010000011000101110001010010111100011010001101011111001010001001010100101101001101110101011
3 28  100 1100010111010100011000101110001101010110100011010101101111001001001010000110100111100001001110101001
2 30  100 1010010110010001101000111110001001010111000011010101101111101001001001101100011101101001111110101001
runNumber 10
genCount 5269
elapsedTime 599.912
unaryHyperVol 202
binaryHyperVol 12.7778
additiveEps 0.814815
entropy 0.54796
archive 10
4
6 26  100 0110111001010001011000100011110111010111011111010111110001011010001011000100100100101111010001001011
5 29  100 1110001001010101111000010011110111010111011111010111110001011010001010001000011100100001001001001110
4 32  100 0100001001110001101010010011000100010111011111010111110001011010101010001000010110100000101101001010
2 33  100 0100011001010001011000110011010111010101011111010101111110011010001001000100011100101000000101000001
runNumber 11
genCount 5338
elapsedTime 599.989
unaryHyperVol 369
binaryHyperVol 13.1538
additiveEps 0.769231
entropy 0.509891
archive 11
2
4 16  100 0011010111010100011010111110111011101111100011010110110011001010101011001000010001100010011000011000
2 19  100 0011010111010010011010111110111011101111100010010110110011001010111011001000011001100011011000011001
runNumber 12
genCount 5263
elapsedTime 600.012
unaryHyperVol 192
binaryHyperVol 9.38929
additiveEps 0.6
entropy 0.472411
archive 12
4
10 25  100 1010001011111000010001111110000000100011101111010011110111011000001000001100000001100001011001001110
6 27  100 1010001011111000010011111010000000100011101111010001110011001000001001000100000000100000000110011101
4 29  100 0100001011111000010001101101010111100011001111010101000001000001011000001100000001100001001010011000
2 41  100 1110001001010001111001110100001100100100011010001100000000001000001000100100010101100011101010111111
runNumber 13
genCount 5290
elapsedTime 599.875
unaryHyperVol 284
binaryHyperVol 15.9608
additiveEps 0.941176
entropy 0.509891
archive 13
2
3 22  100 1000111011010100111000111110011010100000000011000000010011011010101011001000010001100110111110011001
2 23  100 1000111011010011001000111110011010100000000011010101100111101010101000011000010001100110111110011001
runNumber 14
genCount 5305
elapsedTime 599.749
unaryHyperVol 321
binaryHyperVol 11.15
additiveEps 0.666667
entropy 0.5994
archive 14
3
4 19  100 1000001000010000010000111110110000010100101111010111110011011010101000001001100101001101000110011101
3 21  100 1000001000010000010000111110110000010100101011010111110011011010101000001000010001101011000010111101
2 26  100 1000001010010001011010111111110100010100101111011010100011011000101010000000010001101011011010011111
runNumber 15
genCount 5245
elapsedTime 600.092
unaryHyperVol 190
binaryHyperVol 13.8765
additiveEps 0.814815
entropy 0.509891
archive 15
2
3 28  100 1000111011010100011010011011111000010110111100011111110001001001100101000101101101101110011110011111
2 33  100 1000111011010000011010111001011010010110000100010000110000101001100101010100011100101110011110011111
runNumber 16
genCount 5336
elapsedTime 599.91
unaryHyperVol 179
binaryHyperVol 13.302
additiveEps 0.777778
entropy 0.472411
archive 16
4
15 27  100 1111111001110000001010011110001011100000101111000111110111011011011011000100010101100100111100011001
6 28  100 1111101001000100101010011110001000100001001111111111110011011011101000000100010101100100111010011001
5 31  100 1111111000111001001000101010110010100010101111101010001011011011011000000100010101101110110100011001
2 33  100 1101101001010000001010011110001000100001001111101111110011011011011001010100010111100110110101111001
runNumber 17
genCount 5536
elapsedTime 599.899
unaryHyperVol 182
binaryHyperVol 13.7231
additiveEps 0.84
entropy 0.380988
archive 17
5
15 26  100 1000111001010100011001111111001011101011111100010110010001011010101001000000011101001100011010011111
12 28  100 1000111001010001110001111111001011101011111100010110010001011000101001000000011100011100111010011111
6 29  100 1000111001010001110001111111001011101011101100000111000001011000101010111001101100100100100111011111
5 30  100 0111111001110011011000111111001011101011111100010111110101011001110001000000011001100100001001101111
2 31  100 0000111010010000011001111101011100100111100100010111000001011010101001000000011101101100100010001111
runNumber 18
genCount 5286
elapsedTime 600.009
unaryHyperVol 292
binaryHyperVol 11.1594
additiveEps 0.652174
entropy 0.509891
archive 18
2
3 21  100 1000001011010100010000011111111010100011011011010111110000111010111011101000010001101110010110010001
2 29  100 1000001000010000111011111011111011101111111110111111010111001010111001001100010001101110011110010001
runNumber 19
genCount 5257
elapsedTime 599.889
unaryHyperVol 167
binaryHyperVol 14.522
additiveEps 0.961538
entropy 0.509891
archive 19
2
9 28  100 1101101001010101101000010101011011100001100011100011110001001010111001000000010001100010011011101001
2 32  100 1101101010010001101000011111000010100100010011100111100001001010111001100000010001100110011010101001
runNumber 20
genCount 5248
elapsedTime 599.973
unaryHyperVol 293
binaryHyperVol 10.8758
additiveEps 0.681818
entropy 0.599401
archive 20
3
17 20  100 1000111011010100011000110110110101000010010111000011111101011001001001001010100001100010011010011001
3 21  100 1000111011010100011000111110000100100000010111000001110100011001001011001010100001101110011010011001
2 28  100 1000111011010001011000111111111100100101110110000011111100011001001011000100011111100011011010011011
runNumber 21
genCount 5372
elapsedTime 600
unaryHyperVol 171
binaryHyperVol 13.3333
additiveEps 0.851852
entropy 0.468496
archive 21
3
14 27  100 1111001011010001000010110110000100100011101011010111110011011011100101111000011100100011001011111010
3 30  100 0101001000010001010000111000111100100011101011010100110011011011100101111000011100100111001011110100
2 33  100 1011001001010001011000000110000100100100101101100011110001101010100101100100011101100110110111110001
runNumber 22
genCount 5185
elapsedTime 599.969
unaryHyperVol 330
binaryHyperVol 16.9231
additiveEps 1
entropy 0
archive 22
1
2 19  100 1100111000010011011000001101111010100000111011010111110011011010001011111000010001100010011010010101
runNumber 23
genCount 5349
elapsedTime 599.97
unaryHyperVol 328
binaryHyperVol 15.7619
additiveEps 0.928571
entropy 0.509891
archive 23
2
4 19  100 1000010111010011011000111110011011010111101111000111110011111010011000000000000101100010010100101011
2 20  100 1000010111010011011000111110001011010101101111100111010011011010001000000100010001100010010000111110
runNumber 24
genCount 5255
elapsedTime 599.937
unaryHyperVol 246
binaryHyperVol 11.4074
additiveEps 0.666667
entropy 0.509891
archive 24
2
3 24  100 0000001011010100010000111110001001100011001011000111100101011010101000000110100000100100111000101001
2 33  100 0100001011010000111011101110000101100001001111000011100000000010101001111000010100101101010110101001
runNumber 25
genCount 5282
elapsedTime 599.982
unaryHyperVol 270
binaryHyperVol 16.9412
additiveEps 1
entropy 0
archive 25
1
2 23  100 1000111011010010011001111110110011100111100111000100110001001010101011010000010000100010011001010000
runNumber 26
genCount 5327
elapsedTime 599.94
unaryHyperVol 257
binaryHyperVol 20.8889
additiveEps 0.888889
entropy 0.5994
archive 26
3
9 22  100 1100101010010101011000000001000000000011100111010011110011011010101011000010100100100010010110011001
6 23  100 0100111011010101011011111110000101101011100111010101110001011010101011000100100011100110010101011010
3 24  100 1000101000010100011010111110000101100011100111010001110011011010101011000111101111101010011001001010
runNumber 27
genCount 5241
elapsedTime 600.031
unaryHyperVol 238
binaryHyperVol 10.7932
additiveEps 0.703704
entropy 0.599401
archive 27
3
14 23  100 0011001001010000010000110001000100100011101110100111110010011000011011001000010000010010011001000101
3 25  100 0011001001010000010000110001000100100011101110100111100010011000011011001000010011100010011001000101
2 33  100 0100011001010001011000111001000100100111101110010101001111011000101001100000011111100110011101000101
runNumber 28
genCount 5210
elapsedTime 599.978
unaryHyperVol 213
binaryHyperVol 12.2232
additiveEps 0.714286
entropy 0.472411
archive 28
4
6 26  100 1000101001010000111000111101111001011111100000100011110011011000011000001000100011011100011100001010
4 27  100 1000111011010100101000111110001101010100100000100011110011111010000101001000011001010100101010010110
3 28  100 1000101001010100111000011110000011010100100010000111010011011010000101001000100011101101101010010110
2 34  100 1000101010010000111001011100011100010100011010000011110011111010000101011000010001100101111010010110
runNumber 29
genCount 5375
elapsedTime 599.887
unaryHyperVol 284
binaryHyperVol 19.7983
additiveEps 0.823529
entropy 0.472411
archive 29
4
9 20  100 1000010101010001011000101111110001000011101100000011110010011001001001001110100001100010011010011001
6 21  100 1000010101010101011000001110110101000001100100000101110010011001001001001110100001100010011010011001
4 22  100 1000010101010000011000001110110100000001100100100101110010011001001001001110100001100010011010010001
3 23  100 1000010101010100001000101101100101100001101101000011110011011001001001001110100011100010011010011001
