OptimalFront
unaryHyperVol 325
4
7 5  100 0111010110010100000011101001000010001101000000101101110011110101011001001110100010010100101011110110
6 6  100 0111010110010100000011100001000010001101000000101101110011110101011001001110100010010100101011110110
3 7  100 0111101010010111000011101001000010001101000010101110110111110101011010001110100010010100101011110110
2 9  100 0111101010010111000011101001000010001101000000101110110111110101011010001100010010010100101011110110
-------------------------
runNumber 0
genCount 4896
elapsedTime 600.006
unaryHyperVol 111
binaryHyperVol 8.57143
additiveEps 0.607143
entropy 0.427067
archive 0
3
5 22  100 1111010110010100001101011001000000001101001110111010110100010101111010000000010010010011000011110110
3 27  100 0101010110010100010101001001000000001111000000000110110110010101100000010100010010010101000001000110
2 33  100 1001101010010100001101011011010100001101101110111010000010010101011010110000010000010111000011111010
runNumber 1
genCount 5061
elapsedTime 600.021
unaryHyperVol 99
binaryHyperVol 20.2842
additiveEps 1
entropy 0
archive 1
1
3 24  100 0011101010010100010001011001110101011101110000011110110111111011001110001110100001011001101011110110
runNumber 2
genCount 4974
elapsedTime 599.898
unaryHyperVol 84
binaryHyperVol 13.8952
additiveEps 1
entropy 0
archive 2
1
2 26  100 0100101001010101000011101011100010001101010010100010110000111101000000010000010001010101101011110111
runNumber 3
genCount 5058
elapsedTime 600.045
unaryHyperVol 102
binaryHyperVol 10.4167
additiveEps 0.73913
entropy 0.431037
archive 3
4
14 22  100 0111101010010110000100100100110110001101000000100110110111111101011101111100100100010101101011110101
6 23  100 0110101010010101010111101110000110001101000000100110110101111101011101110010100100010100101011010101
5 26  100 1110101010010110011001000100110110001101000000100110110111110110010101110110101110010101101011010111
2 28  100 1110101010010110011001000100110110001101000000100110110111111101011110110100010010010101101011010111
runNumber 4
genCount 5261
elapsedTime 600.055
unaryHyperVol 27
binaryHyperVol 13.453
additiveEps 0.961538
entropy 0.475082
archive 4
2
11 30  100 0110101011010000100000010110100000001101100000101110110000010101010000001000011101010000101111110101
2 31  100 0100101011010000100000010110100000001101000010101110110000000000010000001000011111010100101111110101
runNumber 5
genCount 5095
elapsedTime 599.859
unaryHyperVol 140
binaryHyperVol 11.13
additiveEps 0.8
entropy 0.475082
archive 5
2
3 21  100 0111101010010111000011011101000010000101000010101110000000000100010110001100100010010111100111000111
2 25  100 0111101010010101000011001010000011000111100000011110110111110101110010000000010010010111100001000010
runNumber 6
genCount 5027
elapsedTime 599.923
unaryHyperVol 133
binaryHyperVol 17.6961
additiveEps 0.882353
entropy 0.475082
archive 6
2
8 20  100 0110101010010100010011101001001010111111010000000100110111110001011010001111101010010100101011000110
3 22  100 1111101000010100010010101001000000111101000010100110100100111001010110001101100000010100100111110110
runNumber 7
genCount 5004
elapsedTime 599.917
unaryHyperVol 72
binaryHyperVol 12.2583
additiveEps 0.875
entropy 0.475082
archive 7
2
6 26  100 0111101010110100000100010101100011110100001001001110110111110101000110000100010010010100101000110111
2 29  100 0111101010001001100111001011100011111101010010001110110111110101010110000100011100010100101000000011
runNumber 8
genCount 4904
elapsedTime 600.025
unaryHyperVol 98
binaryHyperVol 11.5379
additiveEps 0.833333
entropy 0.427067
archive 8
3
8 23  100 1011101001010111000000001001001111001101000010011010110101111101010010000000010010010000100111110111
6 26  100 1011101001010111010000010010000010001101010010011110100011110101100010000000010010010000100111111111
2 27  100 1011101001010111010000001001000100001101000010111010110101111100011010000000010110010100100100111111
runNumber 9
genCount 4827
elapsedTime 599.966
unaryHyperVol 66
binaryHyperVol 11.8067
additiveEps 0.84
entropy 0.446543
archive 9
4
8 26  100 0110101001010111000011101101000001101101000010000000111000011000000110001100010011010100101011010100
6 28  100 0110101011010011010111101001000001011101100010000000111100011000010110001111100011010100101010000101
4 29  100 0011101001010111000011101101100001100001100010000000111100011000010110001111100011010100100111011100
2 30  100 0100101011010111000011111101000001001011000010011010100001000000000110001100010010010100100011011011
runNumber 10
genCount 4918
elapsedTime 599.94
unaryHyperVol 105
binaryHyperVol 12.0182
additiveEps 0.863636
entropy 0.475082
archive 10
2
3 24  100 1000101001010100001111111001000110001101001010101110111011110100011010000010100101010110101001000101
2 27  100 1100101011010100001111111011000010001101001010101110111011111000011010101100011101010110101001000101
runNumber 11
genCount 5017
elapsedTime 599.975
unaryHyperVol 123
binaryHyperVol 15.3209
additiveEps 0.882353
entropy 0.475082
archive 11
2
13 20  100 0101010100010011010111000001010000110101000010101010110111110101000000001110100010010100101011111010
3 22  100 0101011000010111010101100101001100111101001110101010110110110001000000001110100010010100101011111010
runNumber 12
genCount 4871
elapsedTime 600.087
unaryHyperVol 112
binaryHyperVol 9.592
additiveEps 0.68
entropy 0.478842
archive 12
3
5 22  100 1111100001010111000001010101110010001101000000001110110111110110011010011100011001010100000011110111
3 28  100 0101101001011111000000111001011010001111010000010110010111110110001010010000010011010001101011110101
2 30  100 0111101001011111000001010101000101000100010000010110001010110101111010101100010001010110000011110101
runNumber 13
genCount 4995
elapsedTime 599.696
unaryHyperVol 114
binaryHyperVol 10.3859
additiveEps 0.73913
entropy 0.427067
archive 13
3
10 22  100 0011101010010110000001100010000110001101000010000110100111111101011101111100010001010100101011111010
4 23  100 0011101010010111000000001010000101000100110001001110100111010101011101111100010001010100101011111010
2 28  100 0011101010010110000001101010000101011101010000011010110111111101000110110000010100010100101011111000
runNumber 14
genCount 4947
elapsedTime 600.01
unaryHyperVol 130
binaryHyperVol 12.4683
additiveEps 0.888889
entropy 0.475082
archive 14
2
9 21  100 0100100001010111100001100101010110001101000000101110100111110101000000000100010010110000101011110110
2 23  100 1100101001010100111000010101000010001101000000101110110111110101000000000000011010010100101010110110
runNumber 15
genCount 4829
elapsedTime 599.952
unaryHyperVol 51
binaryHyperVol 11.4603
additiveEps 0.814815
entropy 0.509891
archive 15
4
9 27  100 0111101010010111011000010101010010001101001100001110111000110111000000011000010010010101100011110101
7 28  100 1111100011000110000000000101110010001101000010011110100111010101001010000000011000010101100101110111
4 30  100 1110100011001011001000010111110010000101000010011110100111010101001010000000010001010100100011010111
2 32  100 0111101011000011010000010101110010000101001110001110010000111110000000011000010010010101100111110101
runNumber 16
genCount 4968
elapsedTime 599.931
unaryHyperVol 149
binaryHyperVol 9.50909
additiveEps 0.681818
entropy 0.475082
archive 16
2
3 20  100 0100101000010111111011101001000010000011000010101110010111110001011010110010100010010111000001110110
2 27  100 1011101010010001001011101010010010000011010010001110110111110001011110101100010010010111000001110001
runNumber 17
genCount 4987
elapsedTime 600.006
unaryHyperVol 120
binaryHyperVol 13.8778
additiveEps 1
entropy 0
archive 17
1
2 23  100 0111101001010111110111011000000110001101001010101110010111110001001010000000010010010111101011010111
runNumber 18
genCount 5017
elapsedTime 599.96
unaryHyperVol 128
binaryHyperVol 10.2273
additiveEps 0.727273
entropy 0.427067
archive 18
3
5 21  100 0100010110010001000111001001000010110101100000100110110100111101001010000001101110010111101011110110
4 25  100 0100010110010101000010001001001010000100010000000110110100111101011110000000100010010110101001010011
2 27  100 1110101011010001000111001001001010000101110000001110110100111101001010100000010011010110101011110110
runNumber 19
genCount 5051
elapsedTime 599.93
unaryHyperVol 101
binaryHyperVol 10.2
additiveEps 0.730769
entropy 0.475082
archive 19
2
3 24  100 0101101010010101110000101001010110010010001110101110110111000100010110001110100010010100101111010000
2 31  100 1000101011010110110011000001010000000001000110001010111101100100110110001100010010010100101000010101
runNumber 20
genCount 4978
elapsedTime 599.981
unaryHyperVol 144
binaryHyperVol 13.8625
additiveEps 1
entropy 0
archive 20
1
2 21  100 0111101000010111000000011001000010001100000010101110111110100101000110111100010010010110101111110110
runNumber 21
genCount 5035
elapsedTime 599.926
unaryHyperVol 89
binaryHyperVol 18.5091
additiveEps 0.863636
entropy 0.427067
archive 21
3
7 24  100 1111101010010111000011101001000010010000010010000110110000110101011101010000010010000001100011110101
5 26  100 1111101010010111000001101101000010010001010000010110110111110110101110010000000000000001101011110111
3 27  100 1111101000010111000011101001000100010001001010100110110111110110001110111100010001010001101110111001
runNumber 22
genCount 4939
elapsedTime 600.033
unaryHyperVol 144
binaryHyperVol 13.8625
additiveEps 1
entropy 0
archive 22
1
2 21  100 1000101010010111000011010101110000001101000000101110110111110100011110000000010001010100100011000110
runNumber 23
genCount 5007
elapsedTime 599.949
unaryHyperVol 113
binaryHyperVol 9.12
additiveEps 0.72
entropy 0.480147
archive 23
5
7 21  100 0100011000010111011101110001001100101101000010101110110111110101111010001100010010010101101011110101
6 24  100 0100010100101001001010110101000010100001000000101110110111110101111010001100010001000000100110110101
4 27  100 0100011000010001001101000110000100101101000010101110110111010101111010001100010010010101000000000101
3 28  100 0101010100010100010111110111100100101101000010101110110111010111000110001100010000010100101101100101
2 30  100 1100101000010000001101110111100000101101000010101110110111010111111010001100010110010101101001000111
runNumber 24
genCount 4840
elapsedTime 600.076
unaryHyperVol 180
binaryHyperVol 13.8308
additiveEps 1
entropy 0
archive 24
1
2 18  100 0110101010010111010111101001110010001101110000101110110111110111110010001100010010010100100111110110
runNumber 25
genCount 4982
elapsedTime 599.893
unaryHyperVol 128
binaryHyperVol 12.4526
additiveEps 0.894737
entropy 0.475082
archive 25
2
4 22  100 0100010111110101000011101001010011011110000010100110110111110101011110000100010010010101101011011100
2 24  100 0000101010010110110011001001001011011111000000101110110111110101011110000100010010010101101011011111
runNumber 26
genCount 4930
elapsedTime 600.045
unaryHyperVol 154
binaryHyperVol 10.9222
additiveEps 0.777778
entropy 0.427067
archive 26
3
6 19  100 0111101010010111000011111001000010001101000010010110011011110101000110000100010010010000011011000101
4 22  100 1111101010010111000011101001000010001101000010010110011011111101000010000100010010010100011001001101
2 23  100 0111101010010111000011111001000010001101000010010110111011010100000010000100010011010110000011000101
runNumber 27
genCount 5026
elapsedTime 599.984
unaryHyperVol 152
binaryHyperVol 12.2706
additiveEps 0.882353
entropy 0.475082
archive 27
2
4 20  100 1011101011000111000001101101000010001100000010100000110111000101010110001100010100010100101011110110
2 22  100 1011101001000111100011101101000010001100000000000110110111000101010110001100010100010100101001110110
runNumber 28
genCount 5068
elapsedTime 600.004
unaryHyperVol 99
binaryHyperVol 9.48571
additiveEps 0.678571
entropy 0.475082
archive 28
2
3 24  100 1111101010010110000010001001000010001101000000100110000101111101011110010000010010110001100011110101
2 33  100 0111101010011001000011001001110010100001010000010010001001110111000010011000010101010101000011011111
runNumber 29
genCount 4843
elapsedTime 599.928
unaryHyperVol 124
binaryHyperVol 11.3048
additiveEps 0.809524
entropy 0.427067
archive 29
3
5 22  100 0100010100000100001101101011000010111101000010101110111111010101011110001000010101010000101011110111
3 24  100 0111010100000000010111110001000010111101000010100110111111110100011010000000010101010101101011110111
2 26  100 0110101011000100110010000110000010111101000010101110111111010100011010000000010101010100101011110111
