OptimalFront
unaryHyperVol 368
Optimal front is obtained by exact method
-------------------------
3
2 8
3 6
4 5
runNumber 0
genCount 5072
elapsedTime 599.925
unaryHyperVol 155
binaryHyperVol 8.40741
additiveEps 0.62963
entropy 0.529986
archive 0
4
9 21  100 0100010010000100010011000000000001101111110101000011100000111001110100100001110100010110000011000111
5 22  100 0100010010000100010011001000000001101111110101010011110000111001110100100001110100010110000011000111
3 26  100 1000010111100100101011000000000001101110110000000011110001011001111100100001111110010110000011111110
2 32  100 1110011011010000101011000000000001101110110000010100101000111001110100101100101010010101100011111110
runNumber 1
genCount 5341
elapsedTime 599.988
unaryHyperVol 139
binaryHyperVol 10.4565
additiveEps 0.8
entropy 0.529986
archive 1
4
12 22  100 1000011010000100010011100101100101001000010110000111110100101011100100000000111100110001000000000001
8 24  100 0000011010000100010011100001100101001010010110000101010000101011100100101111111100110001000000001001
3 25  100 1000011010000100010011100101100111101110110110010111000010101011100100000100111100110001000001000001
2 28  100 0000101000010000010011100001100100101110111010010011001000001011101000001000101100010110000000001001
runNumber 2
genCount 5144
elapsedTime 600.008
unaryHyperVol 147
binaryHyperVol 9.12571
additiveEps 0.76
entropy 0.481574
archive 2
3
9 21  100 1000001000000100001011000000100001101000011110000011101000110101010100110111110001010110000001001010
3 25  100 1000001000000100001011000000100001101000011110000011101000001010000000010110000001010110000001001010
2 30  100 0011101000010000011011100100000000100100010010011011101000101010100000010100001000010110100001000010
runNumber 3
genCount 5179
elapsedTime 599.986
unaryHyperVol 151
binaryHyperVol 9.27885
additiveEps 0.692308
entropy 0.447913
archive 3
4
6 22  100 1000101010000100011011000000100000101100010110000011101001111011010111000101111000000000000011011111
5 24  100 1000111010000100011011010000100011100100010110011111111011010111110111000001111001100000000011010111
3 25  100 1100101010000100011011000000100001101101110010010011111001101000110111100011111101010100100000011111
2 31  100 0000111001010001011011000000100000101110010110000011111001111011110110000101111101010100100110011111
runNumber 4
genCount 5241
elapsedTime 599.878
unaryHyperVol 142
binaryHyperVol 12.619
additiveEps 0.904762
entropy 0.49717
archive 4
2
3 24  100 1000010110010010011100001011100011101000101110000001101000101011100101110001001100110001101000010001
2 26  100 1000010110010000000100001011100011100000100110100001101000101011010101110101001100010101101000010100
runNumber 5
genCount 5186
elapsedTime 599.878
unaryHyperVol 180
binaryHyperVol 13.875
additiveEps 1
entropy 0
archive 5
1
2 21  100 1010011001010000011000000000000001101100100000010011111000000001000101100001110101010110000000001001
runNumber 6
genCount 5127
elapsedTime 599.993
unaryHyperVol 229
binaryHyperVol 7.15833
additiveEps 0.6
entropy 0.447913
archive 6
4
8 15  100 1000011010010100011000000011100001010100010000010001101100100101010101110001110100010110000000000010
4 17  100 1000011010010100011001000011100011010100010000010001101100100100010001110001110100010110000000000010
3 20  100 1000011010010100011001000011100001010100010000010001101100101000000100010001010100010110010000000010
2 25  100 1011111010010000111000000011100101010100010000010101111100101000000110110001110100010110100000000110
runNumber 7
genCount 5221
elapsedTime 599.92
unaryHyperVol 105
binaryHyperVol 11.3547
additiveEps 0.807692
entropy 0.447914
archive 7
4
11 26  100 1000011011010111111101000001100011101100010010010011111010000001100101110001010111110001000011100101
4 27  100 1000011001010111110101100111100011101100010010010011111010000001100101110001010111110001000011101101
3 29  100 1001101011010011110101100011100011101100010110010011101101000001000100110001010111110001000000110101
2 31  100 1001001001010001111101101111100110101100010110010011101110000001100101110001010101010100000001010101
runNumber 8
genCount 5014
elapsedTime 599.8
unaryHyperVol 179
binaryHyperVol 13.0882
additiveEps 0.941176
entropy 0.49717
archive 8
2
3 21  100 1000010101010100001111000000000011100001010110110011100100011011100100110011101100010101000000001010
2 22  100 1000010111010000011111000000000100101001010110110011100100011011101100100001111100010111000000001010
runNumber 9
genCount 5160
elapsedTime 599.974
unaryHyperVol 128
binaryHyperVol 11.6667
additiveEps 0.833333
entropy 0.49717
archive 9
2
3 25  100 1000111011000100111111001100001010101110101110010011101010101010100101001001010010010110000011001010
2 29  100 1000111010010000111000011101100000100110110000010010101010101010010100000101010011010110000011001010
runNumber 10
genCount 5282
elapsedTime 599.947
unaryHyperVol 162
binaryHyperVol 8.16667
additiveEps 0.642857
entropy 0.449615
archive 10
3
5 21  100 1000000010010100010011000011101101101001100110010010011000000010000101110000110001110110000000000000
3 24  100 1000011010000100010011000011100101101100101110100101010000001000010111110010100000010110000011001001
2 33  100 1000011010010000010100001100100111101001101110100101010010000010000111110010100000010110000011001001
runNumber 11
genCount 8614
elapsedTime 645.085
unaryHyperVol 149
binaryHyperVol 10.14
additiveEps 0.72
entropy 0.49717
archive 11
2
3 23  100 1000011011010100010001000001100001101100010110010000110100001001000110000001001100111010010110000000
2 30  100 1010001011010000010001000001100010101100010110010000110100000001000101001011110100010101100011011000
runNumber 12
genCount 10868
elapsedTime 817.061
unaryHyperVol 227
binaryHyperVol 12.8077
additiveEps 0.923077
entropy 0.49717
archive 12
2
3 17  100 1000011000001011011011000011101001101100010000010011101000001011010101110100001110010110000000001011
2 18  100 1000111010010011011011000011101101101100000000010011101000001011010101110100001100010110000000001011
runNumber 13
genCount 5116
elapsedTime 599.969
unaryHyperVol 118
binaryHyperVol 12.7391
additiveEps 0.913043
entropy 0.49717
archive 13
2
3 26  100 0000101010010100010111100000101100100100010000010011001100000000100101110001110011010110101101110010
2 28  100 1000101011010000000011010011100110100100010000010010101100000000100101110101110100010101101011010010
runNumber 14
genCount 5127
elapsedTime 599.926
unaryHyperVol 176
binaryHyperVol 11.2
additiveEps 0.8
entropy 0.49717
archive 14
2
3 21  100 1000001010000100010011000100000001101101011110010111101000101010110101010001010011010101000001001010
2 25  100 1000001010010001011011000000000001010110010000010001110000011010100101010101110000010110100001000010
runNumber 15
genCount 5041
elapsedTime 599.946
unaryHyperVol 139
binaryHyperVol 8.83908
additiveEps 0.655172
entropy 0.447914
archive 15
4
5 23  100 1011100010010000010111100000000001100000110110010011111000110011100100011000111110110001000000111001
4 25  100 1011100010010000010111100000000001100000110110010011111010101001110001000000110010110001000000111001
3 27  100 0011001000010000011011000000001101100000110010010011110100101010010101010010001100110001000011111001
2 34  100 1101101000010001011010001100100101010101000010011011011010011001100100010000001101010100000000001001
runNumber 16
genCount 5118
elapsedTime 600.034
unaryHyperVol 213
binaryHyperVol 11.3438
additiveEps 0.8125
entropy 0.49717
archive 16
2
3 18  100 1000011010010100010111100000000001101100010110010000101010001011100101000001111100010101101100001110
2 21  100 1000011010010000010111100000000001101100010110010000100010001011101101000001111100010101101100001110
runNumber 17
genCount 4889
elapsedTime 599.942
unaryHyperVol 187
binaryHyperVol 10.525
additiveEps 0.75
entropy 0.49717
archive 17
2
3 20  100 1000011011000100011011000111100010101100110110100011001000111011011001011010101100010110000000000010
2 25  100 1000011001010000011011001111100010101100110110100011001000111011011010101000100100010110000010000010
runNumber 18
genCount 5078
elapsedTime 599.972
unaryHyperVol 143
binaryHyperVol 31.3889
additiveEps 1
entropy 0
archive 18
1
3 23  100 1000010111110100010100000000000011100100010010010011111000111000001001110001011110110001000000001101
runNumber 19
genCount 5162
elapsedTime 600.027
unaryHyperVol 100
binaryHyperVol 9.10753
additiveEps 0.677419
entropy 0.447913
archive 19
4
14 25  100 1000101010010100100000000000000001100000010000010101001001001000101111110111110000110110100001001010
5 26  100 1000111010010100000000000000000010100010110000010001011001101000000111110111110001110110100000001010
3 31  100 1000001010010100101000110000000101010101100000010001000001111000000111111101110100010110100101001110
2 36  100 1000111000010001111000111000001001010110010000010001010001001000001111110100110100010110101000011000
runNumber 20
genCount 4951
elapsedTime 599.969
unaryHyperVol 199
binaryHyperVol 10.3421
additiveEps 0.736842
entropy 0.49717
archive 20
2
3 19  100 0100011010110100011011010000100001101000010110010111101000101011100101000001011101010110100110001001
2 24  100 0100011000010000010011000000001001100000100110100011101000101011100101100001011100010111101110101001
runNumber 21
genCount 5396
elapsedTime 599.963
unaryHyperVol 172
binaryHyperVol 9.41667
additiveEps 0.666667
entropy 0.49717
archive 21
2
3 21  100 1100011010000100010011000100000001010100000000101000101100111011000101110000111100010110000011001010
2 29  100 0000011001010000110001000000000010010100010010010101100100011001000101110000111111010110100100001001
runNumber 22
genCount 5203
elapsedTime 599.972
unaryHyperVol 140
binaryHyperVol 13.3
additiveEps 0.95
entropy 0.49717
archive 22
2
6 24  100 1000010100010100100100101011100101101100100000011111101001101000010101111000110100010101001100001010
2 25  100 1000010100010001101111000010101101101100100000011111101011101000010101010001010000010111000001001110
runNumber 23
genCount 5041
elapsedTime 600.035
unaryHyperVol 202
binaryHyperVol 12.1875
additiveEps 0.875
entropy 0.49717
archive 23
2
3 19  100 1000111000010100011001000011100001101100010110010111011011101011100111111101011000010101000000101010
2 21  100 1000011010010011000001000011100001101100010110010111011011101011100111111101011000010101000000101010
runNumber 24
genCount 5199
elapsedTime 599.895
unaryHyperVol 121
binaryHyperVol 11.27
additiveEps 0.8
entropy 0.529986
archive 24
4
6 25  100 0100010100110100011011000101100010011100011110001010100001011001100101110001100000010101000001001010
4 26  100 0100010100110100011011000101100000010100011110010010100011000111110100111101011110010110101111001010
3 29  100 0100010101000100111011011001101110010100011110010010100011011000000001100101110000010101000001001010
2 30  100 0100010100010000111011011001101110010101011110100011110110011001000101110001110000010101000001001010
runNumber 25
genCount 5079
elapsedTime 599.938
unaryHyperVol 136
binaryHyperVol 12.0847
additiveEps 0.888889
entropy 0.481574
archive 25
3
11 23  100 0000010110000100001111000000000000001110010010010001000100101010100100111101110110010110000000001001
4 25  100 0011011001000100000111000000000101101110010110010000000100101000110100111101110110010101000000001001
2 26  100 0010010111010000001111000000000111101100010000110011100100101001001001111101110110010101000000001001
runNumber 26
genCount 5047
elapsedTime 600.036
unaryHyperVol 115
binaryHyperVol 11.1991
additiveEps 0.875
entropy 0.481574
archive 26
3
11 24  100 1111010101110100011011110011100001010111010000011110100100111010110101100011001100010110000000011010
3 27  100 1100010101110100011011111001100001100111010000000000010100111010110101110010010011010110100001001010
2 29  100 1110010101010000010100011100101000010101000110010111011010111010100101110001001100010110000000011010
runNumber 27
genCount 5031
elapsedTime 599.915
unaryHyperVol 198
binaryHyperVol 8.81944
additiveEps 0.777778
entropy 0.431679
archive 27
4
10 16  100 1000000010010100011000000010100001101100010110000011101000101011101001110001011111110001100001001001
6 20  100 1000000010000100011000000010100001101100010110000011011000101001100010110101001111010101100000101001
4 22  100 1110000010010000010011000010100001101100000110000011101000101011111001110001011111110001101000000111
2 23  100 1000001011010000011011001011100001100001100110010011101000101001001001110001011111010101000010000001
runNumber 28
genCount 5061
elapsedTime 600.039
unaryHyperVol 167
binaryHyperVol 9.86957
additiveEps 0.695652
entropy 0.529986
archive 28
4
5 21  100 1000010100010111011000000011100001010100010000010001110111101011010101000001110000001001000001001000
4 23  100 1000010100010011011000000011101001010100010000010001110111101011010101000001110000001001000001001000
3 25  100 1000010111000100110001001011101101010110111110000011100000101011010101000001110100111011101000001100
2 28  100 1000010100010001010000000010101101010110100110010110100110101011010101110011110000010111000010001000
runNumber 29
genCount 5143
elapsedTime 599.852
unaryHyperVol 191
binaryHyperVol 13.0312
additiveEps 0.9375
entropy 0.49717
archive 29
2
3 20  100 1000101000010100110111000100000001101100100000010011100000000000010101110001101000010110000000001010
2 21  100 1000111000010011011111000011100001101100100000000011100000000000010101110001101000010110100000001010
