OptimalFront
unaryHyperVol 390
1
2 7  100 1001000000001001110000011110110011000011101000011111110001101011001110000101101011101000101001000001
-------------------------
runNumber 0
genCount 5337
elapsedTime 599.994
unaryHyperVol 132
binaryHyperVol 12.5507
additiveEps 0.956522
entropy -inf
archive 0
3
5 26  100 1010101100000000010000011111010000110111101010010011000001100000001110000101101001101000101011000010
4 29  100 1110100100000001100000011101100001110111101010010011000001100000101110110100101000101000101001111001
2 30  100 1010101100001000100000111101110000011011110000100011000011100000000110000111101000101000101010000010
runNumber 1
genCount 5247
elapsedTime 599.898
unaryHyperVol 120
binaryHyperVol 12.0119
additiveEps 0.875
entropy -inf
archive 1
3
9 26  100 1001000000011001010000010110110100000000000110010001110001100100001100001101100100100100101011000011
5 28  100 0111000000001001000000010101110100000011100100000001110000100000011100011001110100101000101001010001
2 31  100 0001100110111001100000011101110010011011100100000001111101101000001110100000100100101010101001010011
runNumber 2
genCount 5333
elapsedTime 599.979
unaryHyperVol 261
binaryHyperVol 7.83333
additiveEps 0.666667
entropy 0.0232461
archive 2
3
4 16  100 1000000000001001100000011110110000000011100000011111111101101010001110000001001011001101101001000001
3 19  100 1001100000001001110000011110100011000011011100000011000001101000000000000001001011101000010101000101
2 25  100 1001100110001001110000101100100000000010110000000011000001101000000010000101001011101000101001010101
runNumber 3
genCount 5500
elapsedTime 599.993
unaryHyperVol 143
binaryHyperVol 333
additiveEps 333
entropy 0
archive 3
1
2 26  100 0100000010001101010000010000100111001011101100001111110101100100010010000101101000101000101001000010
runNumber 4
genCount 5393
elapsedTime 599.936
unaryHyperVol 160
binaryHyperVol 9.15556
additiveEps 0.68
entropy -0.482628
archive 4
5
11 22  100 1001000000001001110001011010000001000010010011000111110100101101001101000101011011100100101001001101
6 24  100 1001000000001011110000010001110001000010000011010111110000000100010101000000010111100100101001000001
4 25  100 0001000000001001110000010001110001000010001011100111110000100001001101010101011100100010101001010001
3 31  100 1101100110001010111001000000100001111010011111000111110000101001000010000101010111100100101001000001
2 32  100 0001000000001001110000011011000101011010011111000111110100100101110010110001100011100100101001000101
runNumber 5
genCount 5240
elapsedTime 599.922
unaryHyperVol 150
binaryHyperVol 13
additiveEps 1
entropy inf
archive 5
2
4 25  100 1100000001101001110000011110111100011010101000010111111101101011100010110001100111101000000011110010
2 28  100 1110000001101001110000111110111111001000100000101111111101100001000110000000100111101100101010001100
runNumber 6
genCount 5512
elapsedTime 600.009
unaryHyperVol 169
binaryHyperVol 333
additiveEps 333
entropy 0
archive 6
1
2 24  100 1111101100111001010000011110000010000001011000011111110000100111101010010101101001101000101001010001
runNumber 7
genCount 5384
elapsedTime 599.953
unaryHyperVol 152
binaryHyperVol 9.93846
additiveEps 0.692308
entropy -inf
archive 7
4
7 24  100 1001000000011011000000010110110001000100010000011111100001001001110000000101001111100101011001001101
5 25  100 1001000000011001000000011011110000000011011000010101100000000110000000000011000111100100101001001101
3 27  100 1001000001111001000000010110110001111010010000011100110000101001110000000001001111100100011001001101
2 33  100 1001000010101101000000011100010001101010001001100111100001100010010000010001001011100000101010110101
runNumber 8
genCount 5180
elapsedTime 599.936
unaryHyperVol 195
binaryHyperVol 333
additiveEps 333
entropy 0
archive 8
1
2 22  100 1101100000001001000000010111111001000011101000011110110001101011111110110111001000101001101011000001
runNumber 9
genCount 5241
elapsedTime 599.973
unaryHyperVol 234
binaryHyperVol 333
additiveEps 333
entropy 0
archive 9
1
2 19  100 1001000000100101110000011110111011000011101000001111010000100001001110110101100111101000101011000000
runNumber 10
genCount 5439
elapsedTime 599.855
unaryHyperVol 175
binaryHyperVol 12.175
additiveEps 0.95
entropy -inf
archive 10
3
4 23  100 1001100100000100100001011111110011000000100011001111110001010111001110000101010100100100101001000011
3 26  100 0000100100110010001001000011110011000000100000001111110001010111000110000101011001101000101001000011
2 27  100 0001100100110101000000011110100001000000100100011011110001010111000110110001100110100100101001010011
runNumber 11
genCount 6462
elapsedTime 669.207
unaryHyperVol 111
binaryHyperVol 8.78274
additiveEps 0.714286
entropy -1.37294
archive 11
5
14 23  100 1001000001000010001100010101100000101000000100011111110100101011001110010101001011101000101001000001
13 26  100 1001000011000010001100011101100000101000010100011111110000101011100110010101010101100000101001000001
8 27  100 1001000001000010001100010111100000101000100011001101111000001111001110010001010011101000101001000001
4 29  100 1001000001110111011100010101100000001000000100011111110101101111001110010000000101100111101001000001
2 35  100 1000000011001111100000011111100000101010100001011110110101100010101110100101001101100111101010111111
runNumber 12
genCount 5498
elapsedTime 659.697
unaryHyperVol 159
binaryHyperVol 12.2381
additiveEps 0.857143
entropy -inf
archive 12
4
7 24  100 1001100100001000111100001000110011000011111000010000110111010110001101111000001010101010101001000001
5 25  100 1000100001000101111100000110111111000011011000010011100011010110000010110101010010101010101001000001
3 26  100 1000100100001000111001001010111111000011011000010010100011010111001110010101101110101101101001001001
2 28  100 0001100100001001100000011100000010000011011001010000110111010111000010010100101110101101101001000001
runNumber 13
genCount 5253
elapsedTime 599.609
unaryHyperVol 173
binaryHyperVol 11.5714
additiveEps 0.857143
entropy -inf
archive 13
3
5 23  100 1101000000011001011101110111110000011000101000001111110001100100010000100101001011101000011001000001
3 25  100 1011101001001110000000110111110000000000101000001111110001100000000010000001101011101000011001000000
2 28  100 1111000001001110000000110111110000001000101000001110110001100100000010100101001111101000101001010001
runNumber 14
genCount 5481
elapsedTime 599.981
unaryHyperVol 215
binaryHyperVol 14
additiveEps 1
entropy inf
archive 14
2
8 20  100 1000000000011001110000010100000101000010010100011111110001100011001110000001101011001100101011000001
2 21  100 1000100000011001110000010011000011000010111000010111110001101001001110010001101011101100101011000001
runNumber 15
genCount 5261
elapsedTime 599.92
unaryHyperVol 168
binaryHyperVol 10.2917
additiveEps 0.916667
entropy -inf
archive 15
3
4 23  100 1111000000001001011100100101110000001010101001011111111110101101111110000001101011101000101001000000
3 29  100 0000101101111001110000010011000100000011101001011111111110101001111110000001101011101001011000110110
2 31  100 0100100001111011110000010101110000001010000100001111111110100111010000000001001011101000101000110000
runNumber 16
genCount 5382
elapsedTime 599.908
unaryHyperVol 150
binaryHyperVol 13.6
additiveEps 1
entropy inf
archive 16
2
5 25  100 1000100111111001111100011101111001000010111100000111110001101001101010100101101000100100101001000001
2 27  100 1000100001111001010000011101110000000010110111000111110001101011111110110001111011101111101011000001
runNumber 17
genCount 5299
elapsedTime 599.997
unaryHyperVol 171
binaryHyperVol 9.48611
additiveEps 0.666667
entropy -0.482628
archive 17
5
11 22  100 1001000000101001010101011101000100110000100100010111110101101011111110010101101111101100101001000001
8 23  100 1001000000000100011101011111010000110000010100110011110101001011111110011101101011101100101001110001
5 24  100 1001000001011001000101011101000101110000010100110011110101101011011110010101101011101000101001100001
3 25  100 1001010100000110010101001110110111101000010100010111110100101011001110011101101011101100101001000001
2 31  100 1001000000101001110000010111000100101010010100010111110100010100010110010011101011101100101000000000
runNumber 18
genCount 5237
elapsedTime 599.83
unaryHyperVol 163
binaryHyperVol 12.9
additiveEps 1
entropy inf
archive 18
2
4 24  100 0101000000000000110000011101110011110111001111011111010000101111010110010101101011100100101000000001
2 27  100 0100100101001001110000001101110111001011010110001111110001101111000010010101101001101000101001111011
runNumber 19
genCount 5388
elapsedTime 599.971
unaryHyperVol 143
binaryHyperVol 13.5263
additiveEps 1
entropy inf
archive 19
2
15 24  100 1101100100111111111101000010110001000001101000010111110001010111001110000111101100000000101000010011
2 26  100 1101100100000000110000000001110000001000101000010001110001010111001110000101101100101000101010110011
runNumber 20
genCount 5300
elapsedTime 600.021
unaryHyperVol 104
binaryHyperVol 17.3733
additiveEps 0.733333
entropy -inf
archive 20
3
7 27  100 0001010110110100010101000010110011110000101000101111000000100000001010000100101010101000101001000001
4 29  100 0101000000100010111101010010110011000000101000101111001100100101010010101111010100101110101001001001
3 37  100 1011010111111100010101000011101001111000110010101111110001100000011010000000011110101000101001000001
runNumber 21
genCount 5332
elapsedTime 599.642
unaryHyperVol 204
binaryHyperVol 13.25
additiveEps 1
entropy inf
archive 21
2
4 21  100 1001000000111101100000011101010000000000111011011111110001101011000010000101101001100000011001110101
2 23  100 1001000000111101100000011101010000000000111011011111100001101011000010000101101001100101101001110101
runNumber 22
genCount 5220
elapsedTime 599.467
unaryHyperVol 216
binaryHyperVol 14
additiveEps 1
entropy inf
archive 22
2
7 20  100 1101001101001101110000000011110010000011100100101111110001101011001110000101100111100101011001000001
2 21  100 1001101101001101110000000011010010000011100100111111110001101011001110000101100111100100101001001101
runNumber 23
genCount 5453
elapsedTime 599.845
unaryHyperVol 135
binaryHyperVol 12.0417
additiveEps 0.916667
entropy -inf
archive 23
3
4 26  100 1010101110001010110000101100110011101000101100010111110101101101110010010101101011101000011010000001
3 29  100 1010101001001010110000011100110010101000101111010011011001100011110110010001011011101000011010000001
2 31  100 0111101011001010110000011100100111101000101100010001111001101011110110010101010100101100101011000001
runNumber 24
genCount 5334
elapsedTime 599.938
unaryHyperVol 176
binaryHyperVol 10.4432
additiveEps 0.818182
entropy -inf
archive 24
4
6 22  100 1001000000001001100000010101110011000001011111010101000101001001001110000101001011100000101001011001
4 25  100 1001000000001001100000010101110011001000011011010111000100001100000010100101010011101001101001110001
3 28  100 1001010111111001010101000110110001001011100101010101010011101001001110000101001011100000101001110100
2 29  100 1001000000001001100000010101110011001000011111010101000101101101000010110000100011100101101001000101
runNumber 25
genCount 5375
elapsedTime 599.609
unaryHyperVol 168
binaryHyperVol 14.2222
additiveEps 1
entropy inf
archive 25
2
3 24  100 1001010100111001010101000110111110000011111110011111111111101011011110000101001001100100101001000001
2 25  100 1010100100111001100000101100110100000011111110011111111111101011000010000101001011100100101001000010
runNumber 26
genCount 5297
elapsedTime 599.63
unaryHyperVol 167
binaryHyperVol 14.2222
additiveEps 1
entropy inf
archive 26
2
4 24  100 0001000001001001000000011101010011011011100000001111011111100101001110000101101111100100011001000101
2 25  100 0101000000001001000000011100000001011001101000111101100101010110000110000111101001100100101001000001
runNumber 27
genCount 5267
elapsedTime 599.78
unaryHyperVol 136
binaryHyperVol 11.3333
additiveEps 0.791667
entropy -inf
archive 27
3
12 25  100 1111100101111101111100111111000011000011101000011101011000100011001110000101100111101100101001110010
4 26  100 1111000011101001011100001110111011000011101000011101001010101011101110110000000100100100101000000001
2 31  100 1111000001000110110000010101011000001010101000010101011000101001111110110101101101100100101000000001
runNumber 28
genCount 5344
elapsedTime 599.709
unaryHyperVol 186
binaryHyperVol 8.69333
additiveEps 0.666667
entropy -0.098896
archive 28
4
5 21  100 1001100000001011010000011110000001000011001101011101010001001101001010000101101011101000011000001101
4 23  100 1101000000001101110000011111010111000011001111010001110000001101000110000101101111101000101010000011
3 30  100 1001100000111001110000111101000101000011001101011101111011101010110110000001100001101001010111010011
2 32  100 1011100010110001100000110110000101000011001111010101010011101101000110000101101111101000101000001110
runNumber 29
genCount 5386
elapsedTime 599.841
unaryHyperVol 172
binaryHyperVol 11.6667
additiveEps 1
entropy inf
archive 29
2
4 23  100 1001101101001001110000101101110100110111011000010000100101101011001110000100101011101001101001000001
2 28  100 1001100111111001100000101100100110101011000000011001111101101001000000001001101000101000101001000001
