OptimalFront
unaryHyperVol 287
Optimal front is obtained by exact method
-------------------------
2
1 6
2 5
runNumber 0
genCount 5364
elapsedTime 599.946
unaryHyperVol 112
binaryHyperVol 11.9625
additiveEps 0.6
entropy 0.599401
archive 0
3
13 16  100 1111001000010101011010000010000101110101001110010101110100010000100000110001100010101011010111110111
4 17  100 1111001000010101011000000101111101110101000110010101110100010010100000110001100010001011010111110111
3 25  100 0101101001010101001010000101111101110101000110010101110100011110100000110001100110101010010101101011
runNumber 1
genCount 5412
elapsedTime 599.978
unaryHyperVol 89
binaryHyperVol 9.30435
additiveEps 0.956522
entropy 0.509891
archive 1
2
2 21  100 1011011010101001001010000010010100110101100110011010000100010011000000110001100000111001101010011011
1 28  100 1011011010101001001010001010110000010101100110000110010100100001010010010001001111000000101010001011
runNumber 2
genCount 5203
elapsedTime 599.923
unaryHyperVol 98
binaryHyperVol 9.23125
additiveEps 0.75
entropy 0.472411
archive 2
4
9 19  100 1000111000001101011000111000000101100111100110010001010100111011010000110101100010001000101011111011
5 20  100 1011111000001101101010000010000011111101110110001001010101111001000000110001100010001001101011101011
2 23  100 0000111000100111101001001010000011110101110110010001010100111000010000110001100001011100101000110000
1 25  100 1100111010100101101010001000000111110101100110001001100100111011010110000001000001100100101011111011
runNumber 3
genCount 5330
elapsedTime 599.85
unaryHyperVol 90
binaryHyperVol 9.12121
additiveEps 0.863636
entropy 0.472411
archive 3
4
4 20  100 1100001010101111010010000001001101100101000110101001010100011111111110110010100010001001100011110000
3 25  100 1000001011101111010010000001011111100101100110001001010000111111110110110010100001011000101011100000
2 26  100 1000001011100111011000100001001111001101010010101001010100111110010010110010101101011100101011110000
1 27  100 1110111011100111011000100001001101100101000110101001010100111110010010110010101101011100101011101010
runNumber 4
genCount 5371
elapsedTime 599.797
unaryHyperVol 172
binaryHyperVol 10.7955
additiveEps 0.909091
entropy 0.509891
archive 4
2
5 14  100 0000001010101101011010000010001100110101000110010001000100010001010001110001100110001000101010111011
1 16  100 0000011000101101011010000010001100110011000110010001000100010001010010110001100110001000101000111011
runNumber 5
genCount 5374
elapsedTime 599.832
unaryHyperVol 171
binaryHyperVol 8.54762
additiveEps 0.714286
entropy 0.5994
archive 5
3
4 14  100 1000001000100101110010000001111100110101000110011001011100001000010000100001100010011000101011111011
2 16  100 1000101000100100011011000010000101110100000110011010000100100010010000110001100010011000101011111011
1 19  100 1000101000100100011011000010000101110100000110011010100100100011010010100001100110011010101011111011
runNumber 6
genCount 5326
elapsedTime 599.832
unaryHyperVol 103
binaryHyperVol 9.95
additiveEps 0.95
entropy 0.509891
archive 6
2
2 20  100 1000001000100001011010000000000000110101100110001001011000001100000000010101100010001000101010001001
1 25  100 1001001011100011011010000000000100111101100110001001011000001100010110111100100010001010101011101001
runNumber 7
genCount 5427
elapsedTime 600.006
unaryHyperVol 90
binaryHyperVol 11.6481
additiveEps 0.944444
entropy 0.509891
archive 7
2
4 21  100 0010001000100101011000000011001100010101100101011011010000010000010010110001010000000010101001011001
1 23  100 0000101011100100011000010011001100100101000110101001011000010001011010110001010010100100101001001011
runNumber 8
genCount 5418
elapsedTime 599.857
unaryHyperVol 63
binaryHyperVol 11.2698
additiveEps 0.952381
entropy 0.509891
archive 8
2
4 23  100 1100001001101101111010110011000111110001001001001001110100010000010010110010100010000100101001011001
1 26  100 1100001001101101111010110011000111110010000010100001100100010000010010110010100010000100101001011001
runNumber 9
genCount 5297
elapsedTime 599.679
unaryHyperVol 112
binaryHyperVol 10.8088
additiveEps 0.823529
entropy 0.478871
archive 9
4
5 19  100 1111001010001101010010000001000000110101010110011001010100110110010010110001110001101011101011111011
4 20  100 1001011000101101011010000001000000111001100001011001110111010000010000110101100011000001101011011011
2 21  100 1110011000101101011010000010000000111001110010010001010111110000010000110101100010000101101010111011
1 22  100 1111111000100101011010000001100100111001000110010001010100000000100110010001100011011000101011111001
runNumber 10
genCount 5985
elapsedTime 599.949
unaryHyperVol 90
binaryHyperVol 11.0132
additiveEps 0.842105
entropy 0.5994
archive 10
3
5 21  100 0001001000001101011010100010000000110001000010010001111000011000000010110001010010011001101011111011
2 22  100 0011001000100101001010110010001100110001100110010011111000011000000000110011010011000100101011111011
1 24  100 0011001000101110011010100010000000110001101110011001111000011000000010110001010011000100101010111011
runNumber 11
genCount 9017
elapsedTime 735.433
unaryHyperVol 133
binaryHyperVol 9.66667
additiveEps 0.8
entropy 0.599401
archive 11
3
12 16  100 1000001010001111011010000001001101111101000110011010010100001011010000110001010001001000101011011011
5 17  100 0000001000100111000011000001001101110101000110011010010100010011010010100001010011001000101011011011
1 20  100 0000001000100110001001000000110001110101000110011000010100001011010010100001010001001000101011111011
runNumber 12
genCount 5285
elapsedTime 645.178
unaryHyperVol 111
binaryHyperVol 9.7193
additiveEps 0.789474
entropy 0.5994
archive 12
3
4 19  100 0000001000001100010000010010000000010101000110101000011000010000000000110001100110001000101010111001
2 21  100 0110001000101111011010000010100000110101001110101001011000010000000000110001100100001010101010001011
1 24  100 1100001000101111011010000010110000111111000010101001011011111010100110110001101110001000101000111011
runNumber 13
genCount 5397
elapsedTime 599.918
unaryHyperVol 106
binaryHyperVol 8.87222
additiveEps 0.777778
entropy 0.380988
archive 13
5
11 17  100 0000001000001111011010011001000000110101001110010001010011010011010010110001100010001000101001111011
7 19  100 1000001001001111010010000000001001110101000010010000010101010101010010110001100000000000101011111011
5 21  100 0000001000001111000000001000000001110101000010010001010110010001010000110001010000001000101010111010
3 22  100 0000101010100111011010001100001001110101000110011000100111010000010000100001100100001000011010111011
1 23  100 1010001001100011011010011001100110110101000110010001011110010001000010110001100000101000101011111011
runNumber 14
genCount 5258
elapsedTime 600.023
unaryHyperVol 76
binaryHyperVol 8.99174
additiveEps 0.727273
entropy 0.54796
archive 14
4
12 20  100 1110001000001101011010000001000111111101000010011001010100010011000010000001100000100000101000001011
5 21  100 1110001000001101011010000001000001110101000010010001010100000011000010000001100001100100101000001011
4 24  100 0100101000001100011010000100110101110000010110011001010101010011000010000001100011001100101000110000
1 27  100 1110001000101101011011000110101101110111010110011010000000010011010010110010001000011100101000001001
runNumber 15
genCount 5416
elapsedTime 599.991
unaryHyperVol 95
binaryHyperVol 8.375
additiveEps 0.75
entropy 0.5994
archive 15
3
3 20  100 0011011001100101011010000010000100100011000110011001010101110011100000110001101110000000010111101011
2 24  100 1000011001100101111010000000010100100001000110011000010101010001100000110001100100111010101010011010
1 29  100 0100001011100101111011100001000101110101110010110011110100010011110010110001110000011110101000001001
runNumber 16
genCount 5325
elapsedTime 599.983
unaryHyperVol 78
binaryHyperVol 10.1591
additiveEps 0.772727
entropy 0.5994
archive 16
3
3 22  100 0010001000101000010010111010110101110101011110111001010100010100011110110001010010001000101011111011
2 23  100 0000001000100110011011011100110101110101100110110001110011010001010000110001010010001000101011101011
1 27  100 1000001000100110011011011100110101110100100110111001010100010100001110011010010100001000101011111011
runNumber 17
genCount 5353
elapsedTime 599.957
unaryHyperVol 180
binaryHyperVol 12.8889
additiveEps 1
entropy 0
archive 17
1
1 14  100 1011101000100101011010000010001100110100000110011001110100000011110010110101100000001000101011111011
runNumber 18
genCount 5266
elapsedTime 599.941
unaryHyperVol 192
binaryHyperVol 12.875
additiveEps 1
entropy 0
archive 18
1
1 13  100 1000001000101111011000000011001100111101000110011001010100010011011010110001101110001000101011111011
runNumber 19
genCount 5356
elapsedTime 600.062
unaryHyperVol 142
binaryHyperVol 11.2143
additiveEps 0.928571
entropy 0.509891
archive 19
2
2 17  100 1000001001101101011010101010001100110101010110001000010000010011010000101001100010100000101011111011
1 19  100 1000001001101101011000101010001100110110001110011001000001010011010010010101100010000000101011111011
runNumber 20
genCount 5312
elapsedTime 599.757
unaryHyperVol 83
binaryHyperVol 12.2778
additiveEps 0.944444
entropy 0.509891
archive 20
2
2 22  100 0000001000100101011010000010010100110100000110000010000000011000100000110001110000001011101011001000
1 23  100 0000001001100101011001001110000000110101000110011101000100111100000010110010100000000010101011001000
runNumber 21
genCount 5445
elapsedTime 599.955
unaryHyperVol 148
binaryHyperVol 7.89474
additiveEps 0.947368
entropy 0.509891
archive 21
2
2 16  100 0001001000100101011010010010111100110101000010010010010100010011010000110001110010001011101000111000
1 24  100 1001101000100101101010000010111100011011010010010111010000010011110110110001010010001001101000111001
runNumber 22
genCount 5175
elapsedTime 599.957
unaryHyperVol 116
binaryHyperVol 12.1833
additiveEps 0.933333
entropy 0.509891
archive 22
2
5 19  100 1000001001100101011010000010010110110101110000010000110100010111010001000001100010011001101011111011
1 20  100 1000001000100101011010000010000110110110010110001000010100110111001010000001101010001001101000111011
runNumber 23
genCount 5539
elapsedTime 599.969
unaryHyperVol 121
binaryHyperVol 7.45833
additiveEps 0.958333
entropy 0.509891
archive 23
2
2 18  100 1000001000100101011010000110001110001000001110111001010100011011010000001101111110001000101011111000
1 29  100 1100001001100100111000001100000101001011000110011101010101110111010010001101111110001001101011101000
runNumber 24
genCount 5403
elapsedTime 599.903
unaryHyperVol 176
binaryHyperVol 9.23077
additiveEps 0.923077
entropy 0.509891
archive 24
2
2 14  100 1000001001100101011010000010011101010101000110111001010100110011000000010001100010001000101000111011
1 18  100 1000011001100100011010000010011101010101000110111001000100110011100010010001100010001000101000111011
runNumber 25
genCount 5268
elapsedTime 599.925
unaryHyperVol 139
binaryHyperVol 9.875
additiveEps 0.75
entropy 0.599401
archive 25
3
3 17  100 0110001001010111101010000010001100110110001010011001010100010011100000100001000010001001101011111001
2 18  100 0110001000101011111010000000001100110100001010011001010100010011100000100001100010001001101010111000
1 21  100 0111001000101011111010000011001100010101000010011001010100000011100110100001000010011000101011111000
runNumber 26
genCount 5185
elapsedTime 599.955
unaryHyperVol 170
binaryHyperVol 8.67857
additiveEps 0.928571
entropy 0.509891
archive 26
2
3 14  100 1111001000100101010000000010000000110110000110011000011000010011010000110000100010000000101011111011
1 19  100 1010001000101101011000001010100000110110001110011000010000010011010010110001000001001000101011101011
runNumber 27
genCount 5276
elapsedTime 599.968
unaryHyperVol 24
binaryHyperVol 12.4508
additiveEps 0.954545
entropy 0.509891
archive 27
2
13 26  100 1000001001001100011010000011110000000101011100000101010000010001011010000001010110110001101011110000
1 27  100 1000001001101010011000010001001101001001010010111001010000010001010110110001110100111010101011111000
runNumber 28
genCount 5321
elapsedTime 599.98
unaryHyperVol 88
binaryHyperVol 11.6111
additiveEps 0.888889
entropy 0.5994
archive 28
3
8 21  100 0111001000011101001010010001001101110100000010010101010100010010010000111001100101001000101011011000
2 22  100 0011001001101101011010010001001101110100000010010000100101010010000000110001100110001000101011111000
1 23  100 0111101000101101011010000001000111010101010010100101010100010010010010111001101101001000101011111001
runNumber 29
genCount 5836
elapsedTime 599.956
unaryHyperVol 77
binaryHyperVol 10.5952
additiveEps 0.809524
entropy 0.5994
archive 29
3
5 22  100 1010011001101101011010000110010100110101000110100110010101010000100000010001100000001001100011001011
2 23  100 0100111000101101001010000011001101100100000110101010110110010000100000000001000110001000101011111000
1 26  100 0110101000101001011011000111010100111101001110110110110100000111010010010001100001001000101011111001
