OptimalFront
unaryHyperVol 238
3
6 6  100 1010110111101110101001000010100100101101011001110011011011001101001110000100010111010100010101101011
5 7  100 1010110111101110101001000010100100101101011001110011011011000001001110000100010111010100010101101011
3 8  100 1010110111101110100001000010100100101101011001110011011011001101001110000100010111101000010101101011
-------------------------
runNumber 0
genCount 5110
elapsedTime 599.972
unaryHyperVol 100
binaryHyperVol 8.09524
additiveEps 0.666667
entropy 0.449615
archive 0
3
9 20  100 1010010111101110101001110011100100101111001001110101011101001101000110001100000101010001010101001001
4 22  100 1010111011101110100101100010100000100111111001110001011101001101000110000100010101010111000100011011
3 27  100 0010010111101110100001010011100000100111111001010000011011000000000110000100011101101011010101010110
runNumber 1
genCount 5196
elapsedTime 599.996
unaryHyperVol 95
binaryHyperVol 10.6481
additiveEps 0.888889
entropy 0.49717
archive 1
2
5 22  100 1110110111011000001001000100100100100000010101110011100111011101000110000100010111100001010001011001
3 24  100 1110110110101111001001000100100100100001011101100011100111011101000110000100010111100001011101010001
runNumber 2
genCount 5198
elapsedTime 599.952
unaryHyperVol 104
binaryHyperVol 9.44444
additiveEps 0.777778
entropy 0.481574
archive 2
3
7 20  100 0000011101101110100001010111000100100101011001110111011011000001001110000100010111101000010110101011
6 21  100 1110110101101110110001010111000110101101011001111011011011000001001110000100010111101000011100100011
3 24  100 0000111101101110100001010000000100101101011011010011011001100001001110000100010101101010010010101111
runNumber 3
genCount 5242
elapsedTime 599.865
unaryHyperVol 84
binaryHyperVol 9.725
additiveEps 0.85
entropy 0.449615
archive 3
3
7 22  100 1010110111101011100101101110101000100001011001110011111001000101000110000000011010100000010101011001
6 25  100 0110110111100110100101101110101000100001011001110011111000010011111010100100011010100000010101011111
3 26  100 1010110111101111100001001111100101100010011001110011110010101101000110000000011010100001000101011101
runNumber 4
genCount 5326
elapsedTime 599.931
unaryHyperVol 76
binaryHyperVol 9.32386
additiveEps 0.772727
entropy 0.447913
archive 4
4
11 23  100 0110110010100000101001000001100100101101101001010101010011111101000110000101000100100000010100100111
5 24  100 0110110110100100101001000001101100101101101011110111010011010101001110000101000100100000011100000111
4 26  100 0110110110100100101001000001100100101111101001010101010011111101001110000100011110100001111000000111
3 28  100 0110110010100000101001000001100100101101101001010101010011111101000110000100011110100001111000000101
runNumber 5
genCount 5173
elapsedTime 599.915
unaryHyperVol 67
binaryHyperVol 9.04167
additiveEps 0.75
entropy 0.449615
archive 5
3
12 24  100 0000111101101110101100000001100000010101011001010011011011001101001110110000010110101000101100011111
4 25  100 1110010101101111101100000000100000010101011001010011011011001101001110110000010100101000101111001111
3 30  100 0000111101101110100001000000100010010101011100001001011011001111001010100100010100101001000011110111
runNumber 6
genCount 5196
elapsedTime 599.996
unaryHyperVol 45
binaryHyperVol 9.704
additiveEps 0.84
entropy 0.431679
archive 6
4
8 26  100 0101001111100000111101000010100100101100011111010011011000111101000110000100011100100001010001000101
5 29  100 0000010001100001001101100010100100101001001001010011011000111101000110111100011100010001010111000001
4 30  100 0000110001100001001100000010100100101100011111010011011100101001000110001100010100010101001101010011
3 31  100 1110000100100011000001000010100100101111011111010000000100001101000110110100011100101001011001000000
runNumber 7
genCount 5195
elapsedTime 599.858
unaryHyperVol 82
binaryHyperVol 7.84
additiveEps 0.666667
entropy 0.481574
archive 7
3
5 22  100 0110000111010110101001000010100100100000011001010011101111001010111010001000101000100001011001100111
4 30  100 0110001001010110010001000110100111100000100001110101011001001000111110010110101100100001011001100111
3 31  100 0110100001010110110001000110100100100000011001010011101111001010111010001000101000100001111000000101
runNumber 8
genCount 5322
elapsedTime 599.919
unaryHyperVol 72
binaryHyperVol 8.24667
additiveEps 0.68
entropy 0.449615
archive 8
3
9 23  100 0000010110100010000001111100100100101101011001010011011011001101011110111100010100010101010101011111
4 25  100 0000100011100001100001111100001100101101011011010011011011001101011110110100010111000001010100010111
3 31  100 0000111010100010100001111100101100100101011001010001011001011100011010110100010101100001110110011101
runNumber 9
genCount 5257
elapsedTime 600.035
unaryHyperVol 109
binaryHyperVol 8.45
additiveEps 0.7
entropy 0.449615
archive 9
3
6 20  100 0110000111100011110101000110100100101101011001110111010011001101000000010100010111010001010101000001
4 21  100 1010000111100011111101000110100110101101011001110011111001001101000110001000010001010001010101100001
3 26  100 1010000111100011111101010100001010101101011001110111010011001101000000010100010111100001110101000001
runNumber 10
genCount 5210
elapsedTime 599.942
unaryHyperVol 50
binaryHyperVol 10.0667
additiveEps 0.84
entropy 0.49717
archive 10
2
4 27  100 0010110111000110101001001111101000010101100111100011101000111101100000100000000111100001010100010111
3 31  100 0110011110100100111001101111101000010101001101110010111000111101000000000000010101100001010101000101
runNumber 11
genCount 6771
elapsedTime 600.725
unaryHyperVol 86
binaryHyperVol 9.69841
additiveEps 0.809524
entropy 0.49717
archive 11
2
4 23  100 1010110101101100101000000010100100101100010101110011111100001100001110000000011100100001000000100111
3 27  100 1010110111101011101100000110101100101100010101110011111100001100001110000000011100100001000000100101
runNumber 12
genCount 6171
elapsedTime 836.33
unaryHyperVol 93
binaryHyperVol 8.69048
additiveEps 0.761905
entropy 0.481574
archive 12
3
7 21  100 0110110100010111011011000001100000101101111001010011011011001101000000100100010111100001001101101001
4 24  100 0110110111010100111111010100000100101101011001010011011011001101000000000100010011100001101101110001
3 27  100 0110111101101110011111000001100100101101111010110111111011001101000000101100010000100001000001101101
runNumber 13
genCount 5332
elapsedTime 599.925
unaryHyperVol 107
binaryHyperVol 11.1667
additiveEps 0.9375
entropy 0.49717
archive 13
2
4 21  100 1010110101101011001000010010100100100001011001100011011000001101000110000100000110100001010100110111
3 22  100 1010110111100011000001111000100100100001011001100011011000001101001110000100010110101001010100110111
runNumber 14
genCount 5305
elapsedTime 599.999
unaryHyperVol 31
binaryHyperVol 9.40741
additiveEps 0.777778
entropy 0.485314
archive 14
5
12 27  100 0000000001100001101101100010100100101101011001110011000101111100000010100100010100010001101101000001
10 28  100 0000000101100011001110000010100100101101101001111001111011011100000110110100010100010001110001001101
5 29  100 0000000101100011000101100010100100101110101001111011111011011100010010100100010000010001100111000111
4 32  100 0000010111100001010101100110100100101101000011110011001101010110000110110100011001100011000101000101
3 33  100 0000000111100001010001100100100100101101100101000111001000101100000110110100010101100001100011000101
runNumber 15
genCount 5352
elapsedTime 599.907
unaryHyperVol 105
binaryHyperVol 9.96296
additiveEps 0.833333
entropy 0.49717
archive 15
2
4 21  100 1010110010101110111001001010100000100101010101010011010111011100000000010100010111100000011001100011
3 24  100 1010110010101010111001001010100000100101010101010011010111011110000000010100010111100001011101100001
runNumber 16
genCount 5232
elapsedTime 600.021
unaryHyperVol 90
binaryHyperVol 10.6732
additiveEps 0.882353
entropy 0.49717
archive 16
2
12 21  100 0110110101010010101010000010101100001100011000000101101011001100001100110100010100100001010101101001
3 23  100 0110110101010010101010000010101000101100011100110101101011001101110010110100010100100001010101111001
runNumber 17
genCount 5251
elapsedTime 600.005
unaryHyperVol 67
binaryHyperVol 16.6563
additiveEps 0.75
entropy 0.481574
archive 17
3
7 23  100 1010000111100001101001100010100100101001011001100001011001011000000110101100010111010100010001000111
5 26  100 0110000111100011001001100010100100101101011001000000010111000010010000001100010100010101000111000111
4 30  100 0010001001100001101001100010100100101001010001100001011001000000000110010000010001010101000001000011
runNumber 18
genCount 5274
elapsedTime 599.914
unaryHyperVol 90
binaryHyperVol 10.1754
additiveEps 0.894737
entropy 0.49717
archive 18
2
6 22  100 0110110100010110101001100001100100101101101001100111011010101110101110000000100111100001110000100111
3 25  100 0110110101010110011001100001101100101101101001100111011010101110101110000000100111100001110000100101
runNumber 19
genCount 5365
elapsedTime 599.915
unaryHyperVol 63
binaryHyperVol 13.6267
additiveEps 0.68
entropy 0.492862
archive 19
5
9 23  100 0110110111100010101001001101100101101101001101010100111111001101000110001000000101010101010101001011
8 24  100 0001110111100000101001100001100000100101010111000001111011001101000110010100010111010101110101110001
7 25  100 0101110111100000101001000000100110100001011101010101011010011100000110010100010101010001010100110001
5 26  100 0110110111100000101001000001100000101001011111110001111011100001100110010100010101010100111001001000
4 31  100 0110010011100000101001101001100000100101010111000001011010001101000110011000010101010101111001110001
runNumber 20
genCount 5212
elapsedTime 600.06
unaryHyperVol 93
binaryHyperVol 6.60769
additiveEps 0.6
entropy 0.447913
archive 20
4
8 20  100 0110111101011110010100000010101010101101011001111011111011001101001110100100010111000001010111010111
6 22  100 0110111101011111010100010011100101101101010001111011110011001101001110001100010111010001110101100111
4 24  100 0110111101011110010100100010101010101101011101111011111011001101001110100100011010100001010111010111
3 32  100 0110111101010000000100010010101011100001001001101011110010011101110010100100010011100001010111101101
runNumber 21
genCount 5168
elapsedTime 599.879
unaryHyperVol 99
binaryHyperVol 9.06667
additiveEps 0.75
entropy 0.481574
archive 21
3
5 21  100 0101111101100000101001000001100100101101101001011111101011111110001110100100000111100011000100101011
4 25  100 1110001110101101100001000001100100101101011101000011111011110100001110110100000110101000100100101001
3 26  100 0110001110101101100001000001100100101101000001000011101011111110001110110100010110101000100100100001
runNumber 22
genCount 5466
elapsedTime 599.99
unaryHyperVol 90
binaryHyperVol 11.902
additiveEps 1
entropy 0
archive 22
1
3 23  100 1010010011100100000011110000100100100001011001110011001011001101001110100000010111100001010101001101
runNumber 23
genCount 5200
elapsedTime 599.981
unaryHyperVol 60
binaryHyperVol 20.6232
additiveEps 0.826087
entropy 0.49717
archive 23
2
5 25  100 0110110101010010010000000011100100101001000101111001011011101101000110000100010100010111010110011100
4 29  100 0110010101010011010100000110100000101101001101010001001011001101000110010100011101010101000111011111
runNumber 24
genCount 5214
elapsedTime 599.949
unaryHyperVol 123
binaryHyperVol 11.0952
additiveEps 0.928571
entropy 0.49717
archive 24
2
6 19  100 0000110111101110100001100000100100011101011001001101011001001101000000001000010011101000011101101011
3 20  100 0000110111101110100001000000101000101100011001010001011001001101110010001000010101101001010101101011
runNumber 25
genCount 5156
elapsedTime 600.029
unaryHyperVol 91
binaryHyperVol 10.7083
additiveEps 0.888889
entropy 0.49717
archive 25
2
7 22  100 1010010111101100011111000100100100100101001101110011101000001101001110000100011101100000110101101111
3 24  100 1010010111101100110001000010100000100001011100110011010100001101000110000100010111100001111110001101
runNumber 26
genCount 5212
elapsedTime 599.938
unaryHyperVol 98
binaryHyperVol 9.08333
additiveEps 0.75
entropy 0.49717
archive 26
2
5 21  100 1010110111101100100001000011100100101010001001110011111011011101000010000100010101100000111111000111
3 26  100 0010110101101100000011000011100100101010110011110011011011011101001110000100011101100001010111001101
runNumber 27
genCount 5322
elapsedTime 599.965
unaryHyperVol 45
binaryHyperVol 9.29327
additiveEps 0.769231
entropy 0.447913
archive 27
4
11 26  100 1010110011101100001101010110100100101001101000100001101011001100001100011000011101000000101001101010
9 27  100 0010110011101100001101010010100110100101110000110011100011001100001010111000010101000001011001100111
4 28  100 1010001000101100000001110110100100101001101000110011110110001100000010001000010101000001011001100001
3 32  100 1110110010101100001101001110100100101001101010100001100000001100000010101000011101100001011010001001
runNumber 28
genCount 5270
elapsedTime 599.912
unaryHyperVol 50
binaryHyperVol 10.5043
additiveEps 0.869565
entropy 0.449615
archive 28
3
8 26  100 1100111101000101100001000000101100000001000101110111110001000001011110000100010011010100010100100111
6 28  100 1110111101000101110001000011101111100000000101110111010001000001011110000100010011010100010100100111
3 29  100 1010010111100110000001110011101010100000010100001111101001111101000010000100010011101000000111101111
runNumber 29
genCount 5210
elapsedTime 599.996
unaryHyperVol 66
binaryHyperVol 10.3788
additiveEps 0.863636
entropy 0.49717
archive 29
2
5 25  100 1010110111101101100100000010100100100101000100110001111011100111101110000100011001010110110001101111
3 28  100 1010100010101110000001000110101100101101000100110011110001111111000110000100011011100001000100101101
