OptimalFront
unaryHyperVol 358
Optimal front is obtained by exact method
-------------------------
2
2 7
4 6
runNumber 0
genCount 5208
elapsedTime 600.002
unaryHyperVol 160
binaryHyperVol 17
additiveEps 0.75
entropy 0.599401
archive 0
3
7 20  100 1001110001001101000101000010100100111001011001100000010011101011111100010100010111010101010111101011
5 22  100 1010101111101111101101010010100100111001011001100000010011101011111100010100000111010101010111101001
3 26  100 1010100111101111101101010000010100111010011001000000000010101000111100010001100111010101010101101001
runNumber 1
genCount 5114
elapsedTime 599.947
unaryHyperVol 141
binaryHyperVol 7.675
additiveEps 0.6
entropy 0.54796
archive 1
4
6 22  100 1001111111101110001101001101000100110111010111110001100101101001001100000101010111000000010101101001
4 25  100 1001111111101110001101001101000100110111010111110001100101101001001100000001010101000001010101101001
3 29  100 0001000011100001001011001101100100111011000101110001100101101001000000000001100110010101010111101001
2 36  100 1001111111100011001111010101001100111011001111001101100101101001001100000001010110010101101000101001
runNumber 2
genCount 5155
elapsedTime 599.774
unaryHyperVol 153
binaryHyperVol 11.925
additiveEps 0.85
entropy 0.509891
archive 2
2
3 23  100 1110100000101101101000001101110100111001011101110010011011101001001101000100010110010001101001001001
2 26  100 1110111000100110111011001100100100111001011101110010011011101000001101101100000101010111101001001001
runNumber 3
genCount 5357
elapsedTime 599.791
unaryHyperVol 149
binaryHyperVol 8.40123
additiveEps 0.62963
entropy 0.54796
archive 3
4
8 22  100 0101110111100001101001000001100100000010000101000011011000000000111101000000101111010001101011101001
4 23  100 1000110111100001101001000001100100000010000101100010011101001001111100010011100111010000101001101001
3 26  100 1001100111100001101001000001101011000001011011100000001000101010110101010111100111110001101001101001
2 33  100 1000111110100001001111111001100101011011001110000011011000101001111101000000110110010101101001111001
runNumber 4
genCount 5412
elapsedTime 600.029
unaryHyperVol 137
binaryHyperVol 11.029
additiveEps 0.782609
entropy 0.5994
archive 4
3
5 24  100 1001111111101010101001000110000111011011001101000100111001000011001101000101100111010001101001111001
3 25  100 1001110110101110101011111110110111011001000101101111111000101001001101000001010111010001101001111001
2 29  100 1001111111101010101001001010110011011010001111000111111000101001001100000101000110010101101001111001
runNumber 5
genCount 5204
elapsedTime 599.932
unaryHyperVol 172
binaryHyperVol 11.1158
additiveEps 0.789474
entropy 0.599401
archive 5
3
7 21  100 0100110111011101100101000010100001111010011001110000011011101011000100000111100011010100101011101000
3 22  100 0100110101011101100101000010100101111010011001110000011011101010000100000111100011010110101010101000
2 25  100 0110000111101101100101000010100001111010011001110000011011101010000100001111101110010100101010101010
runNumber 6
genCount 5227
elapsedTime 599.96
unaryHyperVol 102
binaryHyperVol 12.2917
additiveEps 0.875
entropy 0.5994
archive 6
3
6 27  100 1101110111101111100001100111101100011000010101110011110100001001011100000101001111010111011010111001
3 28  100 1001110111101111100001001101110000011001010101110011110100101000010111000001010111010111011010111000
2 30  100 1001110101101110010101100111100100011000010101110101110000101001011111000101110100010111101010011001
runNumber 7
genCount 5185
elapsedTime 599.753
unaryHyperVol 144
binaryHyperVol 11.886
additiveEps 0.842105
entropy 0.5994
archive 7
3
14 22  100 1001110101101101100001000011101000000000010110110011011011001000001111000100010101110100101011101000
8 23  100 1000110101101101101100000001110100000000011000010011011011001000001111000001110111010100101001001011
2 25  100 1000110101101101100000010001010100000000011000110010011011101010001111001111110111010100101001001011
runNumber 8
genCount 5133
elapsedTime 599.983
unaryHyperVol 136
binaryHyperVol 7.89655
additiveEps 0.655172
entropy 0.472411
archive 8
4
8 22  100 0111010111101110100001010010000101111000001111000011011001001001000101000101100100011000010100101001
7 25  100 0111110111101110100001010010100001111010000111100101100101000001001101000001100100010000010110001001
3 26  100 0111010111101110100001010010000101111000011111010001010011101000000101000001100100011010010100101001
2 35  100 0111110101101101100100110110101101011011001111010001010010101001001101000001010101010101101010110000
runNumber 9
genCount 5138
elapsedTime 599.785
unaryHyperVol 151
binaryHyperVol 9.54167
additiveEps 0.791667
entropy 0.54796
archive 9
4
5 22  100 1001110111100010101001001100100100000001001101100011111001000001011111000001100000010101011001011011
4 26  100 1001110111101110111000000101101101000000011101110011110000000001011100000101100100010101101010111010
3 27  100 1001110111100000111001001100100101000001011101110011110100101001010111000001110011010111011000011011
2 30  100 1001100101101100101000111101010110000001011101000001111001101001010101010101100001010101101010101011
runNumber 10
genCount 5250
elapsedTime 599.819
unaryHyperVol 158
binaryHyperVol 11.3
additiveEps 0.85
entropy 0.5994
archive 10
3
6 22  100 1101110101010110001101000011100100111001111001000011011011101001001101010100010001110110101001001001
3 24  100 0101110110100100110101000010010110011001111001010011011011101001001101010100101101110001101011101001
2 26  100 1101100011100101111101000010100100101001111000100011001000101001000101011000100111010101101011101001
runNumber 11
genCount 6085
elapsedTime 661.538
unaryHyperVol 148
binaryHyperVol 11.38
additiveEps 0.95
entropy 0.509891
archive 11
2
7 22  100 0100010100101110100001001110010100110001011000110011101011001001001011001101110101010100101001101010
2 26  100 1010110100101110101101011011110100111001011001100110100111101011000101011100010111010101101001101010
runNumber 12
genCount 5208
elapsedTime 665.596
unaryHyperVol 164
binaryHyperVol 10.2222
additiveEps 0.857143
entropy 0.599401
archive 12
3
5 21  100 1001110101101110101100000000101100111010011001110000010100000010111100000000100011010100101001101001
4 25  100 1001110101101110101101000110001100111000000101010001110101000001001100000000000011000001101001101001
2 27  100 1101110101101110101100010000111100011010010111010011111001101000001100000100100011010100101001111001
runNumber 13
genCount 5093
elapsedTime 599.911
unaryHyperVol 185
binaryHyperVol 24.7
additiveEps 0.96
entropy 0.509891
archive 13
2
4 18  100 0101110101011110100101000010100100000001001101110001011000001001001000000101000111010100101001101000
3 31  100 0111111101011110101100001011110100000001001101110001100110101000111000010101000101010100101001011011
runNumber 14
genCount 5241
elapsedTime 599.968
unaryHyperVol 132
binaryHyperVol 13.9474
additiveEps 1
entropy 0
archive 14
1
2 25  100 1111111111101110101001000010000000111001110011000011010111101000011101010001100110010100101001111010
runNumber 15
genCount 5215
elapsedTime 599.934
unaryHyperVol 168
binaryHyperVol 13.9375
additiveEps 1
entropy 0
archive 15
1
2 22  100 1001110101101111000001000010110000000001011001110011100100101001000100000101100100010100101001011011
runNumber 16
genCount 5206
elapsedTime 600.006
unaryHyperVol 134
binaryHyperVol 10.5217
additiveEps 0.826087
entropy 0.472411
archive 16
4
7 23  100 1011110111011101010001011101010001011001100111010011011011001011000001001100100111010100101001101011
5 26  100 1010010111011101101000001111110100000000101100100011100000101010000000001100100111010100101001101011
3 28  100 0110011001011110100011001011100101011001100011110011010010101001010001001101000111010100101001101000
2 29  100 1010110111101101100010001101110101011001100011110011010000101011000101001101100111010101101000111000
runNumber 17
genCount 5180
elapsedTime 599.864
unaryHyperVol 223
binaryHyperVol 11.9737
additiveEps 0.526316
entropy 0.447494
archive 17
3
8 14  100 1001110111101110101001001110100010000001011001110011010100000010001111000101100111010000011001101001
4 16  100 1001110111101110101001001110100010000001011001110011010100000010001111000101100011010100011001101001
3 25  100 1001010110101110101001001110100010000001011101010011110100101010011111010001100100010100011001101001
runNumber 18
genCount 5289
elapsedTime 600.023
unaryHyperVol 192
binaryHyperVol 12.2444
additiveEps 0.933333
entropy 0.509891
archive 18
2
8 19  100 1001110110101110101001000010000100110000011000010011011010100101011101110111100100010110101001101001
2 21  100 1001110111101110101001100010000101111010011000010001011011101000100001010111100100010100101011101011
runNumber 19
genCount 5441
elapsedTime 599.927
unaryHyperVol 173
binaryHyperVol 9.39
additiveEps 0.85
entropy 0.599401
archive 19
3
7 19  100 1001110100100110100011000010101100111001011001101111010001000011110011000001100111010000010101101001
5 24  100 1000110001101110100011000010101100101001011001101111010000000000110011010101110011010000010101111001
2 26  100 1001110100100111101101001010101100000001011011010011010000101000101100000100000101010101101001011001
runNumber 20
genCount 5194
elapsedTime 600.058
unaryHyperVol 147
binaryHyperVol 8.39683
additiveEps 0.62963
entropy 0.472411
archive 20
4
9 22  100 0101110101011101100010000011110100110100101000010011011000101011001100000000000111010100101001101011
7 23  100 0100110000010110111010000011010110100101101001110011101000101011001100000000100111010100101001101011
3 24  100 0101110101011101100010000011110100101000001001000001001000101011001101000000000111010100101000101011
2 33  100 1010110110101010111111111101111111101000001001001001111000101011001100000000100110010100101011001011
runNumber 21
genCount 5183
elapsedTime 599.717
unaryHyperVol 189
binaryHyperVol 12.2812
additiveEps 0.875
entropy 0.5994
archive 21
3
4 20  100 1101010101011100100001110010010100111001010001110011011111101001101101010110100100010001101001101001
3 21  100 0011110101101101000101000010010100111001010001110011010111101001101101000100100100000001101000101001
2 22  100 0011110100100000000101000010010100111001011001110011010111101001101101000100100100010101101010001001
runNumber 22
genCount 5263
elapsedTime 599.978
unaryHyperVol 151
binaryHyperVol 27.5375
additiveEps 0.8
entropy 0.5994
archive 22
3
6 20  100 1001110111101110101010110010100100000001000101000110110100000001011100000001100100010000010101101001
5 23  100 1001110111101110101010110010100100000001001101000110110100000001010100000001100100010100010111101001
4 26  100 1001110111101111101010110010100011000011001000011001110100010100001101001001100011010001010110101001
runNumber 23
genCount 5249
elapsedTime 599.929
unaryHyperVol 141
binaryHyperVol 12.0238
additiveEps 0.857143
entropy 0.509891
archive 23
2
3 24  100 1000110101101110100100100010000100111010010001111111010001101001001101101110010011010001101001101001
2 27  100 1111110101101110001101010001100100111001011011111011010001101010001101001101011110010101101000101001
runNumber 24
genCount 5268
elapsedTime 599.919
unaryHyperVol 136
binaryHyperVol 13.3026
additiveEps 0.947368
entropy 0.509891
archive 24
2
10 24  100 0100110011101100100001000001100011110001011111000111001111101001001101001010100110010100101001101011
2 25  100 1110010001101100101001000001101000111011011101000101011011101011101101000000100101010100101001111011
runNumber 25
genCount 5300
elapsedTime 599.992
unaryHyperVol 204
binaryHyperVol 13.9231
additiveEps 1
entropy 0
archive 25
1
2 19  100 1001101011101110101001110010000100111011011000110001011011101000000101000100100111010110101001001001
runNumber 26
genCount 5171
elapsedTime 599.681
unaryHyperVol 158
binaryHyperVol 9.91304
additiveEps 0.782609
entropy 0.599401
archive 26
3
4 22  100 0101110101101000000100000000010100111001011101010011011011101001111001000001100111011001010101101001
3 25  100 0101111001100101000001010000110001111001011101010011011011101001111001000001100111011001010101101001
2 29  100 1111111101101000000100010000010100111001011101010011011011101001111001000101110111010101101010111001
runNumber 27
genCount 5280
elapsedTime 600.011
unaryHyperVol 139
binaryHyperVol 20.2556
additiveEps 0.944444
entropy 0.509891
archive 27
2
7 23  100 1101000101010001111101000011111011111001010001100011011001101001011101000101100111010101010101011001
3 24  100 1111011100101100111110000001010100111001010001100011011001101001100101000001100111010100010101101001
runNumber 28
genCount 5258
elapsedTime 599.99
unaryHyperVol 115
binaryHyperVol 12.7381
additiveEps 0.904762
entropy 0.5994
archive 28
3
12 25  100 1001110010100110101010000001000100011001001111010001011000000001001111000011100110110000101000101001
9 26  100 1001110110101101000110001110000010111001011011110011010001001001001000010011010100010000101011101001
2 27  100 1001100110101101101010001110101010111001011011010011001001101011000001010111010101010101101000101001
runNumber 29
genCount 5250
elapsedTime 599.817
unaryHyperVol 212
binaryHyperVol 12.0714
additiveEps 0.928571
entropy 0.509891
archive 29
2
4 18  100 0000110111101101101001001110100000111010011001110011001011101001000000010000100111010000101001101000
2 20  100 1001100111101010001101001110101000111010011001110011011111101001000000010000100111010100101001101001
