OptimalFront
unaryHyperVol 375
3
4 6  100 1010001000010101010110000010001100111001000101011001010100010000011000110001100010001000101111111011
3 7  100 0000001000010101010110000010001100111001001010011001010100010011011000110001100010001000101111111011
2 8  100 1010001000000101010110000010001100111001001010011001010100010011011000110000010010001000101111111011
-------------------------
runNumber 0
genCount 5349
elapsedTime 599.89
unaryHyperVol 160
binaryHyperVol 12.7632
additiveEps 0.894737
entropy 0.49717
archive 0
2
4 21  100 1010001000010101010110001111110000111001101001010001010111010000011011000001100010000100100110001001
2 25  100 1110001100010001010110000110000000111011101010010001000111010001011000101100010011001100101111001011
runNumber 1
genCount 5358
elapsedTime 599.879
unaryHyperVol 97
binaryHyperVol 12.2286
additiveEps 0.76
entropy 0.447913
archive 1
4
9 25  100 0000000000010100110110011111110000110111111010011001010010100011010011010000010010001010100011101011
4 26  100 0000001110010101011110000110110001000011001010010001110000010011010011011000010110001001101111001011
3 29  100 0010111100010101101011100110010000000001101010010001111001010011011000101000100010101000101111000000
2 31  100 0000001000100110111011100010110000000001101010010001011001010011001011101000010100110111101111101011
runNumber 2
genCount 5313
elapsedTime 599.871
unaryHyperVol 192
binaryHyperVol 12.2647
additiveEps 0.764706
entropy 0.49717
archive 2
2
3 19  100 0000001100010101110110000001001100111001001010011010100100000000001000110000100010011011101111101011
2 23  100 0000001101010100110110000011001100111001001010011001110100100011101010110000011100010101101111111011
runNumber 3
genCount 5350
elapsedTime 599.937
unaryHyperVol 138
binaryHyperVol 15.0833
additiveEps 0.944444
entropy 0.49717
archive 3
2
4 23  100 0000110000000101100110111101011110110111101010011001000100010011001000110000010001111001100011111011
2 24  100 0000010000000101100110110011001101111011101010011000010100100000001000010000010001111000100111111011
runNumber 4
genCount 5388
elapsedTime 600.064
unaryHyperVol 238
binaryHyperVol 15.85
additiveEps 1
entropy 0
archive 4
1
2 16  100 0000001000000100111110000001001100111001011010011001110100010011011000010000010010001000101111111010
runNumber 5
genCount 5451
elapsedTime 599.866
unaryHyperVol 165
binaryHyperVol 7.86667
additiveEps 0.6
entropy 0.472736
archive 5
5
11 18  100 0000001001010001011010000011110000110001000101010001010100100000010001110000100010001010101111000000
8 21  100 0000001001010101011110000011110001000000000101010101010101100000010001110000100010001010101111000000
4 22  100 1010001101010100011010010001010000111001000101010101001000010000010101110101100000001000101100110000
3 25  100 0000001000010101011110000111110000000001001010000101010111000100010101101101100010101000101111000000
2 31  100 1010011001010101011010000011110000000010011010100101100011010000011001010100010001110100101111111001
runNumber 6
genCount 5382
elapsedTime 600
unaryHyperVol 168
binaryHyperVol 15.9
additiveEps 1
entropy 0
archive 6
1
2 21  100 1110000100110101010101000010001100111001001010010101100100010001010101111000010000001000100010110000
runNumber 7
genCount 5503
elapsedTime 599.913
unaryHyperVol 116
binaryHyperVol 11.6081
additiveEps 0.809524
entropy 0.506429
archive 7
4
15 21  100 0000001000000100011010001111110101110111001010010001101100100011010000110100010010111001101111111011
13 23  100 0000001000100100000010001111110101110111001010010001101100100011010000110100010010111001101111111011
4 25  100 0000001001100100110111001101110000100111001010010001001000100011010000110100010010111001101111111010
2 27  100 0000101000100000010010001111011111101001101010010001111000100010011000110000010000001101101111111011
runNumber 8
genCount 5301
elapsedTime 599.901
unaryHyperVol 112
binaryHyperVol 12.451
additiveEps 0.818182
entropy 0.529986
archive 8
4
15 23  100 1100110000111101010111000010010100000001001010010001000100010000010101110000010010001001101001111011
11 24  100 1101001001111101011101000000000100000001001001001001010100110010100101110000010010001001101001111011
4 25  100 0101111000111101110111000001001000000001001010011001011100110010110101110100010010001000101010111011
2 28  100 0110100100111101010111000001001000000001001010110001010100110000110101111100010010001111101001111011
runNumber 9
genCount 5339
elapsedTime 599.868
unaryHyperVol 146
binaryHyperVol 10.7708
additiveEps 0.666667
entropy 0.49717
archive 9
2
3 22  100 0000001000010110010110000001010111000001001010100101100100110011000101111001100010000100101100111011
2 30  100 0000101001010110010110100010000010111001011010100011110000110011000101011100011011000100101100111011
runNumber 10
genCount 5511
elapsedTime 599.966
unaryHyperVol 119
binaryHyperVol 11.6
additiveEps 0.72
entropy 0.49717
archive 10
2
3 24  100 0000001100010101110110000110001100001010011010011011011000010101001000110010100110001101101111001000
2 31  100 0000011111010100000110000010000100000001011010010011001100100010011010001000010001011100101111001001
runNumber 11
genCount 9110
elapsedTime 621.735
unaryHyperVol 161
binaryHyperVol 6.76543
additiveEps 0.592593
entropy 0.402835
archive 11
5
11 17  100 0000000011000001011111010110000111110101000010011001010100010111101000110001100010101000101111110011
5 22  100 0000001011100000111111010100110101101001000010011001010100010111101000110001100010001000101111111011
4 25  100 0000001011010000111010101100000010101000001010101101010100010111101000110001100010001000100110111011
3 26  100 1010000111010101010111110001111001101000001010001110111100001111011000110001100010001000101000111011
2 33  100 1010000010010101011111010100110010000000001010101110010100101111001000111000010111100000101100111011
runNumber 12
genCount 17120
elapsedTime 757.179
unaryHyperVol 150
binaryHyperVol 27.6429
additiveEps 0.904762
entropy 0.49717
archive 12
2
4 21  100 0000000101010000010110001001111100111001101010010101010100010011010101110001100010000010101111010000
3 27  100 0000100101010101010110001001111100111001101010010101000101100011010101100101101000000011101111011000
runNumber 13
genCount 5294
elapsedTime 599.99
unaryHyperVol 114
binaryHyperVol 18.3913
additiveEps 0.8
entropy 0.529986
archive 13
4
7 23  100 0010111000000011010111000000001100111001001010111001001111010011001011000001100111001000101011101011
6 25  100 0110111100010111011111000010001100111001001010111001010110011011000101110011001111000000011111001011
4 27  100 0010111001000011011101000010001100111001001010010001011010010011000101110011001111001010100010001010
3 29  100 0000111101010111001111000000001100011000011010111001010110010011001011101001101000001110101111101011
runNumber 14
genCount 5312
elapsedTime 599.956
unaryHyperVol 180
binaryHyperVol 14.9
additiveEps 0.933333
entropy 0.49717
archive 14
2
4 20  100 0010111000010101010110000011000101111011001010001011000100010011110011110000100010001000101100111001
2 21  100 0010111000011101010110000010000100111001001010001011000100010011111011100000010010001000101100111001
runNumber 15
genCount 5210
elapsedTime 600.025
unaryHyperVol 85
binaryHyperVol 13.9674
additiveEps 0.869565
entropy 0.447913
archive 15
4
10 26  100 0000101001110001010100001010010100011001001010101000010100010011011000111111011101111111101110111011
5 27  100 0000001111010101000100011011010100011011101010001011011100010011010000110010101110110011100111111011
4 28  100 0000111101010101010110011110010101101001001010001111010100010011110000111010101111111111101110111001
2 29  100 0000000111110001010110011110010100001001001010000001011110010010011000111100011110101101101110011011
runNumber 16
genCount 5289
elapsedTime 599.975
unaryHyperVol 123
binaryHyperVol 11.5278
additiveEps 0.791667
entropy 0.529986
archive 16
4
5 23  100 0110000100010101010110000111000111010101001010011100110000010011011000001000010011001000101111101011
4 27  100 1010000101000101011010100111110111110100101010001000100110110111011000111100010001001000101111101011
3 29  100 0110000100010101010110000110001001000001111010101000110100010111111010011110101111101101101111101011
2 30  100 0010000100110111001011100111010111000001001010001000110100100011011000111100010001001000101011101011
runNumber 17
genCount 5354
elapsedTime 599.965
unaryHyperVol 214
binaryHyperVol 11.2188
additiveEps 0.875
entropy 0.49717
archive 17
2
4 17  100 0000000000000001010100000011111100111001000101011000100100010000001000110000010010101000101101111011
2 22  100 0000001000000001110100000011110000011001001010101011010100010000001000110000010010101010101101111011
runNumber 18
genCount 5338
elapsedTime 599.914
unaryHyperVol 154
binaryHyperVol 15.9062
additiveEps 1
entropy 0
archive 18
1
2 22  100 0010001000000101000110000010000100011001011010010010010100011111010101111100011110001101101100111011
runNumber 19
genCount 5277
elapsedTime 600.024
unaryHyperVol 128
binaryHyperVol 12.4659
additiveEps 0.772727
entropy 0.481574
archive 19
3
6 23  100 1010001101110101010100000001000100111000010010010101011111010001010000000011000010111011100011111011
4 24  100 1110111101110101010100000001000100111001010010010001010100010011011000110000010010110011100010111010
2 28  100 1010001111101100010000000001000100011010011010010001010100010001011001110000010010110011100010111011
runNumber 20
genCount 5422
elapsedTime 599.942
unaryHyperVol 123
binaryHyperVol 15.1579
additiveEps 0.947368
entropy 0.49717
archive 20
2
5 24  100 0000001001010000010110001110000000011001101010101001010110000001010010110000010000001001101100011011
2 25  100 0000101001010000010010000010000000011001101010101001010110010001010101110000010000001001101101011011
runNumber 21
genCount 5343
elapsedTime 600.031
unaryHyperVol 132
binaryHyperVol 47.9062
additiveEps 1
entropy 0
archive 21
1
4 22  100 1010100100000101010010001101001100111001100101111101110100011100010101100000010010001000100110110000
runNumber 22
genCount 5233
elapsedTime 599.98
unaryHyperVol 145
binaryHyperVol 13.5789
additiveEps 0.894737
entropy 0.49717
archive 22
2
5 22  100 1010111000000101010110000010000100111001101010010111110111011100010111110000010010111000100011010000
2 25  100 1010111000000101010110000010000100111001101010001111011111111000001010110000010010111000100011010000
runNumber 23
genCount 5415
elapsedTime 599.893
unaryHyperVol 124
binaryHyperVol 16.5075
additiveEps 0.842105
entropy 0.431679
archive 23
4
16 20  100 0110110000110100010110000010000000110001000101000001010101010010101000110000010001000000101101110011
7 22  100 0010110100110100010010000010000100110011000101000001010101010000001000110000101011011000101101110011
6 24  100 0110110100110100010010000010000101111001000101000011010100011010101010110000010001011000101101110011
4 25  100 0110011100010100010000000010000100111001000101010011010111110000001000110000010011101010101110111000
runNumber 24
genCount 5067
elapsedTime 600.092
unaryHyperVol 154
binaryHyperVol 15.9062
additiveEps 1
entropy 0
archive 24
1
2 22  100 1110101000110101010110010001111100111000001010000001010100010000011000110000011100011011101111111011
runNumber 25
genCount 5392
elapsedTime 599.926
unaryHyperVol 127
binaryHyperVol 11.3913
additiveEps 0.869565
entropy 0.449615
archive 25
3
6 22  100 1001000011111001001111110001000111111001001010010101010100010011010010110100010010001000100111111011
5 28  100 1001000111001110010100110011010111011011011010110001010000010011010000110000010010000100000011101010
2 29  100 0010101111011100010011010010000101001011101010010101000100010001011000110000010110000100100011111011
runNumber 26
genCount 5433
elapsedTime 599.951
unaryHyperVol 182
binaryHyperVol 15.8929
additiveEps 1
entropy 0
archive 26
1
2 20  100 0000001000000001010111000001000110111001001010010101011111010001011000110000010001000100101111111001
runNumber 27
genCount 5129
elapsedTime 600.007
unaryHyperVol 75
binaryHyperVol 14.0833
additiveEps 0.916667
entropy 0.49717
archive 27
2
5 27  100 0000011001010111011110100010001110011010000000100011110100011111000000110000011001001010101011001011
2 30  100 0000001000010100110110010011001110001010001010100110010101110100101000010100011110001010100111001011
runNumber 28
genCount 5211
elapsedTime 599.948
unaryHyperVol 105
binaryHyperVol 13.8788
additiveEps 0.863636
entropy 0.481574
archive 28
3
5 25  100 1010001000000011010110111110001100011000101010011000010101010001010000101101000001000111100001001001
4 26  100 1010001000010111010011111111000000111001001010100001010100000001011000101101000001111111101111001011
2 28  100 1010001000010111010111010000001100011000001010001100110000010001011000010100010000100111101111001011
runNumber 29
genCount 5377
elapsedTime 599.992
unaryHyperVol 98
binaryHyperVol 15.925
additiveEps 1
entropy 0
archive 29
1
2 26  100 1110111100000101010100010010000101111010001010000000001000010010011000001000010010000100100111111011
