OptimalFront
unaryHyperVol 360
Optimal front is obtained by exact method
-------------------------
1
2 6
runNumber 0
genCount 5248
elapsedTime 600.065
unaryHyperVol 150
binaryHyperVol 11.3286
additiveEps 0.85
entropy -inf
archive 0
4
9 22  100 1100101000110101010111100011110000001000011101010001010110001011001010011110110100111100001110101011
7 23  100 1100101000110101010111100011110100001001011101110101010100001001101010011110110100111110001110101011
5 24  100 1100101000010001010111000011010001001110000101010001010110000011001010111110110100110110001110101011
2 26  100 0100101000010000010110000011010101101110001101010001010100001001101010011110110100110110001110101011
runNumber 1
genCount 5272
elapsedTime 599.933
unaryHyperVol 110
binaryHyperVol 9.05
additiveEps 0.7
entropy -0.098896
archive 1
4
6 25  100 1100010111010000011111000001010100101010111101010111111010001011011010011101000100111110011011101011
4 27  100 1100010101010001000111001101010100101010000001011101010110001000011010000010000100111110011000010011
3 32  100 0100011011010001010111010011010100100110101111001001100000101000111010110010001000111100111011101011
2 36  100 0101101000010001011111111100010100100010000110110000101110101001111010111010000011101000101011101100
runNumber 2
genCount 5354
elapsedTime 599.925
unaryHyperVol 103
binaryHyperVol 10.4963
additiveEps 0.777778
entropy -inf
archive 2
3
7 26  100 0001101000010001101010100000101001101000011000010101010000000101001010011110010101001110101000011100
4 27  100 1001101000010001001110000000111001101000011000010101000000000100001010011110010101001110101101001100
2 33  100 0000101001010000010100001110001111101010011000010101000000000000001010011010010101001100001101001100
runNumber 3
genCount 5323
elapsedTime 599.945
unaryHyperVol 177
binaryHyperVol 10.4474
additiveEps 0.842105
entropy -inf
archive 3
3
8 20  100 0100101000110000111111000000110010100001011101011101100010000000011010111010110100111110000011101010
3 22  100 0100101000110100111111000000110010100001011101011101100010000000011010111010010100111110000011101010
2 25  100 0110101001010001010111011011010101101001001101011101100010001000011010111010110100111110001111001011
runNumber 4
genCount 5346
elapsedTime 600.016
unaryHyperVol 120
binaryHyperVol 11.5238
additiveEps 1
entropy inf
archive 4
2
11 23  100 0100101001110001111110100000111010101000011001011101110001001000110010111010010001010110011001001011
2 27  100 0100101001010000110110100000110010101100011001011101100001001001011010110010010001001110001000001001
runNumber 5
genCount 5455
elapsedTime 600.034
unaryHyperVol 182
binaryHyperVol 10.5789
additiveEps 1
entropy inf
archive 5
2
4 20  100 1001101000010001010100101000110001101000011110010001010010101000010010011110111000111110001011101001
2 25  100 0000101000010001010101101100110000101000011010010011010001111001011010011110101000111110001011101001
runNumber 6
genCount 5455
elapsedTime 599.903
unaryHyperVol 143
binaryHyperVol 13.3158
additiveEps 1
entropy inf
archive 6
2
3 24  100 0101101000010001110111010010011010101011011001111111000001001001011010010000010110111111000111101110
2 25  100 1101101000010001110010110010000010101000011001000100000010101001011010101010010111111100000111101111
runNumber 7
genCount 5441
elapsedTime 599.972
unaryHyperVol 103
binaryHyperVol 14.6268
additiveEps 0.826087
entropy 0.0286012
archive 7
4
14 20  100 0100101001110001111110100000001000101010011101011101010010000101010101011010010101111110001001000111
6 25  100 0011101000010101111110100000011000101010011101011101010001011000010101001110101000110111011000000001
5 28  100 0111101000010001110100011000110010100010011111010101110101001000010101011110010100011100001001001001
4 29  100 0101101000010001110110011010010010101011011111010101110110000001000101011110111000100110011000110001
runNumber 8
genCount 5431
elapsedTime 599.967
unaryHyperVol 219
binaryHyperVol 8.72222
additiveEps 0.666667
entropy 0.0232461
archive 8
3
5 17  100 1101101001110001111111111000011110101110010101101101010010011010001010010000110110111110001011101111
3 18  100 0100101001010001111110111010011000101001011101101101011110001000011010010000110100111110001011101011
2 24  100 1101101000010011111110111010011010100000010101101101011110001000011010011010001000001010001011111101
runNumber 9
genCount 5266
elapsedTime 599.989
unaryHyperVol 164
binaryHyperVol 12.5556
additiveEps 1
entropy inf
archive 9
2
4 22  100 1101101011010001100110100000010110100110111101010001000011001000010000101110000100101101001111100111
2 24  100 1100101000010001111110110011000101100110011001010001010001101001001010010110010100111100001110100111
runNumber 10
genCount 5351
elapsedTime 599.95
unaryHyperVol 121
binaryHyperVol 10.8701
additiveEps 0.909091
entropy -inf
archive 10
4
13 22  100 0100101001110000001010101100100100101010010101011101010110001000011010001100010100111111001001000111
12 25  100 0101101001010101011110000100000010100110010100011101010101011000011010001100010100111111001001000111
6 26  100 0100101011110100010011101100000001001000011101011101010110001000011010111100010100111100110001000111
2 27  100 0100101001010001110011101100100110101001010101011101010111101001011010010110010100111111000001000111
runNumber 11
genCount 5310
elapsedTime 600.072
unaryHyperVol 126
binaryHyperVol 12.2273
additiveEps 1
entropy inf
archive 11
2
4 25  100 1101101000010001011100100100001111000111010101010010110001001011111010010010010100101110001010011001
2 28  100 1100101000010011101110100100001111101110010100001100000111001010111010010110010111110110001000011011
runNumber 12
genCount 5559
elapsedTime 599.928
unaryHyperVol 158
binaryHyperVol 11.3667
additiveEps 0.9
entropy -inf
archive 12
3
5 22  100 1100101000010101000110111000110001001010011010010101010011111000001010011110110000110101001011101011
4 24  100 1100011000010001000110110111000000101010011010010101010011111000001010011110110000110101001011101001
2 26  100 1000101000010001000001110000001100100011001000100001001011011001011010011110110100111100001011101011
runNumber 13
genCount 5252
elapsedTime 599.959
unaryHyperVol 204
binaryHyperVol 10.625
additiveEps 0.8125
entropy -inf
archive 13
3
8 18  100 1100101000110101011110100001110101101010111101000001010001000000010010011110110100111011001011101011
4 19  100 0101101010010001011010100011001101100110011101010001000011000000010010011110110110111110001010101011
2 22  100 0101101010010001011010100011000101100100011101010001000011001010011010011110110110111110001011101011
runNumber 14
genCount 5480
elapsedTime 599.983
unaryHyperVol 190
binaryHyperVol 12.2267
additiveEps 0.933333
entropy -inf
archive 14
3
12 19  100 1111101001110001010001101000101110100010010001000001010000000000010010010000110101110000001011101011
6 20  100 1100101000010010000001100001101001101110011001010000010010000001000010010000110100110010001011101011
2 21  100 1111101001010001010101100000101110101010000001100101010000000000011010110010110101001110001011101011
runNumber 15
genCount 5328
elapsedTime 599.95
unaryHyperVol 171
binaryHyperVol 12.4286
additiveEps 0.941176
entropy -inf
archive 15
3
9 21  100 0000101000010000101110100100011110101010101101011101110001001000011001010000100100111100000111001001
4 22  100 0000101000010000101111100100011110101010101101011101110001001000011010001100100101111100011011001001
2 23  100 0000101000010000101110100100011110101010101101011101110001001000011010001110111111111101110011001001
runNumber 16
genCount 5264
elapsedTime 599.993
unaryHyperVol 168
binaryHyperVol 333
additiveEps 333
entropy 0
archive 16
1
2 22  100 1101101000010000111111000010111110101001101011011111010010001000001010101010010110111101001011100011
runNumber 17
genCount 5320
elapsedTime 600.07
unaryHyperVol 153
binaryHyperVol 13.2778
additiveEps 1
entropy inf
archive 17
2
5 23  100 1101101001110001111101000100010110101000011101011111111000000000011010110000111101001110000111011000
2 24  100 0101101001010001111111100000010010101010011000100111110110001000011010011010111101001110000100110111
runNumber 18
genCount 5105
elapsedTime 599.649
unaryHyperVol 163
binaryHyperVol 10.9048
additiveEps 1
entropy inf
archive 18
2
3 22  100 1110101000010001111010100001111000101010111000011101010000111000011010110000010001111110001111100111
2 27  100 1110101000010001101011100100011001100010111001100000011001111000001010011010101101111110001000101011
runNumber 19
genCount 5289
elapsedTime 600.026
unaryHyperVol 74
binaryHyperVol 16.5079
additiveEps 0.851852
entropy -inf
archive 19
4
9 28  100 1100010110110100000111011000011010100000110111010001010110000000111010011110110101111110111100101011
6 29  100 0011010100010101001111011100011010100000110111011101010100000001001010011110110100110000000100101000
4 31  100 1100010110010001001111011110000100101110111111001101010110000000001010000110110100110000001000111010
3 33  100 1100010100100100010111111110110100101110111111001101010110000001001010011110110100110000001000110010
runNumber 20
genCount 5279
elapsedTime 599.975
unaryHyperVol 168
binaryHyperVol 333
additiveEps 333
entropy 0
archive 20
1
2 22  100 1100101000010001110110100011011010101010101001010001000011011000111010000110010100110110001010101000
runNumber 21
genCount 5345
elapsedTime 599.915
unaryHyperVol 177
binaryHyperVol 9.5119
additiveEps 0.75
entropy -inf
archive 21
5
6 20  100 1101101000010001111010100000011110101011010001100001000101011000000010100000111100011100000111101011
5 21  100 0001101000010001111010100000010110101010011001000001010110000000000010100000101110011101000111010011
4 23  100 1101101000010001011110101100101001101010010001010001110100001000010010100000111101011100001101011011
3 24  100 1101101000010001111101001111110010101010010001100001000100011000011010100000110100011100000111111011
2 27  100 0001101000010001111010100000011110101101010011000001000100011001011010100010110100000101000111010011
runNumber 22
genCount 5459
elapsedTime 600.075
unaryHyperVol 164
binaryHyperVol 12.5556
additiveEps 1
entropy inf
archive 22
2
4 22  100 1001101001010001110110100000110110101010011000111101010000011011011010010100111000111100011111001001
2 24  100 0001101001010001111110100000110110101010011001011000010001011010011010000110100000111100111111001001
runNumber 23
genCount 5338
elapsedTime 599.787
unaryHyperVol 214
binaryHyperVol 13
additiveEps 1
entropy inf
archive 23
2
4 18  100 1100101000010001111110010100001111001010011000011101010000001000011010011100010100011100000011111101
2 19  100 1000101000010001111110100000001110101010011001010101000000001000011010011110100100011100000111011100
runNumber 24
genCount 5360
elapsedTime 599.992
unaryHyperVol 156
binaryHyperVol 333
additiveEps 333
entropy 0
archive 24
1
2 23  100 0101101000010000010110000101011110100110011000011101011110000000001010011110110100100010010111001111
runNumber 25
genCount 5270
elapsedTime 599.966
unaryHyperVol 156
binaryHyperVol 333
additiveEps 333
entropy 0
archive 25
1
2 23  100 1100101000010001011100100100110000010110011101010101010001000000011010011010110100010011000011100011
runNumber 26
genCount 5378
elapsedTime 599.957
unaryHyperVol 162
binaryHyperVol 12.5556
additiveEps 1
entropy inf
archive 26
2
5 22  100 1001101000010001110111010000011110101011011000010001010001101010011010011101110101111101000100001010
2 24  100 1001101000010001001101010000011110101011011001100100010101111000011010011110110011110000111011111001
runNumber 27
genCount 5288
elapsedTime 599.966
unaryHyperVol 175
binaryHyperVol 10.4436
additiveEps 0.842105
entropy -inf
archive 27
3
9 20  100 1101101000010001001101011000000010101011011001011101010000001000110010010000010010011110001011111111
3 22  100 1101101001010001101110110000010001101011011001011101010110101000111010010000010110001111000111001001
2 25  100 1101101000010001001100100010000001101001001000011101011010101011001010001110110100111011101001011011
runNumber 28
genCount 5385
elapsedTime 599.963
unaryHyperVol 257
binaryHyperVol 11.375
additiveEps 0.9
entropy -inf
archive 28
3
6 14  100 1101101000110101001110100000110001101010011001011101010010000001000010011110110100111110111011100010
5 15  100 1101101000110101001110100000110001101010011001011101010010000001001010011110110100111110111011100010
2 16  100 1101101000010001001110100100110000101010011001011101010010000001001010011110110100111110111011100010
runNumber 29
genCount 5340
elapsedTime 600.013
unaryHyperVol 194
binaryHyperVol 10.3889
additiveEps 1
entropy inf
archive 29
2
4 19  100 1101101000010001111100000000001000010111011000010001010010000001010010101110010000111101001011101011
2 24  100 0011101000010001101110111000010100010110011000101111100010000000011010000110010000111101001011100111
