OptimalFront
unaryHyperVol 616
Optimal front is obtained by exact method
-------------------------
2
2 8
6 7
runNumber 0
genCount 5199
elapsedTime 599.967
unaryHyperVol 272
binaryHyperVol 19.7368
additiveEps 0.947368
entropy 0.509891
archive 0
2
6 24  100 0110111011110101000111011000100100001100101000110010010111111001010110100000100100100010101000001011
2 26  100 1110001111010010100001111000000101111110101100010010010101111010010110110000001100000110101000101011
runNumber 1
genCount 5117
elapsedTime 599.697
unaryHyperVol 231
binaryHyperVol 19.9388
additiveEps 0.904762
entropy 0.5994
archive 1
3
9 26  100 0000000100000100000111000011000101111100001000000010010111111001001010110000011100100110101000101000
4 27  100 0000000101010010001111010111010010011100111000000010010111111001001010110010011100100110101000101000
2 28  100 0000000101010010101111000011100001111100000101010010001111111001010110110100011100100110101000101000
runNumber 2
genCount 5327
elapsedTime 599.974
unaryHyperVol 272
binaryHyperVol 15.4348
additiveEps 0.782609
entropy 0.599401
archive 2
3
10 23  100 0000101001010000110111111101010100111111110100010010010111111001000110010010011111001000101000000011
3 26  100 0000101001010100110111110001100101110111000100000010110111111011000110111100011111100000101010001011
2 30  100 0000101001010010010011110001100101010110110100000010010011111001000110010010000110000000101000000011
runNumber 3
genCount 5281
elapsedTime 600.057
unaryHyperVol 186
binaryHyperVol 19.3194
additiveEps 0.875
entropy 0.472411
archive 3
4
8 28  100 0110000101110011010001110011000101001101001000100010000111001011010110101000011100101110101001001001
7 29  100 0110001101110011001111000011000110011101010100011110100111000011010000001000010000101110100000111100
5 30  100 0000110101010011000111010110100111110101000000000110100111101010100010100000110100101110100000100011
2 31  100 0110100101010011111001000110100111100111000101010110100111101010000010100011010001101110101011110111
runNumber 4
genCount 5264
elapsedTime 599.908
unaryHyperVol 328
binaryHyperVol 17.2222
additiveEps 0.777778
entropy 0.509891
archive 4
2
5 21  100 0001111001010000100011110011100100011111010100010010010111111010000110001100001100010001101000100111
2 25  100 0010100111010001010011111000100000111111110100010010010101111010000110101100010000011010101000000111
runNumber 5
genCount 5382
elapsedTime 599.932
unaryHyperVol 369
binaryHyperVol 13.0211
additiveEps 0.8
entropy 0.417715
archive 5
5
7 18  100 0000001001001011000111010000010110000011000100010010010100001001000110101000011100100010101000101011
6 21  100 0000100000110001100111110001010100100011010100000010110011011001000110101100011100100010101000101011
5 24  100 0010001001010000001111010111010001011000110100010010010100000011000110101100011100100010101000100111
3 25  100 0000001001001011000111011001100100110011000100010010110100101001000110101100001100100010101001000011
2 26  100 0000001000010010011111011101100110100011000100010010110100101011000110101100001100100010101000100011
runNumber 6
genCount 5277
elapsedTime 599.862
unaryHyperVol 357
binaryHyperVol 17.8594
additiveEps 0.8125
entropy 0.509891
archive 6
2
3 20  100 0000000001010011110111110100100100100011000100010010011100111010000000100001011110100000010100101011
2 23  100 0000000101010011110111110100100100101010000100010010011100111010000000100001011110000001101000101000
runNumber 7
genCount 5238
elapsedTime 600.045
unaryHyperVol 378
binaryHyperVol 20.2692
additiveEps 0.923077
entropy 0.509891
archive 7
2
4 19  100 0001001101010001000111001000100110001111100100010010010111111010000110000000011100100010101001101011
2 20  100 0000001000010011010111000011100100001111110000110010010111111010000110000000001100100001101000111011
runNumber 8
genCount 5191
elapsedTime 599.945
unaryHyperVol 319
binaryHyperVol 10.7672
additiveEps 0.5
entropy 0.5994
archive 8
3
4 21  100 0000001001010010101111110100010101101101111000000010011011111010010110101000011100110001101000011011
3 27  100 0000010101010100111100110101100101101111110001010010011111111010011110000000010100101110101000111011
2 36  100 0000101000010010111100010111100101001110110101000010001110001010011010001000010111110000101000101001
runNumber 9
genCount 5304
elapsedTime 599.976
unaryHyperVol 251
binaryHyperVol 17.2717
additiveEps 0.782609
entropy 0.5994
archive 9
3
4 25  100 0110000101100111110111000000001011101100111011010010011001111010100000100000011111011001101000001000
3 29  100 1110001101111011110011100000001001101110111011010010011001111010100000100000001111110101101011101000
2 30  100 0110010001010011110111000001101011101100111011010010011101111010100000100000001111011100101010101100
runNumber 10
genCount 5285
elapsedTime 599.976
unaryHyperVol 381
binaryHyperVol 13.6528
additiveEps 0.75
entropy 0.5994
archive 10
3
5 18  100 0110000001110000001111110011010000101111110100011110010111111010000110101011011101101110101000101011
4 23  100 0110000101110000001011110011101101101111110100011110010111111010100110101011011101101110101000100100
2 25  100 0110000101010010001101010011101101101111110110101110010111111010010110101111011101101110101000101011
runNumber 11
genCount 5418
elapsedTime 600.005
unaryHyperVol 341
binaryHyperVol 11.3646
additiveEps 0.75
entropy 0.478871
archive 11
4
6 19  100 0010001010010011000111110000000100100111110100010110011011000000000110110000010000100010000000001010
5 23  100 0000001000010011000111110000000100000111110100010110011011000000000110101000110111100011100000001111
4 30  100 1010001011100111000111110000100101111100000000000110010100000000000110100011010111011101101001000110
2 31  100 0000001000010011000111110000101101111100000000000110010100000000000110101000110011111001101000001111
runNumber 12
genCount 5241
elapsedTime 599.705
unaryHyperVol 274
binaryHyperVol 16.2826
additiveEps 0.73913
entropy 0.509891
archive 12
2
3 24  100 0000001001010011110111001100001010101111110100010010110101111010110110010001010110010010010111001011
2 30  100 0110001101010001100111000100000110111111110110010010110100101011100110011000110011010101101001001011
runNumber 13
genCount 5246
elapsedTime 599.926
unaryHyperVol 235
binaryHyperVol 18.1848
additiveEps 0.826087
entropy 0.5994
archive 13
3
4 26  100 0000101011100100110111101110100111111101111000100010010111001010110110100000011001100010000011110011
3 27  100 0000001010100100100111101110100111111111111100011010010101001010110010001000011111101010101000110011
2 30  100 0000100010010000000000011100100101101011110100010010011111001010110000011000011111100010101000110010
runNumber 14
genCount 5284
elapsedTime 599.999
unaryHyperVol 380
binaryHyperVol 21.9167
additiveEps 1
entropy 0
archive 14
1
2 19  100 0110001001010001001111000000100100101100110100010010100111000010100110110000011100100010101000011000
runNumber 15
genCount 5166
elapsedTime 599.934
unaryHyperVol 265
binaryHyperVol 17.8968
additiveEps 0.809524
entropy 0.478871
archive 15
4
8 24  100 0000100100110000000111010000100100001100110100011010110111101001010110100000011100100010101000011000
6 25  100 0000110101100101000111000000100100000000110100011010010110000001010110100000011100100011101000010010
3 27  100 0010011100111001101111110010100100110001110100011010010111101001000110100000001101100011101010011000
2 28  100 0010011100010011111110010000000100001100110100011010010111101001000110100001001101100011101010001000
runNumber 16
genCount 5447
elapsedTime 599.977
unaryHyperVol 289
binaryHyperVol 15.3804
additiveEps 0.695652
entropy 0.5994
archive 16
3
4 23  100 0110010010010000010011110000010110111111111000000010010100111001000110100010011100001110101010101011
3 27  100 0110000101010001110111011000101011011100111010010010011111101001000110100001011111101110011000100101
2 30  100 0110010111010000010010011000101011100001110111010010010101111001000110100001001110101110101001101111
runNumber 17
genCount 5492
elapsedTime 600.003
unaryHyperVol 424
binaryHyperVol 15.4615
additiveEps 0.923077
entropy 0.509891
archive 17
2
6 16  100 0110111001101011100111100100100110101110110100010010010101111000000110100000011100000010101000100111
2 20  100 0110001001010011000111100100100110101110110100010010010101111010000110100010001100000011101001100111
runNumber 18
genCount 5380
elapsedTime 600.006
unaryHyperVol 238
binaryHyperVol 16.5625
additiveEps 0.75
entropy 0.5994
archive 18
3
14 25  100 0000001001010001101111110000100100101111110100010010110111010101100010100010010101101111101001000101
4 26  100 0000001001010001101111110000100100001111110100010010010110110100101110101111001000111111101001000111
2 31  100 0000001001010001101010110000000100101111110111010010110011000001101010110100001001111111101011010010
runNumber 19
genCount 5153
elapsedTime 599.94
unaryHyperVol 337
binaryHyperVol 18.1029
additiveEps 0.823529
entropy 0.509891
archive 19
2
3 21  100 0110000100101000000111000011100100100111000100010010011011011010000010100000001100000001101000101011
2 24  100 0110000101010011000111110000000111100100000100010010011011001011001010100001001100000001101001101111
runNumber 20
genCount 5219
elapsedTime 600.029
unaryHyperVol 380
binaryHyperVol 21.9167
additiveEps 1
entropy 0
archive 20
1
2 19  100 0000001011010000001111110000000100011111110100011010010111001010010110010000011100100010101000101111
runNumber 21
genCount 5370
elapsedTime 599.874
unaryHyperVol 293
binaryHyperVol 16.0341
additiveEps 0.727273
entropy 0.5994
archive 21
3
4 23  100 0110011101110011011101110000101000011111000110010010110100101010000110100000001100100010101000011000
3 24  100 1110001111101011110101110000101000011111000110010010110100101010000110100000000000111010101000111011
2 29  100 0110111101010010011110110000000100000001011101010110010100101010000110100000101000111010101001100111
runNumber 22
genCount 5351
elapsedTime 600.005
unaryHyperVol 400
binaryHyperVol 21.9091
additiveEps 1
entropy 0
archive 22
1
2 18  100 0110011010010001100111110000001000111111110100010010010111101010110110101000010010100010101000101011
runNumber 23
genCount 5328
elapsedTime 600.003
unaryHyperVol 314
binaryHyperVol 20.6458
additiveEps 0.9375
entropy 0.509891
archive 23
2
8 22  100 0000001011010011010110111100000100111011100100010010010111111001010110010001010000010010100000001011
2 23  100 0000001011010011010110111100100100111011110100010010010111111001010110010001010000110010101000100101
runNumber 24
genCount 5305
elapsedTime 599.998
unaryHyperVol 284
binaryHyperVol 13.8981
additiveEps 0.666667
entropy 0.54796
archive 24
4
11 22  100 0110110001010011001111110000100100011111010100010010000110111011001110100000011101100010100011000001
6 24  100 0000111001010101000111010000000100011111110100010010010110111010000110111100010010110011100011000101
4 26  100 0010001000010000111111010000000100011111110100010010011101111011011110100100111101100010100011110010
2 31  100 1010010000010010001111011101100110011111110100010010000110111010000110101100010000011011101011000001
runNumber 25
genCount 5286
elapsedTime 599.901
unaryHyperVol 232
binaryHyperVol 18.2174
additiveEps 0.826087
entropy 0.509891
archive 25
2
4 26  100 0110000001010000011111011011010101111100010000000110010101111010000110100000011101100000101010101010
2 30  100 0110000001010000011111011010100100111100010000001010000111111001000000000100010110010010101000111011
runNumber 26
genCount 5534
elapsedTime 599.982
unaryHyperVol 318
binaryHyperVol 20.5938
additiveEps 0.9375
entropy 0.509891
archive 26
2
4 22  100 0110001001110011100111000100101100001100110110010110011100111000000110100001011100101001010101101011
2 23  100 0110001001010011100111000100101100001100110110010110001100111000000110110001011100101000101000101011
runNumber 27
genCount 5306
elapsedTime 599.974
unaryHyperVol 360
binaryHyperVol 21.9231
additiveEps 1
entropy 0
archive 27
1
2 20  100 0110111010010011100111100011100100100111111000011110100111111010000110100000001100101010101000011111
runNumber 28
genCount 5368
elapsedTime 599.942
unaryHyperVol 151
binaryHyperVol 14.9758
additiveEps 0.709677
entropy 0.472411
archive 28
4
22 28  100 0110111101010000001111010101010100111100000000010010000101111011000010010100011100000010101000110011
13 29  100 0000111001010100001111000111010100111100100001010010000101111010110010010100011100000010101000110011
3 31  100 0000000100100100010101010111101101111101001001010010010110111010000010100110011100100110101000110010
2 38  100 0110111101010001110011111110101011111101101001101010101010011001101110100000110001100001101000110110
runNumber 29
genCount 5313
elapsedTime 600.033
unaryHyperVol 292
binaryHyperVol 14
additiveEps 0.791667
entropy 0.472411
archive 29
4
6 22  100 0110011011110011010011110000100001011101111000010010010111111010000110000000010011100001101011101011
5 27  100 0110011001110111011001000100101001010111000100010010010001111010000110100000010111111011101011101011
3 29  100 0000101001100100110101110000100000011000011010110010010111111010000010110000010011101101101011011010
2 31  100 0010111010010011010011110000000111000100011100010110011011111001001010110100111001101010101011001011
