OptimalFront
unaryHyperVol 199
4
7 13  100 0110101001010001000000111110100001010101000100001010011001000011010000111010100100010101110100111011
6 14  100 0110101001010001000000111110100001010101000100001010011001000011110000111010100100010101110100111011
4 15  100 0110101001010001000000111110100001010101000100001010011001000011011010111010100100010101010100111011
3 17  100 0110101001010001001000111110100001010101000100001010011010101011011010111010100100010101010100111011
-------------------------
runNumber 0
genCount 11099
elapsedTime 599.206
unaryHyperVol 177
binaryHyperVol 5.41667
additiveEps 0.5
entropy 0.434218
archive 0
4
7 16  100 1010101010101001000000111110100001010101000100001010011010101011010000110100000100010101111000111011
5 17  100 1010101010101001000000111110100001010101000100001010011010101011011010110100000100010101111000111011
4 18  100 1010101010101001000000111110100001010101000100001010011010101011011010110000000100010101001000111011
3 19  100 1010101010101001001000111110100001010101000100001010011010101011011010110000000100010101001000111011
runNumber 1
genCount 10983
elapsedTime 600.017
unaryHyperVol 192
binaryHyperVol 2.6875
additiveEps 0.25
entropy 0.461483
archive 1
4
7 14  100 0110101001010001000000111110100001010101000100001010011010101011010000111010100100010101110100111011
6 15  100 0110101001010001000000111110100000010101000100001010011010101011010000111010100100010101110100111011
4 16  100 0110101001010001000000111110100001010101000100001010011010101011011010111010100100010101010100111011
3 17  100 0110101001010001001000111110100001010101000100001010011010101011011010111010100100010101010100111011
runNumber 2
genCount 11578
elapsedTime 599.976
unaryHyperVol 147
binaryHyperVol 21.75
additiveEps 0.5
entropy 0.427067
archive 2
3
7 14  100 1010101010101001000000111110100001010101000100001010011010101011010000111010010100010101110100111011
6 15  100 1010101010101001000000111110100001010101000100001010011010101011011010111010010100010101110100111011
5 16  100 1010101010101001000000111110100001010101000100001010011010101011011010111010010100010101010100111011
runNumber 3
genCount 11784
elapsedTime 599.998
unaryHyperVol 143
binaryHyperVol 24.25
additiveEps 0.5
entropy 0.475082
archive 3
2
6 15  100 1010101010100101000000111110101001010101000100001010011010101011011010111010100100010101110100111011
5 16  100 1010101010100101000000111110101001010101000100001010011010101011011010111010100100010101010100111011
runNumber 4
genCount 11017
elapsedTime 599.985
unaryHyperVol 192
binaryHyperVol 2.6875
additiveEps 0.25
entropy 0.461483
archive 4
4
7 14  100 0110101001010001000000111110100001010101000100001010011010101011010000111010100100010101110100111011
6 15  100 0110101001010001000000111110100001010101000100001010011010101011011010111010100100010101110100111011
4 16  100 0110101001010001000000111110100001010101000100001010011010101011011010111010100100010101010100111011
3 17  100 0110101001010001001000111110100001010101000100001010011010101011011010111010100100010101010100111011
runNumber 5
genCount 11618
elapsedTime 600.002
unaryHyperVol 143
binaryHyperVol 24.25
additiveEps 0.5
entropy 0.475082
archive 5
2
6 15  100 1010101010100101000000111110101001010101000100001010011010101011011010111010100100010101110100111011
5 16  100 1010101010100101000000111110101001010101000100001010011010101011011010111010100100010101010100111011
runNumber 6
genCount 11186
elapsedTime 599.943
unaryHyperVol 147
binaryHyperVol 21.75
additiveEps 0.5
entropy 0.427067
archive 6
3
7 14  100 1010101010101001000000111110100001010101000100001010011010101011010000111010010100010101110100111011
6 15  100 1010101010101001000000111110100001010101000100001010011010101011011010111010010100010101110100111011
5 16  100 1010101010101001000000111110100001010101000100001010011010101011011010111010010100010101010100111011
runNumber 7
genCount 11604
elapsedTime 599.966
unaryHyperVol 184
binaryHyperVol 3.625
additiveEps 0.333333
entropy 0.44453
archive 7
4
6 15  100 1010101010100101000000111110101001010101000100001010011010101011011010111010100100010101110100111011
5 16  100 1010101010100101000000111110101001010101000100001010011010101011011010111010100100010101010100111011
4 18  100 0000101010100100000000111110100001010101000100001010011010101011011010111010100100010101010100111011
3 19  100 0000101010100100001000111110100001010101000100001010011010101011011010111010100100010101010100111011
runNumber 8
genCount 11468
elapsedTime 599.957
unaryHyperVol 177
binaryHyperVol 5.41667
additiveEps 0.5
entropy 0.434218
archive 8
4
7 16  100 1010101010101001000000111110100001010101000100001010011010101011010000110100000100010101111000111011
5 17  100 1010101010101001000000111110100001010101000100001010011010101011011010110100000100010101111000111011
4 18  100 1010101010101001000000111110100001010101000100001010011010101011011010110000000100010101001000111011
3 19  100 1010101010101001001000111110100001010101000100001010011010101011011010110000000100010101001000111011
runNumber 9
genCount 11563
elapsedTime 599.998
unaryHyperVol 192
binaryHyperVol 2.6875
additiveEps 0.25
entropy 0.461483
archive 9
4
7 14  100 0110101001010001000000111110100001010101000100001010011010101011010000111010100100010101110100111011
6 15  100 0110101001010001000000111110100001010101000100001010011010101011011010111010100100010101110100111011
4 16  100 0110101001010001000000111110100001010101000100001010011010101011011010111010100100010101010100111011
3 17  100 0110101001010001001000111110100001010101000100001010011010101011011010111010100100010101010100111011
runNumber 10
genCount 11138
elapsedTime 599.987
unaryHyperVol 184
binaryHyperVol 3.625
additiveEps 0.333333
entropy 0.44453
archive 10
4
6 15  100 1010101010100101000000111110101001010101000100001010011010101011011010111010100100010101110100111011
5 16  100 1010101010100101000000111110101001010101000100001010011010101011011010111010100100010101010100111011
4 18  100 0000101010100100000000111110100001010101000100001010011010101011011010111010100100010101010100111011
3 19  100 0000101010100100001000111110100001010101000100001010011010101011011010111010100100010101010100111011
runNumber 11
genCount 11026
elapsedTime 599.978
unaryHyperVol 144
binaryHyperVol 21.125
additiveEps 0.5
entropy 0.427067
archive 11
3
7 14  100 1010101011010001000000111110100001010101000100001010011010101011010000111010100100010001110100111001
6 15  100 1010101011010001000000111110100001010101000100001010011010101011011010111010100100010001110100111001
5 19  100 1010101011010001001000001110100001100000000100001010011010101011011010111010100100010101111000111011
runNumber 12
genCount 11093
elapsedTime 599.939
unaryHyperVol 192
binaryHyperVol 2.6875
additiveEps 0.25
entropy 0.461483
archive 12
4
7 14  100 0110101001010001000000111110100001010101000100001010011010101011010000111010100100010101110100111011
6 15  100 0110101001010001000000111110100001010101000100001010011010101011011010111010100100010101110100111011
4 16  100 0110101001010001000000111110100001010101000100001010011010101011011010111010100100010101010100111011
3 17  100 0110101001010001001000111110100001010101000100001010011010101011011010111010100100010101010100111011
runNumber 13
genCount 11404
elapsedTime 600.003
unaryHyperVol 177
binaryHyperVol 5.41667
additiveEps 0.5
entropy 0.434218
archive 13
4
7 16  100 1010101010101001000000111110100001010101000100001010011010101011010000110100000100010101111000111011
5 17  100 1010101010101001000000111110100001010101000100001010011010101011011010110100000100010101111000111011
4 18  100 1010101010101001000000111110100001010101000100001010011010101011011010110000000100010101001000111011
3 19  100 1010101010101001001000111110100001010101000100001010011010101011011010110000000100010101001000111011
runNumber 14
genCount 11410
elapsedTime 599.947
unaryHyperVol 143
binaryHyperVol 24.25
additiveEps 0.5
entropy 0.475082
archive 14
2
6 15  100 1010101010100101000000111110101001010101000100001010011010101011011010111010100100010101110100111011
5 16  100 1010101010100101000000111110101001010101000100001010011010101011011010111010100100010101010100111011
runNumber 15
genCount 10994
elapsedTime 599.957
unaryHyperVol 179
binaryHyperVol 5.33333
additiveEps 0.5
entropy 0.427067
archive 15
3
6 16  100 1010101000010001000000110101010101010101000100001010011010101011011010111010100100010101110100111011
4 17  100 1010101000010001000000110101010101010101000100001010011010101011011010111010100100010101010100111011
3 19  100 0000101010100100001000111110100001010101000100001010011010101011011010111010100100010101010100111011
runNumber 16
genCount 11124
elapsedTime 600.013
unaryHyperVol 184
binaryHyperVol 3.625
additiveEps 0.333333
entropy 0.44453
archive 16
4
6 15  100 1010101010100101000000111110101001010101000100001010011010101011011010111010100100010101110100111011
5 16  100 1010101010100101000000111110101001010101000100001010011010101011011010111010100100010101010100111011
4 18  100 0000101010100100000000111110100001010101000100001010011010101011011010111010100100010101010100111011
3 19  100 0000101010100100001000111110100001010101000100001010011010101011011010111010100100010101010100111011
runNumber 17
genCount 11397
elapsedTime 599.983
unaryHyperVol 177
binaryHyperVol 5.41667
additiveEps 0.5
entropy 0.434218
archive 17
4
7 16  100 1010101010101001000000111110100001010101000100001010011010101011010000110100000100010101111000111011
5 17  100 1010101010101001000000111110100001010101000100001010011010101011011010110100000100010101111000111011
4 18  100 1010101010101001000000111110100001010101000100001010011010101011011010110000000100010101001000111011
3 19  100 1010101010101001001000111110100001010101000100001010011010101011011010110000000100010101001000111011
runNumber 18
genCount 11209
elapsedTime 599.95
unaryHyperVol 147
binaryHyperVol 21.75
additiveEps 0.5
entropy 0.427067
archive 18
3
7 14  100 1010101010101001000000111110100001010101000100001010011010101011010000111010010100010101110100111011
6 15  100 1010101010101001000000111110100001010101000100001010011010101011011010111010010100010101110100111011
5 16  100 1010101010101001000000111110100001010101000100001010011010101011011010111010010100010101010100111011
runNumber 19
genCount 10831
elapsedTime 599.964
unaryHyperVol 192
binaryHyperVol 2.6875
additiveEps 0.25
entropy 0.461483
archive 19
4
7 14  100 0110101001010001000000111110100001010101000100001010011010101011010000111010100100010101110100111011
6 15  100 0110101001010001000000111110100001010101000100001010011010101011011010111010100100010101110100111011
4 16  100 0110101001010001000000111110100001010101000100001010011010101011011010111010100100010101010100111011
3 17  100 0110101001010001001000111110100001010101000100001010011010101011011010111010100100010101010100111011
runNumber 20
genCount 11510
elapsedTime 599.995
unaryHyperVol 177
binaryHyperVol 5.41667
additiveEps 0.5
entropy 0.434218
archive 20
4
7 16  100 1010101010101001000000111110100001010101000100001010011010101011010000110100000100010101111000111011
5 17  100 1010101010101001000000111110100001010101000100001010011010101011011010110100000100010101111000111011
4 18  100 1010101010101001000000111110100001010101000100001010011010101011011010110000000100010101001000111011
3 19  100 1010101010101001001000111110100001010101000100001010011010101011011010110000000100010101001000111011
runNumber 21
genCount 11277
elapsedTime 599.975
unaryHyperVol 176
binaryHyperVol 5.45833
additiveEps 0.5
entropy 0.469946
archive 21
4
7 16  100 0000101010100100000000111110100001010101000100001010011010101011010000111010100100010101110100111011
6 17  100 0000101010100100000000111110100001010101000100001010011010101011011010111010100100010101110100111011
4 18  100 0000101010100100000000111110100001010101000100001010011010101011011010111010100100010101010100111011
3 19  100 0000101010100100001000111110100001010101000100001010011010101011011010111010100100010101010100111011
runNumber 22
genCount 11042
elapsedTime 599.948
unaryHyperVol 192
binaryHyperVol 2.6875
additiveEps 0.25
entropy 0.461483
archive 22
4
7 14  100 0110101001010001000000111110100001010101000100001010011010101011010000111010100100010101110100111011
6 15  100 0110101001010001000000111110100001010101000100001010011010101011011010111010100100010101110100111011
4 16  100 0110101001010001000000111110100001010101000100001010011010101011011010111010100100010101010100111011
3 17  100 0110101001010001001000111110100001010101000100001010011010101011011010111010100100010101010100111011
runNumber 23
genCount 11361
elapsedTime 600.049
unaryHyperVol 184
binaryHyperVol 3.625
additiveEps 0.333333
entropy 0.44453
archive 23
4
6 15  100 1010101010100101000000111110101001010101000100001010011010101011011010111010100100010101110100111011
5 16  100 1010101010100101000000111110101001010101000100001010011010101011011010111010100100010101010100111011
4 18  100 0000101010100100000000111110100001010101000100001010011010101011011010111010100100010101010100111011
3 19  100 0000101010100100001000111110100001010101000100001010011010101011011010111010100100010101010100111011
runNumber 24
genCount 11547
elapsedTime 599.964
unaryHyperVol 184
binaryHyperVol 3.625
additiveEps 0.333333
entropy 0.44453
archive 24
4
6 15  100 1010101010100101000000111110101001010101000100001010011010101011011010111010100100010101110100111011
5 16  100 1010101010100101000000111110101001010101000100001010011010101011011010111010100100010101010100111011
4 18  100 0000101010100100000000111110100001010101000100001010011010101011011010111010100100010101010100111011
3 19  100 0000101010100100001000111110100001010101000100001010011010101011011010111010100100010101010100111011
runNumber 25
genCount 11380
elapsedTime 599.952
unaryHyperVol 186
binaryHyperVol 3.54167
additiveEps 0.333333
entropy 0.427067
archive 25
3
5 15  100 1010101010100101000000111110101001010101000100001010011001000011011010111010100100010101111000111011
4 17  100 0000101010100100000000111110100001010101000100001010011001000011011010111010100100010101111000111011
3 19  100 0000101010100100001000111110100001010101000100001010011010101011011010111010100100010101111000111011
runNumber 26
genCount 10749
elapsedTime 600.041
unaryHyperVol 192
binaryHyperVol 2.6875
additiveEps 0.25
entropy 0.461483
archive 26
4
7 14  100 0110101001010001000000111110100001010101000100001010011010101011010000111010100100010101110100111011
6 15  100 0110101001010001000000111110100001010101000100001010011010101011011010111010100100010101110100111011
4 16  100 0110101001010001000000111110100001010101000100001010011010101011011010111010100100010101010100111011
3 17  100 0110101001010001001000111110100001010101000100001010011010101011011010111010100100010101010100111011
runNumber 27
genCount 10966
elapsedTime 599.985
unaryHyperVol 192
binaryHyperVol 2.6875
additiveEps 0.25
entropy 0.461483
archive 27
4
7 14  100 0110101001010001000000111110100001010101000100001010011010101011010000111010100100010101110100111011
6 15  100 0110101001010001000000111110100001010101000100001010011010101011011010111010100100010101110100111011
4 16  100 0110101001010001000000111110100001010101000100001010011010101011011010111010100100010101010100111011
3 17  100 0110101001010001001000111110100001010101000100001010011010101011011010111010100100010101010100111011
runNumber 28
genCount 11646
elapsedTime 599.933
unaryHyperVol 143
binaryHyperVol 24.25
additiveEps 0.5
entropy 0.475082
archive 28
2
6 15  100 1010101010100101000000111110101001010101000100001010011010101011011010111010100100010101110100111011
5 16  100 1010101010100101000000111110101001010101000100001010011010101011011010111010100100010101010100111011
runNumber 29
genCount 11178
elapsedTime 599.998
unaryHyperVol 169
binaryHyperVol 7.25
additiveEps 0.666667
entropy 0.427067
archive 29
3
7 17  100 0000101010100100001000111110100001100101000100001010011010101011010000111010100100010101110100111011
6 18  100 0000101010100100001000111110100001100101000100001010011010101011011010111010100100010101110100111011
3 19  100 0000101010100100001000111110100001100101000100001010011010101011011010111010100100010101010100111011
