OptimalFront
unaryHyperVol 133
5
7 13  100 0110001000010101010110000010000000110101000101011010010100100011010000010010100001010100101111111010
6 14  100 0110001001010101010110000010000000110101000101011010010100100011010000010010100001010100101111111010
5 15  100 0110001001010101010110000010000000010101000101011010010100100011010000010010100001010100101111111010
4 16  100 0110001001010101010000000010000000110101000101011010010100100011110000110010100010100001100111110101
3 18  100 0000010100100100010001000010001100110101000101011010010100100011011010110000010010101000000011111010
-------------------------
runNumber 0
genCount 11230
elapsedTime 599.203
unaryHyperVol 83
binaryHyperVol 23.1
additiveEps 0.6
entropy 0.451256
archive 0
2
6 16  100 0000001000100100010110000010001100110101000101011010010100100001010000010010000011010000100100111010
5 17  100 0000001000100100010110000010001100010101000101011010010100100001010000010010000011010000100100111010
runNumber 1
genCount 11155
elapsedTime 599.933
unaryHyperVol 122
binaryHyperVol 5.05
additiveEps 0.6
entropy 0.427067
archive 1
3
6 16  100 0000010100100100010001000010001100110101000101011010010100100011010000110000010010101000000011111010
4 17  100 0000010100100100010001000010001100110101000101011010010100100011110000110000010010101000000011111010
3 18  100 0000010100100100010001000010001100110101000101011010010100100011011010110000010010101000000011111010
runNumber 2
genCount 10682
elapsedTime 599.968
unaryHyperVol 99
binaryHyperVol 13.4167
additiveEps 0.5
entropy 0.406825
archive 2
4
7 16  100 0110010100010001010001000010001100110101000101011010010100010111010000110100010010101000101111111010
6 17  100 0110010101010001010000000010001100110101000101011010010100010111010000110100010010101000101111111010
5 18  100 0110010101010001010001000010001100010101000101011010010100010111010000110100010010101000101111111010
4 19  100 0110010101010001010000000010001100110101000101011010010100010111011010110100010010101000101111111010
runNumber 3
genCount 10974
elapsedTime 599.919
unaryHyperVol 95
binaryHyperVol 17.45
additiveEps 1
entropy 0
archive 3
1
4 18  100 0000001000100100010001010010001100110000000101011010010100100011110000110000010010101000000011111010
runNumber 4
genCount 10913
elapsedTime 599.248
unaryHyperVol 107
binaryHyperVol 12.35
additiveEps 0.4
entropy 0.405277
archive 4
3
6 15  100 0000010100100100010001000010001100110101000101011010010100100001010000110010000010101000101111111010
5 16  100 0000010100100100010000000010001100010101000101011010010100100001010000110010000010101000101111111010
4 17  100 0000010100100100010001000010001100110101000101011010010100100001011010110010000010101000101111111010
runNumber 5
genCount 11141
elapsedTime 602.243
unaryHyperVol 87
binaryHyperVol 21.4
additiveEps 0.5
entropy 0.451256
archive 5
2
6 15  100 0000001000100100010110000010001100110101000101011010010100100011010000010000010001010100000011111010
5 16  100 0000001000100100010110000010001100010101000101011010010100100011010000010000010001010100000011111010
runNumber 6
genCount 11619
elapsedTime 599.728
unaryHyperVol 99
binaryHyperVol 15.75
additiveEps 0.8
entropy 0.451256
archive 6
2
5 17  100 0000001000100100010001010010001100010000000101011010010100100001010000110010000010101000101111111010
4 18  100 0000001000100100010001010010001100110000000101011010010100100001011010110010000010101000101111111010
runNumber 7
genCount 10770
elapsedTime 599.375
unaryHyperVol 67
binaryHyperVol 25.625
additiveEps 0.875
entropy 0.451256
archive 7
2
6 20  100 1010001000010001010000000101011100110101000101011010010100010111010000110100010011010100100100111010
5 21  100 1010001000010001010000000101011100010101000101011010010100010111010000110100010011010100100100111010
runNumber 8
genCount 11356
elapsedTime 600.246
unaryHyperVol 98
binaryHyperVol 15.8
additiveEps 0.8
entropy 0.451256
archive 8
2
6 17  100 0110001001010111010001010010001100110000000101011010010100100011110000110010100010101000101111111010
4 18  100 0110001001010111000001010010001100110000000101011010010100100011110000110010100010101000101111111010
runNumber 9
genCount 10818
elapsedTime 599.72
unaryHyperVol 71
binaryHyperVol 25.4286
additiveEps 0.857143
entropy 0.451256
archive 9
2
6 19  100 1010001000101001010000000010001100110101000000011010010100010110010000110000000010100011000011111010
5 20  100 1010001000101001010000000010001100010101000000011010010100010110010000110000000010100011000011111010
runNumber 10
genCount 10931
elapsedTime 602.73
unaryHyperVol 102
binaryHyperVol 14.1
additiveEps 0.6
entropy 0.405277
archive 10
3
6 16  100 0110001000100101010001110010000000110101000101011010010100010111010000110000010010101000000011111010
5 17  100 0110001000100101010001110010000000010101000101011010010100010111010000110000010010101000000011111010
4 18  100 0110001000100101010001110010000000110101000101011010010100010111011010110000010010101000000011111010
runNumber 11
genCount 11381
elapsedTime 600.815
unaryHyperVol 93
binaryHyperVol 16.1667
additiveEps 0.833333
entropy 0.451256
archive 11
2
6 18  100 1010001000100111010001010010001100110000000101011010010100100001011010110010000010101000101111111010
4 19  100 1010001000100111000001010010001100110000000101011010010100100001011010110010000010101000101111111010
runNumber 12
genCount 11080
elapsedTime 602.941
unaryHyperVol 101
binaryHyperVol 13.3333
additiveEps 0.5
entropy 0.405277
archive 12
3
6 16  100 0000001000100101010000000010000000110101000101011010010100010111010000110000010010100011000011111010
5 17  100 0000001000100101010000000010000000010101000101011010010100010111010000110000010010100011000011111010
4 19  100 0000001000100101010000000010000000110101000101011010010100010111011010110100010010100011000011111010
runNumber 13
genCount 11155
elapsedTime 603.154
unaryHyperVol 72
binaryHyperVol 26.5417
additiveEps 1
entropy 0
archive 13
1
5 19  100 0000001000100101010000000010000000110101000101011010010100010111000101110010001100100011101111111010
runNumber 14
genCount 11301
elapsedTime 600.811
unaryHyperVol 102
binaryHyperVol 14.1
additiveEps 0.6
entropy 0.405277
archive 14
3
6 16  100 0110001000100101010001110010000000110101000101011010010100010111010000110000010010101000000011111010
5 17  100 0110001000100101010001110010000000010101000101011010010100010111010000110000010010101000000011111010
4 18  100 0110001000100101010001110010000000110101000101011010010100010111011010110000010010101000000011111010
runNumber 15
genCount 10868
elapsedTime 599.807
unaryHyperVol 101
binaryHyperVol 13.3333
additiveEps 0.5
entropy 0.405277
archive 15
3
6 16  100 0000001000100100010000000010001100110101000101011010010100010111010000110000010010100011000011111010
5 17  100 0000001000100100010000000010001100010101000101011010010100010111010000110000010010100011000011111010
4 19  100 0000001000100100010000000010001100110101000101011010010100010111011010110100010010100011000011111010
runNumber 16
genCount 11358
elapsedTime 599.33
unaryHyperVol 87
binaryHyperVol 21.4
additiveEps 0.5
entropy 0.451256
archive 16
2
6 15  100 0000001000010100010110000101011100110101000101011010010100100011010000010010100001010100101111111010
5 16  100 0000001000010100010110000101011100010101000101011010010100100011010000010010100001010100101111111010
runNumber 17
genCount 10734
elapsedTime 604.189
unaryHyperVol 122
binaryHyperVol 5.05
additiveEps 0.6
entropy 0.427067
archive 17
3
6 16  100 0000010100100100010001000010001100110101000101011010010100100011010000110000010010101000000011111010
4 17  100 0000010100100100010001000010001100110101000101011010010100100011110000110000010010101000000011111010
3 18  100 0000010100100100010001000010001100110101000101011010010100100011011010110000010010101000000011111010
runNumber 18
genCount 11243
elapsedTime 599.733
unaryHyperVol 103
binaryHyperVol 14.05
additiveEps 0.6
entropy 0.451256
archive 18
2
5 16  100 0000010100010100010001000010001100110011000101011010010100100011110000110010100010101000101111111010
4 18  100 0000010111010100010001010010001100110000000101011010010100100011110000110010100010101000101111111010
runNumber 19
genCount 11502
elapsedTime 599.412
unaryHyperVol 92
binaryHyperVol 15.2143
additiveEps 0.714286
entropy 0.405277
archive 19
3
6 18  100 0110001000010001010001110101011100110101000101011010010100100001010000110010000010101000101111111010
5 19  100 0110001000010001010001110101011100010101000101011010010100100001010000110010000010101000101111111010
4 20  100 0110001000010001010001110101011100110101000101011010010100100001011010110010000010101000101111111010
runNumber 20
genCount 10240
elapsedTime 599.932
unaryHyperVol 81
binaryHyperVol 23.2
additiveEps 0.6
entropy 0.405277
archive 20
3
7 16  100 0110001000010001010110000010001100110101000101011010010100100011010000010000010001010000000011111010
6 17  100 0110001001010001010110000010001100110101000101011010010100100011010000010000010001010000000011111010
5 18  100 0110001001010001010110000010001100010101000101011010010100100011010000010000010001010000000011111010
runNumber 21
genCount 11258
elapsedTime 599.972
unaryHyperVol 78
binaryHyperVol 23.7917
additiveEps 0.666667
entropy 0.451256
archive 21
2
6 17  100 0000001000010100010101010101011100110101010101011010010100100011010000110010100001010100101111111010
5 19  100 0000001000010100010101010101011100010000000101011010010100100011010000110010100001010100101111111010
runNumber 22
genCount 11009
elapsedTime 599.971
unaryHyperVol 101
binaryHyperVol 13.3333
additiveEps 0.5
entropy 0.405277
archive 22
3
6 16  100 1010010100100101010000000010000000110101000101011010010100010111010000110010000110101000101101110000
5 17  100 1010010100100101010001000010000000010101000101011010010100010111010000110010000110101000101101110000
4 19  100 1010010100100101010001000010000000110101000101011010010100010111011010110010000110101000100100111010
runNumber 23
genCount 10730
elapsedTime 599.62
unaryHyperVol 110
binaryHyperVol 10.7
additiveEps 0.25
entropy 0.427067
archive 23
3
7 14  100 0110001000010101010000000010000000110101000101011010010100100011010000110010100010100001100111110101
6 15  100 0110001001010101010000000010000000110101000101011010010100100011010000110010100010100001100111110101
4 16  100 0110001001010101010000000010000000110101000101011010010100100011110000110010100010100001100111110101
runNumber 24
genCount 11057
elapsedTime 599.878
unaryHyperVol 107
binaryHyperVol 12.35
additiveEps 0.4
entropy 0.405277
archive 24
3
6 15  100 0110001000100101010001110010000000110101000101011010010100100001010000110010000010101000101111111010
5 16  100 0110001000100101010001110010000000010101000101011010010100100001010000110010000010101000101111111010
4 17  100 0110001000100101010001110010000000110101000101011010010100100001011010110010000010101000101111111010
runNumber 25
genCount 11074
elapsedTime 599.995
unaryHyperVol 71
binaryHyperVol 25.4286
additiveEps 0.857143
entropy 0.451256
archive 25
2
6 19  100 1010001000101001011101011101011100110101000101011010010100100001010000110000000010101000000011111010
5 20  100 1010001000101001011101011101011100010101000101011010010100100001010000110000010010101000000011111010
runNumber 26
genCount 10608
elapsedTime 599.939
unaryHyperVol 93
binaryHyperVol 14.1071
additiveEps 0.571429
entropy 0.405277
archive 26
3
7 17  100 0110001000010111010000000010001100110101000101011010010100100011010000110110100010100011000011111010
6 18  100 0110001001010111010000000010001100110101000101011010010100100011010000110110100010100011000011111010
4 20  100 0110001001010111000000000010001100110101000101011010010100100011110000110110100010100011000011111010
runNumber 27
genCount 10777
elapsedTime 599.957
unaryHyperVol 112
binaryHyperVol 5.03571
additiveEps 0.571429
entropy 0.406825
archive 27
4
7 17  100 0110010100010001010001000010001100110101000101011010010100100011010000110000010010101000000011111010
6 18  100 0110010101010001010001000010001100110101000101011010010100100011010000110000010010101000000011111010
4 19  100 0110010101010001010001000010001100110101000101011010010100100011110000110000010010101000000011111010
3 20  100 0110010101010001010001000010001100110101000101011010010100100011011010110000010010101000000011111010
runNumber 28
genCount 10736
elapsedTime 599.753
unaryHyperVol 83
binaryHyperVol 23.1
additiveEps 0.6
entropy 0.451256
archive 28
2
6 16  100 0000001000100100010000000010001100110101000101011010010100010111010000010010000110100000101101110000
5 17  100 0000001000100100010000000010001100010101000101011010010100010111010000010010000110100000101101110000
runNumber 29
genCount 11510
elapsedTime 599.718
unaryHyperVol 95
binaryHyperVol 17.45
additiveEps 1
entropy 0
archive 29
1
4 18  100 0000001000100100010001010010001100110000000101011010010100100001011010110010000010101000101111111010
