OptimalFront
unaryHyperVol 132
3
5 12  100 1110101000101000101000100010101101010101001101010010011101000011101010100000000010110001001000101001
4 13  100 1110101000101000101000100010101101010101000101010010011101000011101010100000000010110001001000101001
3 14  100 1110101000101000101000100010101101010101001101010010011101101011101010100000000010110001001000101001
-------------------------
runNumber 0
genCount 10870
elapsedTime 599.436
unaryHyperVol 127
binaryHyperVol 2.66667
additiveEps 0.333333
entropy 0.456965
archive 0
3
5 13  100 0110101001011000101000100010101101100101001101010010011101000011101010100000000010010110001000101010
4 14  100 0110101001011000101000100010101101010101000101010010011101000011101010100000000010010110001000101010
3 15  100 0110101001011000101000100010101101100101001101010010011101101011101010100000000010010110001000101010
runNumber 1
genCount 10660
elapsedTime 599.799
unaryHyperVol 132
binaryHyperVol 0
additiveEps 0
entropy 0.461903
archive 1
3
5 12  100 1110101000101000101000100010101101010101001101010010011101000011101010100000000010110001001000101001
4 13  100 1110101000101000101000100010101101010101000101010010011101000011101010100000000010110001001000101001
3 14  100 1110101000101000101000100010101101010101001101010010011101101011101010100000000010110001001000101001
runNumber 2
genCount 10932
elapsedTime 599.936
unaryHyperVol 91
binaryHyperVol 25.3
additiveEps 0.8
entropy 0.49717
archive 2
2
5 16  100 0000101000100100000001100010101101010101001101010010011101000011101010101010000010111010001000100000
4 17  100 0000101000100100000001100010101101010101001101010010011100000011101010101010000010111010001000100000
runNumber 3
genCount 10978
elapsedTime 599.879
unaryHyperVol 127
binaryHyperVol 2.66667
additiveEps 0.333333
entropy 0.456965
archive 3
3
5 13  100 0110101001011000101000100010101101100101001101010010011101000011101010100000000010010110001000100000
4 14  100 0110101001011000101000100010101101100101000101010010011101000011101010100000000010010110001000100000
3 15  100 0110101001011000101000100010101101100101001101010010011101101011101010100000000010010110001000100000
runNumber 4
genCount 11392
elapsedTime 599.543
unaryHyperVol 117
binaryHyperVol 4.8
additiveEps 0.6
entropy 0.449615
archive 4
3
5 15  100 0000101000100100101000100010101101100101001101010010011101000011101010101010000010010110001000101010
4 16  100 0000101000100100101000100010101101100101001101010010011100000011101010101010000010010110001000101010
3 17  100 0000101000100100101000100010101101100101001101010010011101101011101010101010000010010110001000101010
runNumber 5
genCount 10973
elapsedTime 599.533
unaryHyperVol 127
binaryHyperVol 2.66667
additiveEps 0.333333
entropy 0.456965
archive 5
3
5 13  100 0110101001011000101000100010101101100101001101010010011101000011101010100000000010010110001000101010
4 14  100 0110101001011000101000100010101101100101000101010010011101000011101010100000000010010110001000101010
3 15  100 0110101001011000101000100010101101100101001101010010011101101011101010100000000010010110001000101010
runNumber 6
genCount 10987
elapsedTime 599.804
unaryHyperVol 132
binaryHyperVol 0
additiveEps 0
entropy 0.461903
archive 6
3
5 12  100 1110101000101000101000100010101101100101001101010010011101000011101010100000000010010110001000101010
4 13  100 1110101000101000101000100010101101100101000101010010011101000011101010100000000010010110001000101010
3 14  100 1110101000101000101000100010101101100101001101010010011101101011101010100000000010010110001000101010
runNumber 7
genCount 10982
elapsedTime 599.847
unaryHyperVol 117
binaryHyperVol 4.8
additiveEps 0.6
entropy 0.449615
archive 7
3
5 15  100 0000101000100100101000100010101101010101001101010010011101000011101010101010000010010110001000100000
4 16  100 0000101000100100101000100010101101010101001101010010011100000011101010101010000010010110001000100000
3 17  100 0000101000100100101000100010101101010101001101010010011101101011101010101010000010010110001000100000
runNumber 8
genCount 11287
elapsedTime 599.764
unaryHyperVol 117
binaryHyperVol 4.8
additiveEps 0.6
entropy 0.449615
archive 8
3
5 15  100 0000101000100100101000100010101101100101001101010010011101000011101010101010000010010110001000101010
4 16  100 0000101000100100101000100010101101100101001101010010011100000011101010101010000010010110001000101010
3 17  100 0000101000100100101000100010101101100101001101010010011101101011101010101010000010010110001000101010
runNumber 9
genCount 11155
elapsedTime 599.659
unaryHyperVol 69
binaryHyperVol 45.625
additiveEps 1
entropy 0
archive 9
1
5 16  100 1110101000101000101000100010101101010101001101010010011101000011101010101010010110110001010100101001
runNumber 10
genCount 10811
elapsedTime 600.032
unaryHyperVol 117
binaryHyperVol 4.8
additiveEps 0.6
entropy 0.449615
archive 10
3
5 15  100 0000101000100100101000100010101101100101001101010010011101000011101010101010000010110001001000101001
4 16  100 0000101000100100101000100010101101100101000101010010011101000011101010101010000010110001001000101001
3 17  100 0000101000100100101000100010101101100101001101010010011101101011101010101010000010110001001000101001
runNumber 11
genCount 11164
elapsedTime 600.299
unaryHyperVol 127
binaryHyperVol 2.66667
additiveEps 0.333333
entropy 0.456965
archive 11
3
5 13  100 0110101001011000101000100010101101010101001101010010011101000011101010100000000010010110001000100000
4 14  100 0110101001011000101000100010101101010101000101010010011101000011101010100000000010010110001000100000
3 15  100 0110101001011000101000100010101101010101001101010010011101101011101010100000000010010110001000100000
runNumber 12
genCount 10920
elapsedTime 599.327
unaryHyperVol 117
binaryHyperVol 4.8
additiveEps 0.6
entropy 0.449615
archive 12
3
5 15  100 0000101000100100101000100010101101010101001101010010011101000011101010101010000010010110001000101010
4 16  100 0000101000100100101000100010101101010101001101010010011100000011101010101010000010010110001000101010
3 17  100 0000101000100100101000100010101101010101001101010010011101101011101010101010000010010110001000101010
runNumber 13
genCount 10887
elapsedTime 602.636
unaryHyperVol 117
binaryHyperVol 4.8
additiveEps 0.6
entropy 0.449615
archive 13
3
5 15  100 0000101000100100101000100010101101010101001101010010011101000011101010101010000010010110001000101010
4 16  100 0000101000100100101000100010101101010101001101010010011100000011101010101010000010010110001000101010
3 17  100 0000101000100100101000100010101101010101001101010010011101101011101010101010000010010110001000101010
runNumber 14
genCount 10973
elapsedTime 599.961
unaryHyperVol 132
binaryHyperVol 0
additiveEps 0
entropy 0.461903
archive 14
3
5 12  100 1110101000101000101000100010101101010101001101010010011101000011101010100000000010010110001000101010
4 13  100 1110101000101000101000100010101101010101000101010010011101000011101010100000000010010110001000101010
3 14  100 1110101000101000101000100010101101010101001101010010011101101011101010100000000010010110001000101010
runNumber 15
genCount 11256
elapsedTime 599.929
unaryHyperVol 117
binaryHyperVol 4.8
additiveEps 0.6
entropy 0.449615
archive 15
3
5 15  100 0000101000100100101000100010101101010101001101010010011101000011101010101010000010010110001000100000
4 16  100 0000101000100100101000100010101101010101001101010010011100000011101010101010000010010110001000100000
3 17  100 0000101000100100101000100010101101010101001101010010011101101011101010101010000010010110001000100000
runNumber 16
genCount 11355
elapsedTime 599.857
unaryHyperVol 117
binaryHyperVol 4.8
additiveEps 0.6
entropy 0.449615
archive 16
3
5 15  100 0000101000100100101000100010101101100101001101010010011101000011101010101010000010010110001000101010
4 16  100 0000101000100100101000100010101101100101000101010010011101000011101010101010000010010110001000101010
3 17  100 0000101000100100101000100010101101100101001101010010011101101011101010101010000010010110001000101010
runNumber 17
genCount 10633
elapsedTime 599.504
unaryHyperVol 117
binaryHyperVol 4.8
additiveEps 0.6
entropy 0.449615
archive 17
3
5 15  100 0000101000100100101000100010101101100101001101010010011101000011101010101010000010110001001000101001
4 16  100 0000101000100100101000100010101101100101000101010010011101000011101010101010000010110001001000101001
3 17  100 0000101000100100101000100010101101100101001101010010011101101011101010101010000010110001001000101001
runNumber 18
genCount 11325
elapsedTime 599.587
unaryHyperVol 69
binaryHyperVol 45.625
additiveEps 1
entropy 0
archive 18
1
5 16  100 1110101000101000101000100010101101100101001101010010011101000011101010101010010110010110010100101010
runNumber 19
genCount 11037
elapsedTime 599.843
unaryHyperVol 132
binaryHyperVol 0
additiveEps 0
entropy 0.461903
archive 19
3
5 12  100 1110101000101000101000100010101101010101001101010010011101000011101010100000000010010110001000101010
4 13  100 1110101000101000101000100010101101010101000101010010011101000011101010100000000010010110001000101010
3 14  100 1110101000101000101000100010101101010101001101010010011101101011101010100000000010010110001000101010
runNumber 20
genCount 11337
elapsedTime 599.968
unaryHyperVol 127
binaryHyperVol 2.66667
additiveEps 0.333333
entropy 0.456965
archive 20
3
5 13  100 0110101001011000101000100010101101100101001101010010011101000011101010100000000010010110001000100000
4 14  100 0110101001011000101000100010101101100101000101010010011101000011101010100000000010010110001000100000
3 15  100 0110101001011000101000100010101101100101001101010010011101101011101010100000000010010110001000100000
runNumber 21
genCount 11391
elapsedTime 599.966
unaryHyperVol 127
binaryHyperVol 2.66667
additiveEps 0.333333
entropy 0.456965
archive 21
3
5 13  100 0110101001011000101000100010101101100101001101010010011101000011101010100000000010010110001000101010
4 14  100 0110101001011000101000100010101101100101000101010010011101000011101010100000000010010110001000101010
3 15  100 0110101001011000101000100010101101100101001101010010011101101011101010100000000010010110001000101010
runNumber 22
genCount 11180
elapsedTime 599.937
unaryHyperVol 117
binaryHyperVol 4.8
additiveEps 0.6
entropy 0.449615
archive 22
3
5 15  100 0000101000100100101000100010101101100101001101010010011101000011101010101010000010010110001000100000
4 16  100 0000101000100100101000100010101101100101001101010010011100000011101010101010000010010110001000100000
3 17  100 0000101000100100101000100010101101100101001101010010011101101011101010101010000010010110001000100000
runNumber 23
genCount 10957
elapsedTime 599.571
unaryHyperVol 117
binaryHyperVol 4.8
additiveEps 0.6
entropy 0.449615
archive 23
3
5 15  100 0000101000100100101000100010101101100101001101010010011101000011101010101010000010110001001000101001
4 16  100 0000101000100100101000100010101101100101000101010010011101000011101010101010000010110001001000101001
3 17  100 0000101000100100101000100010101101100101001101010010011101101011101010101010000010110001001000101001
runNumber 24
genCount 11211
elapsedTime 599.914
unaryHyperVol 132
binaryHyperVol 0
additiveEps 0
entropy 0.461903
archive 24
3
5 12  100 1110101000101000101000100010101101100101001101010010011101000011101010100000000010010110001000101010
4 13  100 1110101000101000101000100010101101100101000101010010011101000011101010100000000010010110001000101010
3 14  100 1110101000101000101000100010101101100101001101010010011101101011101010100000000010010110001000101010
runNumber 25
genCount 11146
elapsedTime 599.71
unaryHyperVol 132
binaryHyperVol 0
additiveEps 0
entropy 0.461903
archive 25
3
5 12  100 1110101000101000101000100010101101100101001101010010011101000011101010100000000010010110001000100000
4 13  100 1110101000101000101000100010101101100101000101010010011101000011101010100000000010010110001000100000
3 14  100 1110101000101000101000100010101101100101001101010010011101101011101010100000000010010110001000100000
runNumber 26
genCount 10915
elapsedTime 599.943
unaryHyperVol 117
binaryHyperVol 4.8
additiveEps 0.6
entropy 0.449615
archive 26
3
5 15  100 0000101000100100101000100010101101100101001101010010011101000011101010101010000010010110001000101010
4 16  100 0000101000100100101000100010101101100101001101010010011100000011101010101010000010010110001000101010
3 17  100 0000101000100100101000100010101101100101001101010010011101101011101010101010000010010110001000101010
runNumber 27
genCount 11005
elapsedTime 599.951
unaryHyperVol 117
binaryHyperVol 4.8
additiveEps 0.6
entropy 0.449615
archive 27
3
5 15  100 0000101000100100101000100010101101100101001101010010011101000011101010101010000010010110001000100000
4 16  100 0000101000100100101000100010101101100101001101010010011100000011101010101010000010010110001000100000
3 17  100 0000101000100100101000100010101101100101001101010010011101101011101010101010000010010110001000100000
runNumber 28
genCount 11384
elapsedTime 599.843
unaryHyperVol 132
binaryHyperVol 0
additiveEps 0
entropy 0.461903
archive 28
3
5 12  100 1110101000101000101000100010101101010101001101010010011101000011101010100000000010010110001000101010
4 13  100 1110101000101000101000100010101101010101000101010010011101000011101010100000000010010110001000101010
3 14  100 1110101000101000101000100010101101010101001101010010011101101011101010100000000010010110001000101010
runNumber 29
genCount 10792
elapsedTime 599.999
unaryHyperVol 132
binaryHyperVol 0
additiveEps 0
entropy 0.461903
archive 29
3
5 12  100 1110101000101000101000100010101101100101001101010010011101000011101010100000000010010110001000101010
4 13  100 1110101000101000101000100010101101100101000101010010011101000011101010100000000010010110001000101010
3 14  100 1110101000101000101000100010101101100101001101010010011101101011101010100000000010010110001000101010
