OptimalFront
unaryHyperVol 109
3
5 13  100 0110100101010110101001000110011111011001001010000110010001101011001001111001100001100001000011110101
4 14  100 0110100101010110101001000110011111011001001010000110010001101011001010111001100001100001000011110101
3 15  100 0110100101010110101001000110101111011001001010000110010001101011001010111001100001100001000011110101
-------------------------
runNumber 0
genCount 11240
elapsedTime 599.288
unaryHyperVol 101
binaryHyperVol 3.5
additiveEps 0.5
entropy 0.449615
archive 0
3
5 15  100 0110100101100110101001000110011111011001001010000110010001101011001001111000010001100001000011110111
4 16  100 0110100101100110101001000110011111011001001010000110010001101011001010111000010001100001000011110101
3 17  100 0110100101100110101001000110101111011001001010000110010001101011001010111000010001100001000011110101
runNumber 1
genCount 11200
elapsedTime 599.998
unaryHyperVol 101
binaryHyperVol 3.5
additiveEps 0.5
entropy 0.449615
archive 1
3
5 15  100 0110100101100110101001000110011111011001001010000110010001101011001001111000010001100001000011110101
4 16  100 0110100101100110101001000110011111011001001010000110010001101011001010111000010001100001000011110101
3 17  100 0110100101100110101001000110101111011001001010000110010001101011001010111000010001100001000011110101
runNumber 2
genCount 11480
elapsedTime 599.949
unaryHyperVol 74
binaryHyperVol 25.125
additiveEps 0.75
entropy 0.49717
archive 2
2
5 16  100 0000100101100101110000000110011111011001001010000110010001101011001001111000010001101010000011110110
4 17  100 0000100101100101110000000110011111011001001010000110010001101011001010111000010001101010000011110110
runNumber 3
genCount 11269
elapsedTime 600.018
unaryHyperVol 65
binaryHyperVol 25.9286
additiveEps 0.857143
entropy 0.49717
archive 3
2
5 19  100 0110000001100110010000000110011111011001001010000110010001101011001001111000010000010110000011010010
4 20  100 0110000001100110010000000110011111011001001010000110010001101011001010111000010000010110000011010010
runNumber 4
genCount 11085
elapsedTime 599.956
unaryHyperVol 97
binaryHyperVol 4.2
additiveEps 0.6
entropy 0.449615
archive 4
3
5 16  100 0000000001100110010000000110011111011001001010000110010001101011001001111000010001100001000011110101
4 17  100 0000000001100110010000000110011111011001001010000110010001101011001010111000010001100001000011110101
3 18  100 0000000001100110010000000110101111011001001010000110010001101011001010111000010001100001000011110101
runNumber 5
genCount 11177
elapsedTime 599.966
unaryHyperVol 109
binaryHyperVol 0
additiveEps 0
entropy 0.461903
archive 5
3
5 13  100 0110100101010110101001000110011111011001001010000110010001101011001001111001100001100001000011110101
4 14  100 0110100101010110101001000110011111011001001010000110010001101011001010111001100001100001000011110101
3 15  100 0110100101010110101001000110101111011001001010000110010001101011001010111001100001100001000011110101
runNumber 6
genCount 11461
elapsedTime 599.957
unaryHyperVol 65
binaryHyperVol 25.9286
additiveEps 0.857143
entropy 0.49717
archive 6
2
5 19  100 0000101101100101110000000110011111011001001010000110010001101011001001111000010000010110000011010010
4 20  100 0000101101100101110000000110011111011001001010000110010001101011001010111000010000010110000011010010
runNumber 7
genCount 11136
elapsedTime 599.961
unaryHyperVol 101
binaryHyperVol 3.5
additiveEps 0.5
entropy 0.449615
archive 7
3
5 15  100 0000100101100110101001000110011111011001001010000110010001101011001001111000010001100001000011110101
4 16  100 0000100101100110101001000110011111011001001010000110010001101011001010111000010001100001000011110101
3 17  100 0000100101100110101001000110101111011001001010000110010001101011001010111000010001100001000011110101
runNumber 8
genCount 12125
elapsedTime 599.992
unaryHyperVol 74
binaryHyperVol 25.125
additiveEps 0.75
entropy 0.49717
archive 8
2
5 16  100 0110100101010110101001000110011111011001001010000110010001101011001001111001100000010110000011010010
4 17  100 0110100101010110101001000110011111011001001010000110010001101011001010111001100000010110000011010010
runNumber 9
genCount 11255
elapsedTime 599.962
unaryHyperVol 97
binaryHyperVol 4.2
additiveEps 0.6
entropy 0.449615
archive 9
3
5 16  100 0000000001100110010000000110011111011001001010000110010001101011001001111000010001100001000011110101
4 17  100 0000000001100110010000000110011111011001001010000110010001101011001010111000010001100001000011110101
3 18  100 0000000001100110010000000110101111011001001010000110010001101011001010111000010001100001000011110101
runNumber 10
genCount 11297
elapsedTime 599.993
unaryHyperVol 97
binaryHyperVol 4.2
additiveEps 0.6
entropy 0.449615
archive 10
3
5 16  100 0110000001100110010000000110011111011001001010000110010001101011001001111000010001100001000011110101
4 17  100 0110000001100110010000000101011111011001001010000110010001101011001010111000010001100001000011110101
3 18  100 0110000001100110010000000110101111011001001010000110010001101011001010111000010001100001000011110101
runNumber 11
genCount 11582
elapsedTime 599.948
unaryHyperVol 109
binaryHyperVol 0
additiveEps 0
entropy 0.461903
archive 11
3
5 13  100 0110100101010110101001000110011111011001001010000110010001101011001001111001100001100001000011110101
4 14  100 0110100101010110101001000110011111011001001010000110010001101011001010111001100001100001000011110101
3 15  100 0110100101010110101001000110101111011001001010000110010001101011001010111001100001100001000011110101
runNumber 12
genCount 11345
elapsedTime 599.929
unaryHyperVol 76
binaryHyperVol 23.625
additiveEps 0.5
entropy 0.49717
archive 12
2
5 15  100 0110101101100110101001110101011111011001001010000110010001101011001001111000010001100001000011110111
4 17  100 0110101100100110101001110101011111011001001010000110010001101011001010111000010001100001000011110111
runNumber 13
genCount 11390
elapsedTime 600.011
unaryHyperVol 97
binaryHyperVol 4.2
additiveEps 0.6
entropy 0.449615
archive 13
3
5 16  100 0000000001100110010000000110011111011001001010000110010001101011001001111000010001100001000011110101
4 17  100 0000000001100110010000000110011111011001001010000110010001101011001010111000010001100001000011110101
3 18  100 0000000001100110010000000110101111011001001010000110010001101011001010111000010001100001000011110101
runNumber 14
genCount 11282
elapsedTime 599.927
unaryHyperVol 74
binaryHyperVol 25.125
additiveEps 0.75
entropy 0.49717
archive 14
2
5 16  100 0110100101010110101001000110011111011001001010000110010001101011001001111001100000010110000011010010
4 17  100 0110100101010110101001000110011111011001001010000110010001101011001010111001100000010110000011010010
runNumber 15
genCount 11282
elapsedTime 599.985
unaryHyperVol 68
binaryHyperVol 25.75
additiveEps 0.833333
entropy 0.49717
archive 15
2
5 18  100 0000100101100110101001000101011111011001001010000110010001101011001001111000010000010110000011010010
4 19  100 0000100101100110101001000101011111011001001010000110010001101011001010111000010000010110000011010010
runNumber 16
genCount 11125
elapsedTime 599.971
unaryHyperVol 109
binaryHyperVol 0
additiveEps 0
entropy 0.461903
archive 16
3
5 13  100 0110100101010110101001000110011111011001001010000110010001101011001001111001100001100001000011110101
4 14  100 0110100101010110101001000110011111011001001010000110010001101011001010111001100001100001000011110101
3 15  100 0110100101010110101001000110101111011001001010000110010001101011001010111001100001100001000011110101
runNumber 17
genCount 11284
elapsedTime 600.007
unaryHyperVol 101
binaryHyperVol 3.5
additiveEps 0.5
entropy 0.449615
archive 17
3
5 15  100 0110100101100110101001000110011111011001001010000110010001101011001001111000010001100001000011110101
4 16  100 0110100101100110101001000110011111011001001010000110010001101011001010111000010001100001000011110111
3 17  100 0110100101100110101001000110101111011001001010000110010001101011001010111000010001100001000011110101
runNumber 18
genCount 11390
elapsedTime 599.882
unaryHyperVol 101
binaryHyperVol 3.5
additiveEps 0.5
entropy 0.449615
archive 18
3
5 15  100 0110100101100110101001000110011111011001001010000110010001101011001001111000010001100001000011110111
4 16  100 0110100101100110101001000110011111011001001010000110010001101011001010111000010001100001000011110111
3 17  100 0110100101100110101001000110101111011001001010000110010001101011001010111000010001100001000011110101
runNumber 19
genCount 11133
elapsedTime 599.957
unaryHyperVol 97
binaryHyperVol 4.2
additiveEps 0.6
entropy 0.449615
archive 19
3
5 16  100 0000000001100110010000000110011111011001001010000110010001101011001001111000010001100001000011110101
4 17  100 0000000001100110010000000110011111011001001010000110010001101011001010111000010001100001000011110101
3 18  100 0000000001100110010000000110101111011001001010000110010001101011001010111000010001100001000011110101
runNumber 20
genCount 11333
elapsedTime 600.044
unaryHyperVol 109
binaryHyperVol 0
additiveEps 0
entropy 0.461903
archive 20
3
5 13  100 0110100101010110101001000110011111011001001010000110010001101011001001111001100001100001000011110101
4 14  100 0110100101010110101001000110011111011001001010000110010001101011001010111001100001100001000011110101
3 15  100 0110100101010110101001000110101111011001001010000110010001101011001010111001100001100001100011110101
runNumber 21
genCount 11726
elapsedTime 599.897
unaryHyperVol 83
binaryHyperVol 20
additiveEps 0.5
entropy 0.488066
archive 21
2
5 13  100 0110100101010110101001000110011111011001001010000110010001101011001001110101100001100011000011110110
4 14  100 0110100101010110101001000110011111011001001010000110010001101011001010110101100001100011000011110110
runNumber 22
genCount 11455
elapsedTime 599.986
unaryHyperVol 68
binaryHyperVol 25.75
additiveEps 0.833333
entropy 0.49717
archive 22
2
5 18  100 0000100101100110101001000101011111011001001010000110010001101011001001111000010000010110000011010010
4 19  100 0000100101100110101001000101011111011001001010000110010001101011001010111000010000010110000011010010
runNumber 23
genCount 11337
elapsedTime 599.982
unaryHyperVol 101
binaryHyperVol 3.5
additiveEps 0.5
entropy 0.449615
archive 23
3
5 15  100 0110100101100110101001000110011111011001001010000110010001101011001001111000010001100001000011110111
4 16  100 0110100101100110101001000110011111011001001010000110010001101011001010111000010001100001000011110101
3 17  100 0110100101100110101001000110101111011001001010000110010001101011001010111000010001100001000011110101
runNumber 24
genCount 11051
elapsedTime 599.968
unaryHyperVol 77
binaryHyperVol 24.5
additiveEps 0.666667
entropy 0.49717
archive 24
2
5 15  100 0110101101010110101010000110011111011001001010000110010001101011001001110101100000010011000011010010
4 16  100 0110101101010110101010000110011111011001001010000110010001101011001010110101100000010011000011010010
runNumber 25
genCount 10972
elapsedTime 600.006
unaryHyperVol 101
binaryHyperVol 3.5
additiveEps 0.5
entropy 0.449615
archive 25
3
5 15  100 0110100101100110101001000110011111011001001010000110010001101011001001111000010001100001000011110101
4 16  100 0110100101100110101001000110011111011001001010000110010001101011001010111000010001100001000011110101
3 17  100 0110100101100110101001000110101111011001001010000110010001101011001010111000010001100001000011110101
runNumber 26
genCount 11619
elapsedTime 599.944
unaryHyperVol 101
binaryHyperVol 3.5
additiveEps 0.5
entropy 0.449615
archive 26
3
5 15  100 0110100101100110101001000110011111011001001010000110010001101011001001111000010001100001000011110101
4 16  100 0110100101100110101001000110011111011001001010000110010001101011001010111000010001100001000011110101
3 17  100 0110100101100110101001000110101111011001001010000110010001101011001010111000010001100001000011110101
runNumber 27
genCount 11803
elapsedTime 599.973
unaryHyperVol 71
binaryHyperVol 25.5
additiveEps 0.8
entropy 0.49717
archive 27
2
5 17  100 0110000001010110010001010110101111000000001010000110010001101011001001111001100001101010000011110110
4 18  100 0110000001010110010001010110101111000000001010000110010001101011001010111001100001101010000011110110
runNumber 28
genCount 11863
elapsedTime 599.925
unaryHyperVol 97
binaryHyperVol 4.2
additiveEps 0.6
entropy 0.449615
archive 28
3
5 16  100 0110000001100110010000000110011111011001001010000110010001101011001001111000010001100001000011110101
4 17  100 0110000001100110010000000110011111011001001010000110010001101011001010111000010001100001100011110101
3 18  100 0110000001100110010000000110101111011001001010000110010001101011001010111000010001100001000011110101
runNumber 29
genCount 11556
elapsedTime 599.953
unaryHyperVol 71
binaryHyperVol 25.5
additiveEps 0.8
entropy 0.49717
archive 29
2
5 17  100 0110100110100110000000000100001101011001001010000110010001101011001001111000010001101010000011110110
4 18  100 0110100110100110000000000100001101011001001010000110010001101011001010111000010001101010000011110110
