OptimalFront
unaryHyperVol 232
3
6 14  100 0110000000010001111011011110110011000011101010011101110001101011001010000110101011101000001001000000
4 15  100 0110000000010001111011011110110011101011101010011111110001101011001010000110101011101000001001000000
2 17  100 1010101000010001111011011110110011101011101010011111110001101011001010000110101011101000001001001010
-------------------------
runNumber 0
genCount 11497
elapsedTime 599.052
unaryHyperVol 226
binaryHyperVol 3.16667
additiveEps 0.333333
entropy 0.461709
archive 0
3
6 15  100 1010101000010001111011011110110011000011101010011101110001101011001010000110101011101000001001000000
4 16  100 1010101000010001111011011110110011101011101010011111110001101011001010000110101011101000001001000000
2 17  100 1010101000010001111011011110110011101011101010011111110001101011001010000110101011101000001001001010
runNumber 1
genCount 11401
elapsedTime 599.981
unaryHyperVol 226
binaryHyperVol 3.16667
additiveEps 0.333333
entropy 0.461709
archive 1
3
6 15  100 1010101000010001111011011110110011000011101010011101110001101011001010000110101011101000001001000000
4 16  100 1010101000010001111011011110110011101011101010011111110001101011001010000110101011101000001001000000
2 17  100 1010101000010001111011011110110011101011101010011111110001101011001010000110101011101000001001001010
runNumber 2
genCount 11721
elapsedTime 599.947
unaryHyperVol 222
binaryHyperVol 6.16667
additiveEps 0.666667
entropy 0.509891
archive 2
2
4 16  100 1010101000010001111011011110110011101011101010011111110001101011001010000110101011101000001001000000
2 17  100 1010101000010001111011011110110011101011101010011111110001101011001010000110101011101000001001001010
runNumber 3
genCount 11466
elapsedTime 599.972
unaryHyperVol 222
binaryHyperVol 6.16667
additiveEps 0.666667
entropy 0.509891
archive 3
2
4 16  100 1010101000010001111011011110110011101011101010011111110001101011001010000110101011101000001001000000
2 17  100 1010101000010001111011011110110011101011101010011111110001101011001010000110101011101000001001001010
runNumber 4
genCount 12202
elapsedTime 599.87
unaryHyperVol 226
binaryHyperVol 3.16667
additiveEps 0.333333
entropy 0.461709
archive 4
3
6 15  100 1010101000010001111011011110110011000011101010011101110001101011001010000110101011101000001001000000
4 16  100 1010101000010001111011011110110011101011101010011111110001101011001010000110101011101000001001000000
2 17  100 1010101000010001111011011110110011101011101010011111110001101011001010000110101011101000001001001010
runNumber 5
genCount 11498
elapsedTime 600.087
unaryHyperVol 222
binaryHyperVol 6.16667
additiveEps 0.666667
entropy 0.509891
archive 5
2
4 16  100 1010101000010001111011011110110011101011101010011111110001101011001010000110101011101000001001000000
2 17  100 1010101000010001111011011110110011101011101010011111110001101011001010000110101011101000001001001010
runNumber 6
genCount 11310
elapsedTime 599.989
unaryHyperVol 222
binaryHyperVol 6.16667
additiveEps 0.666667
entropy 0.509891
archive 6
2
4 16  100 1010101000010001111011011110110011101011101010011111110001101011001010000110101011101000001001000000
2 17  100 1010101000010001111011011110110011101011101010011111110001101011001010000110101011101000001001001010
runNumber 7
genCount 11612
elapsedTime 599.817
unaryHyperVol 222
binaryHyperVol 6.16667
additiveEps 0.666667
entropy 0.509891
archive 7
2
4 16  100 1010101000010001111011011110110011101011101010011111110001101011001010000110101011101000001001000000
2 17  100 1010101000010001111011011110110011101011101010011111110001101011001010000110101011101000001001001010
runNumber 8
genCount 11742
elapsedTime 599.965
unaryHyperVol 222
binaryHyperVol 3.41667
additiveEps 0.5
entropy 0.461422
archive 8
3
10 15  100 1010101000010001111011011110110011000001101010011111110001101011001010000110101011101000001001000000
4 16  100 1010101000010001111011011110110011101011101010011111110001101011001010000110101011101000001001000000
2 17  100 1010101000010001111011011110110011101011101010011111110001101011001010000110101011101000001001001010
runNumber 9
genCount 11083
elapsedTime 599.87
unaryHyperVol 222
binaryHyperVol 6.16667
additiveEps 0.666667
entropy 0.509891
archive 9
2
4 16  100 1010101000010001111011011110110011101011101010011111110001101011001010000110101011101000001001000000
2 17  100 1010101000010001111011011110110011101011101010011111110001101011001010000110101011101000001001001010
runNumber 10
genCount 11709
elapsedTime 600.825
unaryHyperVol 222
binaryHyperVol 6.16667
additiveEps 0.666667
entropy 0.509891
archive 10
2
4 16  100 1010101000010001111011011110110011101011101010011111110001101011001010000110101011101000001001000000
2 17  100 1010101000010001111011011110110011101011101010011111110001101011001010000110101011101000001001001010
runNumber 11
genCount 11287
elapsedTime 600.012
unaryHyperVol 226
binaryHyperVol 3.16667
additiveEps 0.333333
entropy 0.461709
archive 11
3
6 15  100 1010101000010001111011011110110011000011101010011101110001101011001010000110101011101000001001000000
4 16  100 1010101000010001111011011110110011101011101010011111110001101011001010000110101011101000001001000000
2 17  100 1010101000010001111011011110110011101011101010011111110001101011001010000110101011101000001001001010
runNumber 12
genCount 11373
elapsedTime 600.789
unaryHyperVol 226
binaryHyperVol 3.16667
additiveEps 0.333333
entropy 0.461709
archive 12
3
6 15  100 1010101000010001111011011110110011000011101010011101110001101011001010000110101011101000001001000000
4 16  100 1010101000010001111011011110110011101011101010011111110001101011001010000110101011101000001001000000
2 17  100 1010101000010001111011011110110011101011101010011111110001101011001010000110101011101000001001001010
runNumber 13
genCount 11171
elapsedTime 602.162
unaryHyperVol 222
binaryHyperVol 6.16667
additiveEps 0.666667
entropy 0.509891
archive 13
2
4 16  100 1010101000010001111011011110110011101011101010011111110001101011001010000110101011101000001001000000
2 17  100 1010101000010001111011011110110011101011101010011111110001101011001010000110101011101000001001001010
runNumber 14
genCount 11711
elapsedTime 599.785
unaryHyperVol 222
binaryHyperVol 6.16667
additiveEps 0.666667
entropy 0.509891
archive 14
2
4 16  100 1010101000010001111011011110110011101011101010011111110001101011001010000110101011101000001001000000
2 17  100 1010101000010001111011011110110011101011101010011111110001101011001010000110101011101000001001001010
runNumber 15
genCount 11225
elapsedTime 599.539
unaryHyperVol 232
binaryHyperVol 0
additiveEps 0
entropy 0.270001
archive 15
3
6 14  100 0110000000010001111011011110110011000011101010011101110001101011001010000110101011101000001001000000
4 15  100 0110000000010001111011011110110011101011101010011111110001101011001010000110101011101000001001000000
2 17  100 1010101000010001111011011110110011101011101010011111110001101011001010000110101011101000001001001010
runNumber 16
genCount 11464
elapsedTime 599.944
unaryHyperVol 232
binaryHyperVol 0
additiveEps 0
entropy 0.270001
archive 16
3
6 14  100 0110000000010001111011011110110011000011101010011101110001101011001010000110101011101000001001000000
4 15  100 0110000000010001111011011110110011101011101010011111110001101011001010000110101011101000001001000000
2 17  100 1010101000010001111011011110110011101011101010011111110001101011001010000110101011101000001001001010
runNumber 17
genCount 12485
elapsedTime 599.786
unaryHyperVol 226
binaryHyperVol 3.16667
additiveEps 0.333333
entropy 0.461709
archive 17
3
6 15  100 1010101000010001111011011110110011000011101010011101110001101011001010000110101011101000001001000000
4 16  100 1010101000010001111011011110110011101011101010011111110001101011001010000110101011101000001001000000
2 17  100 1010101000010001111011011110110011101011101010011111110001101011001010000110101011101000001001001010
runNumber 18
genCount 11693
elapsedTime 599.645
unaryHyperVol 222
binaryHyperVol 6.16667
additiveEps 0.666667
entropy 0.509891
archive 18
2
4 16  100 1010101000010001111011011110110011101011101010011111110001101011001010000110101011101000001001000000
2 17  100 1010101000010001111011011110110011101011101010011111110001101011001010000110101011101000001001001010
runNumber 19
genCount 12103
elapsedTime 599.996
unaryHyperVol 226
binaryHyperVol 3.16667
additiveEps 0.333333
entropy 0.461709
archive 19
3
6 15  100 1010101000010001111011011110110011000011101010011101110001101011001010000110101011101000001001000000
4 16  100 1010101000010001111011011110110011101011101010011111110001101011001010000110101011101000001001000000
2 17  100 1010101000010001111011011110110011101011101010011111110001101011001010000110101011101000001001001010
runNumber 20
genCount 11649
elapsedTime 599.864
unaryHyperVol 222
binaryHyperVol 6.16667
additiveEps 0.666667
entropy 0.509891
archive 20
2
4 16  100 1010101000010001111011011110110011101011101010011111110001101011001010000110101011101000001001000000
2 17  100 1010101000010001111011011110110011101011101010011111110001101011001010000110101011101000001001001010
runNumber 21
genCount 11672
elapsedTime 599.99
unaryHyperVol 222
binaryHyperVol 6.16667
additiveEps 0.666667
entropy 0.509891
archive 21
2
4 16  100 1010101000010001111011011110110011101011101010011111110001101011001010000110101011101000001001000000
2 17  100 1010101000010001111011011110110011101011101010011111110001101011001010000110101011101000001001001010
runNumber 22
genCount 11379
elapsedTime 599.98
unaryHyperVol 226
binaryHyperVol 3.16667
additiveEps 0.333333
entropy 0.461709
archive 22
3
6 15  100 1010101000010001111011011110110011000011101010011101110001101011001010000110101011101000001001000000
4 16  100 1010101000010001111011011110110011101011101010011111110001101011001010000110101011101000001001000000
2 17  100 1010101000010001111011011110110011101011101010011111110001101011001010000110101011101000001001001010
runNumber 23
genCount 11561
elapsedTime 599.246
unaryHyperVol 228
binaryHyperVol 3
additiveEps 0.333333
entropy 0.488066
archive 23
2
4 15  100 0110000000010001111011011110110011101011101010011111110001101011001010000110101011101000001001000000
2 17  100 1010101000010001111011011110110011101011101010011111110001101011001010000110101011101000001001001010
runNumber 24
genCount 11287
elapsedTime 599.648
unaryHyperVol 226
binaryHyperVol 3.16667
additiveEps 0.333333
entropy 0.461709
archive 24
3
6 15  100 1010101000010001111011011110110011000011101010011101110001101011001010000110101011101000001001000000
4 16  100 1010101000010001111011011110110011101011101010011111110001101011001010000110101011101000001001000000
2 17  100 1010101000010001111011011110110011101011101010011111110001101011001010000110101011101000001001001010
runNumber 25
genCount 11894
elapsedTime 599.981
unaryHyperVol 222
binaryHyperVol 6.16667
additiveEps 0.666667
entropy 0.509891
archive 25
2
4 16  100 1010101000010001111011011110110011101011101010011111110001101011001010000110101011101000001001000000
2 17  100 1010101000010001111011011110110011101011101010011111110001101011001010000110101011101000001001001010
runNumber 26
genCount 11450
elapsedTime 599.918
unaryHyperVol 222
binaryHyperVol 6.16667
additiveEps 0.666667
entropy 0.509891
archive 26
2
4 16  100 1010101000010001111011011110110011101011101010011111110001101011001010000110101011101000001001000000
2 17  100 1010101000010001111011011110110011101011101010011111110001101011001010000110101011101000001001001010
runNumber 27
genCount 11423
elapsedTime 599.215
unaryHyperVol 222
binaryHyperVol 6.16667
additiveEps 0.666667
entropy 0.509891
archive 27
2
4 16  100 1010101000010001111011011110110011101011101010011111110001101011001010000110101011101000001001000000
2 17  100 1010101000010001111011011110110011101011101010011111110001101011001010000110101011101000001001001010
runNumber 28
genCount 11510
elapsedTime 599.755
unaryHyperVol 222
binaryHyperVol 6.16667
additiveEps 0.666667
entropy 0.509891
archive 28
2
4 16  100 1010101000010001111011011110110011101011101010011111110001101011001010000110101011101000001001000000
2 17  100 1010101000010001111011011110110011101011101010011111110001101011001010000110101011101000001001001010
runNumber 29
genCount 10900
elapsedTime 600.648
unaryHyperVol 149
binaryHyperVol 29.625
additiveEps 0.833333
entropy 0.49717
archive 29
2
5 19  100 1010101000000101111011011101000011010111000101001111110001001011001010000110101011101000001001000000
4 20  100 1010101000000101111011011101000011010111000101111101110001001011001010000110101011101000001001000000
