OptimalFront
unaryHyperVol 70
3
6 16  100 1010101011010001000000111110000001110101000101001010011010100011011010111010100101010001100111110101
4 17  100 1010010110100101000000001110000001110101001000001010011010100011110000111010000100101001100100111010
3 20  100 0110010101010001000001001110110001110101000101001010011010100011011010110000010100101001000000111010
-------------------------
runNumber 0
genCount 11343
elapsedTime 599.076
unaryHyperVol 54
binaryHyperVol 8.5625
additiveEps 0.25
entropy 0.509891
archive 0
2
7 16  100 1010010110100101000000001110000001110101001000001010011010100011010000111010000100101001100100111010
4 17  100 1010010110100101000000001110000001110101001000001010011010100011110000111010000100101001100100111010
runNumber 1
genCount 11021
elapsedTime 599.956
unaryHyperVol 42
binaryHyperVol 14
additiveEps 0.8
entropy 0.49717
archive 1
2
7 20  100 1010101010100101000000111110000001110101001000001010011010100011010000010000010100100000000000111010
4 21  100 1010101010100101000000111110000001110101001000001010011010100011110000010000010100100000000000111010
runNumber 2
genCount 10888
elapsedTime 600.034
unaryHyperVol 44
binaryHyperVol 12.7
additiveEps 0.6
entropy 0.45785
archive 2
3
7 19  100 0110101001010001000000111110000001110101001000001010011010100011010000110110100100100011000000111010
5 20  100 0110101001010001000000111110000001110101001000001010011010100011110000110110100100100011000000111010
4 21  100 0110101001010101000000111110000001110101001000001010011010100011110000110110100100100011000000111010
runNumber 3
genCount 11501
elapsedTime 599.913
unaryHyperVol 49
binaryHyperVol 14.6667
additiveEps 0.5
entropy 0.49717
archive 3
2
5 18  100 0110101000100101000000111110111001110101001000001010011010100011011010111010000100101001100100111010
4 20  100 0110001000100111000001111110110001110101001000001010011010100011011010111010000100101001100100111010
runNumber 4
genCount 10922
elapsedTime 599.985
unaryHyperVol 31
binaryHyperVol 20.5625
additiveEps 0.5
entropy 0.449615
archive 4
3
7 18  100 1010101010100101000000111110000001110101001000001010011010100011010000111010001100010101100111001010
6 19  100 1010101010100101000000111110000001110101001000001010011010100011011010111010001100010101100111001010
5 20  100 1010101010100101000000111110000001110101001000001010011010100001011010111010000000010101100111001010
runNumber 5
genCount 11343
elapsedTime 599.818
unaryHyperVol 61
binaryHyperVol 2.375
additiveEps 0.333333
entropy 0.455195
archive 5
3
7 18  100 1010010110100101000000001110000001110101001000001010011010100011010000110000010100101001000000111010
4 19  100 1010010110100101000000001110000001110101001000001010011010100011011010110000010100101001000000111010
3 22  100 0000010110100100000001001110110001110101001000001010011010100011011010110000010100101001000000111010
runNumber 6
genCount 11500
elapsedTime 599.977
unaryHyperVol 54
binaryHyperVol 12.8333
additiveEps 0.333333
entropy 0
archive 6
1
4 17  100 1010010110100101000000001110000001110101000101001010011010100011011010111010000100101001100100111010
runNumber 7
genCount 10829
elapsedTime 599.949
unaryHyperVol 40
binaryHyperVol 14.9583
additiveEps 0.5
entropy 0.481574
archive 7
3
6 20  100 1010101010100101000000011101110111110101001000001010011010100011011010110000010100101001000000111010
5 21  100 1010101010100101000000011110111001110000001000001010011010100011011010110000010100101001000000111010
4 24  100 0000101010100100000001011110110001110000001000001010011010100011011010110000010100101001000000111010
runNumber 8
genCount 10797
elapsedTime 599.989
unaryHyperVol 39
binaryHyperVol 12.6071
additiveEps 0.571429
entropy 0.529986
archive 8
4
7 20  100 1010101010101001000000011110110001110000001000001010011010100011010000110000011100101001000000111010
6 21  100 1010101010101001000000011110110001110000001000001010011010100011011010110000001100101001000000111010
5 22  100 1010101010101001000000011110110001110000001000001010011010100001011010110000000000101001000000111010
4 23  100 1010101010101001000001011110110001110000001000001010011010100001011010110000000000101001000000111010
runNumber 9
genCount 11088
elapsedTime 599.973
unaryHyperVol 51
binaryHyperVol 8.75
additiveEps 0.25
entropy 0.44918
archive 9
3
7 16  100 0110101001010001000000111110110001110101001000001010011010100011010000111010000101010101100100111010
5 17  100 0110101001010001000000111110110001110101001000001010011010100011011010111010000101010101100100111010
4 20  100 0110101001010001000001011110110001110000001000001010011010100011011010111010000100101001100100111010
runNumber 10
genCount 10805
elapsedTime 600.007
unaryHyperVol 50
binaryHyperVol 8.8125
additiveEps 0.25
entropy 0.433415
archive 10
4
7 16  100 1010010111010001000000011101010001110101001000001010011011000011010000111010000100101001100100111010
6 17  100 1010010111010001000000001101010001110101001000001010011010100011110000111010000100101001100100111010
5 18  100 1010010111010001000001011101010001110101001000001010011011000011110000111010000100101001100100111010
4 20  100 1010010111010001000001011101010001110000001000001010011011000011110000111010000100101001100100111010
runNumber 11
genCount 11548
elapsedTime 599.914
unaryHyperVol 54
binaryHyperVol 8.5625
additiveEps 0.25
entropy 0.509891
archive 11
2
7 16  100 1010010110100101000000001110000001110101001000001010011010100011010000111010000100101001100100111010
4 17  100 1010010110100101000000001110000001110101001000001010011010100011110000111010000100101001100100111010
runNumber 12
genCount 10875
elapsedTime 599.956
unaryHyperVol 40
binaryHyperVol 13.2083
additiveEps 0.666667
entropy 0.481574
archive 12
3
7 20  100 1010101010100101000000111110000001110101001000001010011010100011010000110110001100010100000000010000
6 21  100 1010101010100101000000111110000001110101001000001010011010100011011010110110001100010100000000010000
4 22  100 1010101010100101000000111110000001110101001000001010011010100001011010110110000000010100000000010000
runNumber 13
genCount 11049
elapsedTime 599.965
unaryHyperVol 55
binaryHyperVol 5.55556
additiveEps 0.833333
entropy 0.49717
archive 13
2
4 21  100 0000010110100100000000001110110001110101000101001010011010100011011010110000010100101001000000111010
3 22  100 0000010110100100000001001110110001110101000101001010011010100011011010110000010100101001000000111010
runNumber 14
genCount 11265
elapsedTime 599.991
unaryHyperVol 61
binaryHyperVol 3.33333
additiveEps 0.5
entropy 0.49717
archive 14
2
4 19  100 1010010110100101000000001110000001110101000101001010011010100011011010110000010100101001000000111010
3 22  100 0000010110100100000001001110110001110101000101001010011010100011011010110000010100101001000000111010
runNumber 15
genCount 11512
elapsedTime 599.973
unaryHyperVol 48
binaryHyperVol 11.9375
additiveEps 0.5
entropy 0.49717
archive 15
2
7 18  100 0000010110100100000000001110110001110101001000001010011010100011010000111010000100101001100100111010
4 19  100 0000010110100100000000001110110001110101001000001010011010100011110000111010000100101001100100111010
runNumber 16
genCount 11364
elapsedTime 599.944
unaryHyperVol 39
binaryHyperVol 16.2857
additiveEps 0.714286
entropy 0.449615
archive 16
3
6 21  100 1010010100010001000000110101011001110101001000001010011010100011011010110110100100100011000000111010
5 22  100 1010010100010101000000110101011001110101001000001010011010100011011010110110100100100011000000111010
4 23  100 1010010100010001000000110101010001110101001000001010011010100001011010110110000000100011000000111010
runNumber 17
genCount 11073
elapsedTime 600.065
unaryHyperVol 39
binaryHyperVol 14.25
additiveEps 0.833333
entropy 0.49717
archive 17
2
7 21  100 1010101010100101000000111110000001110101001000001010011000010111010000110100010100100011000000111010
4 22  100 1010101010100101000000111110000001110101001000001010011000010111011010110100010100100011000000111010
runNumber 18
genCount 11094
elapsedTime 599.927
unaryHyperVol 27
binaryHyperVol 21.7083
additiveEps 0.666667
entropy 0.449615
archive 18
3
7 20  100 0000101010100100000000111110110001110101001000001010011010100011010000111010001100010101100111001010
6 21  100 0000101010100100000000111110110000110101001000001010011010100011010000111010001100010101100111001010
5 22  100 0000101010100100000000111110110001110101001000001010011010100001011010111010000000010101100111001010
runNumber 19
genCount 11376
elapsedTime 600.001
unaryHyperVol 54
binaryHyperVol 8.5625
additiveEps 0.25
entropy 0.509891
archive 19
2
7 16  100 0110010101010001000000001110110001110101001000001010011010100011010000111010000100101001100100111010
4 17  100 0110010101010001000000001110110001110101001000001010011010100011110000111010000100101001100100111010
runNumber 20
genCount 10491
elapsedTime 599.943
unaryHyperVol 45
binaryHyperVol 13.625
additiveEps 0.75
entropy 0.49717
archive 20
2
7 19  100 1010010100010001000000000101010001110101001000001010011011000011010000111100010100101000100111110101
4 20  100 1010010100010001000000000101010001110101001000001010011011000011110000111100010100101000100111110101
runNumber 21
genCount 11203
elapsedTime 599.932
unaryHyperVol 47
binaryHyperVol 16.25
additiveEps 0.75
entropy 0.49717
archive 21
2
5 19  100 0110101001010001000000011110110001110000000101001010011010100011011010111010000100101001100100111010
4 20  100 0110101001010001000001011110110001110000000101001010011010100011011010111010000100101001100100111010
runNumber 22
genCount 11378
elapsedTime 599.995
unaryHyperVol 35
binaryHyperVol 13.75
additiveEps 0.75
entropy 0.481574
archive 22
3
7 22  100 0000101010100100000000011110110001110000001000001010011010100011010000110000010100101001000000111010
5 23  100 0000101010100100000000011110110001110000001000001010011010100011011010110000010100101001000000111010
4 24  100 0000101010100100000001011110110001110000001000001010011010100011011010110000010100101001000000111010
runNumber 23
genCount 11510
elapsedTime 599.954
unaryHyperVol 47
binaryHyperVol 12
additiveEps 0.5
entropy 0.45785
archive 23
3
7 18  100 0110101001010001000000011110110001110000001000001010011010100011010000111010000100101001100100111010
5 19  100 0110101001010001000000011110110001110000001000001010011010100011110000111010000100101001100100111010
4 20  100 0110101001010001000001011110110001110000001000001010011010100011110000111010000100101001100100111010
runNumber 24
genCount 10934
elapsedTime 600.014
unaryHyperVol 63
binaryHyperVol 4.83333
additiveEps 0.75
entropy 0.509891
archive 24
2
4 19  100 0110010101010001000000001110110001110101000101001010011010100011011010110000010100101001000000111010
3 20  100 0110010101010001000001001110110001110101000101001010011010100011011010110000010100101001000000111010
runNumber 25
genCount 10946
elapsedTime 600.019
unaryHyperVol 45
binaryHyperVol 13.625
additiveEps 0.75
entropy 0.49717
archive 25
2
7 19  100 1010101010100101000000111110000001110101001000001010011001010111010000110100010100100001100111110101
4 20  100 1010101010100101000000111110000001110101001000001010011000010111011010110100010100100001100111110101
runNumber 26
genCount 10995
elapsedTime 599.956
unaryHyperVol 47
binaryHyperVol 12
additiveEps 0.5
entropy 0.45785
archive 26
3
7 18  100 1010101010100101000000011110000001110000001000001010011010100011010000111010000100101001100100111010
5 19  100 1010101010100101000000011110000001110000001000001010011010100011110000111010000100101001100100111010
4 20  100 1010101010100101000001011110000001110000001000001010011010100011110000111010000100101001100100111010
runNumber 27
genCount 11165
elapsedTime 599.953
unaryHyperVol 54
binaryHyperVol 8.5625
additiveEps 0.25
entropy 0.509891
archive 27
2
7 16  100 0110010101010001000000001110110001110101001000001010011010100011010000111010000100101001100100111010
4 17  100 0110010101010001000000001110110001110101001000001010011010100011110000111010000100101001100100111010
runNumber 28
genCount 11100
elapsedTime 599.999
unaryHyperVol 61
binaryHyperVol 3.33333
additiveEps 0.5
entropy 0.49717
archive 28
2
4 19  100 0000010110100100000000001110110001110101000101001010011010100011011010111010000100101001100100111010
3 22  100 0000010110100100000001001110110001110101000101001010011010100011011010110000010100101001000000111010
runNumber 29
genCount 10986
elapsedTime 599.959
unaryHyperVol 41
binaryHyperVol 13.1667
additiveEps 0.666667
entropy 0.481574
archive 29
3
7 20  100 0000101010100100000000011110110001110000001000001010011010100011010000111010000100101001100100111010
5 21  100 0000101010100100000000011110110001110000001000001010011010100011110000111010000100101001100100111010
4 22  100 0000101010100100000001011110110001110000001000001010011010100011110000111010000100101001100100111010
