START at Tue Sep  3 18:07:13 2013

genCount 1
1
277.18 277  200 10001010010001110000001110000011100100100101010001110100011001110100101000101001101010001010001011100111000110001111011110010000001010001001111010010100011000001010111010111001000110111010001010110000
genCount 2
1
272.18 272  200 10101010000100100101100010101110010101110000100011101000000110111011100111111000101110000111111110101110010010100010101011101100000010101001011001000111111000001001111010010101100110011000111110101111
genCount 3
1
257.17 257  200 10101010000100010011001010011001011001110110100010111000001011100100100100000100111011001100101110100101110101000011101111110001101001010011000001101001110110001100111011101110101000101111010100000011
genCount 4
1
232.15 232  200 10001010010001110000001110000011100100100101010001110100011001110100101000111000101110000111111110101110010010100010101011001001001010001001111000010100011000001010111010111001000110111010001010110000
genCount 5
1
216.14 216  200 10101010000100010011001010011001011001110110100010111000001011100100100100000100011011101100101110100101110101000011011110010000001010001001111010010100011000001010111011101101101000101111010100000011
genCount 7
1
197.13 197  200 10101010000100010011001010011001011001110110100010111000001011100100100100000110011011111010000010101000100110011010010000101100001010001001111010010100011000001010111011101101101000101111010100000011
genCount 9
1
156.1 156  200 10101010000100010011011010011001011001110110100010101000001011100100100100000100111011001100101111100101110110010010011010000000001010001001111010010100011000001010111011101101100110111010001010000011
genCount 12
1
126.08 126  200 10001010000100110000001100111001010101110010100010101000001011100100100100000110011011111010000010100101110110010010011010000000001010001001111010010100011000001010111001101101100110111010000010000011
genCount 18
1
111.07 111  200 10001010000100110000001010011001011001100110100010101000011011100110100100000110011011111010000010100101110010010010011010000000001010001001111010010100011000001010111001101101100110111010000010000011
genCount 60
1
100.06 100  200 10101010000100111000001110001010010101110110100010101000011011100110100100000110011011111010000010100101110110010010000010000000001011000000101010010101001000001010111111101101101110101010110100011010
genCount 62
1
97.06 97  200 10001010000100110000001110001001011001100110100010101000001011100110101100000100110001111000101110100101100110010010010010000000101010001001111010010100001000001010111011101001101010011011010100001011
genCount 67
1
86.05 86  200 10001010100100110000001101001001011011110110100010101000011011100110100100000100110001111000101110100101000110010010010010000000001011000000101010010101001000000110111011101101100010001011000110001001
genCount 68
1
81.05 81  200 10101010010100110000001110001001011001100110100010101000001011100010101100000100110001111000101110100101000110010010010010000000001011000000101010010100001000001010111011101101100010001011000110000011
DONE after 313 generations.
Finished computation at Tue Sep  3 18:07:19 2013
elapsed time: 6.00983s
