START at Tue Sep  3 18:06:49 2013

genCount 1
1
289.19 289  200 11001011110001000111011110111101101010010010101001001010111010010000101010101100010001001101101110001100010011000011000010111110111111001000001001010110011001111110011110111111010010001101101011111101
genCount 2
1
260.17 260  200 01000110101010110011100001010101101000100110101110100100100101110101101110101100110100111010011111100111100001111010100010110100010101101110110111100000001101000011101001001000010110100010011111100000
genCount 5
1
231.15 231  200 10111011010101101000010010001110001011011001101101100001011001111010100100110010111100000100010011101001111010010110001101001111010101010110101001100110011010111110101000101001100110111110111100111100
genCount 6
1
227.15 227  200 11111010001010111000001000111101101010010010101001001010111000110110111000000101111111111111100011101001111010010110111110011011011011010001011011100001111001111110011110111100100110110101111011100001
genCount 7
1
214.14 214  200 10001011000000111000001000111101101010010010101001100001011001111010101110101100110000111010011111100111100001111010100010010100010101101110101101100110011010111110101000101001100110111110111100111100
genCount 9
1
201.13 201  200 01001011110001000111100010001010001011011001101101100001011001111010100100110010111100000100010011101001111010010110001101001111010101010110101001100110011010111110101000101001100110111110111100110110
genCount 10
1
199.13 199  200 11001011110001000111011110111101101010010010101101001010111010110010101010101101010100111010011111100111100010011010100010010100010101101110100101100110011010101110101000101001100110001101101011111101
genCount 11
1
184.12 184  200 01000110101010010011100001010101101001100110101110100100100101110110101010101101010100111010011110100111100010011010100010010100010101101110110110101011011010011110101010111101010110001101000010110110
genCount 13
1
182.12 182  200 01001010111111110011100010001010001010010010101001100001011001111010101000000101111111111110100001101001111010010110110110011011011011011101011011100001101010111110101000101011010110111110101111100000
genCount 14
1
155.1 155  200 10001011000100111000001000010101101000011110101110100100100101110110101010101101000100111010011110100111100010011010100010011100010101101110110111100001011010111110101000101001100110111110101100111100
genCount 17
1
154.1 154  200 01001010111111110011100010001010001010010010101001100001011001111010101000000101111111111010011110100111110010011010100010011100010101101110101101100110011010111110101000101001100110111110111100110000
genCount 18
1
139.09 139  200 10001010000100111000001000111101101010010010101011100100011001111010101000000101111111111010011110100111110010011010100010011100010101101110111001100111011010111110101000101011010110111110111100111100
genCount 19
1
125.08 125  200 10001010000100111000000001011001101000010010101110100100100101110110101010101101000100111010011110100111110010011010100010011100010101101110110111100001011010111110101000101011010110111110111100111100
genCount 22
1
124.08 124  200 10001010000100111000000010001010001010110010101001100001011001111010101000000101010100111010011110100111100010011010100010010100010101101110101101100001011010111110101000101001100110111110111100111100
genCount 23
1
95.06 95  200 10001010000100111000000000011001101000010010101111100100100101110110101010000101110101111010011110100111110010011010100010011100010101101110110111100001011010111110101000101001100110101111101000111100
genCount 26
1
80.05 80  200 10001010000100111000001001011001101000010010101110100100011001101010101001000101010101111010011110100111100010011010001101000111010101100110101101100001011010111110101000101001101110110110111100111100
genCount 62
1
65.04 65  200 10001010000100011000000001011011101000011010101111100100011001110110101001000101010101111010011110100111100010011010011101000011010101100100101101100001011010111110101010101001100110110110101000001011
genCount 246
1
54.03 54  200 00001010000100001000001100001011101000011010101111100100011011101010101000000101010101111010010110100111100100111010011101000000010101100100101111100101011010011010101011101001100110010111100100010010
genCount 258
1
53.03 53  200 00001010000101000100001000001011101000011010101111100100011011101010101000000101010101011010010110100111100100111010011101000000010101100100101111100101011010011010101011101001100110010111100100010010
DONE after 289 generations.
Finished computation at Tue Sep  3 18:06:55 2013
elapsed time: 5.57873s
