START at Thu Oct 24 16:01:31 2013

genCount 1
1
32.02 32  100 1010001001110000011000000011110010100111100110000100100101011010010101100000101100100011000010001111
genCount 2
1
17.01 17  100 1111010000010011101010100000110100100011101011100111001111001010111011110000010111100000000001110111
genCount 4
2
17.01 17  100 1111010000010011101010100000110100100011101011100111001111001010111011110000010111100000000001110111
2 38  100 1111010100010011101010000100110000100010101010100111001111001010111011110000010111100000100001110111
genCount 5
3
17.01 17  100 0000011011010001001011010000000100110011001011000111001111001010111011111100011000100010101111000000
5 34  100 1001011011010001001001100100000000100010010011100111111011001010111001010100101000101111101101001010
2 37  100 1001011011010010001001010000001011101110101101100111111011001010011010000100010001101100010110111101
genCount 6
3
17.01 17  100 0000011011010001001011010000000100110011001011000111001111001010111011111100011000100010101111000000
5 34  100 1001011011010001001001100100000000100010010011100111111011001010111001010100101000101111101101001010
2 35  100 1001011011010010001001010000000010100111010000100111111011001010010101000100010001101100010110111101
genCount 7
2
17.01 17  100 1110011000010011100010100000100100101010110111100011111011001010011010000100010001101100010110110111
2 33  100 1001011001010001001011010001001011101110100110100011111011001010111010000100010001101100101101001010
genCount 10
2
17.01 17  100 1110011000010011100010100000100100101010110111100011111011001010011010000100010001101100010110110111
2 32  100 1001011001010001001011010001001011101110100110100011111011001010111010000100010111101100101101001010
genCount 12
2
17.01 17  100 1110011000010011100010100000100100101010110111100011111011001010011010000100010001101100010110110111
2 30  100 1011011011010001001001100000110100100011101011100111111011001010111010000100010111100000001101000010
genCount 15
2
17.01 17  100 1110011000010011100010100000100100101010110111100011111011001010011010000100010001101100010110110111
2 27  100 1111001011010001101001011110110100100011101011100111111011001010010101000100010001101000101101001001
genCount 17
2
17.01 17  100 1110011000010011100010100000100100101010110111100011111011001010011010000100010001101100010110110111
2 26  100 1001011001010001001011011110110100100011101011100111111011001010010101000100010001101000101101001010
genCount 20
2
17.01 17  100 1110011000010011100010100000100100101010110111100011111011001010011010000100010001101100010110110111
2 25  100 1001011001010001001011011110110100100011101011101111111011001010010101000100010111100000111101001010
genCount 23
2
17.01 17  100 1110011000010011100010100000100100101010110111100011111011001010011010000100010001101100010110110111
2 24  100 1111001001010001111011011110110100100011101011100111111011001010010101000100011001101000101101001001
genCount 25
2
17.01 17  100 1110011000010011100010100000100100101010110111100011111011001010011010000100010001101100010110110111
2 23  100 1001001001010001101011011110110100100011101010100111111111001011010101000100010001101000001101001010
genCount 26
2
17.01 17  100 1110011000010011100010100000100100101010110111100011111011001010011010000100010001101100010110110111
2 22  100 1111001001010001111011011110110100100011101011101111110010001011111001000100011111100000111101001001
genCount 30
2
17.01 17  100 1110011000010011100010100000100100101010110111100011111011001010011010000100010001101100010110110111
2 21  100 1011001001010001111011011110110100100011101011101111110010001011111001000100010111100000111101001001
genCount 32
2
17.01 17  100 1110011000010011100010100000100100101010110111100011111011001010011010000100010001101100010110110111
2 20  100 1001001001010001111011011110110101100011101011001111110010001011111001000100010111101000001100001010
genCount 34
2
17.01 17  100 1110011000010011100010100000100100101010110111100011111011001010011010000100010001101100010110110111
2 19  100 1001001001010001111011011110110001100011101011001111110010001011111001000100010111101000001100001010
genCount 36
2
17.01 17  100 1110011000010011100010100000100100101010110111100011111011001010011010000100010001101100010110110111
2 18  100 1001001000010001111011011110110100100011101011001111110010001011111001000100010011100000001101001001
genCount 40
1
2 17  100 1001011000010001111011011100110101100011101011011111110011001011111001000100011011101000001101000011
genCount 43
1
2 16  100 1001001000010001111011011100110110100011101010011111110010001011110101000100010111101000001101000001
genCount 45
1
2 15  100 1001001000010001111011001110110001100011101011011111110010001011111001000100011011101000001101000011
genCount 47
1
2 14  100 1001001000010001111011011100110111100011101011011111110010001011111001000100011011101000001101000001
genCount 49
1
2 13  100 1001001000010001111011011110110001100011101011011111110010001011110101000100011011101000001101000001
genCount 53
1
2 12  100 1001001000010001111011011110110011100011101011011111110010001011111001000100011011101000001101000001
genCount 58
1
2 11  100 1001001000010001111011011110110011100011101000011111110011001011111001000100011011101000001101000001
genCount 59
1
2 10  100 1001001000010001111011011110110011100011101000011111110001001011110101000100011011101000001101000001
genCount 139
1
2 9  100 1001001000010001111011011110110011100011101000011111110001001011000101000100011011101000001101000001
DONE after 8224 generations.
Finished computation at Thu Oct 24 16:11:31 2013
elapsed time: 599.992s
