START at Thu Oct 24 16:54:06 2013

genCount 1
1
32.02 32  100 1111101011010010101011001110001101100011011001011011000011010101101010110011011001100011010111011010
genCount 3
1
21.01 21  100 0100001010010001010000110101000011101101100000111010010010001001011010001110000100000101110101000011
genCount 4
1
17.01 17  100 1111101011010010101011001110001101100011011001010011000011011001011010001111011001100011010111011010
genCount 5
3
17.01 17  100 0111111010010011001000111001111001101100011101001100000100111011010101011110011010100000111001001101
7 34  100 0100001010010001010000110101000011100101100000110101011001101000001001000101000001100101110101000011
5 36  100 1011001010010001010000110101000011101101110000001011000100111011010101101111010100100000100001001001
genCount 6
3
17.01 17  100 0111111010010011001000111001111001101100011101001100000100111011010101011110011010100000111001001101
7 34  100 0100001010010001010000110101000011100101100000110101011001101000001001000101000001100101110101000011
4 36  100 1011001010010101010000110101000011101101010001110110011001001000001001011000010100100000100001001001
genCount 7
5
17.01 17  100 1111111010010011001011101111000010100110000000111101100111111000001001011000010100000101110100111001
7 33  100 1111001001000100010000010000000011100001100000110101011001101000001001000101000001100011000100111001
4 35  100 1011001010010101010000110101000011101101010000110110011001001000001001111000010100100000100001001001
3 36  100 1011001010010001010000110101000011101101110000001011000100111011010101101000010100100000100001001001
2 40  100 1111111010010011001011101111000010100110000000111101100111111000001001011000010001100110110101111001
genCount 8
4
17.01 17  100 1111111010010011001000111001111001101110001101001100000110111011010101101111010100100011100111011001
7 33  100 1111001001000100010000010000000011100001100000110101011001101000001001000101000001100011000100111001
3 35  100 1011001010010001010000110101000010100010000000001011010010011000001001111000010100100000100001001001
2 37  100 1011111010010011001011101111000010100110110000001011000100111011010101101000010100100000100001001001
genCount 10
4
17.01 17  100 1111111010010011001000111001111001101100011101001100000100111011010101101111010100100011100111011001
7 33  100 1111001001000100010000010000000011100001100000110101011001101000001001000101000001100011000100111001
3 35  100 1011001010010001010000110101000010100010000000001011010010011001001001111000010100100000100001001001
2 36  100 1011001010010011001011101111001101101101010000110010011001001000001001011000010100100000100001001001
genCount 11
5
17.01 17  100 1111101011010010001000111110010011101111010001011011000100111011010101101111010001100011010111011010
7 33  100 1111001001000100010000010000000011100001100000110101011001101000001001000101000001100011000100111001
5 34  100 1011001010010011001011111110010011101110000001011011000100101011010101101111010100100000100001001001
3 35  100 1011001010010001010000110101000010100010000000001011010010011001001001111000010100100000100001001001
2 36  100 1011001010010011001011101111001101101101110000110010011001001000001001011000010100100000100001001001
genCount 12
3
17.01 17  100 1111111010010010101001010110010011101110111010111101000110111001110101101111110100100001110100111001
5 32  100 1011001010010011001011111110010011101110000001011011010010001011010101101111010100100000100001001001
2 35  100 1011001010010011001011101111001110100110000000111101101011001000001001011000010100100000100001000001
genCount 13
2
17.01 17  100 1111111010010001010000101111001101101110111000001010010010011000001001011000010101100010100001101001
2 31  100 1011001010010011001011111110010011101110000001011011010010001011001001111000010100100000100001001001
genCount 20
2
17.01 17  100 1111111010010011011001110101111001101100011101001100011001111011010101101111010100100011100111011001
2 30  100 1011001010010011001011111110010011101110000001011011010010001011001001111000010101100000000001001001
genCount 23
2
17.01 17  100 1111111010010011101001011111001011100001111010001101000110111001001001011110011010100000111001011001
2 29  100 1011001010010011111011111110010011101110000001011011010010001011001001111000010101100000000001001001
genCount 28
2
17.01 17  100 0100001010010011001000111011001001100100011101001101010110111001010101101111010100101001010100001110
2 28  100 1011001010010011111011111110010011101100011000001110010010001011001001111000010101100000000001001001
genCount 43
2
17.01 17  100 1111101000010011111011111110001001101000011100011111001010111001111001011101010101100001000111010011
2 26  100 1011001010010011111001011110010011100011100001011011000010001011001011110000011100101000000001001001
genCount 51
2
17.01 17  100 1101111011010011001000011101000001101100010000001111001011101001010101101111110100100011100111011001
2 25  100 1011001010010010111001011110010011100011100001011011110010001011001011110000011100101000000001001001
genCount 64
2
17.01 17  100 0110111011010011111011000010010001100011010000011110001011111011000101010111010100101111100101011001
2 24  100 1000001011010011111011011110010011100011100001011011110010001011001011010000011100101000000001001001
genCount 78
2
17.01 17  100 0101101010010010111001011110010010100000011000001010001011111001011001110111000110100110000111101110
2 23  100 1000001011010011111011011110010011100011100001010011110010001011001011010100011100101000000101001001
genCount 88
2
17.01 17  100 1110001010010010111010010100100011101001110001111011011000001001010101101101110000101000000111001000
2 22  100 1000001011010011111011011110010011100011101001010011110010001011001010010100011100101000000101001001
genCount 97
2
17.01 17  100 0110111011010010001010010100011010101000001000001011110110011001010101101101111000100010110110101101
2 21  100 1000001011010011111011011110110011100011101001010011110010001011001010010100011100101000000101001001
genCount 126
2
17.01 17  100 1101011011010010011000000000100011100011111000010111000010001011111001011011010100100110101100101000
2 20  100 1001001010010010111011011110110011100011101001011011110010001001001010010100011100101000000101000001
genCount 157
2
17.01 17  100 1001101011010000011011011000101011101101000010111011111100001001011001111101110000100110111100101011
2 19  100 1001001010010010111011011110110011100011101001011011110010001000001001110100011100101000000101000001
genCount 185
2
17.01 17  100 0001001010010010111010110110100011100011101001011001110010001000111010111000111100101001011101111100
2 18  100 1001001011010010111011011110110011100011101001011011110010001000001001110100011000101000000101000001
genCount 225
1
2 17  100 1001001010010010111011011110110011100011101001010011110010001000001001000100011000101000000101000001
genCount 237
1
2 16  100 1001001000010001001011011110110011100011101001010011110010001000001001000100011000101000000101000001
genCount 241
1
2 15  100 1001001000010001001011011110110011100011101001010011110010001000001001000100011011101000000101000001
genCount 245
1
2 14  100 1001001000010010111011011110110011100011101001010011110010001000001001000100011011101000001101000001
genCount 248
1
2 13  100 1001001000010001001011011110110011100011101000010011110010001000001001000100011011101000001101000001
genCount 249
1
2 12  100 1001001000010001111011011110110011100011101000010011110010001000001001000100011011101000001101000001
genCount 260
1
2 11  100 1001001000010001111011011110110011100011101000011111110010001000001001000100011011101000001101000001
genCount 274
1
2 10  100 1001001000010001111011011110110011100011101000011111110010001011001001000100011011101000001101000001
genCount 282
1
2 9  100 1001001000010001111011011110110011100011101000011111110001001011001001000100011011101000001101000001
DONE after 3339 generations.
Finished computation at Thu Oct 24 16:59:06 2013
elapsed time: 299.138s
