START at Thu Oct 10 12:46:04 2013

genCount 1
1
33.02 33  100 0000111111100100000001000110100111001011010000110111010011101110110010000110010000101100101111110100
genCount 3
1
31.02 31  100 0000111111100111011010010011100110011010100111110000001101101010110010000110000000101111101101010011
genCount 4
1
18.01 18  100 1011100101001101100001000110000111001011110000001010000000101011101110110001001101101001101011101101
genCount 6
1
17.01 17  100 1100011011010000100111100100101011001011010000110001001011101011101110110001101001101111101011101001
genCount 8
3
17.01 17  100 1100011011010000100111100100101011001011010000110001000011101011101110110001101001101111101011101001
5 35  100 1000011000100101100001100100101001101001111000001010000100101011101110110001101001101001101111000010
3 39  100 0100111111100100010001000110111001101000100000101010000100101011101110110001101001101001101011010111
genCount 10
3
17.01 17  100 1100011011010000100111100100100111101000100000001010000100101000101110110001101001101111101011101001
5 35  100 1000011000100101100001100100101001101001111000001010000100101011101110110001101001101001101111000010
3 37  100 1000111111100100010001000110111001001010010000011010000100101011100110110001101001101001101011111101
genCount 11
3
17.01 17  100 1100011011010000100111100100100111101000100000001010000100101000101110110001101001101111101011101001
5 33  100 1000011000100101100001000100101011101001111000001010000000101011101110110001101001101011101111000010
3 34  100 1000011011010000100001101100101011001011010000001010000100101011111110110001101001101001101111000010
genCount 13
2
17.01 17  100 1110011011010000100111100100111011001000101000001010000011101001101110110101100001101111101011101001
3 33  100 1000111111010000100001101100111011001011010000110001000100101011101110110001101000101001101111000010
genCount 14
2
17.01 17  100 1110011011010000100111100100111011001000101000001010000011101001101110110101100001101111101011101001
3 32  100 1011001011010001100001101110101011101001111000001011010100101011101110110001101001101000101011111101
genCount 15
2
17.01 17  100 1110011011010000100111100100111011001000101000001010000011101001101110110101100001101111101011101001
3 31  100 1000111111010000100001101100111011001001111000001011010101101011101110110001101000101001101111000010
genCount 17
3
17.01 17  100 1110011011010000100111100100111011001000101000001010000011101001101110110101100001101111101011101001
5 30  100 1000011011000101110001101100111011001001111000001010000001101011101110110111100000101001100111000010
3 31  100 1011000011010000100001101110101001000001111000011011010100101011101110110001101000101001101011111101
genCount 18
2
17.01 17  100 1110011011010000100111100100111011001000101000001010000011101001101110110101100001101111101011101001
3 29  100 1011001011010001100001101110111011101001111000001011010100101011101110110001101001101001101111000001
genCount 19
2
17.01 17  100 1110011011010000100111100100111011001000101000001010000011101001101110110101100001101111101011101001
3 28  100 1011001011010001100001101110111011101001111000001011010010101011101110110001101001101001101111000001
genCount 21
2
17.01 17  100 1110011011010000100111100100111011001000101000001010000011101001101110110101100001101111101011101001
3 25  100 1011000011010000100001101110111001000001111000011011010001101011001110110001101011101011101111111101
genCount 26
2
17.01 17  100 1110011011010000100111100100111011001000101000001010000011101001101110110101100001101111101011101001
3 24  100 1011000011010001100001101110111011101001111000001111010001101011101110110001101011101011101111000001
genCount 27
2
17.01 17  100 1110011011010000100111100100111011001000101000001010000011101001101110110101100001101111101011101001
3 23  100 1011000011010001100001101110111001000001111000011011010001101011001110110001101011101011101111001001
genCount 30
2
17.01 17  100 1110011011010000100111100100111011001000101000001010000011101001101110110101100001101111101011101001
3 22  100 1011000011010001100001101110111001000001111000011111010001101011101110110001101011101011101111000001
genCount 33
2
17.01 17  100 1110011011010000100111100100111011001000101000001010000011101001101110110101100001101111101011101001
3 21  100 1011000011010001100001101110111011001001111000011111010001101011001110110001101001101001101101000001
genCount 35
2
17.01 17  100 1110011011010000100111100100111011001000101000001010000011101001101110110101100001101111101011101001
3 20  100 1001000011010001100001101110111011001001101000011111010001101011001110111001101011101010101111001001
genCount 39
2
17.01 17  100 1110011011010000100111100100111011001000101000001010000011101001101110110101100001101111101011101001
3 19  100 1011000011010001110001101110111011000001111000011111010001101011001110110001101001101001101101000001
genCount 43
2
17.01 17  100 1110011011010000100111100100111011001000101000001010000011101001101110110101100001101111101011101001
3 18  100 1011000011010001100001101110111011000011101000011011110001101011001110110001101011101011101101010001
genCount 44
1
3 17  100 1011000011010001110001101110111011000011101000011111110001101011001110100001101011101011101111001001
genCount 46
1
3 16  100 1001000011010001110001101110111011000001101000011111010001101011001110110001101001101000101101000001
genCount 47
1
3 14  100 1001000011010001110001101110110011000011111000011111110000101011001110110001101011101000101101000001
genCount 50
1
3 13  100 1001000011010001110001001110110001000011111000011111110001101011001110000001101011101000101101000001
genCount 52
1
3 12  100 1001000011010001110001001110110011000011101000011011110001101011001110000101111011101000101101000001
genCount 54
1
3 11  100 1001000011010001110001001110110011000011101000011011110001101011001110000101101011101000101101000001
genCount 56
1
3 10  100 1001000011010001110001001110110011000011101000011111110001101011001110000101101011101000101101000001
genCount 65
1
3 9  100 1001000011010001110001011110110011000011101000011111110001101011001110000101101011101000101101000001
genCount 76
1
3 8  100 1001000000010001110001011110110011000011101000011111110001101011001110000101101011101000101101000001
DONE after 162 generations.
Finished computation at Thu Oct 10 12:46:14 2013
elapsed time: 10.0344s
