OptimalFront
unaryHyperVol 324
Optimal front is obtained by exact method
-------------------------
3
1 7
3 6
5 5
runNumber 0
genCount 5773
elapsedTime 600.006
unaryHyperVol 325
binaryHyperVol -0.125
additiveEps 0
entropy 0.270001
archive 0
3
5 5  100 0100001011010111111011001100101000100000100000100110101000110001100110110001011001100101101000011011
2 6  100 0100001011100111111011001100101000100000100000100110101000110001100110110001011001100101101000011011
1 7  100 0100001011100111111011001100101000100000100010100110101000110001100110110001011001100101101000011011
runNumber 1
genCount 5804
elapsedTime 599.913
unaryHyperVol 325
binaryHyperVol -0.125
additiveEps 0
entropy 0.270001
archive 1
3
5 5  100 0100001011010111111011001100101000100000100000100110101000110001100110110001011001100101101000011011
2 6  100 0100001011100111111011001100101000100000100000100110101000110001100110110001011001100101101000011011
1 7  100 0100001011100111111011001100101000100000100010100110101000110001100110110001011001100101101000011011
runNumber 2
genCount 5715
elapsedTime 599.987
unaryHyperVol 325
binaryHyperVol -0.125
additiveEps 0
entropy 0.270001
archive 2
3
5 5  100 0100001011010111111011001100101000100000100000100110101000110001100110110001011001100101101000011011
2 6  100 0100001011100111111011001100101000100000100000100110101000110001100110110001011001100101101000011011
1 7  100 0100001011100111111011001100101000100000100010100110101000110001100110110001011001100101101000011011
runNumber 3
genCount 5845
elapsedTime 599.98
unaryHyperVol 325
binaryHyperVol -0.125
additiveEps 0
entropy 0.270001
archive 3
3
5 5  100 0100001011010111111011001100101000100000100000100110101000110001100110110001011001100101101000011011
2 6  100 0100001011100111111011001100101000100000100000100110101000110001100110110001011001100101101000011011
1 7  100 0100001011100111111011001100101000100000100010100110101000110001100110110001011001100101101000011011
runNumber 4
genCount 5739
elapsedTime 599.909
unaryHyperVol 325
binaryHyperVol -0.125
additiveEps 0
entropy 0.270001
archive 4
3
5 5  100 0100001011010111111011001100101000100000100000100110101000110001100110110001011001100101101000011011
2 6  100 0100001011100111111011001100101000100000100000100110101000110001100110110001011001100101101000011011
1 7  100 0100001011100111111011001100101000100000100010100110101000110001100110110001011001100101101000011011
runNumber 5
genCount 5781
elapsedTime 599.946
unaryHyperVol 325
binaryHyperVol -0.125
additiveEps 0
entropy 0.270001
archive 5
3
5 5  100 0100001011010111111011001100101000100000100000100110101000110001100110110001011001100101101000011011
2 6  100 0100001011100111111011001100101000100000100000100110101000110001100110110001011001100101101000011011
1 7  100 0100001011100111111011001100101000100000100010100110101000110001100110110001011001100101101000011011
runNumber 6
genCount 5704
elapsedTime 600.058
unaryHyperVol 325
binaryHyperVol -0.125
additiveEps 0
entropy 0.270001
archive 6
3
5 5  100 0100001011010111111011001100101000100000100000100110101000110001100110110001011001100101101000011011
2 6  100 0100001011100111111011001100101000100000100000100110101000110001100110110001011001100101101000011011
1 7  100 0100001011100111111011001100101000100000100010100110101000110001100110110001011001100101101000011011
runNumber 7
genCount 5817
elapsedTime 599.945
unaryHyperVol 325
binaryHyperVol -0.125
additiveEps 0
entropy 0.270001
archive 7
3
5 5  100 0100001011010111111011001100101000100000100000100110101000110001100110110001011001100101101000011011
2 6  100 0100001011100111111011001100101000100000100000100110101000110001100110110001011001100101101000011011
1 7  100 0100001011100111111011001100101000100000100010100110101000110001100110110001011001100101101000011011
runNumber 8
genCount 5648
elapsedTime 599.923
unaryHyperVol 325
binaryHyperVol -0.125
additiveEps 0
entropy 0.270001
archive 8
3
5 5  100 0100001011010111111011001100101000100000100000100110101000110001100110110001011001100101101000011011
2 6  100 0100001011100111111011001100101000100000100000100110101000110001100110110001011001100101101000011011
1 7  100 0100001011100111111011001100101000100000100010100110101000110001100110110001011001100101101000011011
runNumber 9
genCount 5787
elapsedTime 599.945
unaryHyperVol 325
binaryHyperVol -0.125
additiveEps 0
entropy 0.270001
archive 9
3
5 5  100 0100001011010111111011001100101000100000100000100110101000110001100110110001011001100101101000011011
2 6  100 0100001011100111111011001100101000100000100000100110101000110001100110110001011001100101101000011011
1 7  100 0100001011100111111011001100101000100000100010100110101000110001100110110001011001100101101000011011
runNumber 10
genCount 5816
elapsedTime 600.054
unaryHyperVol 325
binaryHyperVol -0.125
additiveEps 0
entropy 0.270001
archive 10
3
5 5  100 0100001011010111111011001100101000100000100000100110101000110001100110110001011001100101101000011011
2 6  100 0100001011100111111011001100101000100000100000100110101000110001100110110001011001100101101000011011
1 7  100 0100001011100111111011001100101000100000100010100110101000110001100110110001011001100101101000011011
runNumber 11
genCount 5879
elapsedTime 599.941
unaryHyperVol 325
binaryHyperVol -0.125
additiveEps 0
entropy 0.270001
archive 11
3
5 5  100 0100001011010111111011001100101000100000100000100110101000110001100110110001011001100101101000011011
2 6  100 0100001011100111111011001100101000100000100000100110101000110001100110110001011001100101101000011011
1 7  100 0100001011100111111011001100101000100000100010100110101000110001100110110001011001100101101000011011
runNumber 12
genCount 5865
elapsedTime 599.955
unaryHyperVol 325
binaryHyperVol -0.125
additiveEps 0
entropy 0.270001
archive 12
3
5 5  100 0100001011010111111011001100101000100000100000100110101000110001100110110001011001100101100000011011
2 6  100 0100001011100111111011001100101000100000100000100110101000110001100110110001011001100101101000011011
1 7  100 0100001011100111111011001100101000100000100010100110101000110001100110110001011001100101101000011011
runNumber 13
genCount 5854
elapsedTime 600.002
unaryHyperVol 325
binaryHyperVol -0.125
additiveEps 0
entropy 0.270001
archive 13
3
5 5  100 0100001011010111111011001100101000100000100000100110101000110001100110110001011001100101101000011011
2 6  100 0100001011100111111011001100101000100000100000100110101000110001100110110001011001100101101000011011
1 7  100 0100001011100111111011001100101000100000100010100110101000110001100110110001011001100101101000011011
runNumber 14
genCount 5849
elapsedTime 599.948
unaryHyperVol 325
binaryHyperVol -0.125
additiveEps 0
entropy 0.270001
archive 14
3
5 5  100 0100001011010111111011001100101000100000100000100110101000110001100110110001011001100101101000011011
2 6  100 0100001011100111111011001100101000100000100000100110101000110001100110110001011001100101101000011011
1 7  100 0100001011100111111011001100101000100000100010100110101000110001100110110001011001100101101000011011
runNumber 15
genCount 5819
elapsedTime 599.928
unaryHyperVol 325
binaryHyperVol -0.125
additiveEps 0
entropy 0.270001
archive 15
3
5 5  100 0100001011010111111011001100101000100000100000100110101000110001100110110001011001100101101000011011
2 6  100 0100001011100111111011001100101000100000100000100110101000110001100110110001011001100101101000011011
1 7  100 0100001011100111111011001100101000100000100010100110101000110001100110110001011001100101101000011011
runNumber 16
genCount 5705
elapsedTime 599.943
unaryHyperVol 325
binaryHyperVol -0.125
additiveEps 0
entropy 0.270001
archive 16
3
5 5  100 0100001011010111111011001100101000100000100000100110101000110001100110110001011001100101101000011011
2 6  100 0100001011100111111011001100101000100000100000100110101000110001100110110001011001100101101000011011
1 7  100 0100001011100111111011001100101000100000100010100110101000110001100110110001011001100101101000011011
runNumber 17
genCount 5676
elapsedTime 599.965
unaryHyperVol 325
binaryHyperVol -0.125
additiveEps 0
entropy 0.270001
archive 17
3
5 5  100 0100001011010111111011001100101000100000100000100110101000110001100110110001011001100101101000011011
2 6  100 0100001011100111111011001100101000100000100000100110101000110001100110110001011001100101101000011011
1 7  100 0100001011100111111011001100101000100000100010100110101000110001100110110001011001100101101000011011
runNumber 18
genCount 5741
elapsedTime 600.043
unaryHyperVol 325
binaryHyperVol -0.125
additiveEps 0
entropy 0.270001
archive 18
3
5 5  100 0100001011010111111011001100101000100000100000100110101000110001100110110001011001100101101000011011
2 6  100 0100001011100111111011001100101000100000100000100110101000110001100110110001011001100101101000011011
1 7  100 0100001011100111111011001100101000100000100010100110101000110001100110110001011001100101101000011011
runNumber 19
genCount 5719
elapsedTime 599.925
unaryHyperVol 325
binaryHyperVol -0.125
additiveEps 0
entropy 0.270001
archive 19
3
5 5  100 0100001011010111111011001100101000100000100000100110101000110001100110110001011001100101101000011011
2 6  100 0100001011100111111011001100101000100000100000100110101000110001100110110001011001100101101000011011
1 7  100 0100001011100111111011001100101000100000100010100110101000110001100110110001011001100101101000011011
runNumber 20
genCount 6009
elapsedTime 599.995
unaryHyperVol 325
binaryHyperVol -0.125
additiveEps 0
entropy 0.270001
archive 20
3
5 5  100 0100001011010111111011001100101000100000100000100110101000110001100110110001011001100101101000011011
2 6  100 0100001011100111111011001100101000100000100000100110101000110001100110110001011001100101101000011011
1 7  100 0100001011100111111011001100101000100000100010100110101000110001100110110001011001100101101000011011
runNumber 21
genCount 5788
elapsedTime 599.942
unaryHyperVol 325
binaryHyperVol -0.125
additiveEps 0
entropy 0.270001
archive 21
3
5 5  100 0100001011010111111011001100101000100000100000100110101000110001100110110001011001100101100000011011
2 6  100 0100001011100111111011001100101000100000100000100110101000110001100110110001011001100101101000011011
1 7  100 0100001011100111111011001100101000100000100010100110101000110001100110110001011001100101101000011011
runNumber 22
genCount 5786
elapsedTime 600.008
unaryHyperVol 325
binaryHyperVol -0.125
additiveEps 0
entropy 0.270001
archive 22
3
5 5  100 0100001011010111111011001100101000100000100000100110101000110001100110110001011001100101101000011011
2 6  100 0100001011100111111011001100101000100000100000100110101000110001100110110001011001100101101000011011
1 7  100 0100001011100111111011001100101000100000100010100110101000110001100110110001011001100101101000011011
runNumber 23
genCount 5771
elapsedTime 599.993
unaryHyperVol 325
binaryHyperVol -0.125
additiveEps 0
entropy 0.270001
archive 23
3
5 5  100 0100001011010111111011001100101000100000100000100110101000110001100110110001011001100101101000011011
2 6  100 0100001011100111111011001100101000100000100000100110101000110001100110110001011001100101101000011011
1 7  100 0100001011100111111011001100101000100000100010100110101000110001100110110001011001100101101000011011
runNumber 24
genCount 5863
elapsedTime 599.892
unaryHyperVol 325
binaryHyperVol -0.125
additiveEps 0
entropy 0.270001
archive 24
3
5 5  100 0100001011010111111011001100101000100000100000100110101000110001100110110001011001100101101000011011
2 6  100 0100001011100111111011001100101000100000100000100110101000110001100110110001011001100101101000011011
1 7  100 0100001011100111111011001100101000100000100010100110101000110001100110110001011001100101101000011011
runNumber 25
genCount 5806
elapsedTime 599.919
unaryHyperVol 325
binaryHyperVol -0.125
additiveEps 0
entropy 0.270001
archive 25
3
5 5  100 0100001011010111111011001100101000100000100000100110101000110001100110110001011001100101101000011011
2 6  100 0100001011100111111011001100101000100000100000100110101000110001100110110001011001100101101000011011
1 7  100 0100001011100111111011001100101000100000100010100110101000110001100110110001011001100101101000011011
runNumber 26
genCount 5710
elapsedTime 600.016
unaryHyperVol 325
binaryHyperVol -0.125
additiveEps 0
entropy 0.270001
archive 26
3
5 5  100 0100001011010111111011001100101000100000100000100110101000110001100110110001011001100101101000011011
2 6  100 0100001011100111111011001100101000100000100000100110101000110001100110110001011001100101101000010000
1 7  100 0100001011100111111011001100101000100000100010100110101000110001100110110001011001100101101000011011
runNumber 27
genCount 5762
elapsedTime 599.979
unaryHyperVol 325
binaryHyperVol -0.125
additiveEps 0
entropy 0.270001
archive 27
3
5 5  100 0100001011010111111011001100101000100000100000100110101000110001100110110001011001100101101000011011
2 6  100 0100001011100111111011001100101000100000100000100110101000110001100110110001011001100101101000011011
1 7  100 0100001011100111111011001100101000100000100010100110101000110001100110110001011001100101101000011011
runNumber 28
genCount 5763
elapsedTime 599.975
unaryHyperVol 325
binaryHyperVol -0.125
additiveEps 0
entropy 0.270001
archive 28
3
5 5  100 0100001011010111111011001100101000100000100000100110101000110001100110110001011001100101101000011011
2 6  100 0100001011100111111011001100101000100000100000100110101000110001100110110001011001100101101000011011
1 7  100 0100001011100111111011001100101000100000100010100110101000110001100110110001011001100101101000011011
runNumber 29
genCount 5830
elapsedTime 599.996
unaryHyperVol 325
binaryHyperVol -0.125
additiveEps 0
entropy 0.270001
archive 29
3
5 5  100 0100001011010111111011001100101000100000100000100110101000110001100110110001011001100101101000011011
2 6  100 0100001011100111111011001100101000100000100000100110101000110001100110110001011001100101101000011011
1 7  100 0100001011100111111011001100101000100000100010100110101000110001100110110001011001100101101000011011
