OptimalFront
unaryHyperVol 342
Optimal front is obtained by exact method
-------------------------
4
2 8
3 7
4 6
5 5
runNumber 0
genCount 5714
elapsedTime 600.003
unaryHyperVol 342
binaryHyperVol 0
additiveEps 0
entropy 0.168124
archive 0
4
5 5  100 1110101000011000101100100010101101000001001101010001011101000011101100101000000010100010101000100010
4 6  100 1110101000011000101100100010101101001001000101010001011101000011101100101000000010100010101000100010
3 7  100 1110101000011000101100100010101101001001001101010001011101101011101100101000000010100010101000100010
2 8  100 1110101000010000101100100010101101001001001101010001011101101011101100101000000010100010101000100010
runNumber 1
genCount 5683
elapsedTime 599.93
unaryHyperVol 342
binaryHyperVol 0
additiveEps 0
entropy 0.168124
archive 1
4
5 5  100 1110101000011000101100100010101101001001001101010001011101000011101100101000000010100010101000100010
4 6  100 1110101000011000101100100010101101001001000101010001011101000011101100101000000010100010101000100010
3 7  100 1110101000011000101100100010101101001001001101010001011101101011101100101000000010100010101000100010
2 8  100 1110101000010000101100100010101101001001001101010001011101101011101100101000000010100010101000100010
runNumber 2
genCount 5753
elapsedTime 599.937
unaryHyperVol 342
binaryHyperVol 0
additiveEps 0
entropy 0.168124
archive 2
4
5 5  100 1110101000011000101100100010101101000001001101010001011101000011101100101000000010100010000000100010
4 6  100 1110101000011000101100100010101101001001001101010001011100000011101100101000000010100010000000100010
3 7  100 1110101000011000101100100010101101001001001101010001011101101011101100101000000010100010000000100010
2 8  100 1110101000010000101100100010101101001001001101010001011101101011101100101000000010100010000000100010
runNumber 3
genCount 5685
elapsedTime 599.917
unaryHyperVol 342
binaryHyperVol 0
additiveEps 0
entropy 0.168124
archive 3
4
5 5  100 1110101000011000101100100010101101000001001101010001011101000011101100101000000010100010101000100010
4 6  100 1110101000011000101100100010101101001001000101010001011101000011101100101000000010100010101000100010
3 7  100 1110101000011000101100100010101101001001001101010001011101101011101100101000000010100010101000100010
2 8  100 1110101000010000101100100010101101001001001101010001011101101011101100101000000010100010101000100010
runNumber 4
genCount 5696
elapsedTime 599.985
unaryHyperVol 342
binaryHyperVol 0
additiveEps 0
entropy 0.168124
archive 4
4
5 5  100 1110101000011000101100100010101101001001001101010001011101000011101100101000000010100010101000100010
4 6  100 1110101000011000101100100010101101001001000101010001011101000011101100101000000010100010101000100010
3 7  100 1110101000011000101100100010101101000001001101010001011101101011101100101000000010100010101000100010
2 8  100 1110101000010000101100100010101101001001001101010001011101101011101100101000000010100010101000100010
runNumber 5
genCount 5882
elapsedTime 599.836
unaryHyperVol 342
binaryHyperVol 0
additiveEps 0
entropy 0.168124
archive 5
4
5 5  100 1110101000011000101100100010101101001001001101010001011101000011101100101000000010100010101000100010
4 6  100 1110101000011000101100100010101101001001000101010001011101000011101100101000000010100010101000100010
3 7  100 1110101000011000101100100010101101001001001101010001011101101011101100101000000010100010101000100010
2 8  100 1110101000010000101100100010101101001001001101010001011101101011101100101000000010100010101000100010
runNumber 6
genCount 5795
elapsedTime 599.926
unaryHyperVol 342
binaryHyperVol 0
additiveEps 0
entropy 0.168124
archive 6
4
5 5  100 1110101000011000101100100010101101000001001101010001011101000011101100101000000010100010101000100010
4 6  100 1110101000011000101100100010101101000001000101010001011101000011101100101000000010100010101000100010
3 7  100 1110101000011000101100100010101101001001001101010001011101101011101100101000000010100010101000100010
2 8  100 1110101000010000101100100010101101001001001101010001011101101011101100101000000010100010101000100010
runNumber 7
genCount 5710
elapsedTime 600.043
unaryHyperVol 342
binaryHyperVol 0
additiveEps 0
entropy 0.168124
archive 7
4
5 5  100 1110101000011000101100100010101101000001001101010001011101000011101100101000000010100010000000100010
4 6  100 1110101000011000101100100010101101000001000101010001011101000011101100101000000010100010000000100010
3 7  100 1110101000011000101100100010101101000001001101010001011101101011101100101000000010100010000000100010
2 8  100 1110101000010000101100100010101101000001001101010001011101101011101100101000000010100010000000100010
runNumber 8
genCount 5788
elapsedTime 599.839
unaryHyperVol 342
binaryHyperVol 0
additiveEps 0
entropy 0.168124
archive 8
4
5 5  100 1110101000011000101100100010101101001001001101010001011101000011101100101000000010100010101000100010
4 6  100 1110101000011000101100100010101101000001000101010001011101000011101100101000000010100010101000100010
3 7  100 1110101000011000101100100010101101001001001101010001011101101011101100101000000010100010101000100010
2 8  100 1110101000010000101100100010101101001001001101010001011101101011101100101000000010100010101000100010
runNumber 9
genCount 5556
elapsedTime 599.946
unaryHyperVol 342
binaryHyperVol 0
additiveEps 0
entropy 0.168124
archive 9
4
5 5  100 1110101000011000101100100010101101001001001101010001011101000011101100101000000010100010000000100010
4 6  100 1110101000011000101100100010101101001001001101010001011100000011101100101000000010100010000000100010
3 7  100 1110101000011000101100100010101101000001001101010001011101101011101100101000000010100010000000100010
2 8  100 1110101000010000101100100010101101001001001101010001011101101011101100101000000010100010000000100010
runNumber 10
genCount 5693
elapsedTime 599.971
unaryHyperVol 342
binaryHyperVol 0
additiveEps 0
entropy 0.168124
archive 10
4
5 5  100 1110101000011000101100100010101101001001001101010001011101000011101100101000000010100010101000100010
4 6  100 1110101000011000101100100010101101001001000101010001011101000011101100101000000010100010101000100010
3 7  100 1110101000011000101100100010101101001001001101010001011101101011101100101000000010100010101000100010
2 8  100 1110101000010000101100100010101101000001001101010001011101101011101100101000000010100010101000100010
runNumber 11
genCount 5790
elapsedTime 599.751
unaryHyperVol 342
binaryHyperVol 0
additiveEps 0
entropy 0.168124
archive 11
4
5 5  100 1110101000011000101100100010101101001001001101010001011101000011101100101000000010100010101000100010
4 6  100 1110101000011000101100100010101101001001000101010001011101000011101100101000000010100010101000100010
3 7  100 1110101000011000101100100010101101001001001101010001011101101011101100101000000010100010101000100010
2 8  100 1110101000010000101100100010101101000001001101010001011101101011101100101000000010100010101000100010
runNumber 12
genCount 5846
elapsedTime 599.88
unaryHyperVol 342
binaryHyperVol 0
additiveEps 0
entropy 0.168124
archive 12
4
5 5  100 1110101000011000101100100010101101001001001101010001011101000011101100101000000010100010101000100010
4 6  100 1110101000011000101100100010101101000001000101010001011101000011101100101000000010100010101000100010
3 7  100 1110101000011000101100100010101101001001001101010001011101101011101100101000000010100010101000100010
2 8  100 1110101000010000101100100010101101001001001101010001011101101011101100101000000010100010101000100010
runNumber 13
genCount 5774
elapsedTime 599.881
unaryHyperVol 342
binaryHyperVol 0
additiveEps 0
entropy 0.168124
archive 13
4
5 5  100 1110101000011000101100100010101101001001001101010001011101000011101100101000000010100010101000100010
4 6  100 1110101000011000101100100010101101001001000101010001011101000011101100101000000010100010101000100010
3 7  100 1110101000011000101100100010101101001001001101010001011101101011101100101000000010100010101000100010
2 8  100 1110101000010000101100100010101101001001001101010001011101101011101100101000000010100010101000100010
runNumber 14
genCount 5771
elapsedTime 599.981
unaryHyperVol 342
binaryHyperVol 0
additiveEps 0
entropy 0.168124
archive 14
4
5 5  100 1110101000011000101100100010101101001001001101010001011101000011101100101000000010100010000000100010
4 6  100 1110101000011000101100100010101101001001001101010001011100000011101100101000000010100010000000100010
3 7  100 1110101000011000101100100010101101001001001101010001011101101011101100101000000010100010000000100010
2 8  100 1110101000010000101100100010101101001001001101010001011101101011101100101000000010100010000000100010
runNumber 15
genCount 5635
elapsedTime 600.028
unaryHyperVol 342
binaryHyperVol 0
additiveEps 0
entropy 0.168124
archive 15
4
5 5  100 1110101000011000101100100010101101000001001101010001011101000011101100101000000010100010000000100010
4 6  100 1110101000011000101100100010101101000001000101010001011101000011101100101000000010100010000000100010
3 7  100 1110101000011000101100100010101101001001001101010001011101101011101100101000000010100010000000100010
2 8  100 1110101000010000101100100010101101000001001101010001011101101011101100101000000010100010000000100010
runNumber 16
genCount 5721
elapsedTime 599.997
unaryHyperVol 342
binaryHyperVol 0
additiveEps 0
entropy 0.168124
archive 16
4
5 5  100 1110101000011000101100100010101101000001001101010001011101000011101100101000000010100010101000100010
4 6  100 1110101000011000101100100010101101001001000101010001011101000011101100101000000010100010101000100010
3 7  100 1110101000011000101100100010101101000001001101010001011101101011101100101000000010100010101000100010
2 8  100 1110101000010000101100100010101101001001001101010001011101101011101100101000000010100010101000100010
runNumber 17
genCount 5691
elapsedTime 599.837
unaryHyperVol 342
binaryHyperVol 0
additiveEps 0
entropy 0.168124
archive 17
4
5 5  100 1110101000011000101100100010101101000001001101010001011101000011101100101000000010100010101000100010
4 6  100 1110101000011000101100100010101101000001000101010001011101000011101100101000000010100010101000100010
3 7  100 1110101000011000101100100010101101000001001101010001011101101011101100101000000010100010101000100010
2 8  100 1110101000010000101100100010101101001001001101010001011101101011101100101000000010100010101000100010
runNumber 18
genCount 5817
elapsedTime 599.893
unaryHyperVol 342
binaryHyperVol 0
additiveEps 0
entropy 0.168124
archive 18
4
5 5  100 1110101000011000101100100010101101000001001101010001011101000011101100101000000010100010000000100010
4 6  100 1110101000011000101100100010101101000001000101010001011101000011101100101000000010100010000000100010
3 7  100 1110101000011000101100100010101101000001001101010001011101101011101100101000000010100010000000100010
2 8  100 1110101000010000101100100010101101001001001101010001011101101011101100101000000010100010000000100010
runNumber 19
genCount 5690
elapsedTime 599.807
unaryHyperVol 342
binaryHyperVol 0
additiveEps 0
entropy 0.168124
archive 19
4
5 5  100 1110101000011000101100100010101101001001001101010001011101000011101100101000000010100010101000100010
4 6  100 1110101000011000101100100010101101000001000101010001011101000011101100101000000010100010101000100010
3 7  100 1110101000011000101100100010101101000001001101010001011101101011101100101000000010100010101000100010
2 8  100 1110101000010000101100100010101101001001001101010001011101101011101100101000000010100010101000100010
runNumber 20
genCount 5897
elapsedTime 599.947
unaryHyperVol 342
binaryHyperVol 0
additiveEps 0
entropy 0.168124
archive 20
4
5 5  100 1110101000011000101100100010101101000001001101010001011101000011101100101000000010100010101000100010
4 6  100 1110101000011000101100100010101101000001000101010001011101000011101100101000000010100010101000100010
3 7  100 1110101000011000101100100010101101000001001101010001011101101011101100101000000010100010101000100010
2 8  100 1110101000010000101100100010101101000001001101010001011101101011101100101000000010100010101000100010
runNumber 21
genCount 5795
elapsedTime 599.892
unaryHyperVol 342
binaryHyperVol 0
additiveEps 0
entropy 0.168124
archive 21
4
5 5  100 1110101000011000101100100010101101000001001101010001011101000011101100101000000010100010101000100010
4 6  100 1110101000011000101100100010101101000001000101010001011101000011101100101000000010100010101000100010
3 7  100 1110101000011000101100100010101101001001001101010001011101101011101100101000000010100010101000100010
2 8  100 1110101000010000101100100010101101001001001101010001011101101011101100101000000010100010101000100010
runNumber 22
genCount 5761
elapsedTime 599.963
unaryHyperVol 342
binaryHyperVol 0
additiveEps 0
entropy 0.168124
archive 22
4
5 5  100 1110101000011000101100100010101101001001001101010001011101000011101100101000000010100010101000100010
4 6  100 1110101000011000101100100010101101001001000101010001011101000011101100101000000010100010000000100010
3 7  100 1110101000011000101100100010101101001001001101010001011101101011101100101000000010100010101000100010
2 8  100 1110101000010000101100100010101101001001001101010001011101101011101100101000000010100010101000100010
runNumber 23
genCount 5851
elapsedTime 599.889
unaryHyperVol 342
binaryHyperVol 0
additiveEps 0
entropy 0.168124
archive 23
4
5 5  100 1110101000011000101100100010101101001001001101010001011101000011101100101000000010100010000000100010
4 6  100 1110101000011000101100100010101101001001001101010001011100000011101100101000000010100010000000100010
3 7  100 1110101000011000101100100010101101000001001101010001011101101011101100101000000010100010000000100010
2 8  100 1110101000010000101100100010101101000001001101010001011101101011101100101000000010100010000000100010
runNumber 24
genCount 5717
elapsedTime 599.89
unaryHyperVol 342
binaryHyperVol 0
additiveEps 0
entropy 0.168124
archive 24
4
5 5  100 1110101000011000101100100010101101001001001101010001011101000011101100101000000010100010000000100010
4 6  100 1110101000011000101100100010101101001001000101010001011101000011101100101000000010100010000000100010
3 7  100 1110101000011000101100100010101101001001001101010001011101101011101100101000000010100010000000100010
2 8  100 1110101000010000101100100010101101001001001101010001011101101011101100101000000010100010000000100010
runNumber 25
genCount 5722
elapsedTime 599.96
unaryHyperVol 342
binaryHyperVol 0
additiveEps 0
entropy 0.168124
archive 25
4
5 5  100 1110101000011000101100100010101101001001001101010001011101000011101100101000000010100010101000100010
4 6  100 1110101000011000101100100010101101000001000101010001011101000011101100101000000010100010101000100010
3 7  100 1110101000011000101100100010101101001001001101010001011101101011101100101000000010100010101000100010
2 8  100 1110101000010000101100100010101101000001001101010001011101101011101100101000000010100010101000100010
runNumber 26
genCount 5634
elapsedTime 599.848
unaryHyperVol 342
binaryHyperVol 0
additiveEps 0
entropy 0.168124
archive 26
4
5 5  100 1110101000011000101100100010101101001001001101010001011101000011101100101000000010100010101000100010
4 6  100 1110101000011000101100100010101101001001000101010001011101000011101100101000000010100010101000100010
3 7  100 1110101000011000101100100010101101001001001101010001011101101011101100101000000010100010101000100010
2 8  100 1110101000010000101100100010101101001001001101010001011101101011101100101000000010100010101000100010
runNumber 27
genCount 5580
elapsedTime 600.031
unaryHyperVol 342
binaryHyperVol 0
additiveEps 0
entropy 0.168124
archive 27
4
5 5  100 1110101000011000101100100010101101001001001101010001011101000011101100101000000010100010101000100010
4 6  100 1110101000011000101100100010101101000001000101010001011101000011101100101000000010100010101000100010
3 7  100 1110101000011000101100100010101101000001001101010001011101101011101100101000000010100010101000100010
2 8  100 1110101000010000101100100010101101001001001101010001011101101011101100101000000010100010101000100010
runNumber 28
genCount 5644
elapsedTime 599.829
unaryHyperVol 342
binaryHyperVol 0
additiveEps 0
entropy 0.168124
archive 28
4
5 5  100 1110101000011000101100100010101101001001001101010001011101000011101100101000000010100010101000100010
4 6  100 1110101000011000101100100010101101000001000101010001011101000011101100101000000010100010101000100010
3 7  100 1110101000011000101100100010101101001001001101010001011101101011101100101000000010100010101000100010
2 8  100 1110101000010000101100100010101101000001001101010001011101101011101100101000000010100010101000100010
runNumber 29
genCount 5671
elapsedTime 600.01
unaryHyperVol 342
binaryHyperVol 0
additiveEps 0
entropy 0.168124
archive 29
4
5 5  100 1110101000011000101100100010101101000001001101010001011101000011101100101000000010100010000000100010
4 6  100 1110101000011000101100100010101101000001001101010001011100000011101100101000000010100010000000100010
3 7  100 1110101000011000101100100010101101001001001101010001011101101011101100101000000010100010000000100010
2 8  100 1110101000010000101100100010101101001001001101010001011101101011101100101000000010100010000000100010
