OptimalFront
unaryHyperVol 335
Optimal front is obtained by exact method
-------------------------
4
2 8
3 7
4 6
5 5
runNumber 0
genCount 5797
elapsedTime 599.951
unaryHyperVol 325
binaryHyperVol 4.22222
additiveEps 0.333333
entropy 0.449615
archive 0
3
5 6  100 1000101000010001010110000010001100010101000101011001010100000011010000110010100010001000101111110111
4 7  100 1000101000010001010110000010001100010101000101011001010100000011110000110010100010001000101111110111
2 8  100 1000101000010001010110000010001100010101000101011001010100000011011010110010100010001000101111110111
runNumber 1
genCount 5987
elapsedTime 599.858
unaryHyperVol 327
binaryHyperVol 4
additiveEps 0.333333
entropy 0.482558
archive 1
3
4 6  100 1000101000000100010110000010001100100101000101010001010100011011010000110010100010001000101111110111
3 7  100 1000101000000100010110000010001100100101000101011001010100011011011010110010100010001000101111110111
2 8  100 1000101000010001010110000010001100100101000101011001010100011011011010110010100010001000101111110111
runNumber 2
genCount 6144
elapsedTime 599.734
unaryHyperVol 318
binaryHyperVol 8.11111
additiveEps 0.666667
entropy 0.509891
archive 2
2
3 7  100 1000101000000100010110000010001100100101000101011001010100011011011010110010100010001000101111110111
2 8  100 1000101000010001010110000010001100100101000101011001010100011011011010110010100010001000101111110111
runNumber 3
genCount 5829
elapsedTime 600.019
unaryHyperVol 318
binaryHyperVol 8.11111
additiveEps 0.666667
entropy 0.509891
archive 3
2
3 7  100 1000101000000100010110000010001100100101000101011001010100011011011010110010100010001000101111110111
2 8  100 1000101000010001010110000010001100100101000101011001010100011011011010110010100010001000101111110111
runNumber 4
genCount 5837
elapsedTime 599.902
unaryHyperVol 335
binaryHyperVol 0
additiveEps 0
entropy 0.168124
archive 4
4
5 5  100 1000101000000100010110000010001100010101000101011001010100011011010000110010100010001000101111110111
4 6  100 1000101000000100010110000010001100010101000101010001010100011011010000110010100010001000101111110111
3 7  100 1000101000000100010110000010001100010101000101011001010100011011011010110010100010001000101111110111
2 8  100 1000101000010001010110000010001100010101000101011001010100011011011010110010100010001000101111110111
runNumber 5
genCount 5732
elapsedTime 599.772
unaryHyperVol 335
binaryHyperVol 0
additiveEps 0
entropy 0.168124
archive 5
4
5 5  100 1000101000000100010110000010001100010101000101011001010100011011010000110010100010001000101111110111
4 6  100 1000101000000100010110000010001100010101000101010001010100011011010000110010100010001000101111110111
3 7  100 1000101000000100010110000010001100010101000101011001010100011011011010110010100010001000101111110111
2 8  100 1000101000010001010110000010001100010101000101011001010100011011011010110010100010001000101111110111
runNumber 6
genCount 5981
elapsedTime 599.969
unaryHyperVol 325
binaryHyperVol 4.22222
additiveEps 0.333333
entropy 0.449615
archive 6
3
5 6  100 1000101000010001010110000010001100010101000101011001010100011011010000110010100010001000101111110111
4 7  100 1000101000010001010110000010001100010101000101010001010100011011010000110010100010001000101111110111
2 8  100 1000101000010001010110000010001100010101000101011001010100011011011010110010100010001000101111110111
runNumber 7
genCount 5987
elapsedTime 599.923
unaryHyperVol 318
binaryHyperVol 8.11111
additiveEps 0.666667
entropy 0.509891
archive 7
2
3 7  100 1000101000000100010110000010001100100101000101011001010100011011011010110010100010001000101111110111
2 8  100 1000101000010001010110000010001100100101000101011001010100011011011010110010100010001000101111110111
runNumber 8
genCount 5851
elapsedTime 599.933
unaryHyperVol 325
binaryHyperVol 4.22222
additiveEps 0.333333
entropy 0.449615
archive 8
3
5 6  100 1000101000010001010110000010001100010101000101011001010100011011010000110010100010001000101111110111
4 7  100 1000101000010001010110000010001100010101000101010001010100011011010000110010100010001000101111110111
2 8  100 1000101000010001010110000010001100010101000101011001010100011011011010110010100010001000101111110111
runNumber 9
genCount 6150
elapsedTime 599.955
unaryHyperVol 318
binaryHyperVol 8.11111
additiveEps 0.666667
entropy 0.509891
archive 9
2
3 7  100 1000101000000100010110000010001100100101000101011001010100000011011010110010100010001000101111110111
2 8  100 1000101000010001010110000010001100100101000101011001010100000011011010110010100010001000101111110111
runNumber 10
genCount 5933
elapsedTime 599.895
unaryHyperVol 325
binaryHyperVol 4.22222
additiveEps 0.333333
entropy 0.449615
archive 10
3
5 6  100 1000101000010001010110000010001100010101000101011001010100000011010000110010100010001000101111110111
4 7  100 1000101000010001010110000010001100010101000101011001010100000011110000110010100010001000101111110111
2 8  100 1000101000010001010110000010001100010101000101011001010100000011011010110010100010001000101111110111
runNumber 11
genCount 6215
elapsedTime 599.875
unaryHyperVol 325
binaryHyperVol 4.22222
additiveEps 0.333333
entropy 0.449615
archive 11
3
5 6  100 1000101000010001010110000010001100010101000101011001010100011011010000110010100010001000101111110111
4 7  100 1000101000010001010110000010001100010101000101010001010100011011010000110010100010001000101111110111
2 8  100 1000101000010001010110000010001100100101000101011001010100011011011010110010100010001000101111110111
runNumber 12
genCount 5951
elapsedTime 599.919
unaryHyperVol 327
binaryHyperVol 4
additiveEps 0.333333
entropy 0.482558
archive 12
3
4 6  100 1000101000000100010110000010001100100101000101010001010100011011010000110010100010001000101111110111
3 7  100 1000101000000100010110000010001100100101000101011001010100011011011010110010100010001000101111110111
2 8  100 1000101000010001010110000010001100100101000101011001010100011011011010110010100010001000101111110111
runNumber 13
genCount 6196
elapsedTime 599.93
unaryHyperVol 308
binaryHyperVol 12.3333
additiveEps 1
entropy 0
archive 13
1
2 8  100 1000101000010001010110000010001100100101000101011001010100011011011010110010100010001000101111110111
runNumber 14
genCount 6091
elapsedTime 599.9
unaryHyperVol 308
binaryHyperVol 12.3333
additiveEps 1
entropy 0
archive 14
1
2 8  100 1000101000010001010110000010001100100101000101011001010100011011011010110010100010001000101111110111
runNumber 15
genCount 6081
elapsedTime 600.053
unaryHyperVol 318
binaryHyperVol 8.11111
additiveEps 0.666667
entropy 0.509891
archive 15
2
3 7  100 1000101000000100010110000010001100100101000101011001010100000011011010110010100010001000101111110111
2 8  100 1000101000010001010110000010001100100101000101011001010100000011011010110010100010001000101111110111
runNumber 16
genCount 6166
elapsedTime 599.879
unaryHyperVol 308
binaryHyperVol 12.3333
additiveEps 1
entropy 0
archive 16
1
2 8  100 1000101000010001010110000010001100100101000101011001010100011011011010110010100010001000101111110111
runNumber 17
genCount 5787
elapsedTime 599.928
unaryHyperVol 335
binaryHyperVol 0
additiveEps 0
entropy 0.168124
archive 17
4
5 5  100 1000101000000100010110000010001100010101000101011001010100011011010000110010100010001000101111110111
4 6  100 1000101000000100010110000010001100010101000101010001010100011011010000110010100010001000101111110111
3 7  100 1000101000000100010110000010001100010101000101011001010100011011011010110010100010001000101111110111
2 8  100 1000101000010001010110000010001100010101000101011001010100011011011010110010100010001000101111110111
runNumber 18
genCount 5892
elapsedTime 599.918
unaryHyperVol 317
binaryHyperVol 8.22222
additiveEps 0.666667
entropy 0.49717
archive 18
2
4 7  100 1000101000010001010110000010001100100101000101011001010100000011110000110010100010001000101111110111
2 8  100 1000101000010001010110000010001100100101000101011001010100000011011010110010100010001000101111110111
runNumber 19
genCount 5833
elapsedTime 600.04
unaryHyperVol 335
binaryHyperVol 0
additiveEps 0
entropy 0.168124
archive 19
4
5 5  100 1000101000000100010110000010001100010101000101011001010100011011010000110010100010001000101111110111
4 6  100 1000101000000100010110000010001100010101000101010001010100011011010000110010100010001000101111110111
3 7  100 1000101000000100010110000010001100010101000101011001010100011011011010110010100010001000101111110111
2 8  100 1000101000010001010110000010001100010101000101011001010100011011011010110010100010001000101111110111
runNumber 20
genCount 6016
elapsedTime 599.917
unaryHyperVol 318
binaryHyperVol 8.11111
additiveEps 0.666667
entropy 0.509891
archive 20
2
3 7  100 1000101000000100010110000010001100100101000101011001010100011011011010110010100010001000101111110111
2 8  100 1000101000010001010110000010001100100101000101011001010100011011011010110010100010001000101111110111
runNumber 21
genCount 5825
elapsedTime 599.918
unaryHyperVol 318
binaryHyperVol 8.11111
additiveEps 0.666667
entropy 0.509891
archive 21
2
3 7  100 1000101000000100010110000010001100100101000101011001010100011011011010110010100010001000101111110111
2 8  100 1000101000010001010110000010001100100101000101011001010100011011011010110010100010001000101111110111
runNumber 22
genCount 5669
elapsedTime 599.973
unaryHyperVol 335
binaryHyperVol 0
additiveEps 0
entropy 0.168124
archive 22
4
5 5  100 1000101000000100010110000010001100010101000101011001010100011011010000110010100010001000101111110111
4 6  100 1000101000000100010110000010001100010101000101010001010100011011010000110010100010001000101111110111
3 7  100 1000101000000100010110000010001100010101000101011001010100011011011010110010100010001000101111110111
2 8  100 1000101000010001010110000010001100010101000101011001010100011011011010110010100010001000101111110111
runNumber 23
genCount 6003
elapsedTime 600.013
unaryHyperVol 325
binaryHyperVol 4.22222
additiveEps 0.333333
entropy 0.449615
archive 23
3
5 6  100 1000101000010001010110000010001100010101000101011001010100011011010000110010100010001000101111110111
4 7  100 1000101000010001010110000010001100010101000101010001010100011011010000110010100010001000101111110111
2 8  100 1000101000010001010110000010001100010101000101011001010100011011011010110010100010001000101111110111
runNumber 24
genCount 6048
elapsedTime 599.849
unaryHyperVol 317
binaryHyperVol 8.22222
additiveEps 0.666667
entropy 0.49717
archive 24
2
4 7  100 1000101000010001010110000010001100100101000101010001010100011011010000110010100010001000101111110111
2 8  100 1000101000010001010110000010001100100101000101011001010100011011011010110010100010001000101111110111
runNumber 25
genCount 5736
elapsedTime 599.936
unaryHyperVol 325
binaryHyperVol 4.22222
additiveEps 0.333333
entropy 0.449615
archive 25
3
5 6  100 1000101000010001010110000010001100010101000101011001010100000011010000110010100010001000101111110111
4 7  100 1000101000010001010110000010001100010101000101010001010100000011010000110010100010001000101111110111
2 8  100 1000101000010001010110000010001100010101000101011001010100000011011010110010100010001000101111110111
runNumber 26
genCount 5811
elapsedTime 599.981
unaryHyperVol 327
binaryHyperVol 4
additiveEps 0.333333
entropy 0.482558
archive 26
3
4 6  100 1000101000000100010110000010001100100101000101010001010100000011010000110010100010001000101111110111
3 7  100 1000101000000100010110000010001100100101000101011001010100000011011010110010100010001000101111110111
2 8  100 1000101000010001010110000010001100100101000101011001010100000011011010110010100010001000101111110111
runNumber 27
genCount 5965
elapsedTime 599.888
unaryHyperVol 318
binaryHyperVol 8.11111
additiveEps 0.666667
entropy 0.509891
archive 27
2
3 7  100 1000101000000100010110000010001100100101000101011001010100011011011010110010100010001000101111110111
2 8  100 1000101000010001010110000010001100100101000101011001010100011011011010110010100010001000101111110111
runNumber 28
genCount 5979
elapsedTime 599.848
unaryHyperVol 325
binaryHyperVol 4.22222
additiveEps 0.333333
entropy 0.449615
archive 28
3
5 6  100 1000101000010001010110000010001100010101000101011001010100000011010000110010100010001000101111110111
4 7  100 1000101000010001010110000010001100010101000101011001010100000011110000110010100010001000101111110111
2 8  100 1000101000010001010110000010001100010101000101011001010100000011011010110010100010001000101111110111
runNumber 29
genCount 5531
elapsedTime 599.884
unaryHyperVol 335
binaryHyperVol 0
additiveEps 0
entropy 0.168124
archive 29
4
5 5  100 1000101000000100010110000010001100010101000101011001010100011011010000110010100010001000101111110111
4 6  100 1000101000000100010110000010001100010101000101010001010100011011010000110010100010001000101111110111
3 7  100 1000101000000100010110000010001100010101000101011001010100011011011010110010100010001000101111110111
2 8  100 1000101000010001010110000010001100010101000101011001010100011011011010110010100010001000101111110111
