OptimalFront
unaryHyperVol 459
Optimal front is obtained by exact method
-------------------------
3
2 8
3 7
4 6
runNumber 0
genCount 5821
elapsedTime 599.892
unaryHyperVol 459
binaryHyperVol 0
additiveEps 0
entropy 0.461903
archive 0
3
4 6  100 1000011000010000001001111010101100111111111010101010111001001000001110101111101110101110010101100110
3 7  100 1000011000010100001001111010101100111111111010101010111001000000001110101111101110101110010101100110
2 8  100 1000011000010000001001111010101100111111111010101010111001001000001110101100011110101110010101100110
runNumber 1
genCount 5992
elapsedTime 599.934
unaryHyperVol 459
binaryHyperVol 0
additiveEps 0
entropy 0.461903
archive 1
3
4 6  100 1000010100010000001001111010101100111111111010101010111001000000001110101111101110101110010101100101
3 7  100 1000010100010100001001111010101100111111111010101010111001001000001110101111101110101110010101100101
2 8  100 1000010100010000001001111010101100111111111010101010111001001000001110101100011110101110010101100101
runNumber 2
genCount 5705
elapsedTime 599.833
unaryHyperVol 459
binaryHyperVol 0
additiveEps 0
entropy 0.461903
archive 2
3
4 6  100 1000010100010000001001111010101100111111111010101010111001000000001110101111101110101110010101100101
3 7  100 1000010100010100001001111010101100111111111010101010111001001000001110101111101110101110010101100101
2 8  100 1000010100010000001001111010101100111111111010101010111001000000001110101100011110101110010101100101
runNumber 3
genCount 5819
elapsedTime 599.964
unaryHyperVol 459
binaryHyperVol 0
additiveEps 0
entropy 0.461903
archive 3
3
4 6  100 1000011000010000001001111010101100111111111010101010111001001000001110101111101110101110010101100101
3 7  100 1000011000010100001001111010101100111111111010101010111001001000001110101111101110101110010101100101
2 8  100 1000011000010000001001111010101100111111111010101010111001001000001110101100011110101110010101100101
runNumber 4
genCount 5855
elapsedTime 599.948
unaryHyperVol 459
binaryHyperVol 0
additiveEps 0
entropy 0.461903
archive 4
3
4 6  100 1000011000010000001001111010101100111111111010101010111001001000001110101111101110101110010101100110
3 7  100 1000011000010100001001111010101100111111111010101010111001001000001110101111101110101110010101100110
2 8  100 1000011000010000001001111010101100111111111010101010111001001000001110101100011110101110010101100110
runNumber 5
genCount 5817
elapsedTime 599.721
unaryHyperVol 459
binaryHyperVol 0
additiveEps 0
entropy 0.461903
archive 5
3
4 6  100 1000010100010000001001111010101100111111111010101010111001000000001110101111101110101110010101100110
3 7  100 1000010100010100001001111010101100111111111010101010111001000000001110101111101110101110010101100110
2 8  100 1000010100010000001001111010101100111111111010101010111001000000001110101100011110101110010101100110
runNumber 6
genCount 5858
elapsedTime 600.002
unaryHyperVol 459
binaryHyperVol 0
additiveEps 0
entropy 0.461903
archive 6
3
4 6  100 1000011000010000001001111010101100111111111010101010111001001000001110101111101110101110010101100110
3 7  100 1000011000010100001001111010101100111111111010101010111001000000001110101111101110101110010101100110
2 8  100 1000011000010000001001111010101100111111111010101010111001001000001110101100011110101110010101100110
runNumber 7
genCount 5806
elapsedTime 599.881
unaryHyperVol 459
binaryHyperVol 0
additiveEps 0
entropy 0.461903
archive 7
3
4 6  100 1000011000010000001001111010101100111111111010101010111001001000001110101111101110101110010101100110
3 7  100 1000011000010100001001111010101100111111111010101010111001000000001110101111101110101110010101100110
2 8  100 1000011000010000001001111010101100111111111010101010111001000000001110101100011110101110010101100110
runNumber 8
genCount 5766
elapsedTime 599.977
unaryHyperVol 459
binaryHyperVol 0
additiveEps 0
entropy 0.461903
archive 8
3
4 6  100 1000011000010000001001111010101100111111111010101010111001000000001110101111101110101110010101100110
3 7  100 1000011000010100001001111010101100111111111010101010111001001000001110101111101110101110010101100110
2 8  100 1000011000010000001001111010101100111111111010101010111001000000001110101100011110101110010101100110
runNumber 9
genCount 5739
elapsedTime 600.022
unaryHyperVol 459
binaryHyperVol 0
additiveEps 0
entropy 0.461903
archive 9
3
4 6  100 1000011000010000001001111010101100111111111010101010111001001000001110101111101110101110010101100101
3 7  100 1000011000010100001001111010101100111111111010101010111001000000001110101111101110101110010101100101
2 8  100 1000011000010000001001111010101100111111111010101010111001001000001110101100011110101110010101100101
runNumber 10
genCount 5783
elapsedTime 599.929
unaryHyperVol 459
binaryHyperVol 0
additiveEps 0
entropy 0.461903
archive 10
3
4 6  100 1000011000010000001001111010101100111111111010101010111001001000001110101111101110101110010101100110
3 7  100 1000011000010100001001111010101100111111111010101010111001001000001110101111101110101110010101100110
2 8  100 1000011000010000001001111010101100111111111010101010111001001000001110101100011110101110010101100110
runNumber 11
genCount 5813
elapsedTime 599.986
unaryHyperVol 459
binaryHyperVol 0
additiveEps 0
entropy 0.461903
archive 11
3
4 6  100 1000011000010000001001111010101100111111111010101010111001000000001110101111101110101110010101100110
3 7  100 1000011000010100001001111010101100111111111010101010111001000000001110101111101110101110010101100110
2 8  100 1000011000010000001001111010101100111111111010101010111001001000001110101100011110101110010101100110
runNumber 12
genCount 5934
elapsedTime 599.91
unaryHyperVol 428
binaryHyperVol 19
additiveEps 0.5
entropy 0.488066
archive 12
2
4 6  100 1000011000010000001001111010101100111111111010101010111001001000001110101111101110101110010101100110
3 7  100 1000011000010100001001111010101100111111111010101010111001001000001110101111101110101110010101100110
runNumber 13
genCount 5823
elapsedTime 599.98
unaryHyperVol 459
binaryHyperVol 0
additiveEps 0
entropy 0.461903
archive 13
3
4 6  100 1000011000010000001001111010101100111111111010101010111001001000001110101111101110101110010101100110
3 7  100 1000011000010100001001111010101100111111111010101010111001001000001110101111101110101110010101100110
2 8  100 1000011000010000001001111010101100111111111010101010111001001000001110101100011110101110010101100110
runNumber 14
genCount 5931
elapsedTime 599.947
unaryHyperVol 459
binaryHyperVol 0
additiveEps 0
entropy 0.461903
archive 14
3
4 6  100 1000011000010000001001111010101100111111111010101010111001000000001110101111101110101110010101100110
3 7  100 1000011000010100001001111010101100111111111010101010111001001000001110101111101110101110010101100110
2 8  100 1000011000010000001001111010101100111111111010101010111001000000001110101100011110101110010101100110
runNumber 15
genCount 5864
elapsedTime 599.927
unaryHyperVol 459
binaryHyperVol 0
additiveEps 0
entropy 0.461903
archive 15
3
4 6  100 1000011000010000001001111010101100111111111010101010111001001000001110101111101110101110010101100101
3 7  100 1000011000010100001001111010101100111111111010101010111001001000001110101111101110101110010101100101
2 8  100 1000011000010000001001111010101100111111111010101010111001000000001110101100011110101110010101100101
runNumber 16
genCount 5844
elapsedTime 599.954
unaryHyperVol 459
binaryHyperVol 0
additiveEps 0
entropy 0.461903
archive 16
3
4 6  100 1000011000010000001001111010101100111111111010101010111001000000001110101111101110101110010101100110
3 7  100 1000011000010100001001111010101100111111111010101010111001000000001110101111101110101110010101100110
2 8  100 1000011000010000001001111010101100111111111010101010111001001000001110101100011110101110010101100110
runNumber 17
genCount 5601
elapsedTime 600.045
unaryHyperVol 459
binaryHyperVol 0
additiveEps 0
entropy 0.461903
archive 17
3
4 6  100 1000011000010000001001111010101100111111111010101010111001000000001110101111101110101110010101100110
3 7  100 1000011000010100001001111010101100111111111010101010111001000000001110101111101110101110010101100110
2 8  100 1000011000010000001001111010101100111111111010101010111001000000001110101100011110101110010101100110
runNumber 18
genCount 5539
elapsedTime 599.808
unaryHyperVol 459
binaryHyperVol 0
additiveEps 0
entropy 0.461903
archive 18
3
4 6  100 1000011000010000001001111010101100111111111010101010111001001000001110101111101110101110010101100101
3 7  100 1000011000010100001001111010101100111111111010101010111001000000001110101111101110101110010101100101
2 8  100 1000011000010000001001111010101100111111111010101010111001000000001110101100011110101110010101100101
runNumber 19
genCount 5698
elapsedTime 599.992
unaryHyperVol 459
binaryHyperVol 0
additiveEps 0
entropy 0.461903
archive 19
3
4 6  100 1000011000010000001001111010101100111111111010101010111001001000001110101111101110101110010101100110
3 7  100 1000011000010100001001111010101100111111111010101010111001001000001110101111101110101110010101100110
2 8  100 1000011000010000001001111010101100111111111010101010111001000000001110101100011110101110010101100110
runNumber 20
genCount 5687
elapsedTime 599.971
unaryHyperVol 459
binaryHyperVol 0
additiveEps 0
entropy 0.461903
archive 20
3
4 6  100 1000011000010000001001111010101100111111111010101010111001000000001110101111101110101110010101100101
3 7  100 1000011000010100001001111010101100111111111010101010111001001000001110101111101110101110010101100101
2 8  100 1000011000010000001001111010101100111111111010101010111001000000001110101100011110101110010101100101
runNumber 21
genCount 5647
elapsedTime 599.922
unaryHyperVol 459
binaryHyperVol 0
additiveEps 0
entropy 0.461903
archive 21
3
4 6  100 1000010100010000001001111010101100111111111010101010111001000000001110101111101110101110010101100101
3 7  100 1000010100010100001001111010101100111111111010101010111001001000001110101111101110101110010101100101
2 8  100 1000010100010000001001111010101100111111111010101010111001000000001110101100011110101110010101100101
runNumber 22
genCount 5692
elapsedTime 600.009
unaryHyperVol 459
binaryHyperVol 0
additiveEps 0
entropy 0.461903
archive 22
3
4 6  100 1000011000010000001001111010101100111111111010101010111001000000001110101111101110101110010101100110
3 7  100 1000011000010100001001111010101100111111111010101010111001000000001110101111101110101110010101100110
2 8  100 1000011000010000001001111010101100111111111010101010111001001000001110101100011110101110010101100110
runNumber 23
genCount 5712
elapsedTime 599.953
unaryHyperVol 459
binaryHyperVol 0
additiveEps 0
entropy 0.461903
archive 23
3
4 6  100 1000011000010000001001111010101100111111111010101010111001001000001110101111101110101110010101100110
3 7  100 1000011000010100001001111010101100111111111010101010111001001000001110101111101110101110010101100110
2 8  100 1000011000010000001001111010101100111111111010101010111001001000001110101100011110101110010101100110
runNumber 24
genCount 5631
elapsedTime 600.008
unaryHyperVol 459
binaryHyperVol 0
additiveEps 0
entropy 0.461903
archive 24
3
4 6  100 1000010100010000001001111010101100111111111010101010111001000000001110101111101110101110010101100110
3 7  100 1000010100010100001001111010101100111111111010101010111001000000001110101111101110101110010101100110
2 8  100 1000010100010000001001111010101100111111111010101010111001000000001110101100011110101110010101100110
runNumber 25
genCount 5702
elapsedTime 599.993
unaryHyperVol 459
binaryHyperVol 0
additiveEps 0
entropy 0.461903
archive 25
3
4 6  100 1000010100010000001001111010101100111111111010101010111001000000001110101111101110101110010101100101
3 7  100 1000010100010100001001111010101100111111111010101010111001000000001110101111101110101110010101100101
2 8  100 1000010100010000001001111010101100111111111010101010111001000000001110101100011110101110010101100101
runNumber 26
genCount 5753
elapsedTime 599.816
unaryHyperVol 459
binaryHyperVol 0
additiveEps 0
entropy 0.461903
archive 26
3
4 6  100 1000010100010000001001111010101100111111111010101010111001001000001110101111101110101110010101100101
3 7  100 1000010100010100001001111010101100111111111010101010111001001000001110101111101110101110010101100101
2 8  100 1000010100010000001001111010101100111111111010101010111001001000001110101100011110101110010101100110
runNumber 27
genCount 5594
elapsedTime 599.937
unaryHyperVol 459
binaryHyperVol 0
additiveEps 0
entropy 0.461903
archive 27
3
4 6  100 1000010100010000001001111010101100111111111010101010111001001000001110101111101110101110010101100101
3 7  100 1000010100010100001001111010101100111111111010101010111001000000001110101111101110101110010101100101
2 8  100 1000010100010000001001111010101100111111111010101010111001001000001110101100011110101110010101100110
runNumber 28
genCount 5663
elapsedTime 599.995
unaryHyperVol 459
binaryHyperVol 0
additiveEps 0
entropy 0.461903
archive 28
3
4 6  100 1000010100010000001001111010101100111111111010101010111001000000001110101111101110101110010101100110
3 7  100 1000010100010100001001111010101100111111111010101010111001000000001110101111101110101110010101100110
2 8  100 1000010100010000001001111010101100111111111010101010111001000000001110101100011110101110010101100110
runNumber 29
genCount 5599
elapsedTime 599.957
unaryHyperVol 459
binaryHyperVol 0
additiveEps 0
entropy 0.461903
archive 29
3
4 6  100 1000011000010000001001111010101100111111111010101010111001001000001110101111101110101110010101100110
3 7  100 1000011000010100001001111010101100111111111010101010111001001000001110101111101110101110010101100110
2 8  100 1000011000010000001001111010101100111111111010101010111001000000001110101100011110101110010101100110
