OptimalFront
unaryHyperVol 344
Optimal front is obtained by exact method
-------------------------
3
1 6
2 5
4 4
runNumber 0
genCount 5590
elapsedTime 599.824
unaryHyperVol 344
binaryHyperVol 0
additiveEps 0
entropy 0.270001
archive 0
3
4 4  100 0111001001101111101011110010100100101111110100010010010111111010000101100000011100100010110000101011
2 5  100 0111001001101111101011110010100100101111110100010010010111111010000101100010011100100010110000101011
1 6  100 0111001001101111101011110010100100101111110100010010010111111010001001100010011100100010110000101011
runNumber 1
genCount 5658
elapsedTime 599.901
unaryHyperVol 344
binaryHyperVol 0
additiveEps 0
entropy 0.270001
archive 1
3
4 4  100 0111001001101111101011110010100100101111110100010010010111111010000101100000011100100010110000101011
2 5  100 0111001001101111101011110010100100101111110100010010010111111010000101100010011100100010110000101011
1 6  100 0111001001101111101011110010100100101111110100010010010111111010001001100010011100100010110000101011
runNumber 2
genCount 5589
elapsedTime 599.565
unaryHyperVol 344
binaryHyperVol 0
additiveEps 0
entropy 0.270001
archive 2
3
4 4  100 0111001001101111101011110010100100101111110100010010010111111010000101100000011100100010110000101011
2 5  100 0111001001101111101011110010100100101111110100010010010111111010000101100010011100100010110000101011
1 6  100 0111001001101111101011110010100100101111110100010010010111111010001001100010011100100010110000101011
runNumber 3
genCount 5692
elapsedTime 599.836
unaryHyperVol 344
binaryHyperVol 0
additiveEps 0
entropy 0.270001
archive 3
3
4 4  100 0111001001101111101011110010100100101111110100010010010111111010000101100000011100100010110000101011
2 5  100 0111001001101111101011110010100100101111110100010010010111111010000101100010011100100010110000101011
1 6  100 0111001001101111101011110010100100101111110100010010010111111010001001100010011100100010110000101011
runNumber 4
genCount 5677
elapsedTime 600.082
unaryHyperVol 344
binaryHyperVol 0
additiveEps 0
entropy 0.270001
archive 4
3
4 4  100 0111001001101111101011110010100100101111110100010010010111111010000101100000011100100010110000101011
2 5  100 0111001001101111101011110010100100101111110100010010010111111010000101100010011100100010110000101011
1 6  100 0111001001101111101011110010100100101111110100010010010111111010001001100010011100100010110000101011
runNumber 5
genCount 5647
elapsedTime 599.758
unaryHyperVol 344
binaryHyperVol 0
additiveEps 0
entropy 0.270001
archive 5
3
4 4  100 0111001001101111101011110010100100101111110100010010010111111010000101100000011100100010110000101011
2 5  100 0111001001101111101011110010100100101111110100010010010111111010000101100010011100100010110000101011
1 6  100 0111001001101111101011110010100100101111110100010010010111111010001001100010011100100010110000101011
runNumber 6
genCount 5595
elapsedTime 599.886
unaryHyperVol 344
binaryHyperVol 0
additiveEps 0
entropy 0.270001
archive 6
3
4 4  100 0111001001101111101011110010100100101111110100010010010111111010000101100000011100100010110000101011
2 5  100 0111001001101111101011110010100100101111110100010010010111111010000101100010011100100010110000101011
1 6  100 0111001001101111101011110010100100101111110100010010010111111010001001100010011100100010110000101011
runNumber 7
genCount 5536
elapsedTime 599.782
unaryHyperVol 344
binaryHyperVol 0
additiveEps 0
entropy 0.270001
archive 7
3
4 4  100 0111001001101111101011110010100100101111110100010010010111111010000101100000011100100010110000101011
2 5  100 0111001001101111101011110010100100101111110100010010010111111010000101100010011100100010110000101011
1 6  100 0111001001101111101011110010100100101111110100010010010111111010001001100010011100100010110000101011
runNumber 8
genCount 5524
elapsedTime 599.866
unaryHyperVol 344
binaryHyperVol 0
additiveEps 0
entropy 0.270001
archive 8
3
4 4  100 0111001001101111101011110010100100101111110100010010010111111010000101100000011100100010110000101011
2 5  100 0111001001101111101011110010100100101111110100010010010111111010000101100010011100100010110000101011
1 6  100 0111001001101111101011110010100100101111110100010010010111111010001001100010011100100010110000101011
runNumber 9
genCount 5490
elapsedTime 599.992
unaryHyperVol 344
binaryHyperVol 0
additiveEps 0
entropy 0.270001
archive 9
3
4 4  100 0111001001101111101011110010100100101111110100010010010111111010000101100000011100100010110000101011
2 5  100 0111001001101111101011110010100100101111110100010010010111111010000101100010011100100010110000101011
1 6  100 0111001001101111101011110010100100101111110100010010010111111010001001100010011100100010110000101011
runNumber 10
genCount 5607
elapsedTime 599.777
unaryHyperVol 344
binaryHyperVol 0
additiveEps 0
entropy 0.270001
archive 10
3
4 4  100 0111001001101111101011110010100100101111110100010010010111111010000101100000011100100010110000101011
2 5  100 0111001001101111101011110010100100101111110100010010010111111010000101100010011100100010110000101011
1 6  100 0111001001101111101011110010100100101111110100010010010111111010001001100010011100100010110000101011
runNumber 11
genCount 5621
elapsedTime 599.992
unaryHyperVol 344
binaryHyperVol 0
additiveEps 0
entropy 0.270001
archive 11
3
4 4  100 0111001001101111101011110010100100101111110100010010010111111010000101100000011100100010110000101011
2 5  100 0111001001101111101011110010100100101111110100010010010111111010000101100010011100100010110000101011
1 6  100 0111001001101111101011110010100100101111110100010010010111111010001001100010011100100010110000101011
runNumber 12
genCount 5534
elapsedTime 599.667
unaryHyperVol 344
binaryHyperVol 0
additiveEps 0
entropy 0.270001
archive 12
3
4 4  100 0111001001101111101011110010100100101111110100010010010111111010000101100000011100100010110000101011
2 5  100 0111001001101111101011110010100100101111110100010010010111111010000101100010011100100010110000101011
1 6  100 0111001001101111101011110010100100101111110100010010010111111010001001100010011100100010110000101011
runNumber 13
genCount 5607
elapsedTime 599.867
unaryHyperVol 344
binaryHyperVol 0
additiveEps 0
entropy 0.270001
archive 13
3
4 4  100 0111001001101111101011110010100100101111110100010010010111111010000101100000011100100010110000101011
2 5  100 0111001001101111101011110010100100101111110100010010010111111010000101100010011100100010110000101011
1 6  100 0111001001101111101011110010100100101111110100010010010111111010001001100010011100100010110000101011
runNumber 14
genCount 5548
elapsedTime 599.748
unaryHyperVol 344
binaryHyperVol 0
additiveEps 0
entropy 0.270001
archive 14
3
4 4  100 0111001001101111101011110010100100101111110100010010010111111010000101100000011100100010110000101011
2 5  100 0111001001101111101011110010100100101111110100010010010111111010000101100010011100100010110000101011
1 6  100 0111001001101111101011110010100100101111110100010010010111111010001001100010011100100010110000101011
runNumber 15
genCount 5521
elapsedTime 599.837
unaryHyperVol 344
binaryHyperVol 0
additiveEps 0
entropy 0.270001
archive 15
3
4 4  100 0111001001101111101011110010100100101111110100010010010111111010000101100000011100100010110000101011
2 5  100 0111001001101111101011110010100100101111110100010010010111111010000101100010011100100010110000101011
1 6  100 0111001001101111101011110010100100101111110100010010010111111010001001100010011100100010110000101011
runNumber 16
genCount 5618
elapsedTime 599.751
unaryHyperVol 344
binaryHyperVol 0
additiveEps 0
entropy 0.270001
archive 16
3
4 4  100 0111001001101111101011110010100100101111110100010010010111111010000101100000011100100010110000101011
2 5  100 0111001001101111101011110010100100101111110100010010010111111010000101100010011100100010110000101011
1 6  100 0111001001101111101011110010100100101111110100010010010111111010001001100010011100100010110000101011
runNumber 17
genCount 5495
elapsedTime 599.932
unaryHyperVol 344
binaryHyperVol 0
additiveEps 0
entropy 0.270001
archive 17
3
4 4  100 0111001001101111101011110010100100101111110100010010010111111010000101100000011100100010110000101011
2 5  100 0111001001101111101011110010100100101111110100010010010111111010000101100010011100100010110000101011
1 6  100 0111001001101111101011110010100100101111110100010010010111111010001001100010011100100010110000101011
runNumber 18
genCount 5752
elapsedTime 600.011
unaryHyperVol 344
binaryHyperVol 0
additiveEps 0
entropy 0.270001
archive 18
3
4 4  100 0111001001101111101011110010100100101111110100010010010111111010000101100000011100100010110000101011
2 5  100 0111001001101111101011110010100100101111110100010010010111111010000101100010011100100010110000101011
1 6  100 0111001001101111101011110010100100101111110100010010010111111010001001100010011100100010110000101011
runNumber 19
genCount 5679
elapsedTime 599.939
unaryHyperVol 344
binaryHyperVol 0
additiveEps 0
entropy 0.270001
archive 19
3
4 4  100 0111001001101111101011110010100100101111110100010010010111111010000101100000011100100010110000101011
2 5  100 0111001001101111101011110010100100101111110100010010010111111010000101100010011100100010110000101011
1 6  100 0111001001101111101011110010100100101111110100010010010111111010001001100010011100100010110000101011
runNumber 20
genCount 5666
elapsedTime 600.017
unaryHyperVol 344
binaryHyperVol 0
additiveEps 0
entropy 0.270001
archive 20
3
4 4  100 0111001001101111101011110010100100101111110100010010010111111010000101100000011100100010110000101011
2 5  100 0111001001101111101011110010100100101111110100010010010111111010000101100010011100100010110000101011
1 6  100 0111001001101111101011110010100100101111110100010010010111111010001001100010011100100010110000101011
runNumber 21
genCount 5718
elapsedTime 599.947
unaryHyperVol 344
binaryHyperVol 0
additiveEps 0
entropy 0.270001
archive 21
3
4 4  100 0111001001101111101011110010100100101111110100010010010111111010000101100000011100100010110000101011
2 5  100 0111001001101111101011110010100100101111110100010010010111111010000101100010011100100010110000101011
1 6  100 0111001001101111101011110010100100101111110100010010010111111010001001100010011100100010110000101011
runNumber 22
genCount 5638
elapsedTime 599.996
unaryHyperVol 344
binaryHyperVol 0
additiveEps 0
entropy 0.270001
archive 22
3
4 4  100 0111001001101111101011110010100100101111110100010010010111111010000101100000011100100010110000101011
2 5  100 0111001001101111101011110010100100101111110100010010010111111010000101100010011100100010110000101011
1 6  100 0111001001101111101011110010100100101111110100010010010111111010001001100010011100100010110000101011
runNumber 23
genCount 5658
elapsedTime 599.911
unaryHyperVol 344
binaryHyperVol 0
additiveEps 0
entropy 0.270001
archive 23
3
4 4  100 0111001001101111101011110010100100101111110100010010010111111010000101100000011100100010110000101011
2 5  100 0111001001101111101011110010100100101111110100010010010111111010000101100010011100100010110000101011
1 6  100 0111001001101111101011110010100100101111110100010010010111111010001001100010011100100010110000101011
runNumber 24
genCount 5770
elapsedTime 599.628
unaryHyperVol 344
binaryHyperVol 0
additiveEps 0
entropy 0.270001
archive 24
3
4 4  100 0111001001101111101011110010100100101111110100010010010111111010000101100000011100100010110000101011
2 5  100 0111001001101111101011110010100100101111110100010010010111111010000101100010011100100010110000101011
1 6  100 0111001001101111101011110010100100101111110100010010010111111010001001100010011100100010110000101011
runNumber 25
genCount 5757
elapsedTime 600.044
unaryHyperVol 344
binaryHyperVol 0
additiveEps 0
entropy 0.270001
archive 25
3
4 4  100 0111001001101111101011110010100100101111110100010010010111111010000101100000011100100010110000101011
2 5  100 0111001001101111101011110010100100101111110100010010010111111010000101100010011100100010110000101011
1 6  100 0111001001101111101011110010100100101111110100010010010111111010001001100010011100100010110000101011
runNumber 26
genCount 5611
elapsedTime 599.708
unaryHyperVol 344
binaryHyperVol 0
additiveEps 0
entropy 0.270001
archive 26
3
4 4  100 0111001001101111101011110010100100101111110100010010010111111010000101100000011100100010110000101011
2 5  100 0111001001101111101011110010100100101111110100010010010111111010000101100010011100100010110000101011
1 6  100 0111001001101111101011110010100100101111110100010010010111111010001001100010011100100010110000101011
runNumber 27
genCount 5724
elapsedTime 599.924
unaryHyperVol 344
binaryHyperVol 0
additiveEps 0
entropy 0.270001
archive 27
3
4 4  100 0111001001101111101011110010100100101111110100010010010111111010000101100000011100100010110000101011
2 5  100 0111001001101111101011110010100100101111110100010010010111111010000101100010011100100010110000101011
1 6  100 0111001001101111101011110010100100101111110100010010010111111010001001100010011100100010110000101011
runNumber 28
genCount 5683
elapsedTime 599.935
unaryHyperVol 344
binaryHyperVol 0
additiveEps 0
entropy 0.270001
archive 28
3
4 4  100 0111001001101111101011110010100100101111110100010010010111111010000101100000011100100010110000101011
2 5  100 0111001001101111101011110010100100101111110100010010010111111010000101100010011100100010110000101011
1 6  100 0111001001101111101011110010100100101111110100010010010111111010001001100010011100100010110000101011
runNumber 29
genCount 5768
elapsedTime 599.978
unaryHyperVol 344
binaryHyperVol 0
additiveEps 0
entropy 0.270001
archive 29
3
4 4  100 0111001001101111101011110010100100101111110100010010010111111010000101100000011100100010110000101011
2 5  100 0111001001101111101011110010100100101111110100010010010111111010000101100010011100100010110000101011
1 6  100 0111001001101111101011110010100100101111110100010010010111111010001001100010011100100010110000101011
