OptimalFront
unaryHyperVol 431
Optimal front is obtained by exact method
-------------------------
3
2 7
3 6
5 5
runNumber 0
genCount 31904
elapsedTime 600.007
unaryHyperVol 431
binaryHyperVol 0
additiveEps 0
entropy 0.270001
archive 0
3
5 5  100 0110011101110110101110000101011111011101001001000110010001100111001001111001100001100010101011111010
3 6  100 0110011101010110101110000101011111011101001001000110010001100111001001111001100001100010101011111010
2 7  100 0110011101110110101110000101011111011101001001000110010001100111001001111000010001100010101011111010
runNumber 1
genCount 31980
elapsedTime 599.999
unaryHyperVol 431
binaryHyperVol 0
additiveEps 0
entropy 0.270001
archive 1
3
5 5  100 0110011101110110101110000110011111011101001001000110010001100111001001111001100001100010101011111010
3 6  100 0110011101010110101110000110011111011101001001000110010001100111001001111001100001100010101011111010
2 7  100 0110011101110110101110000110011111011101001001000110010001100111001001111000010001100010101011111010
runNumber 2
genCount 33860
elapsedTime 599.996
unaryHyperVol 405
binaryHyperVol 16.3333
additiveEps 1
entropy 0
archive 2
1
2 7  100 0000011101110110101110000110011111011101001001000110010001100111001001111000010001100010101011111010
runNumber 3
genCount 31872
elapsedTime 599.991
unaryHyperVol 431
binaryHyperVol 0
additiveEps 0
entropy 0.270001
archive 3
3
5 5  100 0110011101110110101110000101011111011101001001000110010001100111001001111001100001100010101011111010
3 6  100 0110011101010110101110000101011111011101001001000110010001100111001001111001100001100010101011111010
2 7  100 0110011101110110101110000101011111011101001001000110010001100111001001111000010001100010101011111010
runNumber 4
genCount 31980
elapsedTime 600.006
unaryHyperVol 431
binaryHyperVol 0
additiveEps 0
entropy 0.270001
archive 4
3
5 5  100 0110011101110110101110000110011111011101001001000110010001100111001001111001100001100010101011111010
3 6  100 0110011101010110101110000110011111011101001001000110010001100111001001111001100001100010101011111010
2 7  100 0110011101110110101110000110011111011101001001000110010001100111001001111000010001100010101011111010
runNumber 5
genCount 31577
elapsedTime 599.989
unaryHyperVol 431
binaryHyperVol 0
additiveEps 0
entropy 0.270001
archive 5
3
5 5  100 0110011101110110101110000110011111011101001001000110010001100111001001111001100001100010101011111010
3 6  100 0110011101010110101110000110011111011101001001000110010001100111001001111001100001100010101011111010
2 7  100 0110011101110110101110000110011111011101001001000110010001100111001001111000010001100010101011111010
runNumber 6
genCount 31970
elapsedTime 600.013
unaryHyperVol 431
binaryHyperVol 0
additiveEps 0
entropy 0.270001
archive 6
3
5 5  100 0110011101110110101110000110011111011101001001000110010001100111001001111001100001100010101011111010
3 6  100 0110011101010110101110000110011111011101001001000110010001100111001001111001100001100010101011111010
2 7  100 0110011101110110101110000110011111011101001001000110010001100111001001111000010001100010101011111010
runNumber 7
genCount 31911
elapsedTime 599.986
unaryHyperVol 431
binaryHyperVol 0
additiveEps 0
entropy 0.270001
archive 7
3
5 5  100 0110011101110110101110000110011111011101001001000110010001100111001001111001100001100010101011111010
3 6  100 0110011101010110101110000110011111011101001001000110010001100111001001111001100001100010101011111010
2 7  100 0110011101110110101110000110011111011101001001000110010001100111001001111000010001100010101011111010
runNumber 8
genCount 33819
elapsedTime 600.001
unaryHyperVol 405
binaryHyperVol 16.3333
additiveEps 1
entropy 0
archive 8
1
2 7  100 0000011101110110101110000101011111011101001001000110010001100111001001111000010001100010101011111010
runNumber 9
genCount 31825
elapsedTime 600.003
unaryHyperVol 431
binaryHyperVol 0
additiveEps 0
entropy 0.270001
archive 9
3
5 5  100 0110011101110110101110000110011111011101001001000110010001100111001001111001100001100010101011111010
3 6  100 0110011101010110101110000110011111011101001001000110010001100111001001111001100001100010101011111010
2 7  100 0110011101110110101110000110011111011101001001000110010001100111001001111000010001100010101011111010
runNumber 10
genCount 31861
elapsedTime 599.995
unaryHyperVol 431
binaryHyperVol 0
additiveEps 0
entropy 0.270001
archive 10
3
5 5  100 0110011101110110101110000110011111011101001001000110010001100111001001111001100001100010101011111010
3 6  100 0110011101010110101110000110011111011101001001000110010001100111001001111001100001100010101011111010
2 7  100 0110011101110110101110000110011111011101001001000110010001100111001001111000010001100010101011111010
runNumber 11
genCount 31875
elapsedTime 599.997
unaryHyperVol 431
binaryHyperVol 0
additiveEps 0
entropy 0.270001
archive 11
3
5 5  100 0110011101110110101110000101011111011101001001000110010001100111001001111001100001100010101011111010
3 6  100 0110011101010110101110000101011111011101001001000110010001100111001001111001100001100010101011111010
2 7  100 0110011101110110101110000101011111011101001001000110010001100111001001111000010001100010101011111010
runNumber 12
genCount 32014
elapsedTime 600
unaryHyperVol 431
binaryHyperVol 0
additiveEps 0
entropy 0.270001
archive 12
3
5 5  100 0110011101110110101110000110011111011101001001000110010001100111001001111001100001100010101011111010
3 6  100 0110011101010110101110000110011111011101001001000110010001100111001001111001100001100010101011111010
2 7  100 0110011101110110101110000110011111011101001001000110010001100111001001111000010001100010101011111010
runNumber 13
genCount 32457
elapsedTime 599.998
unaryHyperVol 431
binaryHyperVol 0
additiveEps 0
entropy 0.270001
archive 13
3
5 5  100 0110011101110110101110000110011111011101001001000110010001100111001001111001100001100010101011111010
3 6  100 0110011101010110101110000110011111011101001001000110010001100111001001111001100001100010101011111010
2 7  100 0110011101110110101110000110011111011101001001000110010001100111001001111000010001100010101011111010
runNumber 14
genCount 31840
elapsedTime 600.011
unaryHyperVol 431
binaryHyperVol 0
additiveEps 0
entropy 0.270001
archive 14
3
5 5  100 0110011101110110101110000110011111011101001001000110010001100111001001111001100001100010101011111010
3 6  100 0110011101010110101110000110011111011101001001000110010001100111001001111001100001100010101011111010
2 7  100 0110011101110110101110000110011111011101001001000110010001100111001001111000010001100010101011111010
runNumber 15
genCount 33892
elapsedTime 599.992
unaryHyperVol 405
binaryHyperVol 16.3333
additiveEps 1
entropy 0
archive 15
1
2 7  100 0000011101110110101110000110011111011101001001000110010001100111001001111000010001100010101011111010
runNumber 16
genCount 31954
elapsedTime 600.005
unaryHyperVol 431
binaryHyperVol 0
additiveEps 0
entropy 0.270001
archive 16
3
5 5  100 0110011101110110101110000110011111011101001001000110010001100111001001111001100001100010101011111010
3 6  100 0110011101010110101110000110011111011101001001000110010001100111001001111001100001100010101011111010
2 7  100 0110011101110110101110000110011111011101001001000110010001100111001001111000010001100010101011111010
runNumber 17
genCount 31719
elapsedTime 599.985
unaryHyperVol 431
binaryHyperVol 0
additiveEps 0
entropy 0.270001
archive 17
3
5 5  100 0110011101110110101110000110011111011101001001000110010001100111001001111001100001100010101011111010
3 6  100 0110011101010110101110000110011111011101001001000110010001100111001001111001100001100010101011111010
2 7  100 0110011101110110101110000110011111011101001001000110010001100111001001111000010001100010101011111010
runNumber 18
genCount 31948
elapsedTime 600.006
unaryHyperVol 431
binaryHyperVol 0
additiveEps 0
entropy 0.270001
archive 18
3
5 5  100 0110011101110110101110000110011111011101001001000110010001100111001001111001100001100010101011111010
3 6  100 0110011101010110101110000110011111011101001001000110010001100111001001111001100001100010101011111010
2 7  100 0110011101110110101110000110011111011101001001000110010001100111001001111000010001100010101011111010
runNumber 19
genCount 33438
elapsedTime 599.99
unaryHyperVol 405
binaryHyperVol 16.3333
additiveEps 1
entropy 0
archive 19
1
2 7  100 0000011101110110101110000110011111011101001001000110010001100111001001111000010001100010101011111010
runNumber 20
genCount 31983
elapsedTime 599.997
unaryHyperVol 431
binaryHyperVol 0
additiveEps 0
entropy 0.270001
archive 20
3
5 5  100 0110011101110110101110000110011111011101001001000110010001100111001001111001100001100010101011111010
3 6  100 0110011101010110101110000110011111011101001001000110010001100111001001111001100001100010101011111010
2 7  100 0110011101110110101110000110011111011101001001000110010001100111001001111000010001100010101011111010
runNumber 21
genCount 31650
elapsedTime 600.013
unaryHyperVol 431
binaryHyperVol 0
additiveEps 0
entropy 0.270001
archive 21
3
5 5  100 0110011101110110101110000110011111011101001001000110010001100111001001111001100001100010101011111010
3 6  100 0110011101010110101110000110011111011101001001000110010001100111001001111001100001100010101011111010
2 7  100 0110011101110110101110000110011111011101001001000110010001100111001001111000010001100010101011111010
runNumber 22
genCount 31648
elapsedTime 599.99
unaryHyperVol 431
binaryHyperVol 0
additiveEps 0
entropy 0.270001
archive 22
3
5 5  100 0110011101110110101110000110011111011101001001000110010001100111001001111001100001100010101011111010
3 6  100 0110011101010110101110000110011111011101001001000110010001100111001001111001100001100010101011111010
2 7  100 0110011101110110101110000110011111011101001001000110010001100111001001111000010001100010101011111010
runNumber 23
genCount 32096
elapsedTime 600.007
unaryHyperVol 431
binaryHyperVol 0
additiveEps 0
entropy 0.270001
archive 23
3
5 5  100 0110011101110110101110000110011111011101001001000110010001100111001001111001100001100010101011111010
3 6  100 0110011101010110101110000110011111011101001001000110010001100111001001111001100001100010101011111010
2 7  100 0110011101110110101110000110011111011101001001000110010001100111001001111000010001100010101011111010
runNumber 24
genCount 31884
elapsedTime 599.998
unaryHyperVol 431
binaryHyperVol 0
additiveEps 0
entropy 0.270001
archive 24
3
5 5  100 0110011101110110101110000110011111011101001001000110010001100111001001111001100001100010101011111010
3 6  100 0110011101010110101110000110011111011101001001000110010001100111001001111001100001100010101011111010
2 7  100 0110011101110110101110000110011111011101001001000110010001100111001001111000010001100010101011111010
runNumber 25
genCount 32017
elapsedTime 600.003
unaryHyperVol 431
binaryHyperVol 0
additiveEps 0
entropy 0.270001
archive 25
3
5 5  100 0110011101110110101110000110011111011101001001000110010001100111001001111001100001100010101011111010
3 6  100 0110011101010110101110000110011111011101001001000110010001100111001001111001100001100010101011111010
2 7  100 0110011101110110101110000110011111011101001001000110010001100111001001111000010001100010101011111010
runNumber 26
genCount 31944
elapsedTime 599.987
unaryHyperVol 431
binaryHyperVol 0
additiveEps 0
entropy 0.270001
archive 26
3
5 5  100 0110011101110110101110000110011111011101001001000110010001100111001001111001100001100010101011111010
3 6  100 0110011101010110101110000110011111011101001001000110010001100111001001111001100001100010101011111010
2 7  100 0110011101110110101110000110011111011101001001000110010001100111001001111000010001100010101011111010
runNumber 27
genCount 31960
elapsedTime 599.998
unaryHyperVol 431
binaryHyperVol 0
additiveEps 0
entropy 0.270001
archive 27
3
5 5  100 0110011101110110101110000101011111011101001001000110010001100111001001111001100001100010101011111010
3 6  100 0110011101010110101110000101011111011101001001000110010001100111001001111001100001100010101011111010
2 7  100 0110011101110110101110000101011111011101001001000110010001100111001001111000010001100010101011111010
runNumber 28
genCount 32004
elapsedTime 600.001
unaryHyperVol 431
binaryHyperVol 0
additiveEps 0
entropy 0.270001
archive 28
3
5 5  100 0110011101110110101110000110011111011101001001000110010001100111001001111001100001100010101011111010
3 6  100 0110011101010110101110000110011111011101001001000110010001100111001001111001100001100010101011111010
2 7  100 0110011101110110101110000110011111011101001001000110010001100111001001111000010001100010101011111010
runNumber 29
genCount 33796
elapsedTime 600.001
unaryHyperVol 405
binaryHyperVol 16.3333
additiveEps 1
entropy 0
archive 29
1
2 7  100 0000011101110110101110000110011111011101001001000110010001100111001001111000010001100010101011111010
