OptimalFront
unaryHyperVol 437
Optimal front is obtained by exact method
-------------------------
3
1 4
2 3
5 2
runNumber 0
genCount 5896
elapsedTime 599.961
unaryHyperVol 437
binaryHyperVol 0
additiveEps 0
entropy 0.270001
archive 0
3
5 2  100 1011100011010000101010110010101001000101110111010000011010000011001000100010011000101111010111101001
2 3  100 1011100011010000101010110010101001000101110111010010011010000011001000100010011000101111010111101001
1 4  100 1011100011010000101010110010101001000101110111010010011010001011001000100010011000101111010111101001
runNumber 1
genCount 5878
elapsedTime 599.864
unaryHyperVol 437
binaryHyperVol 0
additiveEps 0
entropy 0.270001
archive 1
3
5 2  100 1011100011010000101010110010101001000101110111010000011010000011001000100010011000101111010111101001
2 3  100 1011100011010000101010110010101001000101110111010010011010000011001000100010011000101111010111101001
1 4  100 1011100011010000101010110010101001000101110111010010011010001011001000100010011000101111010111101001
runNumber 2
genCount 5859
elapsedTime 599.902
unaryHyperVol 437
binaryHyperVol 0
additiveEps 0
entropy 0.270001
archive 2
3
5 2  100 1011100011010000101010110010101001000101110111010000011010000011001000100010011000101111010111101001
2 3  100 1011100011010000101010110010101001000101110111010010011010000011001000100010011000101111010111101001
1 4  100 1011100011010000101010110010101001000101110111010010011010001011001000100010011000101111010111101001
runNumber 3
genCount 6046
elapsedTime 599.932
unaryHyperVol 437
binaryHyperVol 0
additiveEps 0
entropy 0.270001
archive 3
3
5 2  100 1011100011010000101010110010101001000101110111010000011010000011001000100010011000101111010111101001
2 3  100 1011100011010000101010110010101001000101110111010010011010000011001000100010011000101111010111101001
1 4  100 1011100011010000101010110010101001000101110111010010011010001011001000100010011000101111010111101001
runNumber 4
genCount 5810
elapsedTime 600.093
unaryHyperVol 437
binaryHyperVol 0
additiveEps 0
entropy 0.270001
archive 4
3
5 2  100 1011100011010000101010110010101001000101110111010000011010000011001000100010011000101111010111101001
2 3  100 1011100011010000101010110010101001000101110111010010011010000011001000100010011000101111010111101001
1 4  100 1011100011010000101010110010101001000101110111010010011010001011001000100010011000101111010111101001
runNumber 5
genCount 5999
elapsedTime 599.874
unaryHyperVol 437
binaryHyperVol 0
additiveEps 0
entropy 0.270001
archive 5
3
5 2  100 1011100011010000101010110010101001000101110111010000011010000011001000100010011000101111010111101001
2 3  100 1011100011010000101010110010101001000101110111010010011010000011001000100010011000101111010111101001
1 4  100 1011100011010000101010110010101001000101110111010010011010001011001000100010011000101111010111101001
runNumber 6
genCount 5843
elapsedTime 599.941
unaryHyperVol 437
binaryHyperVol 0
additiveEps 0
entropy 0.270001
archive 6
3
5 2  100 1011100011010000101010110010101001000101110111010000011010000011001000100010011000101111010111101001
2 3  100 1011100011010000101010110010101001000101110111010010011010000011001000100010011000101111010111101001
1 4  100 1011100011010000101010110010101001000101110111010010011010001011001000100010011000101111010111101001
runNumber 7
genCount 5849
elapsedTime 599.863
unaryHyperVol 437
binaryHyperVol 0
additiveEps 0
entropy 0.270001
archive 7
3
5 2  100 1011100011010000101010110010101001000101110111010000011010000011001000100010011000101111010111101001
2 3  100 1011100011010000101010110010101001000101110111010010011010000011001000100010011000101111010111101001
1 4  100 1011100011010000101010110010101001000101110111010010011010001011001000100010011000101111010111101001
runNumber 8
genCount 5848
elapsedTime 599.965
unaryHyperVol 437
binaryHyperVol 0
additiveEps 0
entropy 0.270001
archive 8
3
5 2  100 1011100011010000101010110010101001000101110111010000011010000011001000100010011000101111010111101001
2 3  100 1011100011010000101010110010101001000101110111010010011010000011001000100010011000101111010111101001
1 4  100 1011100011010000101010110010101001000101110111010010011010001011001000100010011000101111010111101001
runNumber 9
genCount 5871
elapsedTime 600
unaryHyperVol 437
binaryHyperVol 0
additiveEps 0
entropy 0.270001
archive 9
3
5 2  100 1011100011010000101010110010101001000101110111010000011010000011001000100010011000101111010111101001
2 3  100 1011100011010000101010110010101001000101110111010010011010000011001000100010011000101111010111101001
1 4  100 1011100011010000101010110010101001000101110111010010011010001011001000100010011000101111010111101001
runNumber 10
genCount 5951
elapsedTime 599.808
unaryHyperVol 437
binaryHyperVol 0
additiveEps 0
entropy 0.270001
archive 10
3
5 2  100 1011100011010000101010110010101001000101110111010000011010000011001000100010011000101111010111101001
2 3  100 1011100011010000101010110010101001000101110111010010011010000011001000100010011000101111010111101001
1 4  100 1011100011010000101010110010101001000101110111010010011010001011001000100010011000101111010111101001
runNumber 11
genCount 5869
elapsedTime 599.76
unaryHyperVol 437
binaryHyperVol 0
additiveEps 0
entropy 0.270001
archive 11
3
5 2  100 1011100011010000101010110010101001000101110111010000011010000011001000100010011000101111010111101001
2 3  100 1011100011010000101010110010101001000101110111010010011010000011001000100010011000101111010111101001
1 4  100 1011100011010000101010110010101001000101110111010010011010001011001000100010011000101111010111101001
runNumber 12
genCount 5879
elapsedTime 599.784
unaryHyperVol 437
binaryHyperVol 0
additiveEps 0
entropy 0.270001
archive 12
3
5 2  100 1011100011010000101010110010101001000101110111010000011010000011001000100010011000101111010111101001
2 3  100 1011100011010000101010110010101001000101110111010010011010000011001000100010011000101111010111101001
1 4  100 1011100011010000101010110010101001000101110111010010011010001011001000100010011000101111010111101001
runNumber 13
genCount 5891
elapsedTime 599.844
unaryHyperVol 437
binaryHyperVol 0
additiveEps 0
entropy 0.270001
archive 13
3
5 2  100 1011100011010000101010110010101001000101110111010000011010000011001000100010011000101111010111101001
2 3  100 1011100011010000101010110010101001000101110111010010011010000011001000100010011000101111010111101001
1 4  100 1011100011010000101010110010101001000101110111010010011010001011001000100010011000101111010111101001
runNumber 14
genCount 5843
elapsedTime 599.9
unaryHyperVol 437
binaryHyperVol 0
additiveEps 0
entropy 0.270001
archive 14
3
5 2  100 1011100011010000101010110010101001000101110111010000011010000011001000100010011000101111010111101001
2 3  100 1011100011010000101010110010101001000101110111010010011010000011001000100010011000101111010111101001
1 4  100 1011100011010000101010110010101001000101110111010010011010001011001000100010011000101111010111101001
runNumber 15
genCount 5938
elapsedTime 599.926
unaryHyperVol 437
binaryHyperVol 0
additiveEps 0
entropy 0.270001
archive 15
3
5 2  100 1011100011010000101010110010101001000101110111010000011010000011001000100010011000101111010111101001
2 3  100 1011100011010000101010110010101001000101110111010010011010000011001000100010011000101111010111101001
1 4  100 1011100011010000101010110010101001000101110111010010011010001011001000100010011000101111010111101001
runNumber 16
genCount 5798
elapsedTime 599.921
unaryHyperVol 437
binaryHyperVol 0
additiveEps 0
entropy 0.270001
archive 16
3
5 2  100 1011100011010000101010110010101001000101110111010000011010000011001000100010011000101111010111101001
2 3  100 1011100011010000101010110010101001000101110111010010011010000011001000100010011000101111010111101001
1 4  100 1011100011010000101010110010101001000101110111010010011010001011001000100010011000101111010111101001
runNumber 17
genCount 5771
elapsedTime 599.634
unaryHyperVol 437
binaryHyperVol 0
additiveEps 0
entropy 0.270001
archive 17
3
5 2  100 1011100011010000101010110010101001000101110111010000011010000011001000100010011000101111010111101001
2 3  100 1011100011010000101010110010101001000101110111010010011010000011001000100010011000101111010111101001
1 4  100 1011100011010000101010110010101001000101110111010010011010001011001000100010011000101111010111101001
runNumber 18
genCount 5855
elapsedTime 599.982
unaryHyperVol 437
binaryHyperVol 0
additiveEps 0
entropy 0.270001
archive 18
3
5 2  100 1011100011010000101010110010101001000101110111010000011010000011001000100010011000101111010111101001
2 3  100 1011100011010000101010110010101001000101110111010010011010000011001000100010011000101111010111101001
1 4  100 1011100011010000101010110010101001000101110111010010011010001011001000100010011000101111010111101001
runNumber 19
genCount 5772
elapsedTime 599.975
unaryHyperVol 437
binaryHyperVol 0
additiveEps 0
entropy 0.270001
archive 19
3
5 2  100 1011100011010000101010110010101001000101110111010000011010000011001000100010011000101111010111101001
2 3  100 1011100011010000101010110010101001000101110111010010011010000011001000100010011000101111010111101001
1 4  100 1011100011010000101010110010101001000101110111010010011010001011001000100010011000101111010111101001
runNumber 20
genCount 6051
elapsedTime 599.968
unaryHyperVol 437
binaryHyperVol 0
additiveEps 0
entropy 0.270001
archive 20
3
5 2  100 1011100011010000101010110010101001000101110111010000011010000011001000100010011000101111010111101001
2 3  100 1011100011010000101010110010101001000101110111010010011010000011001000100010011000101111010111101001
1 4  100 1011100011010000101010110010101001000101110111010010011010001011001000100010011000101111010111101001
runNumber 21
genCount 5985
elapsedTime 599.935
unaryHyperVol 437
binaryHyperVol 0
additiveEps 0
entropy 0.270001
archive 21
3
5 2  100 1011100011010000101010110010101001000101110111010000011010000011001000100010011000101111010111101001
2 3  100 1011100011010000101010110010101001000101110111010010011010000011001000100010011000101111010111101001
1 4  100 1011100011010000101010110010101001000101110111010010011010001011001000100010011000101111010111101001
runNumber 22
genCount 5976
elapsedTime 599.978
unaryHyperVol 437
binaryHyperVol 0
additiveEps 0
entropy 0.270001
archive 22
3
5 2  100 1011100011010000101010110010101001000101110111010000011010000011001000100010011000101111010111101001
2 3  100 1011100011010000101010110010101001000101110111010010011010000011001000100010011000101111010111101001
1 4  100 1011100011010000101010110010101001000101110111010010011010001011001000100010011000101111010111101001
runNumber 23
genCount 5845
elapsedTime 600.002
unaryHyperVol 437
binaryHyperVol 0
additiveEps 0
entropy 0.270001
archive 23
3
5 2  100 1011100011010000101010110010101001000101110111010000011010000011001000100010011000101111010111101001
2 3  100 1011100011010000101010110010101001000101110111010010011010000011001000100010011000101111010111101001
1 4  100 1011100011010000101010110010101001000101110111010010011010001011001000100010011000101111010111101001
runNumber 24
genCount 5821
elapsedTime 599.938
unaryHyperVol 437
binaryHyperVol 0
additiveEps 0
entropy 0.270001
archive 24
3
5 2  100 1011100011010000101010110010101001000101110111010000011010000011001000100010011000101111010111101001
2 3  100 1011100011010000101010110010101001000101110111010010011010000011001000100010011000101111010111101001
1 4  100 1011100011010000101010110010101001000101110111010010011010001011001000100010011000101111010111101001
runNumber 25
genCount 5912
elapsedTime 599.971
unaryHyperVol 437
binaryHyperVol 0
additiveEps 0
entropy 0.270001
archive 25
3
5 2  100 1011100011010000101010110010101001000101110111010000011010000011001000100010011000101111010111101001
2 3  100 1011100011010000101010110010101001000101110111010010011010000011001000100010011000101111010111101001
1 4  100 1011100011010000101010110010101001000101110111010010011010001011001000100010011000101111010111101001
runNumber 26
genCount 5964
elapsedTime 599.751
unaryHyperVol 437
binaryHyperVol 0
additiveEps 0
entropy 0.270001
archive 26
3
5 2  100 1011100011010000101010110010101001000101110111010000011010000011001000100010011000101111010111101001
2 3  100 1011100011010000101010110010101001000101110111010010011010000011001000100010011000101111010111101001
1 4  100 1011100011010000101010110010101001000101110111010010011010001011001000100010011000101111010111101001
runNumber 27
genCount 6022
elapsedTime 599.973
unaryHyperVol 437
binaryHyperVol 0
additiveEps 0
entropy 0.270001
archive 27
3
5 2  100 1011100011010000101010110010101001000101110111010000011010000011001000100010011000101111010111101001
2 3  100 1011100011010000101010110010101001000101110111010010011010000011001000100010011000101111010111101001
1 4  100 1011100011010000101010110010101001000101110111010010011010001011001000100010011000101111010111101001
runNumber 28
genCount 5796
elapsedTime 600.021
unaryHyperVol 437
binaryHyperVol 0
additiveEps 0
entropy 0.270001
archive 28
3
5 2  100 1011100011010000101010110010101001000101110111010000011010000011001000100010011000101111010111101001
2 3  100 1011100011010000101010110010101001000101110111010010011010000011001000100010011000101111010111101001
1 4  100 1011100011010000101010110010101001000101110111010010011010001011001000100010011000101111010111101001
runNumber 29
genCount 5978
elapsedTime 599.985
unaryHyperVol 437
binaryHyperVol 0
additiveEps 0
entropy 0.270001
archive 29
3
5 2  100 1011100011010000101010110010101001000101110111010000011010000011001000100010011000101111010111101001
2 3  100 1011100011010000101010110010101001000101110111010010011010000011001000100010011000101111010111101001
1 4  100 1011100011010000101010110010101001000101110111010010011010001011001000100010011000101111010111101001
