OptimalFront
unaryHyperVol 492
3
8 6  100 1010111001100000001100111001011111010111101101000111101101010000001110101111000001101011011001001110
4 8  100 0000111001100000001100111001011111010111101101000111101101011000001110101101100001100011011001001110
3 10  100 1010111001100000001100111001101111010111101101000111101101011000001110101100010001100001011001001101
-------------------------
runNumber 0
genCount 5871
elapsedTime 599.962
unaryHyperVol 468
binaryHyperVol 8.3
additiveEps 0.5
entropy 0.454958
archive 0
3
8 8  100 1010111001100000001100111001101111100111101101000111101101011000001110101100010001101011011001001110
6 9  100 1010111001100000001100110101101111100111101101000111101101011000001110101100010001101011011001001110
3 10  100 1010111001100000000001111001101111100111101101000111101101011000001110101100010001101011011001001110
runNumber 1
genCount 5828
elapsedTime 600.004
unaryHyperVol 448
binaryHyperVol 8.72
additiveEps 0.6
entropy 0.509891
archive 1
2
8 6  100 1010111001100000001100111001011111010111101101000111101101010000001110101111000001101011011001001110
4 11  100 1010111001100000001100111001011111010111101101000111101101011000000000010011010001100000001001001110
runNumber 2
genCount 5822
elapsedTime 599.956
unaryHyperVol 468
binaryHyperVol 8.3
additiveEps 0.5
entropy 0.454958
archive 2
3
8 8  100 1010111001100000001100111001101111100111101101000111101101011000001110101100010001101011011001001110
6 9  100 1010111001100000001100110101101111100111101101000111101101011000001110101100010001101011011001001110
3 10  100 1010111001100000000001111001101111100111101101000111101101011000001110101100010001101011011001001110
runNumber 3
genCount 5737
elapsedTime 599.986
unaryHyperVol 468
binaryHyperVol 8.3
additiveEps 0.5
entropy 0.454958
archive 3
3
8 8  100 1010111001100000001100111001101111100111101101000111101101011000001110101100010001101011011001001110
6 9  100 1010111001100000001100110101101111100111101101000111101101011000001110101100010001101011011001001110
3 10  100 1010111001100000000001111001101111100111101101000111101101011000001110101100010001101011011001001110
runNumber 4
genCount 5764
elapsedTime 599.958
unaryHyperVol 468
binaryHyperVol 8.3
additiveEps 0.5
entropy 0.454958
archive 4
3
8 8  100 1010111001100000001100111001101111100111101101000111101101011000001110101100010001101011011001001110
6 9  100 1010111001100000001100110101101111100111101101000111101101011000001110101100010001101011011001001110
3 10  100 1010111001100000001100111001101111100111101101000111101101011000001110101100010001100001011001001101
runNumber 5
genCount 5779
elapsedTime 599.945
unaryHyperVol 481
binaryHyperVol 4.1
additiveEps 0.25
entropy 0.434912
archive 5
4
8 7  100 1010111001100000001100111001011111010111101101000111101101011000001110101100010001101011011001001110
6 8  100 1010111001100000001100110101011111010111101101000111101101011000001110101100010001101011011001001110
4 9  100 1010111001100000001100111001011111010111101101000111101101011000001110101100010001100001011001001101
3 10  100 1010111001100000001100111001101111010111101101000111101101011000001110101100010001100001011001001101
runNumber 6
genCount 5703
elapsedTime 600.064
unaryHyperVol 481
binaryHyperVol 4.1
additiveEps 0.25
entropy 0.434912
archive 6
4
8 7  100 1010111001100000001100111001011111010111101101000111101101011000001110101100010001101011011001001110
6 8  100 1010111001100000001100110101011111010111101101000111101101011000001110101100010001101011011001001110
4 9  100 1010111001100000000001111001011111010111101101000111101101011000001110101100010001101011011001001110
3 10  100 1010111001100000000001111001101111010111101101000111101101011000001110101100010001101011011001001110
runNumber 7
genCount 5778
elapsedTime 599.914
unaryHyperVol 470
binaryHyperVol 8.2
additiveEps 0.5
entropy 0.454958
archive 7
3
8 8  100 0000111001100000001100111001101111100111101101000111101101011000001110101111100001101011011001001110
4 9  100 0000111001100000001100111001101111100111101101000111101101011000001110101101100001100011011001001110
3 10  100 1010111001100000001100111001101111100111101101000111101101011000001110101100010001100001011001001101
runNumber 8
genCount 5768
elapsedTime 599.966
unaryHyperVol 475
binaryHyperVol 4.4
additiveEps 0.5
entropy 0.509891
archive 8
2
8 7  100 1010111001100000001100111001101111100111101101000111101101010000001110101111000001101011011001001110
3 10  100 1010111001100000001100111001101111100111101101000111101101011000001110101100010001100001011001001101
runNumber 9
genCount 5945
elapsedTime 599.948
unaryHyperVol 468
binaryHyperVol 8.3
additiveEps 0.5
entropy 0.454958
archive 9
3
8 8  100 1010111001100000001100111001101111100111101101000111101101011000001110101100010001101011011001001110
6 9  100 1010111001100000001100110101101111100111101101000111101101011000001110101100010001101011011001001110
3 10  100 1010111001100000001100111001101111100111101101000111101101011000001110101100010001100001011001001101
runNumber 10
genCount 5765
elapsedTime 600.008
unaryHyperVol 481
binaryHyperVol 4.1
additiveEps 0.25
entropy 0.434912
archive 10
4
8 7  100 1010111001100000001100111001011111010111101101000111101101011000001110101100010001101011011001001110
6 8  100 1010111001100000001100110101011111010111101101000111101101011000001110101100010001101011011001001110
4 9  100 1010111001100000000001111001011111010111101101000111101101011000001110101100010001101011011001001110
3 10  100 1010111001100000000001111001101111010111101101000111101101011000001110101100010001101011011001001110
runNumber 11
genCount 5808
elapsedTime 599.938
unaryHyperVol 481
binaryHyperVol 4.1
additiveEps 0.25
entropy 0.434912
archive 11
4
8 7  100 1010111001100000001100111001011111010111101101000111101101011000001110101100010001101011011001001110
6 8  100 1010111001100000001100110101011111010111101101000111101101011000001110101100010001101011011001001110
4 9  100 1010111001100000000001111001011111010111101101000111101101011000001110101100010001101011011001001110
3 10  100 1010111001100000000001111001101111010111101101000111101101011000001110101100010001101011011001001110
runNumber 12
genCount 5874
elapsedTime 599.992
unaryHyperVol 468
binaryHyperVol 8.3
additiveEps 0.5
entropy 0.454958
archive 12
3
8 8  100 1010111001100000001100111001101111100111101101000111101101011000001110101100010001101011011001001110
6 9  100 1010111001100000001100110101101111100111101101000111101101011000001110101100010001101011011001001110
3 10  100 1010111001100000001100111001101111100111101101000111101101011000001110101100010001100001011001001101
runNumber 13
genCount 5878
elapsedTime 600.022
unaryHyperVol 468
binaryHyperVol 8.3
additiveEps 0.5
entropy 0.454958
archive 13
3
8 8  100 1010111001100000001100111001101111100111101101000111101101011000001110101100010001101011011001001110
6 9  100 1010111001100000001100110101101111100111101101000111101101011000001110101100010001101011011001001110
3 10  100 1010111001100000000001111001101111100111101101000111101101011000001110101100010001101011011001001110
runNumber 14
genCount 5794
elapsedTime 599.9
unaryHyperVol 468
binaryHyperVol 8.3
additiveEps 0.5
entropy 0.454958
archive 14
3
8 8  100 1010111001100000001100111001101111100111101101000111101101011000001110101100010001101011011001001110
6 9  100 1010111001100000001100110101101111100111101101000111101101011000001110101100010001101011011001001110
3 10  100 1010111001100000001100111001101111100111101101000111101101011000001110101100010001100001011001001101
runNumber 15
genCount 5883
elapsedTime 599.945
unaryHyperVol 468
binaryHyperVol 8.3
additiveEps 0.5
entropy 0.454958
archive 15
3
8 8  100 1010111001100000001100111001101111100111101101000111101101011000001110101100010001101011011001001110
6 9  100 1010111001100000001100110101101111100111101101000111101101011000001110101100010001101011011001001110
3 10  100 1010111001100000000001111001101111100111101101000111101101011000001110101100010001101011011001001110
runNumber 16
genCount 5848
elapsedTime 599.985
unaryHyperVol 468
binaryHyperVol 8.3
additiveEps 0.5
entropy 0.454958
archive 16
3
8 8  100 1010111001100000001100111001101111100111101101000111101101011000001110101100010001101011011001001110
6 9  100 1010111001100000001100110101101111100111101101000111101101011000001110101100010001101011011001001110
3 10  100 1010111001100000001100111001101111100111101101000111101101011000001110101100010001100001011001001101
runNumber 17
genCount 5859
elapsedTime 599.946
unaryHyperVol 481
binaryHyperVol 4.1
additiveEps 0.25
entropy 0.434912
archive 17
4
8 7  100 1010111001100000001100111001011111010111101101000111101101011000001110101100010001101011011001001110
6 8  100 1010111001100000001100110101011111010111101101000111101101011000001110101100010001101011011001001110
4 9  100 1010111001100000000001111001011111010111101101000111101101011000001110101100010001101011011001001110
3 10  100 1010111001100000000001111001101111010111101101000111101101011000001110101100010001101011011001001110
runNumber 18
genCount 5805
elapsedTime 600.085
unaryHyperVol 456
binaryHyperVol 9.96
additiveEps 0.6
entropy 0.481574
archive 18
3
8 9  100 0110111001010100001100111001101111100111101101000111101101011000001110101111100001101011011001001110
4 10  100 0110111001010100001100111001101111100111101101000111101101011000001110101101100001100011011001001110
3 11  100 0110111001010100000001111001101111100111101101000111101101011000001110101111100001101011011001001110
runNumber 19
genCount 5798
elapsedTime 599.936
unaryHyperVol 401
binaryHyperVol 14.8194
additiveEps 0.666667
entropy 0.481574
archive 19
3
15 10  100 1001111001100000001100111001101111100111101101000111101101010000001110101111000000010111011001010010
8 11  100 1010111001100000001100111001101111100111101101000111101101010000001110101111000000010111011001010010
4 12  100 1010111001100000001100111001101111100111101101000111101101011000001110101100010000010111011001010010
runNumber 20
genCount 5710
elapsedTime 600.03
unaryHyperVol 468
binaryHyperVol 8.3
additiveEps 0.5
entropy 0.454958
archive 20
3
8 8  100 1010111001100000001100111001101111100111101101000111101101011000001110101100010001101011011001001110
6 9  100 1010111001100000001100110101101111100111101101000111101101011000001110101100010001101011011001001110
3 10  100 1010111001100000001100111001101111100111101101000111101101011000001110101100010001100001011001001101
runNumber 21
genCount 5779
elapsedTime 599.901
unaryHyperVol 468
binaryHyperVol 8.3
additiveEps 0.5
entropy 0.454958
archive 21
3
8 8  100 1010111001100000001100111001101111100111101101000111101101011000001110101100010001101011011001001110
6 9  100 1010111001100000001100110101101111100111101101000111101101011000001110101100010001101011011001001110
3 10  100 1010111001100000001100111001101111100111101101000111101101011000001110101100010001100001011001001101
runNumber 22
genCount 5922
elapsedTime 599.984
unaryHyperVol 468
binaryHyperVol 8.3
additiveEps 0.5
entropy 0.454958
archive 22
3
8 8  100 1010111001100000001100111001101111100111101101000111101101011000001110101100010001101011011001001110
6 9  100 1010111001100000001100110101101111100111101101000111101101011000001110101100010001101011011001001110
3 10  100 1010111001100000001100111001101111100111101101000111101101011000001110101100010001100001011001001101
runNumber 23
genCount 5946
elapsedTime 600.008
unaryHyperVol 468
binaryHyperVol 8.3
additiveEps 0.5
entropy 0.454958
archive 23
3
8 8  100 1010111001100000001100111001101111100111101101000111101101011000001110101100010001101011011001001110
6 9  100 1010111001100000001100110101101111100111101101000111101101011000001110101100010001101011011001001110
3 10  100 1010111001100000000001111001101111100111101101000111101101011000001110101100010001101011011001001110
runNumber 24
genCount 5687
elapsedTime 599.92
unaryHyperVol 481
binaryHyperVol 4.1
additiveEps 0.25
entropy 0.434912
archive 24
4
8 7  100 1010111001100000001100111001011111010111101101000111101101011000001110101100010001101011011001001110
6 8  100 1010111001100000001100110101011111010111101101000111101101011000001110101100010001101011011001001110
4 9  100 1010111001100000000001111001011111010111101101000111101101011000001110101100010001101011011001001110
3 10  100 1010111001100000000001111001101111010111101101000111101101011000001110101100010001101011011001001110
runNumber 25
genCount 5810
elapsedTime 599.986
unaryHyperVol 468
binaryHyperVol 8.3
additiveEps 0.5
entropy 0.454958
archive 25
3
8 8  100 1010111001100000001100111001101111100111101101000111101101011000001110101100010001101011011001001110
6 9  100 1010111001100000001100110101101111100111101101000111101101011000001110101100010001101011011001001110
3 10  100 1010111001100000000001111001101111100111101101000111101101011000001110101100010001101011011001001110
runNumber 26
genCount 5789
elapsedTime 599.953
unaryHyperVol 468
binaryHyperVol 8.3
additiveEps 0.5
entropy 0.454958
archive 26
3
8 8  100 1010111001100000001100111001101111100111101101000111101101011000001110101100010001101011011001001110
6 9  100 1010111001100000001100110101101111100111101101000111101101011000001110101100010001101011011001001110
3 10  100 1010111001100000000001111001101111100111101101000111101101011000001110101100010001101011011001001110
runNumber 27
genCount 5825
elapsedTime 600.05
unaryHyperVol 468
binaryHyperVol 8.3
additiveEps 0.5
entropy 0.454958
archive 27
3
8 8  100 1010111001100000001100111001101111100111101101000111101101011000001110101100010001101011011001001110
6 9  100 1010111001100000001100110101101111100111101101000111101101011000001110101100010001101011011001001110
3 10  100 1010111001100000001100111001101111100111101101000111101101011000001110101100010001100001011001001101
runNumber 28
genCount 5819
elapsedTime 599.93
unaryHyperVol 468
binaryHyperVol 8.3
additiveEps 0.5
entropy 0.454958
archive 28
3
8 8  100 1010111001100000001100111001101111100111101101000111101101011000001110101100010001101011011001001110
6 9  100 1010111001100000001100110101101111100111101101000111101101011000001110101100010001101011011001001110
3 10  100 1010111001100000001100111001101111100111101101000111101101011000001110101100010001100001011001001101
runNumber 29
genCount 5827
elapsedTime 600.002
unaryHyperVol 468
binaryHyperVol 8.3
additiveEps 0.5
entropy 0.454958
archive 29
3
8 8  100 1010111001100000001100111001101111100111101101000111101101011000001110101100010001101011011001001110
6 9  100 1010111001100000001100110101101111100111101101000111101101011000001110101100010001101011011001001110
3 10  100 1010111001100000001100111001101111100111101101000111101101011000001110101100010001100001011001001101
