OptimalFront
unaryHyperVol 286
Optimal front is obtained by exact method
-------------------------
4
2 7
4 6
6 5
7 4
runNumber 0
genCount 5658
elapsedTime 599.962
unaryHyperVol 286
binaryHyperVol 0
additiveEps 0
entropy 0.424747
archive 0
4
7 4  100 1010100110110001000000111111110001110101000100001010011010000011010000111011000100011001110100111011
6 5  100 1010100110110001000000111111110001110101000100001010011010000011011010111011000100011001110100111011
4 6  100 1010100110110001000000111111110001110101000100001010011010000011011010111011000100011001010100111011
2 7  100 1010100110110001000000111111110001110101000100001010011010000011011010111000010100011001111000111011
runNumber 1
genCount 5642
elapsedTime 600.013
unaryHyperVol 286
binaryHyperVol 0
additiveEps 0
entropy 0.424747
archive 1
4
7 4  100 1010100110110001000000111111110001110101000100001010011010000011010000111011000100011001110100111011
6 5  100 1010100110110001000000111111110001110101000100001010011010000011011010111011000100011001110100111011
4 6  100 1010100110110001000000111111110001110101000100001010011010000011011010111011000100011001010100111011
2 7  100 1010100110110001000000111111110001110101000100001010011010000011011010111000010100011001010100111011
runNumber 2
genCount 5690
elapsedTime 600.025
unaryHyperVol 285
binaryHyperVol 0.0666667
additiveEps 0.2
entropy 0.482558
archive 2
3
7 4  100 1010100110110001000000111111110001110101000100001010011010000011010000111011000100011001110100111011
4 6  100 1010100110110001000000111111110001110101000100001010011010000011011010111011000100011001010100111011
2 7  100 1010100110110001000000111111110001110101000100001010011010000011011010111000010100011001010100111011
runNumber 3
genCount 5625
elapsedTime 599.919
unaryHyperVol 286
binaryHyperVol 0
additiveEps 0
entropy 0.424747
archive 3
4
7 4  100 1010100110110001000000111111110001110101000100001010011010000011010000111011000100011001110100111011
6 5  100 1010100110110001000000111111110001110101000100001010011010000011011010111011000100011001110100111011
4 6  100 1010100110110001000000111111110001110101000100001010011010000011011010111011000100011001010100111011
2 7  100 1010100110110001000000111111110001110101000100001010011010000011011010111000010100011001010100111011
runNumber 4
genCount 5631
elapsedTime 599.916
unaryHyperVol 285
binaryHyperVol 0.0666667
additiveEps 0.2
entropy 0.482558
archive 4
3
7 4  100 1010100110110001000000111111110001110101000100001010011010000011010000111011000100011001110100111011
4 6  100 1010100110110001000000111111110001110101000100001010011010000011011010111011000100011001010100111011
2 7  100 1010100110110001000000111111110001110101000100001010011010000011011010111000010100011001010100111011
runNumber 5
genCount 5674
elapsedTime 600.048
unaryHyperVol 286
binaryHyperVol 0
additiveEps 0
entropy 0.424747
archive 5
4
7 4  100 1010100110110001000000111111110001110101000100001010011010000011010000111011000100011001110100111011
6 5  100 1010100110110001000000111111110001110101000100001010011010000011011010111011000100011001110100111011
4 6  100 1010100110110001000000111111110001110101000100001010011010000011011010111011000100011001010100111011
2 7  100 1010100110110001000000111111110001110101000100001010011010000011011010111000010100011001111000111011
runNumber 6
genCount 5720
elapsedTime 599.938
unaryHyperVol 286
binaryHyperVol 0
additiveEps 0
entropy 0.424747
archive 6
4
7 4  100 1010100110110001000000111111110001110101000100001010011010000011010000111011000100011001110100111011
6 5  100 1010100110110001000000111111110001110101000100001010011010000011011010111011000100011001110100111011
4 6  100 1010100110110001000000111111110001110101000100001010011010000011011010111011000100011001010100111011
2 7  100 1010100110110001000000111111110001110101000100001010011010000011011010111000010100011001111000111011
runNumber 7
genCount 5632
elapsedTime 600.013
unaryHyperVol 286
binaryHyperVol 0
additiveEps 0
entropy 0.424747
archive 7
4
7 4  100 1010100110110001000000111111110001110101000100001010011010000011010000111011000100011001110100111011
6 5  100 1010100110110001000000111111110001110101000100001010011010000011110000111011000100011001110100111011
4 6  100 1010100110110001000000111111110001110101000100001010011010000011110000111011000100011001010100111011
2 7  100 1010100110110001000000111111110001110101000100001010011010000011011010111000010100011001010100111011
runNumber 8
genCount 5600
elapsedTime 599.933
unaryHyperVol 286
binaryHyperVol 0
additiveEps 0
entropy 0.424747
archive 8
4
7 4  100 1010100110110001000000111111110001110101000100001010011010000011010000111011000100011001110100111011
6 5  100 1010100110110001000000111111110001110101000100001010011010000011011010111011000100011001110100111011
4 6  100 1010100110110001000000111111110001110101000100001010011010000011011010111011000100011001010100111011
2 7  100 1010100110110001000000111111110001110101000100001010011010000011011010111000010100011001010100111011
runNumber 9
genCount 5671
elapsedTime 600.012
unaryHyperVol 286
binaryHyperVol 0
additiveEps 0
entropy 0.424747
archive 9
4
7 4  100 1010100110110001000000111111110001110101000100001010011010000011010000111011000100011001110100111011
6 5  100 1010100110110001000000111111110001110101000100001010011010000011011010111011000100011001110100111011
4 6  100 1010100110110001000000111111110001110101000100001010011010000011011010111011000100011001010100111011
2 7  100 1010100110110001000000111111110001110101000100001010011010000011011010111000010100011001010100111011
runNumber 10
genCount 5659
elapsedTime 600.049
unaryHyperVol 286
binaryHyperVol 0
additiveEps 0
entropy 0.424747
archive 10
4
7 4  100 1010100110110001000000111111110001110101000100001010011010000011010000111011000100011001110100111011
6 5  100 1010100110110001000000111111110001110101000100001010011010000011011010111011000100011001110100111011
4 6  100 1010100110110001000000111111110001110101000100001010011010000011011010111011000100011001010100111011
2 7  100 1010100110110001000000111111110001110101000100001010011010000011011010111000010100011001111000111011
runNumber 11
genCount 5730
elapsedTime 599.983
unaryHyperVol 286
binaryHyperVol 0
additiveEps 0
entropy 0.424747
archive 11
4
7 4  100 1010100110110001000000111111110001110101000100001010011010000011010000111011000100011001110100111011
6 5  100 1010100110110001000000111111110001110101000100001010011010000011011010111011000100011001110100111011
4 6  100 1010100110110001000000111111110001110101000100001010011010000011011010111011000100011001010100111011
2 7  100 1010100110110001000000111111110001110101000100001010011010000011011010111000010100011001111000111011
runNumber 12
genCount 5628
elapsedTime 599.975
unaryHyperVol 286
binaryHyperVol 0
additiveEps 0
entropy 0.424747
archive 12
4
7 4  100 1010100110110001000000111111110001110101000100001010011010000011010000111011000100011001110100111011
6 5  100 1010100110110001000000111111110001110101000100001010011010000011011010111011000100011001110100111011
4 6  100 1010100110110001000000111111110001110101000100001010011010000011011010111011000100011001010100111011
2 7  100 1010100110110001000000111111110001110101000100001010011010000011011010111000010100011001111000111011
runNumber 13
genCount 5679
elapsedTime 599.906
unaryHyperVol 286
binaryHyperVol 0
additiveEps 0
entropy 0.424747
archive 13
4
7 4  100 1010100110110001000000111111110001110101000100001010011010000011010000111011000100011001110100111011
6 5  100 1010100110110001000000111111110000110101000100001010011010000011010000111011000100011001110100111011
4 6  100 1010100110110001000000111111110001110101000100001010011010000011011010111011000100011001010100111011
2 7  100 1010100110110001000000111111110001110101000100001010011010000011011010111000010100011001111000111011
runNumber 14
genCount 5666
elapsedTime 599.949
unaryHyperVol 286
binaryHyperVol 0
additiveEps 0
entropy 0.424747
archive 14
4
7 4  100 1010100110110001000000111111110001110101000100001010011010000011010000111011000100011001110100111011
6 5  100 1010100110110001000000111111110001110101000100001010011010000011011010111011000100011001110100111011
4 6  100 1010100110110001000000111111110001110101000100001010011010000011011010111011000100011001010100111011
2 7  100 1010100110110001000000111111110001110101000100001010011010000011011010111000010100011001010100111011
runNumber 15
genCount 5595
elapsedTime 600.011
unaryHyperVol 286
binaryHyperVol 0
additiveEps 0
entropy 0.424747
archive 15
4
7 4  100 1010100110110001000000111111110001110101000100001010011010000011010000111011000100011001110100111011
6 5  100 1010100110110001000000111111110001110101000100001010011010000011011010111011000100011001110100111011
4 6  100 1010100110110001000000111111110001110101000100001010011010000011011010111011000100011001010100111011
2 7  100 1010100110110001000000111111110001110101000100001010011010000011011010111000010100011001111000111011
runNumber 16
genCount 5696
elapsedTime 599.96
unaryHyperVol 286
binaryHyperVol 0
additiveEps 0
entropy 0.424747
archive 16
4
7 4  100 1010100110110001000000111111110001110101000100001010011010000011010000111011000100011001110100111011
6 5  100 1010100110110001000000111111110001110101000100001010011010000011011010111011000100011001110100111011
4 6  100 1010100110110001000000111111110001110101000100001010011010000011011010111011000100011001010100111011
2 7  100 1010100110110001000000111111110001110101000100001010011010000011011010111000010100011001111000111011
runNumber 17
genCount 5652
elapsedTime 599.975
unaryHyperVol 286
binaryHyperVol 0
additiveEps 0
entropy 0.424747
archive 17
4
7 4  100 1010100110110001000000111100110001110101000100001010011010000011010000111011100100011001110100111011
6 5  100 1010100110110001000000111100110001110101000100001010011010000011011010111011100100011001110100111011
4 6  100 1010100110110001000000111111110001110101000100001010011010000011011010111011000100011001010100111011
2 7  100 1010100110110001000000111111110001110101000100001010011010000011011010111000010100011001111000111011
runNumber 18
genCount 5636
elapsedTime 600.032
unaryHyperVol 286
binaryHyperVol 0
additiveEps 0
entropy 0.424747
archive 18
4
7 4  100 1010100110110001000000111111110001110101000100001010011010000011010000111011000100011001110100111011
6 5  100 1010100110110001000000111111110001110101000100001010011010000011011010111011000100011001110100111011
4 6  100 1010100110110001000000111111110001110101000100001010011010000011011010111011000100011001010100111011
2 7  100 1010100110110001000000111111110001110101000100001010011010000011011010111000010100011001010100111011
runNumber 19
genCount 5681
elapsedTime 599.868
unaryHyperVol 286
binaryHyperVol 0
additiveEps 0
entropy 0.424747
archive 19
4
7 4  100 1010100110110001000000111111110001110101000100001010011010000011010000111011000100011001110100111011
6 5  100 1010100110110001000000111111110001110101000100001010011010000011011010111011000100011001110100111011
4 6  100 1010100110110001000000111111110001110101000100001010011010000011011010111011000100011001010100111011
2 7  100 1010100110110001000000111111110001110101000100001010011010000011011010111000010100011001010100111011
runNumber 20
genCount 5640
elapsedTime 600.038
unaryHyperVol 286
binaryHyperVol 0
additiveEps 0
entropy 0.424747
archive 20
4
7 4  100 1010100110110001000000111111110001110101000100001010011010000011010000111011000100011001110100111011
6 5  100 1010100110110001000000111111110001110101000100001010011010000011011010111011000100011001110100111011
4 6  100 1010100110110001000000111111110001110101000100001010011010000011011010111011000100011001010100111011
2 7  100 1010100110110001000000111111110001110101000100001010011010000011011010111000010100011001010100111011
runNumber 21
genCount 5682
elapsedTime 599.987
unaryHyperVol 286
binaryHyperVol 0
additiveEps 0
entropy 0.424747
archive 21
4
7 4  100 1010100110110001000000111111110001110101000100001010011010000011010000111011000100011001110100111011
6 5  100 1010100110110001000000111111110001110101000100001010011010000011011010111011000100011001110100111011
4 6  100 1010100110110001000000111111110001110101000100001010011010000011011010111011000100011001010100111011
2 7  100 1010100110110001000000111111110001110101000100001010011010000011011010111000010100011001111000111011
runNumber 22
genCount 5640
elapsedTime 599.955
unaryHyperVol 286
binaryHyperVol 0
additiveEps 0
entropy 0.424747
archive 22
4
7 4  100 1010100110110001000000111111110001110101000100001010011010000011010000111011000100011001110100111011
6 5  100 1010100110110001000000111111110001110101000100001010011010000011011010111011000100011001110100111011
4 6  100 1010100110110001000000111111110001110101000100001010011010000011011010111011000100011001010100111011
2 7  100 1010100110110001000000111111110001110101000100001010011010000011011010111000010100011001111000111011
runNumber 23
genCount 5646
elapsedTime 599.932
unaryHyperVol 286
binaryHyperVol 0
additiveEps 0
entropy 0.424747
archive 23
4
7 4  100 1010100110110001000000111111110001110101000100001010011010000011010000111011000100011001110100111011
6 5  100 1010100110110001000000111111110001110101000100001010011010000011011010111011000100011001110100111011
4 6  100 1010100110110001000000111111110001110101000100001010011010000011011010111011000100011001010100111011
2 7  100 1010100110110001000000111111110001110101000100001010011010000011011010111000010100011001010100111011
runNumber 24
genCount 5667
elapsedTime 599.944
unaryHyperVol 286
binaryHyperVol 0
additiveEps 0
entropy 0.424747
archive 24
4
7 4  100 1010100110110001000000111111110001110101000100001010011010000011010000111011000100011001110100111011
6 5  100 1010100110110001000000111111110001110101000100001010011010000011110000111011000100011001110100111011
4 6  100 1010100110110001000000111111110001110101000100001010011010000011011010111011000100011001010100111011
2 7  100 1010100110110001000000111111110001110101000100001010011010000011011010111000010100011001111000111011
runNumber 25
genCount 5693
elapsedTime 600.008
unaryHyperVol 286
binaryHyperVol 0
additiveEps 0
entropy 0.424747
archive 25
4
7 4  100 1010100110110001000000111111110001110101000100001010011010000011010000111011000100011001110100111011
6 5  100 1010100110110001000000111111110001110101000100001010011010000011011010111011000100011001110100111011
4 6  100 1010100110110001000000111111110001110101000100001010011010000011011010111011000100011001010100111011
2 7  100 1010100110110001000000111111110001110101000100001010011010000011011010111000010100011001010100111011
runNumber 26
genCount 5666
elapsedTime 599.968
unaryHyperVol 286
binaryHyperVol 0
additiveEps 0
entropy 0.424747
archive 26
4
7 4  100 1010100110110001000000111111110001110101000100001010011010000011010000111011000100011001110100111011
6 5  100 1010100110110001000000111111110001110101000100001010011010000011011010111011000100011001110100111011
4 6  100 1010100110110001000000111111110001110101000100001010011010000011011010111011000100011001010100111011
2 7  100 1010100110110001000000111111110001110101000100001010011010000011011010111000010100011001010100111011
runNumber 27
genCount 5669
elapsedTime 599.946
unaryHyperVol 286
binaryHyperVol 0
additiveEps 0
entropy 0.424747
archive 27
4
7 4  100 1010100110110001000000111111110001110101000100001010011010000011010000111011000100011001110100111011
6 5  100 1010100110110001000000111111110001110101000100001010011010000011011010111011000100011001110100111011
4 6  100 1010100110110001000000111111110001110101000100001010011010000011011010111011000100011001010100111011
2 7  100 1010100110110001000000111111110001110101000100001010011010000011011010111000010100011001010100111011
runNumber 28
genCount 5634
elapsedTime 600.069
unaryHyperVol 286
binaryHyperVol 0
additiveEps 0
entropy 0.424747
archive 28
4
7 4  100 1010100110110001000000111111110001110101000100001010011010000011010000111011000100011001110100111011
6 5  100 1010100110110001000000111111110001110101000100001010011010000011011010111011000100011001110100111011
4 6  100 1010100110110001000000111111110001110101000100001010011010000011011010111011000100011001010100111011
2 7  100 1010100110110001000000111111110001110101000100001010011010000011011010111000010100011001010100111011
runNumber 29
genCount 5671
elapsedTime 599.886
unaryHyperVol 286
binaryHyperVol 0
additiveEps 0
entropy 0.424747
archive 29
4
7 4  100 1010100110110001000000111111110001110101000100001010011010000011010000111011000100011001110100111011
6 5  100 1010100110110001000000111111110001110101000100001010011010000011011010111011000100011001110100111011
4 6  100 1010100110110001000000111111110001110101000100001010011010000011011010111011000100011001010100111011
2 7  100 1010100110110001000000111111110001110101000100001010011010000011011010111000010100011001010100111011
