OptimalFront
unaryHyperVol 413
4
6 7  100 1000101000010101010000000010001100110101000101011010010100010011010000110001100010001000101011111011
4 8  100 1000101000010101010000000010001100110101000101011010010100010011110000110001100010001000101011111011
3 9  100 1000101000010101010000000010001100110101000101011010010100010011011010110001100010001000101011111011
2 10  100 1000000000000101010000000010001100110101000101011010010100010011011010110000010010001000101011111011
-------------------------
runNumber 0
genCount 5798
elapsedTime 599.899
unaryHyperVol 400
binaryHyperVol 5.25
additiveEps 0.333333
entropy 0.449615
archive 0
3
6 8  100 1000101000000101010000000010001100110101000101011010010100010011010000110000010010001000101011111011
4 9  100 1000101000000101010000000010001100110101000101011010010100010011110000110000010010001000101011111011
2 10  100 1000101000000101010000000010001100110101000101011010010100010011011010110000010010001000101011111011
runNumber 1
genCount 5801
elapsedTime 599.957
unaryHyperVol 400
binaryHyperVol 5.25
additiveEps 0.333333
entropy 0.449615
archive 1
3
6 8  100 1000000000000101010000000010001100110101000101011010010100010011010000110000010010001000101011111011
4 9  100 1000000000000101010000000010001100110101000101011010010100010011110000110000010010001000101011111011
2 10  100 1000000000000101010000000010001100110101000101011010010100010011011010110000010010001000101011111011
runNumber 2
genCount 5774
elapsedTime 599.918
unaryHyperVol 400
binaryHyperVol 5.25
additiveEps 0.333333
entropy 0.449615
archive 2
3
6 8  100 1000101000000101010000000010001100110101000101011010010100010011010000110000010010001000101011111011
4 9  100 1000101000000101010000000010001100110101000101011010010100010011110000110000010010001000101011111011
2 10  100 1000101000000101010000000010001100110101000101011010010100010011011010110000010010001000101011111011
runNumber 3
genCount 5751
elapsedTime 600.038
unaryHyperVol 400
binaryHyperVol 5.25
additiveEps 0.333333
entropy 0.449615
archive 3
3
6 8  100 1000000000000101010000000010001100110101000101011010010100010011010000110000010010001000101011111011
4 9  100 1000000000000101010000000010001100110101000101011010010100010011110000110000010010001000101011111011
2 10  100 1000000000000101010000000010001100110101000101011010010100010011011010110000010010001000101011111011
runNumber 4
genCount 5614
elapsedTime 599.869
unaryHyperVol 400
binaryHyperVol 5.25
additiveEps 0.333333
entropy 0.449615
archive 4
3
6 8  100 1000000000000101010000000010001100110101000101011010010100010011010000110000010010001000101011110011
4 9  100 1000000000000101010000000010001100110101000101011010010100010011110000110000010010001000101011111011
2 10  100 1000000000000101010000000010001100110101000101011010010100010011011010110000010010001000101011111011
runNumber 5
genCount 5705
elapsedTime 599.828
unaryHyperVol 400
binaryHyperVol 5.25
additiveEps 0.333333
entropy 0.449615
archive 5
3
6 8  100 1000000000000101010000000010001100110101000101011010010100010011010000110000010010001000101011111011
4 9  100 1000000000000101010000000010001100110101000101011010010100010011110000110000010010001000101011111011
2 10  100 1000000000000101010000000010001100110101000101011010010100010011011010110000010010001000101011111011
runNumber 6
genCount 5655
elapsedTime 599.956
unaryHyperVol 400
binaryHyperVol 5.25
additiveEps 0.333333
entropy 0.449615
archive 6
3
6 8  100 1000000000000101010000000010001100110101000101011010010100010011010000110000010010001000101011111011
4 9  100 1000000000000101010000000010001100110101000101011010010100010011110000110000010010001000101011111011
2 10  100 1000000000000101010000000010001100110101000101011010010100010011011010110000010010001000101011111011
runNumber 7
genCount 5737
elapsedTime 599.909
unaryHyperVol 400
binaryHyperVol 5.25
additiveEps 0.333333
entropy 0.449615
archive 7
3
6 8  100 1000000000000101010000000010001100110101000101011010010100010011010000110000010010001000101011111011
4 9  100 1000000000000101010000000010001100110101000101011010010100010011110000110000010010001000101011111011
2 10  100 1000000000000101010000000010001100110101000101011010010100010011011010110000010010001000101011111011
runNumber 8
genCount 5884
elapsedTime 599.864
unaryHyperVol 400
binaryHyperVol 5.25
additiveEps 0.333333
entropy 0.449615
archive 8
3
6 8  100 1000000000000101010000000010001100110101000101011010010100010011010000110000010010001000101011111011
4 9  100 1000000000000101010000000010001100110101000101011010010100010011110000110000010010001000101011111011
2 10  100 1000000000000101010000000010001100110101000101011010010100010011011010110000010010001000101011111011
runNumber 9
genCount 5692
elapsedTime 599.978
unaryHyperVol 400
binaryHyperVol 5.25
additiveEps 0.333333
entropy 0.449615
archive 9
3
6 8  100 1000000000000101010000000010001100110101000101011010010100010011010000110000010010001000101011111011
4 9  100 1000000000000101010000000010001100110101000101011010010100010011110000110000010010001000101011111011
2 10  100 1000000000000101010000000010001100110101000101011010010100010011011010110000010010001000101011111011
runNumber 10
genCount 5817
elapsedTime 599.995
unaryHyperVol 400
binaryHyperVol 5.25
additiveEps 0.333333
entropy 0.449615
archive 10
3
6 8  100 1000101000000101010000000010001100110101000101011010010100010011010000110000010010001000101011111011
4 9  100 1000101000000101010000000010001100110101000101011010010100010011110000110000010010001000101011111011
2 10  100 1000101000000101010000000010001100110101000101011010010100010011011010110000010010001000101011111011
runNumber 11
genCount 5903
elapsedTime 599.79
unaryHyperVol 398
binaryHyperVol 4.0625
additiveEps 0.25
entropy 0.42515
archive 11
3
6 8  100 1000000000000101010000000010001100110101000101011010010100010011010000110000010010001000010111110111
4 9  100 1000000000000101010000000010001100110101000101011010010100010011110000110000010010001000010111110111
2 11  100 1000000000000101010000000010001100110101000101011010010100010011011010110000010010001000010111111011
runNumber 12
genCount 5705
elapsedTime 599.821
unaryHyperVol 400
binaryHyperVol 5.25
additiveEps 0.333333
entropy 0.449615
archive 12
3
6 8  100 1000101000000101010000000010001100110101000101011010010100010011010000110000010010001000101011111011
4 9  100 1000101000000101010000000010001100110101000101011010010100010011110000110000010010001000101011111011
2 10  100 1000101000000101010000000010001100110101000101011010010100010011011010110000010010001000101011111011
runNumber 13
genCount 5774
elapsedTime 599.887
unaryHyperVol 400
binaryHyperVol 5.25
additiveEps 0.333333
entropy 0.449615
archive 13
3
6 8  100 1000101000000101010000000010001100110101000101011010010100010011010000110000010010001000101011111011
4 9  100 1000101000000101010000000010001100110101000101011010010100010011110000110000010010001000101011111011
2 10  100 1000101000000101010000000010001100110101000101011010010100010011011010110000010010001000101011111011
runNumber 14
genCount 5677
elapsedTime 599.855
unaryHyperVol 400
binaryHyperVol 5.25
additiveEps 0.333333
entropy 0.449615
archive 14
3
6 8  100 1000000000000101010000000010001100110101000101011010010100010011010000110000010010001000101011111011
4 9  100 1000000000000101010000000010001100110101000101011010010100010011110000110000010010001000101011111011
2 10  100 1000000000000101010000000010001100110101000101011010010100010011011010110000010010001000101011111011
runNumber 15
genCount 5605
elapsedTime 599.903
unaryHyperVol 400
binaryHyperVol 5.25
additiveEps 0.333333
entropy 0.449615
archive 15
3
6 8  100 1000000000000101010000000010001100110101000101011010010100010011010000110000010010001000101011111011
4 9  100 1000000000000101010000000010001100110101000101011010010100010011110000110000010010001000101011111011
2 10  100 1000000000000101010000000010001100110101000101011010010100010011011010110000010010001000101011111011
runNumber 16
genCount 5696
elapsedTime 599.85
unaryHyperVol 413
binaryHyperVol 0
additiveEps 0
entropy 0.326045
archive 16
4
6 7  100 1000101000010101010000000010001100110101000101011010010100010011010000110001100010001000101011111011
4 8  100 1000101000010101010000000010001100110101000101011010010100010011110000110001100010001000101011111011
3 9  100 1000101000010101010000000010001100110101000101011010010100010011011010110001100010001000101011111011
2 10  100 1000101000000101010000000010001100110101000101011010010100010011011010110000010010001000101011111011
runNumber 17
genCount 5630
elapsedTime 600.02
unaryHyperVol 400
binaryHyperVol 5.25
additiveEps 0.333333
entropy 0.449615
archive 17
3
6 8  100 1000101000000101010000000010001100110101000101011010010100010011010000110000010010001000101011111011
4 9  100 1000101000000101010000000010001100110101000101011010010100010011110000110000010010001000101011111011
2 10  100 1000101000000101010000000010001100110101000101011010010100010011011010110000010010001000101011111011
runNumber 18
genCount 5756
elapsedTime 599.803
unaryHyperVol 400
binaryHyperVol 5.25
additiveEps 0.333333
entropy 0.449615
archive 18
3
6 8  100 1000000000000101010000000010001100110101000101011010010100010011010000110000010010001000101011111011
4 9  100 1000000000000101010000000010001100110101000101011010010100010011110000110000010010001000101011111011
2 10  100 1000000000000101010000000010001100110101000101011010010100010011011010110000010010001000101011111011
runNumber 19
genCount 5966
elapsedTime 600.085
unaryHyperVol 400
binaryHyperVol 5.25
additiveEps 0.333333
entropy 0.449615
archive 19
3
6 8  100 1000101000000101010000000010001100110101000101011010010100010011010000110000010010001000101011111011
4 9  100 1000101000000101010000000010001100110101000101011010010100010011110000110000010010001000101011111011
2 10  100 1000101000000101010000000010001100110101000101011010010100010011011010110000010010001000101011111011
runNumber 20
genCount 5783
elapsedTime 599.624
unaryHyperVol 400
binaryHyperVol 5.25
additiveEps 0.333333
entropy 0.449615
archive 20
3
6 8  100 1000101000000101010000000010001100110101000101011010010100010011010000110000010010001000101011111011
4 9  100 1000101000000101010000000010001100110101000101011010010100010011110000110000010010001000101011111011
2 10  100 1000101000000101010000000010001100110101000101011010010100010011011010110000010010001000101011111011
runNumber 21
genCount 5711
elapsedTime 599.883
unaryHyperVol 413
binaryHyperVol 0
additiveEps 0
entropy 0.326045
archive 21
4
6 7  100 1000100100010101010101000010001100110101000101011010010100010011010000110001100010001000101011111011
4 8  100 1000011100010101010101000010001100110101000101011010010100010011110000110001100010001000101011111011
3 9  100 1000100100010101010101000010001100110101000101011010010100010011011010110001100010001000101011111011
2 10  100 1000101000000101010000000010001100110101000101011010010100010011011010110000010010001000101011111011
runNumber 22
genCount 5701
elapsedTime 599.962
unaryHyperVol 398
binaryHyperVol 4.0625
additiveEps 0.25
entropy 0.42515
archive 22
3
6 8  100 1000000000000101010000000010001100110101000101011010010100010011010000110000010010001000010111110111
4 9  100 1000000000000101010000000010001100110101000101011010010100010011110000110000010010001000010111110111
2 11  100 1000000000000101010000000010001100110101000101011010010100010011011010110000010010001000010111111011
runNumber 23
genCount 5588
elapsedTime 600
unaryHyperVol 413
binaryHyperVol 0
additiveEps 0
entropy 0.326045
archive 23
4
6 7  100 1000101000010101010000000010001100110101000101011010010100010011010000110001100010001000101011111011
4 8  100 1000101000010101010000000010001100110101000101011010010100010011110000110001100010001000101011111011
3 9  100 1000101000010101010000000010001100110101000101011010010100010011011010110001100010001000101011111011
2 10  100 1000101000000101010000000010001100110101000101011010010100010011011010110000010010001000101011111011
runNumber 24
genCount 5868
elapsedTime 599.764
unaryHyperVol 400
binaryHyperVol 5.25
additiveEps 0.333333
entropy 0.449615
archive 24
3
6 8  100 1000101000000101010000000010001100110101000101011010010100010011010000110000010010001000101011111011
4 9  100 1000101000000101010000000010001100110101000101011010010100010011110000110000010010001000101011111011
2 10  100 1000101000000101010000000010001100110101000101011010010100010011011010110000010010001000101011111011
runNumber 25
genCount 5729
elapsedTime 599.991
unaryHyperVol 400
binaryHyperVol 5.25
additiveEps 0.333333
entropy 0.449615
archive 25
3
6 8  100 1000000000000101010000000010001100110101000101011010010100010011010000110000010010001000101011111011
4 9  100 1000000000000101010000000010001100110101000101011010010100010011110000110000010010001000101011111011
2 10  100 1000000000000101010000000010001100110101000101011010010100010011011010110000010010001000101011111011
runNumber 26
genCount 5709
elapsedTime 599.811
unaryHyperVol 400
binaryHyperVol 5.25
additiveEps 0.333333
entropy 0.449615
archive 26
3
6 8  100 1000101000000101010000000010001100110101000101011010010100010011010000110000010010001000101011111011
4 9  100 1000101000000101010000000010001100110101000101011010010100010011110000110000010010001000101011111011
2 10  100 1000101000000101010000000010001100110101000101011010010100010011011010110000010010001000101011111011
runNumber 27
genCount 5731
elapsedTime 599.995
unaryHyperVol 400
binaryHyperVol 5.25
additiveEps 0.333333
entropy 0.449615
archive 27
3
6 8  100 1000101000000101010000000010001100110101000101011010010100010011010000110000010010001000101011111011
4 9  100 1000101000000101010000000010001100110101000101011010010100010011110000110000010010001000101011111011
2 10  100 1000101000000101010000000010001100110101000101011010010100010011011010110000010010001000101011111011
runNumber 28
genCount 5693
elapsedTime 599.998
unaryHyperVol 400
binaryHyperVol 5.25
additiveEps 0.333333
entropy 0.449615
archive 28
3
6 8  100 1000101000000101010000000010001100110101000101011010010100010011010000110000010010001000101011111011
4 9  100 1000101000000101010000000010001100110101000101011010010100010011110000110000010010001000101011111011
2 10  100 1000101000000101010000000010001100110101000101011010010100010011011010110000010010001000101011111011
runNumber 29
genCount 5784
elapsedTime 599.835
unaryHyperVol 400
binaryHyperVol 5.25
additiveEps 0.333333
entropy 0.449615
archive 29
3
6 8  100 1000101000000101010000000010001100110101000101011010010100010011010000110000010010001000101011111011
4 9  100 1000101000000101010000000010001100110101000101011010010100010011110000110000010010001000101011111011
2 10  100 1000101000000101010000000010001100110101000101011010010100010011011010110000010010001000101011111011
