OptimalFront
unaryHyperVol 387
Optimal front is obtained by exact method
-------------------------
3
2 7
3 6
4 5
runNumber 0
genCount 5755
elapsedTime 599.94
unaryHyperVol 387
binaryHyperVol 0
additiveEps 0
entropy 0.461903
archive 0
3
4 5  100 1000011000010000001001111010101100101111111111101010111001000000001010101111101110101110010101100100
3 6  100 1000011000010100001001111010101100101111111111101010111001000000001010101111101110101110010101100100
2 7  100 1000011000010000001001111010101100101111111111101010111001000000001010101100011110101110010101100100
runNumber 1
genCount 6055
elapsedTime 599.978
unaryHyperVol 387
binaryHyperVol 0
additiveEps 0
entropy 0.461903
archive 1
3
4 5  100 1000010100010000001001111010101100101111111111101010111001001000001010101111101110101110010101100100
3 6  100 1000010100010100001001111010101100101111111111101010111001001000001010101111101110101110010101100100
2 7  100 1000010100010000001001111010101100101111111111101010111001001000001010101100011110101110010101100100
runNumber 2
genCount 5799
elapsedTime 599.945
unaryHyperVol 387
binaryHyperVol 0
additiveEps 0
entropy 0.461903
archive 2
3
4 5  100 1000011000010000001001111010101100101111111111101010111001001000001010101111101110101110010101100100
3 6  100 1000011000010100001001111010101100101111111111101010111001000000001010101111101110101110010101100100
2 7  100 1000011000010000001001111010101100101111111111101010111001000000001010101100011110101110010101100100
runNumber 3
genCount 5958
elapsedTime 599.876
unaryHyperVol 387
binaryHyperVol 0
additiveEps 0
entropy 0.461903
archive 3
3
4 5  100 1000011000010000001001111010101100101111111111101010111001000000001010101111101110101110010101100100
3 6  100 1000011000010100001001111010101100101111111111101010111001000000001010101111101110101110010101100100
2 7  100 1000011000010000001001111010101100101111111111101010111001000000001010101100011110101110010101100100
runNumber 4
genCount 5788
elapsedTime 599.988
unaryHyperVol 387
binaryHyperVol 0
additiveEps 0
entropy 0.461903
archive 4
3
4 5  100 1000010100010000001001111010101100101111111111101010111001001000001010101111101110101110010101100100
3 6  100 1000010100010100001001111010101100101111111111101010111001000000001010101111101110101110010101100100
2 7  100 1000010100010000001001111010101100101111111111101010111001000000001010101100011110101110010101100100
runNumber 5
genCount 5819
elapsedTime 599.889
unaryHyperVol 387
binaryHyperVol 0
additiveEps 0
entropy 0.461903
archive 5
3
4 5  100 1000011000010000001001111010101100101111111111101010111001001000001010101111101110101110010101100100
3 6  100 1000011000010100001001111010101100101111111111101010111001000000001010101111101110101110010101100100
2 7  100 1000011000010000001001111010101100101111111111101010111001001000001010101100011110101110010101100100
runNumber 6
genCount 5819
elapsedTime 600.088
unaryHyperVol 387
binaryHyperVol 0
additiveEps 0
entropy 0.461903
archive 6
3
4 5  100 1000011000010000001001111010101100101111111111101010111001000000001010101111101110101110010101100100
3 6  100 1000011000010100001001111010101100101111111111101010111001000000001010101111101110101110010101100100
2 7  100 1000011000010000001001111010101100101111111111101010111001000000001010101100011110101110010101100100
runNumber 7
genCount 5749
elapsedTime 599.872
unaryHyperVol 387
binaryHyperVol 0
additiveEps 0
entropy 0.461903
archive 7
3
4 5  100 1000011000010000001001111010101100101111111111101010111001000000001010101111101110101110010101100100
3 6  100 1000011000010100001001111010101100101111111111101010111001000000001010101111101110101110010101100100
2 7  100 1000011000010000001001111010101100101111111111101010111001000000001010101100011110101110010101100100
runNumber 8
genCount 5960
elapsedTime 600.056
unaryHyperVol 387
binaryHyperVol 0
additiveEps 0
entropy 0.461903
archive 8
3
4 5  100 1000011000010000001001111010101100101111111111101010111001001000001010101111101110101110010101100100
3 6  100 1000011000010100001001111010101100101111111111101010111001001000001010101111101110101110010101100100
2 7  100 1000011000010000001001111010101100101111111111101010111001000000001010101100011110101110010101100100
runNumber 9
genCount 5840
elapsedTime 599.966
unaryHyperVol 387
binaryHyperVol 0
additiveEps 0
entropy 0.461903
archive 9
3
4 5  100 1000010100010000001001111010101100101111111111101010111001001000001010101111101110101110010101100100
3 6  100 1000010100010100001001111010101100101111111111101010111001000000001010101111101110101110010101100100
2 7  100 1000010100010000001001111010101100101111111111101010111001001000001010101100011110101110010101100100
runNumber 10
genCount 5798
elapsedTime 599.931
unaryHyperVol 359
binaryHyperVol 17
additiveEps 0.5
entropy 0.488066
archive 10
2
4 5  100 1000010100010000001001111010101100101111111111101010111001001000001010101111101110101110010101100100
3 6  100 1000010100010100001001111010101100101111111111101010111001000000001010101111101110101110010101100100
runNumber 11
genCount 5689
elapsedTime 600.061
unaryHyperVol 387
binaryHyperVol 0
additiveEps 0
entropy 0.461903
archive 11
3
4 5  100 1000011000010000001001111010101100101111111111101010111001001000001010101111101110101110010101100100
3 6  100 1000011000010100001001111010101100101111111111101010111001000000001010101111101110101110010101100100
2 7  100 1000011000010000001001111010101100101111111111101010111001001000001010101100011110101110010101100100
runNumber 12
genCount 5698
elapsedTime 599.933
unaryHyperVol 387
binaryHyperVol 0
additiveEps 0
entropy 0.461903
archive 12
3
4 5  100 1000010100010000001001111010101100101111111111101010111001001000001010101111101110101110010101100100
3 6  100 1000010100010100001001111010101100101111111111101010111001001000001010101111101110101110010101100100
2 7  100 1000010100010000001001111010101100101111111111101010111001000000001010101100011110101110010101100100
runNumber 13
genCount 5718
elapsedTime 599.853
unaryHyperVol 374
binaryHyperVol 5
additiveEps 0.333333
entropy 0.456965
archive 13
3
4 6  100 1000011000010000001001111010101100101111111111101010111001001000000101101111101110101110010101100100
3 7  100 1000011000010100001001111010101100101111111111101010111001000000000101101111101110101110010101100100
2 8  100 1000011000010000001001111010101100101111111111101010111001001000000101101100011110101110010101100100
runNumber 14
genCount 5784
elapsedTime 600.053
unaryHyperVol 387
binaryHyperVol 0
additiveEps 0
entropy 0.461903
archive 14
3
4 5  100 1000010100010000001001111010101100101111111111101010111001000000001010101111101110101110010101100100
3 6  100 1000010100010100001001111010101100101111111111101010111001000000001010101111101110101110010101100100
2 7  100 1000010100010000001001111010101100101111111111101010111001000000001010101100011110101110010101100100
runNumber 15
genCount 5950
elapsedTime 599.909
unaryHyperVol 374
binaryHyperVol 5
additiveEps 0.333333
entropy 0.456965
archive 15
3
4 6  100 1000011000010000001001111010101100101111111111101010111001001000000101101111101110101110010101100100
3 7  100 1000011000010100001001111010101100101111111111101010111001000000000101101111101110101110010101100100
2 8  100 1000011000010000001001111010101100101111111111101010111001001000000101101100011110101110010101100100
runNumber 16
genCount 5716
elapsedTime 599.95
unaryHyperVol 387
binaryHyperVol 0
additiveEps 0
entropy 0.461903
archive 16
3
4 5  100 1000010100010000001001111010101100101111111111101010111001000000001010101111101110101110010101100100
3 6  100 1000010100010100001001111010101100101111111111101010111001000000001010101111101110101110010101100100
2 7  100 1000010100010000001001111010101100101111111111101010111001001000001010101100011110101110010101100100
runNumber 17
genCount 5867
elapsedTime 600.017
unaryHyperVol 387
binaryHyperVol 0
additiveEps 0
entropy 0.461903
archive 17
3
4 5  100 1000011000010000001001111010101100101111111111101010111001001000001010101111101110101110010101100100
3 6  100 1000011000010100001001111010101100101111111111101010111001001000001010101111101110101110010101100100
2 7  100 1000011000010000001001111010101100101111111111101010111001001000001010101100011110101110010101100100
runNumber 18
genCount 5958
elapsedTime 599.941
unaryHyperVol 387
binaryHyperVol 0
additiveEps 0
entropy 0.461903
archive 18
3
4 5  100 1000010100010000001001111010101100101111111111101010111001000000001010101111101110101110010101100100
3 6  100 1000010100010100001001111010101100101111111111101010111001001000001010101111101110101110010101100100
2 7  100 1000010100010000001001111010101100101111111111101010111001000000001010101100011110101110010101100100
runNumber 19
genCount 5765
elapsedTime 599.931
unaryHyperVol 387
binaryHyperVol 0
additiveEps 0
entropy 0.461903
archive 19
3
4 5  100 1000011000010000001001111010101100101111111111101010111001000000001010101111101110101110010101100100
3 6  100 1000011000010100001001111010101100101111111111101010111001001000001010101111101110101110010101100100
2 7  100 1000011000010000001001111010101100101111111111101010111001001000001010101100011110101110010101100100
runNumber 20
genCount 5859
elapsedTime 599.871
unaryHyperVol 387
binaryHyperVol 0
additiveEps 0
entropy 0.461903
archive 20
3
4 5  100 1000011000010000001001111010101100101111111111101010111001000000001010101111101110101110010101100100
3 6  100 1000011000010100001001111010101100101111111111101010111001001000001010101111101110101110010101100100
2 7  100 1000011000010000001001111010101100101111111111101010111001000000001010101100011110101110010101100100
runNumber 21
genCount 5816
elapsedTime 600.027
unaryHyperVol 387
binaryHyperVol 0
additiveEps 0
entropy 0.461903
archive 21
3
4 5  100 1000011000010000001001111010101100101111111111101010111001001000001010101111101110101110010101100100
3 6  100 1000011000010100001001111010101100101111111111101010111001001000001010101111101110101110010101100100
2 7  100 1000011000010000001001111010101100101111111111101010111001000000001010101100011110101110010101100100
runNumber 22
genCount 5832
elapsedTime 599.925
unaryHyperVol 387
binaryHyperVol 0
additiveEps 0
entropy 0.461903
archive 22
3
4 5  100 1000011000010000001001111010101100101111111111101010111001000000001010101111101110101110010101100100
3 6  100 1000011000010100001001111010101100101111111111101010111001001000001010101111101110101110010101100100
2 7  100 1000011000010000001001111010101100101111111111101010111001000000001010101100011110101110010101100100
runNumber 23
genCount 5916
elapsedTime 600.067
unaryHyperVol 387
binaryHyperVol 0
additiveEps 0
entropy 0.461903
archive 23
3
4 5  100 1000010100010000001001111010101100101111111111101010111001000000001010101111101110101110010101100100
3 6  100 1000010100010100001001111010101100101111111111101010111001000000001010101111101110101110010101100100
2 7  100 1000010100010000001001111010101100101111111111101010111001000000001010101100011110101110010101100100
runNumber 24
genCount 5845
elapsedTime 599.949
unaryHyperVol 374
binaryHyperVol 5
additiveEps 0.333333
entropy 0.456965
archive 24
3
4 6  100 1000011000010000001001111010101100101111111111101010111001001000000101101111101110101110010101100100
3 7  100 1000011000010100001001111010101100101111111111101010111001001000000101101111101110101110010101100100
2 8  100 1000011000010000001001111010101100101111111111101010111001000000000101101100011110101110010101100100
runNumber 25
genCount 5784
elapsedTime 599.916
unaryHyperVol 387
binaryHyperVol 0
additiveEps 0
entropy 0.461903
archive 25
3
4 5  100 1000010100010000001001111010101100101111111111101010111001000000001010101111101110101110010101100100
3 6  100 1000010100010100001001111010101100101111111111101010111001001000001010101111101110101110010101100100
2 7  100 1000010100010000001001111010101100101111111111101010111001000000001010101100011110101110010101100100
runNumber 26
genCount 5981
elapsedTime 600.052
unaryHyperVol 387
binaryHyperVol 0
additiveEps 0
entropy 0.461903
archive 26
3
4 5  100 1000011000010000001001111010101100101111111111101010111001001000001010101111101110101110010101100100
3 6  100 1000011000010100001001111010101100101111111111101010111001001000001010101111101110101110010101100100
2 7  100 1000011000010000001001111010101100101111111111101010111001001000001010101100011110101110010101100100
runNumber 27
genCount 5791
elapsedTime 599.967
unaryHyperVol 387
binaryHyperVol 0
additiveEps 0
entropy 0.461903
archive 27
3
4 5  100 1000011000010000001001111010101100101111111111101010111001000000001010101111101110101110010101100100
3 6  100 1000011000010100001001111010101100101111111111101010111001001000001010101111101110101110010101100100
2 7  100 1000011000010000001001111010101100101111111111101010111001000000001010101100011110101110010101100100
runNumber 28
genCount 6032
elapsedTime 599.897
unaryHyperVol 387
binaryHyperVol 0
additiveEps 0
entropy 0.461903
archive 28
3
4 5  100 1000011000010000001001111010101100101111111111101010111001001000001010101111101110101110010101100100
3 6  100 1000011000010100001001111010101100101111111111101010111001000000001010101111101110101110010101100100
2 7  100 1000011000010000001001111010101100101111111111101010111001000000001010101100011110101110010101100100
runNumber 29
genCount 5930
elapsedTime 599.973
unaryHyperVol 387
binaryHyperVol 0
additiveEps 0
entropy 0.461903
archive 29
3
4 5  100 1000011000010000001001111010101100101111111111101010111001001000001010101111101110101110010101100100
3 6  100 1000011000010100001001111010101100101111111111101010111001001000001010101111101110101110010101100100
2 7  100 1000011000010000001001111010101100101111111111101010111001000000001010101100011110101110010101100100
