OptimalFront
unaryHyperVol 50
4
6 11  100 0110010101110110101001000110011111011001001010000110010001101011001001111010100001100001110011110101
5 12  100 0110010101110110101001000110011111011001001010000110010001101011001010111010100001100001110011110101
4 13  100 0110010101010110101001000110011111011001001010000110010001101011001010111010100001100001110011110101
3 14  100 0110010101010110101001000110101111011001001010000110010001101011001010111010100001100001110011110101
-------------------------
runNumber 0
genCount 31893
elapsedTime 599.993
unaryHyperVol 36
binaryHyperVol 4
additiveEps 0.4
entropy 0.453679
archive 0
4
6 13  100 0110001001110110010000000110011111011001001010000110010001101011001001111010100001100001110011110101
5 14  100 0110001001110110010000000110011111011001001010000110010001101011001010111010100001100001110011110101
4 15  100 0110001001010110010000000110011111011001001010000110010001101011001010111010100001100001110011110101
3 16  100 0110001001010110010000000110101111011001001010000110010001101011001010111010100001100001110011110101
runNumber 1
genCount 31720
elapsedTime 599.999
unaryHyperVol 50
binaryHyperVol 0
additiveEps 0
entropy 0.168124
archive 1
4
6 11  100 0110010101110110101001000110011111011001001010000110010001101011001001111010100001100001110011110101
5 12  100 0110010101110110101001000110011111011001001010000110010001101011001010111010100001100001110011110101
4 13  100 0110010101010110101001000110011111011001001010000110010001101011001010111010100001100001110011110101
3 14  100 0110010101010110101001000110101111011001001010000110010001101011001010111010100001100001110011110101
runNumber 2
genCount 32109
elapsedTime 600.007
unaryHyperVol 39
binaryHyperVol 9.22222
additiveEps 0.333333
entropy 0.427067
archive 2
3
6 12  100 0110010101110110101001000110011111011001001010000110010001101011000101111010100001010110110011110110
5 13  100 0110010101110110101001000110011111011001001010000110010001101011000110111010100001010110110011110110
4 14  100 0000010101010110101001000110011111011001001010000110010001101011000110111010100001010110110011110110
runNumber 3
genCount 34108
elapsedTime 599.992
unaryHyperVol 0
binaryHyperVol 15.75
additiveEps 1
entropy 0
archive 3
1
4 19  100 0000011011000110000001110110101101011001001010000110010001101011001010110000010001101010110011110110
runNumber 4
genCount 32268
elapsedTime 599.999
unaryHyperVol 34
binaryHyperVol 12.3333
additiveEps 0.666667
entropy 0.475082
archive 4
2
6 13  100 0000010101010101110001000110011111011001001010000110010001101011001001111010100001101010110011110110
4 14  100 0000010101010101110001000110011111011001001010000110010001101011001010111010100001101010110011110110
runNumber 5
genCount 33194
elapsedTime 600.006
unaryHyperVol 15
binaryHyperVol 21.6
additiveEps 1
entropy 0
archive 5
1
5 16  100 0110011001110110101010000110011111011001001010000110010001101011000000011010100011010000110100110110
runNumber 6
genCount 31908
elapsedTime 599.983
unaryHyperVol 50
binaryHyperVol 0
additiveEps 0
entropy 0.168124
archive 6
4
6 11  100 0110010101110110101001000110011111011001001010000110010001101011001001111010100001100001110011110101
5 12  100 0110010101110110101001000110011111011001001010000110010001101011001010111010100001100001110011110101
4 13  100 0110010101010110101001000110011111011001001010000110010001101011001010111010100001100001110011110101
3 14  100 0110010101010110101001000110101111011001001010000110010001101011001010111010100001100001110011110101
runNumber 7
genCount 31866
elapsedTime 599.997
unaryHyperVol 38
binaryHyperVol 8.58333
additiveEps 0.333333
entropy 0.427067
archive 7
3
6 12  100 0110011001110110101001110101011111011001001010000110010001101011001001111010100001100001110011110101
5 13  100 0110011001110110101001110101011111011001001010000110010001101011001010111010100001100001110011110101
4 15  100 0110011000010110101001110101011111011001001010000110010001101011001010111010100001100001110011110101
runNumber 8
genCount 31838
elapsedTime 600.011
unaryHyperVol 36
binaryHyperVol 4
additiveEps 0.4
entropy 0.453679
archive 8
4
6 13  100 0110001001110110010000000101011111011001001010000110010001101011001001111010100001100001110011110101
5 14  100 0110001001110110010000000101011111011001001010000110010001101011001010111010100001100001110011110101
4 15  100 0110001001010110010000000101011111011001001010000110010001101011001010111010100001100001110011110101
3 16  100 0110001001010110010000000110101111011001001010000110010001101011001010111010100001100001110011110101
runNumber 9
genCount 31981
elapsedTime 599.987
unaryHyperVol 19
binaryHyperVol 6.95238
additiveEps 0.714286
entropy 0.475082
archive 9
2
4 16  100 0000001001110110010000000110011111011001001010000110010001101011001010110000010001100001110011110101
3 18  100 0000001001110110010000000110101111011001001010000110010001101011001010110000010001100001000011110101
runNumber 10
genCount 32231
elapsedTime 600.004
unaryHyperVol 34
binaryHyperVol 15.2222
additiveEps 0.666667
entropy 0.475082
archive 10
2
6 12  100 0110011001110110101010000110011111011001001010000110010001101011001101111010100001010001110011110101
5 13  100 0110011001110110101010000110011111011001001010000110010001101011001101111010100001010001000011110101
runNumber 11
genCount 32244
elapsedTime 599.994
unaryHyperVol 45
binaryHyperVol 6
additiveEps 0.333333
entropy 0.482558
archive 11
3
6 11  100 0110010101110110101001000101011111011001001010000110010001101011001001111010100001100001110011110101
5 12  100 0110010101110110101001000101011111011001001010000110010001101011001010111010100001100001110011110101
4 13  100 0110010101010110101001000101011111011001001010000110010001101011001010111010100001100001110011110101
runNumber 12
genCount 31902
elapsedTime 600.005
unaryHyperVol 39
binaryHyperVol 9.22222
additiveEps 0.333333
entropy 0.427067
archive 12
3
6 12  100 0110010101110110101001000110011111011001001010000110010001101011000101111010100001010110110011110110
5 13  100 0110010101110110101001000110011111011001001010000110010001101011000110111010100001010110110011110110
4 14  100 0110010101010110101001000110011111011001001010000110010001101011000110111010100001010110110011110110
runNumber 13
genCount 31845
elapsedTime 599.995
unaryHyperVol 39
binaryHyperVol 9.22222
additiveEps 0.333333
entropy 0.427067
archive 13
3
6 12  100 0110010101110110101001000110011111011001001010000110010001101011000101111010100001010110110011110110
5 13  100 0110010101110110101001000110011111011001001010000110010001101011000110111010100001010110110011110110
4 14  100 0110010101010110101001000110011111011001001010000110010001101011000110111010100001010110110011110110
runNumber 14
genCount 32082
elapsedTime 600.007
unaryHyperVol 34
binaryHyperVol 10.8333
additiveEps 0.5
entropy 0.475082
archive 14
2
5 13  100 0110011001110110101010000110011111011001001010000110010001101011000110110110100001010011110011110110
4 15  100 0110011001010110101010000110011111011001001010000110010001101011000110110110100001010011000011110110
runNumber 15
genCount 33150
elapsedTime 599.985
unaryHyperVol 15
binaryHyperVol 21.6
additiveEps 1
entropy 0
archive 15
1
5 16  100 0000001001110110010000000110011111011001001010000110010001101011000000110100010001100011110011110110
runNumber 16
genCount 32102
elapsedTime 600.005
unaryHyperVol 38
binaryHyperVol 8.58333
additiveEps 0.333333
entropy 0.427067
archive 16
3
6 12  100 0110011001110110101001110101011111011001001010000110010001101011001001111010100001100001110011110101
5 13  100 0110011001110110101001110101011111011001001010000110010001101011001010111010100001100001110011110101
4 15  100 0110011000010110101001110101011111011001001010000110010001101011001010111010100001100001110011110101
runNumber 17
genCount 31672
elapsedTime 599.987
unaryHyperVol 31
binaryHyperVol 5.86667
additiveEps 0.6
entropy 0.427067
archive 17
3
6 14  100 0000001001010110010000000110011111011001001010000110010001101011001001111010100001100001110011110101
4 15  100 0000001001010110010000000110011111011001001010000110010001101011001010111010100001100001110011110101
3 16  100 0000001001010110010000000110101111011001001010000110010001101011001010111010100001100001110011110101
runNumber 18
genCount 32074
elapsedTime 599.999
unaryHyperVol 33
binaryHyperVol 10.9167
additiveEps 0.5
entropy 0.427067
archive 18
3
6 13  100 0110010101110110000001000110101101011001001010000110010001101011001001111010100001101010110011110110
5 14  100 0110010101110110000001000110101101011001001010000110010001101011001010111010100001101010110011110110
4 15  100 0110010101010110000001000110101101011001001010000110010001101011001010111010100001101010110011110110
runNumber 19
genCount 31646
elapsedTime 599.989
unaryHyperVol 50
binaryHyperVol 0
additiveEps 0
entropy 0.168124
archive 19
4
6 11  100 0110010101110110101001000110011111011001001010000110010001101011001001111010100001100001110011110101
5 12  100 0110010101110110101001000110011111011001001010000110010001101011001010111010100001100001110011110101
4 13  100 0110010101010110101001000110011111011001001010000110010001101011001010111010100001100001110011110101
3 14  100 0110010101010110101001000110101111011001001010000110010001101011001010111010100001100001110011110101
runNumber 20
genCount 31935
elapsedTime 600.004
unaryHyperVol 33
binaryHyperVol 10.9167
additiveEps 0.5
entropy 0.427067
archive 20
3
6 13  100 0110010101110110000000000110101101011001001010000110010001101011001001111010100001101010110011110110
5 14  100 0110010101110110000001000110101101011001001010000110010001101011001010111010100001101010110011110110
4 15  100 0110010101010110000000000110101101011001001010000110010001101011001010111010100001101010110011110110
runNumber 21
genCount 31628
elapsedTime 599.994
unaryHyperVol 50
binaryHyperVol 0
additiveEps 0
entropy 0.168124
archive 21
4
6 11  100 0110010101110110101001000110011111011001001010000110010001101011001001111010100001100001110011110101
5 12  100 0110010101110110101001000110011111011001001010000110010001101011001010111010100001100001110011110101
4 13  100 0110010101010110101001000110011111011001001010000110010001101011001010111010100001100001110011110101
3 14  100 0110010101010110101001000110101111011001001010000110010001101011001010111010100001100001110011110101
runNumber 22
genCount 33186
elapsedTime 600.001
unaryHyperVol 24
binaryHyperVol 15.5
additiveEps 1
entropy 0
archive 22
1
4 15  100 0110010110110110101001000100011111011001001010000110010001101011000110110000010001010110110011110110
runNumber 23
genCount 32951
elapsedTime 599.995
unaryHyperVol 12
binaryHyperVol 15.6667
additiveEps 1
entropy 0
archive 23
1
4 17  100 0000010101110110101001000110011111011001001010000110010001101011001010110000010000010110110011010010
runNumber 24
genCount 31915
elapsedTime 599.999
unaryHyperVol 50
binaryHyperVol 0
additiveEps 0
entropy 0.168124
archive 24
4
6 11  100 0110010101110110101001000110011111011001001010000110010001101011001001111010100001100001110011110101
5 12  100 0110010101110110101001000110011111011001001010000110010001101011001010111010100001100001110011110101
4 13  100 0110010101010110101001000110011111011001001010000110010001101011001010111010100001100001110011110101
3 14  100 0110010101010110101001000110101111011001001010000110010001101011001010111010100001100001110011110101
runNumber 25
genCount 31892
elapsedTime 599.99
unaryHyperVol 39
binaryHyperVol 9.22222
additiveEps 0.333333
entropy 0.427067
archive 25
3
6 12  100 0110010101110110101001000110011111011001001010000110010001101011000101111010100001010110110011110110
5 13  100 0110010101110110101001000110011111011001001010000110010001101011000110111010100001010110110011110110
4 14  100 0110010101010110101001000110011111011001001010000110010001101011000110111010100001010110110011110110
runNumber 26
genCount 31787
elapsedTime 600.003
unaryHyperVol 36
binaryHyperVol 4
additiveEps 0.4
entropy 0.453679
archive 26
4
6 13  100 0110001001110110010000000110011111011001001010000110010001101011001001111010100001100001110011110101
5 14  100 0110001001110110010000000110011111011001001010000110010001101011001010111010100001100001110011110101
4 15  100 0110001001010110010000000110011111011001001010000110010001101011001010111010100001100001110011110101
3 16  100 0110001001010110010000000110101111011001001010000110010001101011001010111010100001100001110011110101
runNumber 27
genCount 31604
elapsedTime 600.009
unaryHyperVol 36
binaryHyperVol 4
additiveEps 0.4
entropy 0.453679
archive 27
4
6 13  100 0110001001110110010000000110011111011001001010000110010001101011001001111010100001100001110011110101
5 14  100 0110001001110110010000000110011111011001001010000110010001101011001010111010100001100001110011110101
4 15  100 0110001001010110010000000110011111011001001010000110010001101011001010111010100001100001110011110101
3 16  100 0110001001010110010000000110101111011001001010000110010001101011001010111010100001100001110011110101
runNumber 28
genCount 32403
elapsedTime 599.989
unaryHyperVol 38
binaryHyperVol 8.58333
additiveEps 0.333333
entropy 0.427067
archive 28
3
6 12  100 0110011001110110101001110101011111011001001010000110010001101011001001111010100001100001110011110101
5 13  100 0110011001110110101001110101011111011001001010000110010001101011001010111010100001100001110011110101
4 15  100 0110011000010110101001110101011111011001001010000110010001101011001010111010100001100001110011110101
runNumber 29
genCount 33210
elapsedTime 599.992
unaryHyperVol 18
binaryHyperVol 15.6
additiveEps 1
entropy 0
archive 29
1
4 16  100 0000010101110110000001000110101101011001001010000110010001101011001010110000010001101010110011110110
