OptimalFront
unaryHyperVol 170
3
7 16  100 1010100110100101000000111100000001010101000100001010011010000011010000000100010100101001101000111010
5 17  100 1010100110100101000000111100000001010101000100001010011010000011110000000100010100101001101000111010
4 19  100 0110000101010101010000111100000001101001000100001010011010000011110000111010100100101001101000111010
-------------------------
runNumber 0
genCount 5522
elapsedTime 599.96
unaryHyperVol 141
binaryHyperVol 7.38889
additiveEps 0.666667
entropy 0.49717
archive 0
2
7 20  100 0000000110100100010000111111100001101001000100001010011010000011010000111010001100101001101000111010
4 22  100 0000000110100100010000111111100001101001000100001010011010000001011010111010000000101001101000111010
runNumber 1
genCount 5412
elapsedTime 600.033
unaryHyperVol 135
binaryHyperVol 6.875
additiveEps 0.625
entropy 0.449615
archive 1
3
7 21  100 0000100110100100001001001111100001101001000100001010011010000011010000110100010100101001101000111010
5 22  100 0000100110100100001001001111100001101001000100001010011010000011011010110100010100101001101000111010
4 24  100 0000100110100100001001001111100001101001000100001010011000010011011010110100010100101001101000111010
runNumber 2
genCount 5640
elapsedTime 600.007
unaryHyperVol 135
binaryHyperVol 6.875
additiveEps 0.625
entropy 0.449615
archive 2
3
7 21  100 0000100110100100001001001111100001101001000100001010011010000011010000110100010100101001101000111010
5 22  100 0000100110100100001001001111100001101001000100001010011010000011011010110100010100101001101000111010
4 24  100 0000100110100100001001001111100001101001000100001010011000010011011010110100010100101001101000111010
runNumber 3
genCount 5593
elapsedTime 599.915
unaryHyperVol 143
binaryHyperVol 7.27778
additiveEps 0.666667
entropy 0.49717
archive 3
2
6 20  100 1010000110100111000000111111100000101001000100001010011010000001011010111010000000101001101000111010
4 22  100 0000000110100100010000111111100001101001000100001010011010000001011010111010000000101001101000111010
runNumber 4
genCount 5425
elapsedTime 600.02
unaryHyperVol 142
binaryHyperVol 6.28571
additiveEps 0.571429
entropy 0.449615
archive 4
3
7 20  100 1010100110101001001001001111100001101001000100001010011010000001010000110100000000101001101000111010
5 21  100 1010100110101001001001001111100001101001000100001010011010000001011010110100000000101001101000111010
4 23  100 1010100110101001001001001111100001101001000100001010011000010001011010110100000000101001101000111010
runNumber 5
genCount 5747
elapsedTime 599.989
unaryHyperVol 0
binaryHyperVol 333
additiveEps 333
entropy 333
archive 5
0
runNumber 6
genCount 5499
elapsedTime 599.905
unaryHyperVol 138
binaryHyperVol 9
additiveEps 0.833333
entropy 0.49717
archive 6
2
6 21  100 0000100110100100000000111111100000101001000100001010011010000001011010111010000000101001101000111010
4 22  100 0000000110100100010000111111100001101001000100001010011010000001011010111010000000101001101000111010
runNumber 7
genCount 5594
elapsedTime 600.039
unaryHyperVol 141
binaryHyperVol 16.1667
additiveEps 0.333333
entropy 0.49717
archive 7
2
6 17  100 0110000101010011000000111111100000101001000100001010011010000011011010111010100100101001010111110101
5 20  100 0110000101010011001001110101100001101001000100001010011010000011011010111010100100101001010111110101
runNumber 8
genCount 5596
elapsedTime 599.919
unaryHyperVol 151
binaryHyperVol 6.46667
additiveEps 0.6
entropy 0.449615
archive 8
3
6 19  100 0110100101010001001001001111101001101001000100001010011010000011011010111010100100101001101000111010
5 20  100 0110100101010101001001001111101001101001000100001010011010000011011010111010100100101001101000111010
4 21  100 0110100101010001001001001111100001101001000100001010011010000001011010111010000000101001101000111010
runNumber 9
genCount 5482
elapsedTime 599.984
unaryHyperVol 134
binaryHyperVol 7.90476
additiveEps 0.714286
entropy 0.49717
archive 9
2
7 21  100 0000100110100100001001001111100001101001000100001010011010000011010000111010001100101001101000111010
4 23  100 0000100110100100001001001111100001101001000100001010011010000001011010111010000000101001101000111010
runNumber 10
genCount 5281
elapsedTime 599.943
unaryHyperVol 135
binaryHyperVol 6.875
additiveEps 0.625
entropy 0.449615
archive 10
3
7 21  100 0000100110100100001001001111100001101001000100001010011010000011010000110100010100101001101000111010
5 22  100 0000100110100100001001001111100001101001000100001010011010000011011010110100010100101001101000111010
4 24  100 0000100110100100001001001111100001101001000100001010011000010011011010110100010100101001101000111010
runNumber 11
genCount 5535
elapsedTime 600.024
unaryHyperVol 142
binaryHyperVol 6.28571
additiveEps 0.571429
entropy 0.449615
archive 11
3
7 20  100 1010100110101001001001001111100001101001000100001010011010000001010000110100000000101001101000111010
5 21  100 1010100110101001001001001111100001101001000100001010011010000001011010110100000000101001101000111010
4 23  100 1010100110101001001001001111100001101001000100001010011000010001011010110100000000101001101000111010
runNumber 12
genCount 5658
elapsedTime 599.967
unaryHyperVol 156
binaryHyperVol 4.4
additiveEps 0.4
entropy 0.449615
archive 12
3
7 18  100 1010000110100101010000111100000001101001000100001010011010000011010000110100010100101001101000111010
5 19  100 1010000110100101010000111100000001101001000100001010011010000011011010110100010100101001101000111010
4 21  100 1010000110100101010000111100000001101001000100001010011000010011011010110100010100101001101000111010
runNumber 13
genCount 5504
elapsedTime 599.943
unaryHyperVol 156
binaryHyperVol 4.4
additiveEps 0.4
entropy 0.449615
archive 13
3
7 18  100 0110000101010001010000111111100001101001000100001010011010000011010000110100010100101001101000111010
5 19  100 0110000101010001010000111111100001101001000100001010011010000011011010110100010100101001101000111010
4 21  100 0110000101010001010000111111100001101001000100001010011000010011011010110100010100101001101000111010
runNumber 14
genCount 5617
elapsedTime 599.961
unaryHyperVol 142
binaryHyperVol 6.28571
additiveEps 0.571429
entropy 0.449615
archive 14
3
7 20  100 1010100110101001001001001111100001101001000100001010011010000001010000110100000000101001101000111010
5 21  100 1010100110101001001001001111100001101001000100001010011010000001011010110100000000101001101000111010
4 23  100 1010100110101001001001001111100001101001000100001010011000010001011010110100000000101001101000111010
runNumber 15
genCount 5727
elapsedTime 599.983
unaryHyperVol 144
binaryHyperVol 8.66667
additiveEps 0.8
entropy 0.49717
archive 15
2
7 20  100 0000000100010000010000110101100001101001000100001010011010000011010000111010100100101001101000111010
4 21  100 0000000100010000010000110101100001101001000100001010011010000011011010111010100100101001101000111010
runNumber 16
genCount 5512
elapsedTime 599.951
unaryHyperVol 151
binaryHyperVol 6.46667
additiveEps 0.6
entropy 0.449615
archive 16
3
6 19  100 0110100101010001001001001111101001101001000100001010011010000011011010111010100100101001101000111010
5 20  100 0110100101010101001001001111101001101001000100001010011010000011011010111010100100101001101000111010
4 21  100 0110100101010001001001001111100001101001000100001010011010000001011010111010000000101001101000111010
runNumber 17
genCount 5639
elapsedTime 600.039
unaryHyperVol 149
binaryHyperVol 5.5
additiveEps 0.5
entropy 0.449615
archive 17
3
7 19  100 0110100101010001001001001111100001101001000100001010011010000011010000110100010100101001101000111010
5 20  100 0110100101010001001001001111100001101001000100001010011010000011011010110100010100101001101000111010
4 22  100 0110100101010001001001001111100001101001000100001010011000010011011010110100010100101001101000111010
runNumber 18
genCount 5542
elapsedTime 599.996
unaryHyperVol 143
binaryHyperVol 7.27778
additiveEps 0.666667
entropy 0.481574
archive 18
3
7 20  100 0000100111010000001001011101100001101001000100001010011010000011010000111010100100101001101000111010
5 21  100 0000100111010000001001011101100001101001000100001010011010000011011010111010100100101001101000111010
4 22  100 0000100100010000001001000101100001101001000100001010011010000011011010111010100100101001101000111010
runNumber 19
genCount 5473
elapsedTime 599.913
unaryHyperVol 156
binaryHyperVol 4.4
additiveEps 0.4
entropy 0.449615
archive 19
3
7 18  100 0110000101010001010000111111100001101001000100001010011010000011010000110100010100101001101000111010
5 19  100 0110000101010001010000111111100001101001000100001010011010000011011010110100010100101001101000111010
4 21  100 0110000101010001010000111111100001101001000100001010011000010011011010110100010100101001101000111010
runNumber 20
genCount 5588
elapsedTime 599.965
unaryHyperVol 110
binaryHyperVol 37.1111
additiveEps 1
entropy 0
archive 20
1
6 19  100 1010000110100111000000111111100000101001000100001010011010000011011010110100010100101001101000111010
runNumber 21
genCount 5484
elapsedTime 599.984
unaryHyperVol 142
binaryHyperVol 7.33333
additiveEps 0.666667
entropy 0.481574
archive 21
3
7 20  100 1010000110100111001001001111100001101001000100001010011010000011010000111010001100101001101000111010
6 21  100 1010000110100111001001001111100001101001000100001010011010000011011010111010001100101001101000111010
4 22  100 1010000110100111001001001111100001101001000100001010011010000001011010111010000000101001101000111010
runNumber 22
genCount 5482
elapsedTime 599.943
unaryHyperVol 149
binaryHyperVol 5.5
additiveEps 0.5
entropy 0.449615
archive 22
3
7 19  100 0110100101010001001001001111100001101001000100001010011010000011010000110100010100101001101000111010
5 20  100 0110100101010001001001001111100001101001000100001010011010000011011010110100010100101001101000111010
4 22  100 0110100101010001001001001111100001101001000100001010011000010011011010110100010100101001101000111010
runNumber 23
genCount 5660
elapsedTime 600.016
unaryHyperVol 115
binaryHyperVol 33.6667
additiveEps 0.666667
entropy 0
archive 23
1
6 18  100 0110000101010011000000111111100000101001000100001010011010000011011010111010100100101001101000111010
runNumber 24
genCount 5579
elapsedTime 600.031
unaryHyperVol 151
binaryHyperVol 6.46667
additiveEps 0.6
entropy 0.449615
archive 24
3
6 19  100 0110100101010001001001001111101001101001000100001010011010000011011010111010100100101001101000111010
5 20  100 0110100101010101001001001111101001101001000100001010011010000011011010111010100100101001101000111010
4 21  100 0110100101010001001001001111100001101001000100001010011010000001011010111010000000101001101000111010
runNumber 25
genCount 5530
elapsedTime 599.936
unaryHyperVol 156
binaryHyperVol 4.4
additiveEps 0.4
entropy 0.449615
archive 25
3
7 18  100 0110000101010001010000111111100001101001000100001010011010000011010000110100010100101001101000111010
5 19  100 0110000101010001010000111111100001101001000100001010011010000011011010110100010100101001101000111010
4 21  100 0110000101010001010000111111100001101001000100001010011000010011011010110100010100101001101000111010
runNumber 26
genCount 5595
elapsedTime 599.835
unaryHyperVol 143
binaryHyperVol 7.27778
additiveEps 0.666667
entropy 0.481574
archive 26
3
7 20  100 0000100111010000001001011101100001101001000100001010011010000011010000111010100100101001101000111010
5 21  100 0000100111010000001001011101100001101001000100001010011010000011011010111010100100101001101000111010
4 22  100 0000100100010000001001000101100001101001000100001010011010000011011010111010100100101001101000111010
runNumber 27
genCount 5803
elapsedTime 599.976
unaryHyperVol 138
binaryHyperVol 20.2222
additiveEps 0.666667
entropy 0
archive 27
1
5 18  100 1010100110100101001001001111101001101001000100001010011010000011011010111010000100101001010100111010
runNumber 28
genCount 5709
elapsedTime 599.983
unaryHyperVol 135
binaryHyperVol 7.85714
additiveEps 0.714286
entropy 0.481574
archive 28
3
7 21  100 0000100110100100001001001111100001101001000100001010011010000011010000111010001100101001101000111010
6 22  100 0000100110100100001001001111100001101001000100001010011010000011011010111010001100101001101000111010
4 23  100 0000100110100100001001001111100001101001000100001010011010000001011010111010000000101001101000111010
runNumber 29
genCount 5562
elapsedTime 600.02
unaryHyperVol 135
binaryHyperVol 6.875
additiveEps 0.625
entropy 0.449615
archive 29
3
7 21  100 0000100110100100001001001111100001101001000100001010011010000011010000110100010100101001101000111010
5 22  100 0000100110100100001001001111100001101001000100001010011010000011011010110100010100101001101000111010
4 24  100 0000100110100100001001001111100001101001000100001010011000010011011010110100010100101001101000111010
