OptimalFront
unaryHyperVol 269
4
6 16  100 0000010101100100000000111110000000101000100000000110101010101001001011110000011010010101110011001011
5 17  100 0000101001100100110000111110000000101000100000000110101010101001001011110000011010010101110011001011
4 18  100 0000101001100100101010111110000000101000100000000110101010101001001011110000011010010101000011001001
3 19  100 0000101001100100101010111110000000101000100000000110101010101001001011110000011010010001000011001001
-------------------------
runNumber 0
genCount 5465
elapsedTime 599.943
unaryHyperVol 198
binaryHyperVol 24.8333
additiveEps 0.833333
entropy 0.475082
archive 0
2
6 21  100 1010011001101000101010111110000000101000100000000110101010101001001011110000000110010101000100001001
4 22  100 1010101001101000101010111110000000101000100000000110101010101001001011110000000110010101000100001001
runNumber 1
genCount 5593
elapsedTime 600.034
unaryHyperVol 238
binaryHyperVol 17.7778
additiveEps 0.333333
entropy 0.49717
archive 1
2
6 17  100 0110011001010101101010111110000000101000100000000110101010101001001011110110101010010101100011001001
4 18  100 0110101001010101101010111110000000101000100000000110101010101001001011110110101010010101100011001001
runNumber 2
genCount 5514
elapsedTime 599.916
unaryHyperVol 231
binaryHyperVol 13.15
additiveEps 0.5
entropy 0.449648
archive 2
3
7 17  100 0000010101100100000000111110000000101000100000000110101010101001000101110110000110010101100001001011
6 18  100 0000010101100100000000111110000000101000100000000110101010101001000101110110000110010101100100001011
4 21  100 0000010101100101001001001110000000101000100000000110101010101001000101110110000110010101100100001011
runNumber 3
genCount 5429
elapsedTime 599.99
unaryHyperVol 197
binaryHyperVol 23.2857
additiveEps 0.714286
entropy 0.427067
archive 3
3
6 21  100 0110010101010000100101001110000000101000100000000110101010101001000101110000011010010101110011001001
5 22  100 0110010101010000010101001110000000101000100000000110101010101001000101110000011010010101110011001001
4 23  100 0110010101010000010101001110000000101000100000000110101010101001000101110000011010010001110011001001
runNumber 4
genCount 5532
elapsedTime 599.996
unaryHyperVol 260
binaryHyperVol 4.44444
additiveEps 0.333333
entropy 0.470519
archive 4
3
6 17  100 0000011001100100101010111110000000101000100000000110101010101001001011110000011010010101000011001001
4 18  100 0000101001100100101010111110000000101000100000000110101010101001001011110000011010010101000011001001
3 19  100 0000101001100100101010111110000000101000100000000110101010101001001011110000011010010001000011001001
runNumber 5
genCount 5558
elapsedTime 600.001
unaryHyperVol 260
binaryHyperVol 4.44444
additiveEps 0.333333
entropy 0.470519
archive 5
3
6 17  100 0000011001100100101010111110000000101000100000000110101010101001001011110000011010010101000011001001
4 18  100 0000101001100100101010111110000000101000100000000110101010101001001011110000011010010101000011001001
3 19  100 0000101001100100101010111110000000101000100000000110101010101001001011110000011010010001000011001001
runNumber 6
genCount 5742
elapsedTime 599.97
unaryHyperVol 261
binaryHyperVol 4.33333
additiveEps 0.333333
entropy 0.482558
archive 6
3
5 17  100 0000101001100100110000111110000000101000100000000110101010101001001011110000011010010101000011001011
4 18  100 0000101001100100101010111110000000101000100000000110101010101001001011110000011010010101000011001001
3 19  100 0000101001100100101010111110000000101000100000000110101010101001001011110000011010010001000011001001
runNumber 7
genCount 5686
elapsedTime 599.899
unaryHyperVol 238
binaryHyperVol 8.26667
additiveEps 0.6
entropy 0.427067
archive 7
3
6 19  100 0110011001010000101010111110000000101000100000000110101010101001001011110000011010010101000011001001
4 20  100 0110101001010000101010111110000000101000100000000110101010101001001011110000011010010101000011001001
3 21  100 0110101001010000101010111110000000101000100000000110101010101001001011110000011010010001000011001001
runNumber 8
genCount 5523
elapsedTime 600.036
unaryHyperVol 238
binaryHyperVol 17.7778
additiveEps 0.333333
entropy 0.49717
archive 8
2
6 17  100 0110011001010101101010111110000000101000100000000110101010101001001011110110101010010101100011001001
4 18  100 0110101001010101101010111110000000101000100000000110101010101001001011110110101010010101100011001001
runNumber 9
genCount 5676
elapsedTime 599.918
unaryHyperVol 182
binaryHyperVol 21.9333
additiveEps 0.7
entropy 0.475082
archive 9
2
6 22  100 1010010101101000000000110000000000101000010100000110101010101001001011110000010110010101000100001011
4 26  100 0110000000101000010000010000000000101000010100000110101010101001001011110000000110010101000100001011
runNumber 10
genCount 5715
elapsedTime 599.99
unaryHyperVol 198
binaryHyperVol 40
additiveEps 1
entropy 0
archive 10
1
5 19  100 0000101001100100110000111110000000101000100000000110101010101000110101110110000010010101100011001011
runNumber 11
genCount 5791
elapsedTime 600.034
unaryHyperVol 260
binaryHyperVol 4.44444
additiveEps 0.333333
entropy 0.470519
archive 11
3
6 17  100 0000011001100100101010111110000000101000100000000110101010101001001011110000011010010101000011001001
4 18  100 0000101001100100101010111110000000101000100000000110101010101001001011110000011010010101000011001001
3 19  100 0000101001100100101010111110000000101000100000000110101010101001001011110000011010010001000011001001
runNumber 12
genCount 5807
elapsedTime 599.92
unaryHyperVol 218
binaryHyperVol 23.5833
additiveEps 0.75
entropy 0.475082
archive 12
2
6 19  100 1010011001100101101010111110000000101000100000000110101010101001001011110110000110010101100100001001
4 20  100 1010101001100101101010111110000000101000100000000110101010101001001011110110000110010101100100001001
runNumber 13
genCount 5714
elapsedTime 600.061
unaryHyperVol 249
binaryHyperVol 6.83333
additiveEps 0.5
entropy 0.427067
archive 13
3
6 18  100 0000011001100100101010111101010000101000100000000110101010101001001011110000011010010101000011001001
4 19  100 0000101001100100101010111101010000101000100000000110101010101001001011110000011010010101000011001001
3 20  100 0000101001100100101010111101010000101000100000000110101010101001001011110000011010010001000011001001
runNumber 14
genCount 5713
elapsedTime 599.896
unaryHyperVol 238
binaryHyperVol 8.26667
additiveEps 0.6
entropy 0.427067
archive 14
3
6 19  100 0110011001010000101010111110000000101000100000000110101010101001001011110000011010010101000011001001
4 20  100 0110101001010000101010111110000000101000100000000110101010101001001011110000011010010101000011001001
3 21  100 0110101001010000101010111110000000101000100000000110101010101001001011110000011010010001000011001001
runNumber 15
genCount 5580
elapsedTime 600.02
unaryHyperVol 218
binaryHyperVol 23.5833
additiveEps 0.75
entropy 0.475082
archive 15
2
6 19  100 0000011011000100101001111110000000101000100000000110101010101001001011110000000110010101000100001011
4 20  100 0000101011000100101001111110000000101000100000000110101010101001001011110000000110010101000100001011
runNumber 16
genCount 5869
elapsedTime 599.916
unaryHyperVol 228
binaryHyperVol 22.3333
additiveEps 0.666667
entropy 0.475082
archive 16
2
6 18  100 0110011001010101101010111110000000101000100000000110101010101001000101110110101010010101100011001001
4 19  100 0110101001010101101010111110000000101000100000000110101010101001000101110110101010010101100011001001
runNumber 17
genCount 5584
elapsedTime 599.982
unaryHyperVol 260
binaryHyperVol 4.44444
additiveEps 0.333333
entropy 0.470519
archive 17
3
6 17  100 0000011001100100101010111110000000101000100000000110101010101001001011110000011010010101000011001001
4 18  100 0000101001100100101010111110000000101000100000000110101010101001001011110000011010010101000011001001
3 19  100 0000101001100100101010111110000000101000100000000110101010101001001011110000011010010001000011001001
runNumber 18
genCount 5510
elapsedTime 599.972
unaryHyperVol 168
binaryHyperVol 25.6667
additiveEps 0.888889
entropy 0.475082
archive 18
2
6 24  100 0110011000101000101001111101010000100111100000000110101010101001001011111100000110010100100100001001
4 25  100 0110101000101000101001111101010000100111100000000110101010101001001011111100000110010100100100001001
runNumber 19
genCount 5672
elapsedTime 600.021
unaryHyperVol 260
binaryHyperVol 4.44444
additiveEps 0.333333
entropy 0.470519
archive 19
3
6 17  100 0000011001100100101010111110000000101000100000000110101010101001001011110000011010010101000011001001
4 18  100 0000101001100100101010111110000000101000100000000110101010101001001011110000011010010101000011001001
3 19  100 0000101001100100101010111110000000101000100000000110101010101001001011110000011010010001000011001001
runNumber 20
genCount 5783
elapsedTime 599.988
unaryHyperVol 238
binaryHyperVol 8.26667
additiveEps 0.6
entropy 0.427067
archive 20
3
6 19  100 0110011001010000101010111110000000101000100000000110101010101001001011110000011010010101000011001001
4 20  100 0110101001010000101010111110000000101000100000000110101010101001001011110000011010010101000011001001
3 21  100 0110101001010000101010111110000000101000100000000110101010101001001011110000011010010001000011001001
runNumber 21
genCount 6075
elapsedTime 599.903
unaryHyperVol 0
binaryHyperVol 333
additiveEps 333
entropy 333
archive 21
0
runNumber 22
genCount 5567
elapsedTime 600.006
unaryHyperVol 238
binaryHyperVol 17.7778
additiveEps 0.333333
entropy 0.49717
archive 22
2
6 17  100 0110011001010101101010111110000000101000100000000110101010101001001011110110101010010101100011001001
4 18  100 0110101001010101101010111110000000101000100000000110101010101001001011110110101010010101100011001001
runNumber 23
genCount 5395
elapsedTime 599.963
unaryHyperVol 260
binaryHyperVol 4.44444
additiveEps 0.333333
entropy 0.470519
archive 23
3
6 17  100 0000011001100100101010111110000000101000100000000110101010101001001011110000011010010101000011001001
4 18  100 0000101001100100101010111110000000101000100000000110101010101001001011110000011010010101000011001001
3 19  100 0000101001100100101010111110000000101000100000000110101010101001001011110000011010010001000011001001
runNumber 24
genCount 5663
elapsedTime 599.921
unaryHyperVol 260
binaryHyperVol 4.44444
additiveEps 0.333333
entropy 0.470519
archive 24
3
6 17  100 0000011001100100101010111110000000101000100000000110101010101001001011110000011010010101000011001001
4 18  100 0000101001100100101010111110000000101000100000000110101010101001001011110000011010010101000011001001
3 19  100 0000101001100100101010111110000000101000100000000110101010101001001011110000011010010001000011001001
runNumber 25
genCount 5617
elapsedTime 600.079
unaryHyperVol 238
binaryHyperVol 8.26667
additiveEps 0.6
entropy 0.427067
archive 25
3
6 19  100 0110011001010000101010111110000000101000100000000110101010101001001011110000011010010101000011001001
4 20  100 0110101001010000101010111110000000101000100000000110101010101001001011110000011010010101000011001001
3 21  100 0110101001010000101010111110000000101000100000000110101010101001001011110000011010010001000011001001
runNumber 26
genCount 5500
elapsedTime 599.934
unaryHyperVol 260
binaryHyperVol 4.44444
additiveEps 0.333333
entropy 0.470519
archive 26
3
6 17  100 0000011001100100101010111110000000101000100000000110101010101001001011110000011010010101000011001001
4 18  100 0000101001100100101010111110000000101000100000000110101010101001001011110000011010010101000011001001
3 19  100 0000101001100100101010111110000000101000100000000110101010101001001011110000011010010001000011001001
runNumber 27
genCount 5496
elapsedTime 599.933
unaryHyperVol 188
binaryHyperVol 37.6667
additiveEps 0.8
entropy 0.475082
archive 27
2
6 20  100 0110010101010000000001001110000000101000000100000110101001001001001000110100011010010101100011001011
5 21  100 0110010101010000001001001110000000101000000100000110101001001001001000110100011010010101100011001011
runNumber 28
genCount 5636
elapsedTime 599.966
unaryHyperVol 197
binaryHyperVol 23.2857
additiveEps 0.714286
entropy 0.427067
archive 28
3
6 21  100 0110011001010000101001110101010000101000100000000110101010101001001011110110000110010101100100001011
5 22  100 0110101001010000101001110101010000101000100000000110101010101001001011110110000110010101100100001011
4 23  100 0110101000010000101001110101010000101000100000000110101010101001001011110110000110010101100100001011
runNumber 29
genCount 5769
elapsedTime 599.978
unaryHyperVol 188
binaryHyperVol 25.1905
additiveEps 0.857143
entropy 0.475082
archive 29
2
6 22  100 0110011000101000101001111110000000101000100000000110101010101001001011110000000110010101000100001011
4 23  100 0110101000101000101001111110000000101000100000000110101010101001001011110000000110010101000100001011
