OptimalFront
unaryHyperVol 199
4
7 13  100 0110101001010001000000111110100001010101000100001010011001000011010000111010100100010101110100111011
6 14  100 0110101001010001000000111110100001010101000100001010011001000011110000111010100100010101110100111011
4 15  100 0110101001010001000000111110100001010101000100001010011001000011011010111010100100010101010100111011
3 17  100 0110101001010001001000111110100001010101000100001010011010101011011010111010100100010101010100111011
-------------------------
runNumber 0
genCount 5489
elapsedTime 599.957
unaryHyperVol 179
binaryHyperVol 5.33333
additiveEps 0.5
entropy 0.427067
archive 0
3
5 16  100 1010101010100101001000111110101001100101000100001010011001000011011010111010100100010101111000111011
4 18  100 0000101010100100001000111110100001100101000100001010011001000011011010111010100100010101111000111011
3 19  100 0000101010100100001000111110100001100101000100001010011010101011011010111010100100010101111000111011
runNumber 1
genCount 5676
elapsedTime 599.999
unaryHyperVol 147
binaryHyperVol 21.75
additiveEps 0.5
entropy 0.427067
archive 1
3
7 14  100 1010101010101001000000111110100001010101000100001010011010101011010000111010010100010101110100111011
6 15  100 1010101010101001000000111110100001010101000100001010011010101011011010111010010100010101110100111011
5 16  100 1010101010101001000000111110100001010101000100001010011010101011011010111010010100010101010100111011
runNumber 2
genCount 5417
elapsedTime 600.032
unaryHyperVol 184
binaryHyperVol 5.4375
additiveEps 0.5
entropy 0.49717
archive 2
2
7 15  100 0110101001010001001000111110100001100101000100001010011010101011010000111010100100010101110100111011
3 17  100 0110101001010001001000111110100001100101000100001010011010101011011010111010100100010101111000111011
runNumber 3
genCount 5562
elapsedTime 599.935
unaryHyperVol 169
binaryHyperVol 7.25
additiveEps 0.666667
entropy 0.427067
archive 3
3
7 17  100 0000101010100100001000111110100001100101000100001010011010101011010000111010100100010101110100111011
6 18  100 0000101010100100001000111110100001100101000100001010011010101011011010111010100100010101110100111011
3 19  100 0000101010100100001000111110100001100101000100001010011010101011011010111010100100010101111000111011
runNumber 4
genCount 5568
elapsedTime 599.941
unaryHyperVol 169
binaryHyperVol 7.25
additiveEps 0.666667
entropy 0.427067
archive 4
3
7 17  100 0000101010100100001000111110100001100101000100001010011010101011010000111010100100010101110100111011
6 18  100 0000101010100100001000111110100001100101000100001010011010101011011010111010100100010101110100111011
3 19  100 0000101010100100001000111110100001100101000100001010011010101011011010111010100100010101111000111011
runNumber 5
genCount 5498
elapsedTime 599.977
unaryHyperVol 185
binaryHyperVol 5.375
additiveEps 0.5
entropy 0.449615
archive 5
3
7 15  100 0110101001010001001000111110100001100101000100001010011010101011010000111010100100010101110100111011
6 16  100 0110101001010001001000111110100001100101000100001010011010101011011010111010100100010101110100111011
3 17  100 0110101001010001001000111110100001100101000100001010011010101011011010111010100100010101111000111011
runNumber 6
genCount 5445
elapsedTime 599.982
unaryHyperVol 176
binaryHyperVol 5.45833
additiveEps 0.5
entropy 0.469946
archive 6
4
7 16  100 0000101010100100000000111110100001010101000100001010011010101011010000111010100100010101110100111011
6 17  100 0000101010100100000000111110100001010101000100001010011010101011011010111010100100010101110100111011
4 18  100 0000101010100100000000111110100001010101000100001010011010101011011010111010100100010101111000111011
3 19  100 0000101010100100001000111110100001010101000100001010011010101011011010111010100100010101111000111011
runNumber 7
genCount 5388
elapsedTime 599.924
unaryHyperVol 191
binaryHyperVol 2.75
additiveEps 0.25
entropy 0.45785
archive 7
3
7 14  100 0110101001010001000000111110100001010101000100001010011010101011010000111010100100010101110100111011
4 16  100 0110101001010001000000111110100001010101000100001010011010101011011010111010100100010101010100111011
3 17  100 0110101001010001001000111110100001010101000100001010011010101011011010111010100100010101010100111011
runNumber 8
genCount 5497
elapsedTime 600.068
unaryHyperVol 131
binaryHyperVol 27.5
additiveEps 0.8
entropy 0.475082
archive 8
2
6 17  100 1010010110100101101000001110101001010101000100001010011010101011011010111010100100011001110100111011
5 18  100 1010010110100101101000001110101001010101000100001010011010101011011010111010100100011001111000111011
runNumber 9
genCount 5398
elapsedTime 599.907
unaryHyperVol 133
binaryHyperVol 24.5833
additiveEps 0.5
entropy 0.427067
archive 9
3
7 16  100 0110101010100101001000110100000001100101000100001010011010101011010000111010100100010101110100111011
6 18  100 0110101010100101001000110100000001100001000100001010011010101011010101001010100100010101110100111011
5 19  100 0110101010100101001000110100000001100001000100001010011010101011010101001010100100010101111000111011
runNumber 10
genCount 5653
elapsedTime 600.04
unaryHyperVol 177
binaryHyperVol 5.41667
additiveEps 0.5
entropy 0.478842
archive 10
3
6 16  100 1010101010100101001000111110101001100101000100001010011010101011011010111010100100010101110100111011
5 17  100 1010101010100101001000111110101001100101000100001010011010101011011010111010100100010101010100111011
3 19  100 0000101010100100001000111110100001100101000100001010011010101011011010111010100100010101010100111011
runNumber 11
genCount 5584
elapsedTime 599.958
unaryHyperVol 147
binaryHyperVol 21.75
additiveEps 0.5
entropy 0.427067
archive 11
3
7 14  100 1010101010101001000000111110100001010101000100001010011010101011010000111010010100010101110100111011
6 15  100 1010101010101001000000111110100000010101000100001010011010101011010000111010010100010101110100111011
5 16  100 1010101010101001000000111110100001010101000100001010011010101011011010111010010100010101010100111011
runNumber 12
genCount 5982
elapsedTime 599.974
unaryHyperVol 155
binaryHyperVol 13.6875
additiveEps 0.5
entropy 0.427067
archive 12
3
6 16  100 1010101010100101001000111110101001100101000100001010011010101011011010111010100100010101110100111011
5 17  100 1010101010100101001000111110101001100101000100001010011010101011011010111010100100010101010100111011
4 21  100 0110000000100111001000011110100001100101000100001010011010101011011010111010100100010101111000111011
runNumber 13
genCount 5500
elapsedTime 600.005
unaryHyperVol 137
binaryHyperVol 26.875
additiveEps 0.75
entropy 0.475082
archive 13
2
6 16  100 1010101010100101001000111110101001100101000100001010011010101011011010111010100100010101110100111011
5 17  100 1010101010100101001000111110101001100101000100001010011010101011011010111010100100010101010100111011
runNumber 14
genCount 5410
elapsedTime 599.907
unaryHyperVol 176
binaryHyperVol 5.45833
additiveEps 0.5
entropy 0.469945
archive 14
4
7 16  100 0000101010100100000000111110100001010101000100001010011010101011010000111010100100010101110100111011
6 17  100 0000101010100100000000111110100001010101000100001010011010101011011010111010100100010101110100111011
4 18  100 0000101010100100000000111110100001010101000100001010011010101011011010111010100100010101111000111011
3 19  100 0000101010100100001000111110100001010101000100001010011010101011011010111010100100010101111000111011
runNumber 15
genCount 5240
elapsedTime 600.021
unaryHyperVol 199
binaryHyperVol 0
additiveEps 0
entropy 0.424747
archive 15
4
7 13  100 0110101001010001000000111110100001010101000100001010011001000011010000111010100100010101110100111011
6 14  100 0110101001010001000000111110100001010101000100001010011001000011110000111010100100010101110100111011
4 15  100 0110101001010001000000111110100001010101000100001010011001000011011010111010100100010101010100111011
3 17  100 0110101001010001001000111110100001010101000100001010011010101011011010111010100100010101010100111011
runNumber 16
genCount 5402
elapsedTime 599.927
unaryHyperVol 192
binaryHyperVol 2.6875
additiveEps 0.25
entropy 0.461483
archive 16
4
7 14  100 0110101001010001000000111110100001010101000100001010011010101011010000111010100100010101110100111011
6 15  100 0110101001010001000000111110100001010101000100001010011010101011011010111010100100010101110100111011
4 16  100 0110101001010001000000111110100001010101000100001010011010101011011010111010100100010101111000111011
3 17  100 0110101001010001001000111110100001010101000100001010011010101011011010111010100100010101111000111011
runNumber 17
genCount 5428
elapsedTime 599.985
unaryHyperVol 177
binaryHyperVol 5.41667
additiveEps 0.5
entropy 0.434218
archive 17
4
7 16  100 1010101010101001001000111110100001100101000100001010011001000011010000110100000100010101111000111011
5 17  100 1010101010101001001000111110100001100101000100001010011001000011110000110100000100010101111000111011
4 18  100 1010101010101001001000111110100001100101000100001010011001000011110000110000000100010101001000111011
3 19  100 1010101010101001001000111110100001100101000100001010011010101011011010110000000100010101001000111011
runNumber 18
genCount 5611
elapsedTime 599.949
unaryHyperVol 179
binaryHyperVol 5.33333
additiveEps 0.5
entropy 0.427067
archive 18
3
5 16  100 1010101010100101001000111110101001100101000100001010011001000011011010111010100100010101010100111011
4 18  100 0000101010100100001000111110100001100101000100001010011001000011011010111010100100010101010100111011
3 19  100 0000101010100100001000111110100001100101000100001010011010101011011010111010100100010101010100111011
runNumber 19
genCount 5478
elapsedTime 600.058
unaryHyperVol 169
binaryHyperVol 7.25
additiveEps 0.666667
entropy 0.427067
archive 19
3
7 17  100 0000101010100100001000111110100001100101000100001010011010101011010000111010100100010101110100111011
6 18  100 0000101010100100001000111110100001100101000100001010011010101011011010111010100100010101110100111011
3 19  100 0000101010100100001000111110100001100101000100001010011010101011011010111010100100010101111000111011
runNumber 20
genCount 5332
elapsedTime 599.975
unaryHyperVol 177
binaryHyperVol 5.41667
additiveEps 0.5
entropy 0.478842
archive 20
3
6 16  100 1010101010100101001000111110101001100101000100001010011010101011011010111010100100010101110100111011
5 17  100 1010101010100101001000111110101001100101000100001010011010101011011010111010100100010101111000111011
3 19  100 0000101010100100001000111110100001100101000100001010011010101011011010111010100100010101111000111011
runNumber 21
genCount 5629
elapsedTime 599.909
unaryHyperVol 137
binaryHyperVol 26.875
additiveEps 0.75
entropy 0.475082
archive 21
2
6 16  100 1010101010100101001000111110101001100101000100001010011010101011011010111010100100010101110100111011
5 17  100 1010101010100101001000111110101001100101000100001010011010101011011010111010100100010101010100111011
runNumber 22
genCount 5480
elapsedTime 599.986
unaryHyperVol 135
binaryHyperVol 25.5
additiveEps 0.6
entropy 0.427067
archive 22
3
7 16  100 1010101011010001001000001110100001100000000100001010011001000011010000111010100100010101110100111011
6 17  100 1010101011010001001000001110100001100000000100001010011001000011110000111010100100010101110100111011
5 18  100 1010101011010001001000001110100001100000000100001010011001000011110000111010100100010101010100111011
runNumber 23
genCount 5550
elapsedTime 600.025
unaryHyperVol 176
binaryHyperVol 5.45833
additiveEps 0.5
entropy 0.469945
archive 23
4
7 16  100 0000101010100100000000111110100001010101000100001010011010101011010000111010100100010101110100111011
6 17  100 0000101010100100000000111110100001010101000100001010011010101011011010111010100100010101110100111011
4 18  100 0000101010100100000000111110100001010101000100001010011010101011011010111010100100010101111000111011
3 19  100 0000101010100100001000111110100001010101000100001010011010101011011010111010100100010101111000111011
runNumber 24
genCount 5519
elapsedTime 599.982
unaryHyperVol 185
binaryHyperVol 5.375
additiveEps 0.5
entropy 0.449615
archive 24
3
7 15  100 0110101001010001001000111110100001100101000100001010011010101011010000111010100100010101110100111011
6 16  100 0110101001010001001000111110100001100101000100001010011010101011011010111010100100010101110100111011
3 17  100 0110101001010001001000111110100001100101000100001010011010101011011010111010100100010101111000111011
runNumber 25
genCount 5409
elapsedTime 599.876
unaryHyperVol 177
binaryHyperVol 5.41667
additiveEps 0.5
entropy 0.434218
archive 25
4
7 16  100 1010101010101001000000111110100001010101000100001010011010101011010000110100000100010101111000111011
5 17  100 1010101010101001000000111110100001010101000100001010011010101011011010110100000100010101111000111011
4 18  100 1010101010101001000000111110100001010101000100001010011010101011011010110000000100010101001000111011
3 19  100 1010101010101001001000111110100001010101000100001010011010101011011010110000000100010101001000111011
runNumber 26
genCount 5504
elapsedTime 600.037
unaryHyperVol 176
binaryHyperVol 5.45833
additiveEps 0.5
entropy 0.469946
archive 26
4
7 16  100 0000101010100100000000111110100001010101000100001010011010101011010000111010100100010101110100111011
6 17  100 0000101010100100000000111110100001010101000100001010011010101011011010111010100100010101110100111011
4 18  100 0000101010100100000000111110100001010101000100001010011010101011011010111010100100010101111000111011
3 19  100 0000101010100100001000111110100001010101000100001010011010101011011010111010100100010101111000111011
runNumber 27
genCount 5356
elapsedTime 600.004
unaryHyperVol 147
binaryHyperVol 21.75
additiveEps 0.5
entropy 0.427067
archive 27
3
7 14  100 1010101011010001000000111110100001010101000100001010011010101011010000111010100100010001110100111001
6 15  100 1010101011010001000000111110100001010101000100001010011010101011011010111010100100010001110100111001
5 16  100 1010101011010001000011111110100001010101000100001010011010101011011010111010100100010101111000111011
runNumber 28
genCount 5513
elapsedTime 600.015
unaryHyperVol 192
binaryHyperVol 2.6875
additiveEps 0.25
entropy 0.461483
archive 28
4
7 14  100 0110101001010001000000111110100001010101000100001010011010101011010000111010100100010101110100111011
6 15  100 0110101001010001000000111110100001010101000100001010011010101011011010111010100100010101110100111011
4 16  100 0110101001010001000000111110100001010101000100001010011010101011011010111010100100010101111000111011
3 17  100 0110101001010001001000111110100001010101000100001010011010101011011010111010100100010101111000111011
runNumber 29
genCount 5538
elapsedTime 599.895
unaryHyperVol 176
binaryHyperVol 5.45833
additiveEps 0.5
entropy 0.469946
archive 29
4
7 16  100 0000101010100100000000111110100001010101000100001010011010101011010000111010100100010101110100111011
6 17  100 0000101010100100000000111110100001010101000100001010011010101011011010111010100100010101110100111011
4 18  100 0000101010100100000000111110100001010101000100001010011010101011011010111010100100010101111000111011
3 19  100 0000101010100100001000111110100001010101000100001010011010101011011010111010100100010101111000111011
