OptimalFront
unaryHyperVol 297
Optimal front is obtained by exact method
-------------------------
3
3 8
4 7
5 6
runNumber 0
genCount 5169
elapsedTime 599.874
unaryHyperVol 108
binaryHyperVol 10.2228
additiveEps 0.782609
entropy 0.449615
archive 0
3
11 24  100 0000110000010100111010100010010101101001001101010001011101001000011110010101010000010001001100010001
4 25  100 0000110000010100111010100010010101011001001101010001011111101010101010101100110000010001100100010001
3 29  100 0000110000010100111010100010010111111001001101010001011100101000010110000101010000100001101100010001
runNumber 1
genCount 5220
elapsedTime 600.06
unaryHyperVol 126
binaryHyperVol 12.2917
additiveEps 0.944444
entropy 0.49717
archive 1
2
7 23  100 0010100100010011010000010010011101001010001101010001111010101011011100100000000010100011101101000011
3 24  100 1110010101011001101100010001011111001001001101010001011010101011010000011000000101100001100010110001
runNumber 2
genCount 5036
elapsedTime 599.786
unaryHyperVol 130
binaryHyperVol 10.5167
additiveEps 0.8
entropy 0.481574
archive 2
3
6 22  100 1101100100011000011000001010011100001010001101010001010100000010101001111000000011100001000000011001
5 24  100 1101100100011000011000001010011101000010000111110001010100000010101001111000000011100001000000011001
3 26  100 1101100100010000100000000010011101000010010110010111110001101011101110000000011010100001000000010001
runNumber 3
genCount 5041
elapsedTime 599.89
unaryHyperVol 118
binaryHyperVol 9.57792
additiveEps 0.772727
entropy 0.449615
archive 3
3
10 22  100 1110100000010000101111100011010001111000011101010001000000000000100000000000000001100001100000010001
5 24  100 1110100000010000101111100011010011111011001101000000111101000000100000000001100000100001100000101101
3 28  100 1110100000010000101111100111010011011010011110110000111111101010101010010000000000100001000000101101
runNumber 4
genCount 5178
elapsedTime 600.01
unaryHyperVol 73
binaryHyperVol 10.5067
additiveEps 0.84
entropy 0.492862
archive 4
5
12 26  100 1111111101010011100100010011111101011001110001010001010101101011111110101000000010101011101000110101
8 28  100 1101100101010011100100010011111101011001010001000001010111101011010110101000000010101011100000110001
6 29  100 1100110101010000111100110101010100101001100111100001011010101011100010101000000010101000101011100001
4 30  100 0000110110010010110100000101011101011001110101010101011100101011011110101100000010101000100000101011
3 31  100 0111011100111010000001100001011101011001110101010101011100101001010110111000000010101000101110101011
runNumber 5
genCount 5202
elapsedTime 599.786
unaryHyperVol 92
binaryHyperVol 12.4107
additiveEps 0.952381
entropy 0.49717
archive 5
2
11 26  100 1100111101000100010100010001010001001001001111011000011101101001100110101000000011101010000000001010
3 27  100 1100111101110100110001000000110001001001001110111011011101101011101110101000000010101010100000010001
runNumber 6
genCount 5236
elapsedTime 600.015
unaryHyperVol 95
binaryHyperVol 9.84167
additiveEps 0.8
entropy 0.447913
archive 6
4
13 24  100 1110000000010000111100100110011011001000011101100011000100000001000000000000000010100001101000000001
5 26  100 1110000000010001100101101110011101101000001100100101010000000010000000010000000010100000101011011101
4 27  100 1110010000010001100010010101011101001000001111010011110100000010010000101000101110100001000011110101
3 30  100 1110010000010001100010110101001101001000001111010011110100101001000000101000101110100001000011110101
runNumber 7
genCount 5142
elapsedTime 599.901
unaryHyperVol 101
binaryHyperVol 16.4921
additiveEps 0.857143
entropy 0.481574
archive 7
3
9 23  100 0000101100010000011100100001011101101010001101011001101101000000011110100100010001010110000001101011
5 26  100 0011100100010000110000110011001101000001001101011001101101001000011110101100110000010110100001010001
4 27  100 0000101100010000010001100001111101000001001101000010011111101000011110100100111000010110101000010000
runNumber 8
genCount 5099
elapsedTime 599.946
unaryHyperVol 144
binaryHyperVol 9.35714
additiveEps 0.714286
entropy 0.49717
archive 8
2
4 21  100 0010010101011000001100000011110011000001001101010001011001101011101110101000001110101010101000010001
3 27  100 0011111101011000110001011000010101000001011101010001000000101011101110101100001110101010101000010001
runNumber 9
genCount 5237
elapsedTime 600.044
unaryHyperVol 141
binaryHyperVol 9.9
additiveEps 0.85
entropy 0.481574
archive 9
3
5 21  100 1111110100010000100001100010011011001001001101101001111101000011100000101010001000101010100100010010
4 25  100 1110100000010000010010100011010001001001101101100001111110101011000000101011011100010110100111010010
3 26  100 1110100100010000010001100011010101001001101101100001111100101011000000101011010100101010100111010010
runNumber 10
genCount 5402
elapsedTime 599.845
unaryHyperVol 120
binaryHyperVol 7.49603
additiveEps 0.607143
entropy 0.449615
archive 10
3
12 22  100 1101100101011000101101100010011001001010001111010001001000000000000000000000000010100001100101100001
4 23  100 1110000101010001101111111110010001001001001101010001011000000001000000001000000000100001000010000001
3 34  100 1000101011100100100111101001000100000000001101000001000000101001000000000000000110100001100110110001
runNumber 11
genCount 6805
elapsedTime 758.984
unaryHyperVol 122
binaryHyperVol 11.0917
additiveEps 0.85
entropy 0.449615
archive 11
3
9 23  100 1111100000000100100000110001110101000001001101010001111101101011100000101101110000010001101001000001
4 24  100 1111110010010000100000100001001001000011001101010001011101101000100000011111000000010001101100010001
3 26  100 1111100010010000101000100001000100000011000101100001011100101000000000110100000011100001000000010001
runNumber 12
genCount 5251
elapsedTime 647.913
unaryHyperVol 131
binaryHyperVol 11.0526
additiveEps 0.894737
entropy 0.49717
archive 12
2
6 22  100 0110000000010000111100000011011111111001101001010011011101000011101110000010000111100001000000100001
3 25  100 1101010000010010110100100001011101011001101101010011101101101010111010001000000111100001000000100001
runNumber 13
genCount 5091
elapsedTime 599.833
unaryHyperVol 134
binaryHyperVol 9.84286
additiveEps 0.75
entropy 0.506429
archive 13
4
10 21  100 1111100100110100100000010000010001001001001101010001011100101011101110101000001010101010100100000100
9 22  100 1111000101110000100000010010011001001001001101010000011111101011100010101000000010101011100000000010
4 23  100 1111001100010011100001101101011010000111001111010001011101101011101110101000000010101010100100001100
3 26  100 1101000101010000000001010010010101011001001101010001011110101001000110101000000010101011100000001110
runNumber 14
genCount 5170
elapsedTime 600.028
unaryHyperVol 180
binaryHyperVol 6.97619
additiveEps 0.52381
entropy 0.49717
archive 14
2
4 17  100 1111100000010000101100100010011001001011000101010001011101000001100110000000000110100001101000010001
3 27  100 1010000001010001101100100000001001001001001111010001111100101000000110000000000011100001101111100001
runNumber 15
genCount 5111
elapsedTime 599.956
unaryHyperVol 140
binaryHyperVol 12.9062
additiveEps 1
entropy 0
archive 15
1
3 22  100 0100100000010100101111100010010001000011001100000001011101101000100000101011110010100001100100001101
runNumber 16
genCount 5133
elapsedTime 599.988
unaryHyperVol 117
binaryHyperVol 7
additiveEps 0.566667
entropy 0.449615
archive 16
3
13 22  100 1110100000011000010011100000000000000101001101011111110001000011000000010000000011100001000010000001
4 23  100 1110100010010000011100100000110000000001101110011111110000000011000000101010000001100001000000100001
3 36  100 1000111110010010011110100001100000000001101001011111111001101000010000010001011011100001010000100001
runNumber 17
genCount 5235
elapsedTime 599.98
unaryHyperVol 119
binaryHyperVol 8.81667
additiveEps 0.708333
entropy 0.492862
archive 17
5
8 22  100 1111100100000101001100010010000101011001111101010000011101101011010000101100000010101010101000110010
6 24  100 1111111101000100000001010011000001111001001101010001011101101011110000101100001010101010101000100010
5 26  100 1000011100000100001100000000000000011001111101011001011101101011110000100000000011101010100000100010
4 27  100 1111111101000101000001010011000001011010001101010000011101101011010000101100000011101010101000100010
3 30  100 1100100101000100000001010011000001011010001101010000011101101011111010100000111100101010101000110000
runNumber 18
genCount 5179
elapsedTime 599.951
unaryHyperVol 125
binaryHyperVol 10.4286
additiveEps 0.842105
entropy 0.447913
archive 18
4
10 21  100 1111100000111000001010000010010101011001001101100001011100101011100000001111000010100001101000100001
9 23  100 1110110000011000111010000010000001001001000101100001011100101011100000001111000110100001101000101001
8 24  100 0111100000110000101000000011010001001001100101010001000100101011100000001111000010100001101000100001
3 25  100 1111100000010000101011000111010001001001000101010010001100101011110000001111000010100001101000101001
runNumber 19
genCount 5189
elapsedTime 599.922
unaryHyperVol 124
binaryHyperVol 11.6842
additiveEps 0.894737
entropy 0.49717
archive 19
2
6 23  100 1011100100010000101001010111011101000101111101000101010101101011101110100100000001100001101000010001
3 25  100 1111010100011010011110100011011101000001001111111100100111101011101110100100000001100001101000010001
runNumber 20
genCount 5100
elapsedTime 599.953
unaryHyperVol 105
binaryHyperVol 12.37
additiveEps 0.95
entropy 0.49717
archive 20
2
8 25  100 1101101100011000101000010000111101101001011110000010010001010100010110100100000010100001000000000001
3 26  100 1100100100010000101011100101111101001001111101011001010001101000101010110100101010100001000000000001
runNumber 21
genCount 5147
elapsedTime 599.963
unaryHyperVol 156
binaryHyperVol 10.7353
additiveEps 0.823529
entropy 0.481574
archive 21
3
5 20  100 0101000000011000101100110001000101001010001101010001111101101011000110100000000010101010101000010010
4 21  100 0101000000111000100001110010110001001010000101000001011101001011100110100000000010101010101000010010
3 23  100 0101000000111000000001100011011101101000001101010001111101101011000110100100001010101010000000010010
runNumber 22
genCount 5347
elapsedTime 599.989
unaryHyperVol 77
binaryHyperVol 19.5314
additiveEps 0.8
entropy 0.481574
archive 22
3
10 24  100 0110101000010001011100111010010101000001001101000001011111010100000110101000000001010110100100100100
6 27  100 0000101100010100101100101010000100000001001101010101011000010101000110101001010001010111100000100110
5 31  100 0010010001010000001000111010010101000001011110001101010000010100000110001001010001010110100100100110
runNumber 23
genCount 5229
elapsedTime 599.887
unaryHyperVol 110
binaryHyperVol 8.25962
additiveEps 0.75
entropy 0.449615
archive 23
3
7 22  100 0110110010010000101100010000110111111001001101100001101101001011100010101000000010101010100000101101
5 27  100 0100111100000100000100111111010100011001001101010001011101101001100110101000001110101010101000001011
3 32  100 0100111100010100110001110111011001011001001101010000000111101011101010101011011100101010100000101011
runNumber 24
genCount 5229
elapsedTime 599.941
unaryHyperVol 97
binaryHyperVol 12.381
additiveEps 0.952381
entropy 0.49717
archive 24
2
6 26  100 0110100101110001000010000011011111001001100101010001000101000011101110001000010110100001101000110001
3 27  100 0100011101010010011110100011011111011001000111010001011100101011100000000000000000100001101000110001
runNumber 25
genCount 5214
elapsedTime 599.879
unaryHyperVol 124
binaryHyperVol 29.0833
additiveEps 0.888889
entropy 0.49717
archive 25
2
5 22  100 0110100000011000111110010000001101111001111101000011111100000011010110111000000101010110000000100010
4 24  100 0110100000011000111110010000001101101000011111010011111100000000000110111000000101010110000000100010
runNumber 26
genCount 5237
elapsedTime 600.094
unaryHyperVol 139
binaryHyperVol 12.1765
additiveEps 0.941176
entropy 0.49717
archive 26
2
4 22  100 1100100001010000100101000001111100001001000101010001011011101011101110101000000000010110000001010010
3 23  100 1110100000010000110001101111010101001000100101010000010101101000001110101000000010101010101000110001
runNumber 27
genCount 5221
elapsedTime 599.765
unaryHyperVol 147
binaryHyperVol 12.1875
additiveEps 0.9375
entropy 0.49717
archive 27
2
6 21  100 1110001100010010001100100001011100000101111101010101110101101011000000101000110010100001101000101101
3 22  100 1110001100010001101100000001011101000000111101010101110111101011000000101000000010100001101000101101
runNumber 28
genCount 5303
elapsedTime 599.952
unaryHyperVol 148
binaryHyperVol 11.4412
additiveEps 0.882353
entropy 0.49717
archive 28
2
4 21  100 1110100100010001101100100010001100011000000110010001100101001011100000101100000010100001000011110001
3 23  100 1110100100010001101100100010001100011001100101010001100101101011010000100000100010100001000011110001
runNumber 29
genCount 5395
elapsedTime 599.889
unaryHyperVol 131
binaryHyperVol 7.80769
additiveEps 0.807692
entropy 0.481574
archive 29
3
5 21  100 1110010100010011111101100010011101111011000101010001011100000011100000010000111110100000101001100001
4 29  100 1100000000010011111101110000011101111011001101010001110111101000100000010000111110100000101001010111
3 32  100 1010000100010011111101110010001101011010000101000001011100101000100010000100011111100001100011100101
