OptimalFront
unaryHyperVol 368
Optimal front is obtained by exact method
-------------------------
3
2 5
3 4
5 3
runNumber 0
genCount 5244
elapsedTime 600.03
unaryHyperVol 100
binaryHyperVol 12.875
additiveEps 0.916667
entropy 0.49717
archive 0
2
6 25  100 1010110011110101000110110010100100000000110111010000111011000011000000011110010010100011101011000101
2 27  100 1010011011010011100010110011100101111110110011010010111011000011000010010110010010110101101011100001
runNumber 1
genCount 5347
elapsedTime 599.932
unaryHyperVol 128
binaryHyperVol 11.6304
additiveEps 0.826087
entropy 0.529986
archive 1
4
10 22  100 1010101011010000101011110001100001011101011111000100001010000001000010100000001100100011101001011001
6 23  100 1010010111010011101011100001101001101101010100010000001010000001000000100000001111100000101000011001
4 24  100 1010000011010000101011110001101100011101010111000100001010000001000010100000101101100000101000011001
2 26  100 1010000011010000101011110001100000001101010100111110010100000001000010100000001111100000101000011001
runNumber 2
genCount 5468
elapsedTime 599.977
unaryHyperVol 90
binaryHyperVol 12.9067
additiveEps 0.92
entropy 0.49717
archive 2
2
5 26  100 1001101001010000010101010000001001010111110100010110011001001010001010010000001001101111101001001001
2 28  100 1010101011010001010001110011100001010110011000010010110110000010000010010011010001100110101001101000
runNumber 3
genCount 5131
elapsedTime 600.006
unaryHyperVol 107
binaryHyperVol 25.3468
additiveEps 0.75
entropy 0.481574
archive 3
3
6 22  100 1100000100010100100010010001100101000001111111110010100110000000000000100011001001100001010111100001
5 23  100 1100000100010100101010010001100101010001111000010010100110000010000000100011101001101011101010101001
4 34  100 1100000101000100001110110100000101011001111000010010100100001010000000100011111010000000101011010011
runNumber 4
genCount 5288
elapsedTime 599.953
unaryHyperVol 186
binaryHyperVol 11.6667
additiveEps 0.882353
entropy 0.49717
archive 4
2
8 17  100 0000000011010101100010110101101010000101110100010010010010000011000000000011011011101111101011101010
2 20  100 0010110010010011101111110101101010000000110100010010010010000011000000000011011011101111101011101010
runNumber 5
genCount 5292
elapsedTime 600.01
unaryHyperVol 118
binaryHyperVol 10.8462
additiveEps 0.8
entropy 0.449615
archive 5
3
7 23  100 1001000111010000011110100000100001000001110111010010111110000000010110100001010101100101010100011001
3 25  100 0110110000010000011110100000100001000001110101010110111110000000110110100001010100100101010100011001
2 29  100 0110110000010000000010001000100000110101110111011010111011000000001010100001000101000100101001001001
runNumber 6
genCount 5240
elapsedTime 599.888
unaryHyperVol 101
binaryHyperVol 11.8267
additiveEps 0.84
entropy 0.506429
archive 6
4
11 24  100 1010100101010011001010110001101000000101001111010110010000000001111100111100000100111100101011101001
10 25  100 1010100111010011111011110001101000000101011111010010010000001001111100011000100111111100101011101001
3 26  100 1010100011001000111111110001101000000101011111010010010010001001101110001000000100010110101011101001
2 28  100 1010100011010010011100010101101001001111000111110010010001011001101110000000001001011110101011101001
runNumber 7
genCount 5342
elapsedTime 600.015
unaryHyperVol 176
binaryHyperVol 13.1765
additiveEps 0.941176
entropy 0.49717
archive 7
2
6 19  100 0000100001010100011000000000000101000101110111010010011011001011001010000011001000101100011001101001
2 20  100 0000110011010011010010110000100001010101110111010010011001011011001010100011001000001101101011001001
runNumber 8
genCount 5350
elapsedTime 599.928
unaryHyperVol 126
binaryHyperVol 10.8267
additiveEps 0.92
entropy 0.49717
archive 8
2
5 22  100 0000110010010011001000000001101001000101010111000000110011000011001010000111001011011111010111000000
2 28  100 1010110000010011001010010101100001010101001111001010011101001010001010100001011111111111101010001000
runNumber 9
genCount 5335
elapsedTime 600.004
unaryHyperVol 172
binaryHyperVol 11.24
additiveEps 0.8
entropy 0.449615
archive 9
3
7 19  100 0000100010010000100000010001101001000000110111010010011010000011001010100000010110111111100000101100
3 20  100 0000000111010100101000000001101001000000110111110010011010000011001010100000010100011111101000001000
2 23  100 0000100011010000100000010001100100000100110111010010011010000011001010111100011111111010101000101100
runNumber 10
genCount 5329
elapsedTime 599.967
unaryHyperVol 102
binaryHyperVol 20.5729
additiveEps 0.875
entropy 0.449615
archive 10
3
6 24  100 0000101001010100110100110001101010000101000100010010010001000011011110110011000100001001010111001001
5 26  100 0000101001010100110100110001101010000101000100010010100101110000101110000001000000101011010111001001
3 27  100 0000110000010100011010111001101010100101010001011010100101000000101110000001000000101111010111001011
runNumber 11
genCount 5327
elapsedTime 599.957
unaryHyperVol 140
binaryHyperVol 23.0317
additiveEps 0.857143
entropy 0.49717
archive 11
2
4 21  100 1010100101010111110101000101101001100101010100010010010100000011101010100001011000001111010111001001
3 24  100 1010100101010011111111000111101001100101110110010010110100101011101010100001010000001111010111001001
runNumber 12
genCount 5380
elapsedTime 599.7
unaryHyperVol 169
binaryHyperVol 7.42328
additiveEps 0.571429
entropy 0.440395
archive 12
6
9 17  100 0000100011010000010110110011100001000101110011010100011000000011000000100011111000101001101011001000
6 19  100 0000100011010000011001110000010001011101010111010000001010000011000000100010111000101101101011110101
5 20  100 0000100011100100101001111010101000011101010111010000001010000011000000100011111000101101101011110010
4 22  100 0000000011010000010110110011100000011101010111000100111011000011000000100011000000101101101011101011
3 25  100 0000100011010100101001111010101000011111010011001110111000000011000000100010111000101101101011110101
2 30  100 0010011011010000010010100010101000010111010011001110010001011011000110000010111000101101101011110101
runNumber 13
genCount 5326
elapsedTime 600
unaryHyperVol 118
binaryHyperVol 23.2029
additiveEps 0.869565
entropy 0.49717
archive 13
2
4 23  100 0110010011010000000110110011100001000101000111101010111101000010000000000111010110100000010111101101
3 26  100 1010111011010010101010010000101101011010110111011010001001001001110010100001011011101000010111111111
runNumber 14
genCount 5433
elapsedTime 599.967
unaryHyperVol 224
binaryHyperVol 10.5
additiveEps 0.75
entropy 0.49717
archive 14
2
3 15  100 1010100011010000101010110001101011110101110101010010011100000011100110100001011000100110010100101101
2 19  100 0010100011010000101010110001101011110101110101010010011100000011100110100000011000100111101001001100
runNumber 15
genCount 5348
elapsedTime 599.962
unaryHyperVol 192
binaryHyperVol 13.9111
additiveEps 1
entropy 0
archive 15
1
2 18  100 0000111111010001101001111101100101000101110101011110011001000001001010100011011001100011101011101001
runNumber 16
genCount 5331
elapsedTime 599.948
unaryHyperVol 156
binaryHyperVol 9.61111
additiveEps 0.916667
entropy 0.49717
archive 16
2
5 19  100 0000100011010000101010100101101010001101000101110000100101110011000000100010010000101111101000101001
2 27  100 0000110111010000100100110101100010001101000101011010000101011001000000100010010001101011101011101001
runNumber 17
genCount 5230
elapsedTime 599.989
unaryHyperVol 144
binaryHyperVol 12.614
additiveEps 0.916667
entropy 0.49717
archive 17
2
14 20  100 0000100111010000011010100101010001111101000111110010010110000011001010100011011000100111101001101000
2 22  100 0000100111010000010010110101100001110100000001010010010110000011001010100011011000001000101000101101
runNumber 18
genCount 5321
elapsedTime 599.981
unaryHyperVol 168
binaryHyperVol 12.5185
additiveEps 0.888889
entropy 0.49717
archive 18
2
8 19  100 1010100011010101011010110000001000010101110100010000111010000100001010100100010000001111101011101001
2 21  100 1010100011010000101010110000101001010001100100010110010010111001001010010000010000101011101001101101
runNumber 19
genCount 5301
elapsedTime 600.048
unaryHyperVol 140
binaryHyperVol 12.6667
additiveEps 0.904762
entropy 0.49717
archive 19
2
4 22  100 0110111101110010111010010001101000001000011111100010011010000011000000100001011000101111011000011011
2 24  100 1010111101010011101000010010101101011101010111000010110010000011000000100011111000100011101000001101
runNumber 20
genCount 5426
elapsedTime 599.984
unaryHyperVol 142
binaryHyperVol 13.2667
additiveEps 0.95
entropy 0.49717
archive 20
2
4 22  100 0010010010010000101111010001100001000110110110011010011010001011101001010000011001100010101011101001
2 23  100 0110111000010000001111010101100001000110110110011110011010001011100110100001011000100011101011101001
runNumber 21
genCount 5268
elapsedTime 600.019
unaryHyperVol 192
binaryHyperVol 13.9111
additiveEps 1
entropy 0
archive 21
1
2 18  100 1010100011010011101000110101101011100101110111100010011011000000110110101011011000101111101011000101
runNumber 22
genCount 5285
elapsedTime 599.808
unaryHyperVol 125
binaryHyperVol 10.26
additiveEps 0.72
entropy 0.431679
archive 22
4
8 21  100 1010000111010011001010110111101001010101110011010010101010000000000110101111010100111111000000100001
7 22  100 0000001111010000111011110011101101010101110111010110001010000000000110101011010100111111000000101011
6 23  100 0010001111010010010110110001101101110100110101000010011110000000000110100011010000101111000000101111
2 28  100 1010001010010011011110110111100101010101110011010010101010000000011110101111010001001011101000111011
runNumber 23
genCount 5427
elapsedTime 600.042
unaryHyperVol 60
binaryHyperVol 12.0996
additiveEps 0.862069
entropy 0.449615
archive 23
3
11 28  100 1010001110010000011110110110100001010000001111010000101010001001000110100101101101111111011011000101
3 29  100 1110110011010000011000111001100001110110000111111010111000101001000110010001100101011100011011101101
2 32  100 0110010110010000101100111110100001010110011110010010000101001011111110100001001000000101101000001001
runNumber 24
genCount 5191
elapsedTime 599.966
unaryHyperVol 126
binaryHyperVol 12.7576
additiveEps 0.909091
entropy 0.49717
archive 24
2
5 23  100 0000000101010000001101110001010000110101110111010010010110000011001110100011011001101100101000110101
2 25  100 0000000011010000011101000001101010110100110110010010000110001010001010100011010000010100101000101010
runNumber 25
genCount 5361
elapsedTime 599.991
unaryHyperVol 162
binaryHyperVol 9.52778
additiveEps 0.791667
entropy 0.481574
archive 25
3
5 19  100 0000010010010001001010100001101001000101110101011110001001000011110000010111011000101101010111110101
3 24  100 0000111011010001001010110001101001001101100001011010111001000011000010010001000000101100010100100000
2 27  100 0000110110010000001010010101101001100101010101011010111001000011100000100111001100111100101000001000
runNumber 26
genCount 5214
elapsedTime 599.942
unaryHyperVol 134
binaryHyperVol 8.7931
additiveEps 0.62069
entropy 0.447913
archive 26
4
8 21  100 0000100011010011110101110001101000001001110111011110000001000011000010100011001001110001010100101001
4 22  100 0000100000010000101001110001101001011001110011011110001001000010100000000111001100000100010100101001
3 28  100 0000101011010011111101110101101010001101110001101110001001000011111110010001001000010101010100100101
2 32  100 0000010110010011111101110101101001111001110101111110101001000000001010000111001000010110101000110100
runNumber 27
genCount 5216
elapsedTime 599.929
unaryHyperVol 111
binaryHyperVol 9.97119
additiveEps 0.740741
entropy 0.447913
archive 27
4
11 22  100 0000100010010100011010101100010000110101111010010010011010000001001010110011011100101111101011101011
5 24  100 0010101110010000110111101101010000110011100111010010011000000001001010110011011100101111101011101001
4 27  100 0010010011010000011011101100010100110111111100001110011001011001001010110011011100101111101011101001
2 30  100 0000100010010000101011010010100011110111111100001110011010011010001010110011001111101100101000011110
runNumber 28
genCount 5329
elapsedTime 599.975
unaryHyperVol 120
binaryHyperVol 13.9365
additiveEps 1
entropy 0
archive 28
1
2 24  100 1010000011010000111011001101100001110100110110000010000111000001001010101111000000101100101001101001
runNumber 29
genCount 5258
elapsedTime 600.05
unaryHyperVol 109
binaryHyperVol 13.3926
additiveEps 0.954545
entropy 0.49717
archive 29
2
13 24  100 0010100000010001000110110001010101010101110011010010000100000000000110100001011100100101101011101000
2 25  100 1110100111010000110100111101101001111101110111010010000100000000000110100001011100100101101011011111
