OptimalFront
unaryHyperVol 369
2
5 8  100 1000101010101001101000110110101010101110000100100000101010000001111010010100001000000101100001000010
2 9  100 1000101010010001101000110110101010101110000100100000101010000001111010011010111000000101100001000010
-------------------------
runNumber 0
genCount 5053
elapsedTime 599.857
unaryHyperVol 144
binaryHyperVol 12.1071
additiveEps 0.952381
entropy 0.509891
archive 0
2
6 26  100 1100101001010000100001010101100000010110000000100000111011011001000101011010000000000100000011000010
2 29  100 1100101011010001011111110110000000010110000000100000111011011001101010111010000000000100000011000111
runNumber 1
genCount 5023
elapsedTime 599.853
unaryHyperVol 198
binaryHyperVol 9.85
additiveEps 0.7
entropy 0.509891
archive 1
2
3 22  100 1100101010010001011000110110100101010110000100010000011010101001111010000000001000000110000111000010
2 28  100 1001101010010001011010000101101000010110111001010000111010101010111010000010001000111101100101000010
runNumber 2
genCount 5029
elapsedTime 599.771
unaryHyperVol 164
binaryHyperVol 13.2361
additiveEps 0.944444
entropy 0.509891
archive 2
2
6 25  100 0100010110010001011111001110100101010101000100000000100111000010111010111010001000000101110001000000
2 26  100 0100101010010001011011000101100101010101110011100000101110000010111010111010001000000001100001000000
runNumber 3
genCount 5059
elapsedTime 599.785
unaryHyperVol 152
binaryHyperVol 12.0159
additiveEps 0.857143
entropy 0.5994
archive 3
3
4 26  100 1000101010010000001000000110010110101010101100100010100010000011110010111010111000101001100101110001
3 27  100 1000101010010100001100000010000001010110000100101101000010001010011010011010010100000101100001010010
2 29  100 1000101010010000011010010100001001101011001111010011101110001010001010111010111000000101100001110001
runNumber 4
genCount 5226
elapsedTime 599.832
unaryHyperVol 177
binaryHyperVol 9.15789
additiveEps 0.894737
entropy 0.468496
archive 4
3
10 20  100 1000101010010001001101110110101010101010000110100000101010000001111010001001110100000101111100010010
5 26  100 0000101010010001001101110110100110101110000101100010100001000001111010100001110001001110110101000010
2 27  100 0111101010010001001101110110100110101110000101100010100010000001111010000110000000001101101100010000
runNumber 5
genCount 5068
elapsedTime 599.91
unaryHyperVol 176
binaryHyperVol 12.463
additiveEps 0.888889
entropy 0.509891
archive 5
2
4 24  100 1000101011010001001010111010101001101010000100010000101010010100011010010110011000001101001000000010
2 26  100 1010101001010001000100010010000111010110000110101100101010011001111010010110011100000001000001010010
runNumber 6
genCount 5072
elapsedTime 599.756
unaryHyperVol 160
binaryHyperVol 11.381
additiveEps 0.809524
entropy 0.5994
archive 6
3
7 25  100 1100011010100101010111011100110100000010000111010000101010011001111010010110111000111101010001000001
3 26  100 0100011010010001010100010111110110101111000100110000101010011001111010000110000111010100111101000010
2 29  100 0010101000010000010100000010110110101111000111110010101010101001111010010110111000101001100001001100
runNumber 7
genCount 5044
elapsedTime 599.903
unaryHyperVol 192
binaryHyperVol 13.9333
additiveEps 1
entropy 0
archive 7
1
2 23  100 1100101010010001111000000110101011010110000100100000101001011001011010101010101110000100101010000001
runNumber 8
genCount 5118
elapsedTime 599.99
unaryHyperVol 209
binaryHyperVol 11.4583
additiveEps 0.8125
entropy 0.5994
archive 8
3
5 21  100 1000010010010001000011001001010011101110000100100000010110011001111010110100111111000101100001000010
4 22  100 1000010010010001000011001001010011101110010100100000100010011001111010011110011101000101100001000010
2 24  100 1111101001010001100100001011101001100110000100100000100010011001111010001110001101000101100001000010
runNumber 9
genCount 5007
elapsedTime 599.833
unaryHyperVol 211
binaryHyperVol 8.37895
additiveEps 0.8
entropy 0.478871
archive 9
4
7 19  100 1000101010101001101000110110101110101000000100000011100110011001111001010000000100000001000001001111
6 22  100 1000101010101001101000110110101110101101000100000010010100011001111001010000000110010001000001001011
3 25  100 1000101000101001111000110100001010101101001101011110000110011000111010010000000100000101000001001011
2 27  100 0100101010010001101000110100001010101100010100000010011100011001111010000110000100000001000001001011
runNumber 10
genCount 5204
elapsedTime 599.781
unaryHyperVol 192
binaryHyperVol 13.9333
additiveEps 1
entropy 0
archive 10
1
2 23  100 0000101010010000101111110110111100010110001100010000000010011001111010010010111000000101101001000001
runNumber 11
genCount 6478
elapsedTime 801.484
unaryHyperVol 139
binaryHyperVol 12.1212
additiveEps 0.863636
entropy 0.5994
archive 11
3
4 27  100 1110010100010011010110110110101010010110001000010000101010000011001001011010001000011010100000101001
3 29  100 1110010100010011010110110110100010010110001000010000101010000011111010100010100100110101101010101001
2 30  100 1111101001010001011010110110111110010110010100010010100110000000101010100010001100000010100001001101
runNumber 12
genCount 5126
elapsedTime 648.005
unaryHyperVol 164
binaryHyperVol 10.0992
additiveEps 0.75
entropy 0.380988
archive 12
5
14 23  100 1000101010101010100000110110010010101111000000010000100001001001010101011100000000111100100001000001
9 24  100 1100101010101001100000110110011010101111100011111000101001000001010101011100001000111100100111000001
5 25  100 1100101010101001100000110101010010101110100011011000101001000001010101011100001000011100100111000001
4 26  100 1100101011101011101000110110010010101111000011011000101001000001001010011100001000111100100111000001
2 29  100 1100101011010001100000110101010010101111000000011100111001001001001010011010100000110101100101100011
runNumber 13
genCount 5297
elapsedTime 599.94
unaryHyperVol 116
binaryHyperVol 11.7733
additiveEps 0.84
entropy 0.509891
archive 13
2
3 29  100 1000010101100100010110000111100100010101101010110001000010000010111010011010111001000101000110000010
2 33  100 0100101000010010100011010011000000101101010100000000100010000000011010010010110010000110100110100010
runNumber 14
genCount 5122
elapsedTime 600.012
unaryHyperVol 180
binaryHyperVol 13.9375
additiveEps 1
entropy 0
archive 14
1
2 24  100 1000101010010001101100100100100010101110001000010010111110011001011010011010111100000101101000100110
runNumber 15
genCount 5091
elapsedTime 599.993
unaryHyperVol 140
binaryHyperVol 12.4457
additiveEps 0.695652
entropy 0.380988
archive 15
5
14 23  100 0000101001100101011010000111110100001101010110010000101010011001001010010010111000000101100001000010
12 24  100 0011101001100101011100000111110000001101010100010000101010011001001010010010111000000100100001000010
9 25  100 1000101001100101011110100100110000000101010100010000101010011001001010010010110000000001100001000010
5 26  100 0000101011100111110101110100110100001100010100110000101000011001111010111010110101000101100010000010
3 31  100 1000101001100100010101000111110101101001010110010001110000011001001010010010111000000001100011000010
runNumber 16
genCount 5064
elapsedTime 599.95
unaryHyperVol 214
binaryHyperVol 12.1111
additiveEps 0.866667
entropy 0.509891
archive 16
2
3 21  100 0000101000010100100110110100101010101110010100100010101010011010111010010000111001000101000001001110
2 23  100 1000101010010001010100110100001010101110100100000011101010011010111010010010111001010101010001001011
runNumber 17
genCount 5165
elapsedTime 600.008
unaryHyperVol 227
binaryHyperVol 11.1429
additiveEps 0.857143
entropy 0.5994
archive 17
3
7 19  100 1000101010010101100100110110011010101110000100000001111010100101001010101010111000000101110001000011
5 21  100 1000101010010101100100110110011010101110100000000101111010000001001010011010011000000101110001000110
2 22  100 1000101011010001000000110110011010101110000100010101000010000000001010011010111000000101110001000110
runNumber 18
genCount 5205
elapsedTime 600
unaryHyperVol 282
binaryHyperVol 12.3125
additiveEps 0.875
entropy 0.509891
archive 18
2
8 15  100 1000101010010001001100110110101010101110000100000000101011000000110010011010111000000100100001000010
2 16  100 1000101010010001111100110110101010101110000100000000101001000000111010011010110000000100100001000010
runNumber 19
genCount 5049
elapsedTime 599.905
unaryHyperVol 153
binaryHyperVol 13.2632
additiveEps 0.947368
entropy 0.509891
archive 19
2
5 26  100 1000100001010011010111010101011010010110000110110101101011000011101010111010011000000101100001001110
2 27  100 1011101001010011000110010111111010010110000110110101101011000011101010111010111000001101100001000010
runNumber 20
genCount 5096
elapsedTime 600.052
unaryHyperVol 144
binaryHyperVol 13.9474
additiveEps 1
entropy 0
archive 20
1
2 27  100 0000101001010001111100110001100111100001000111010011011010011001111010011010111111000101100001110110
runNumber 21
genCount 5048
elapsedTime 599.919
unaryHyperVol 156
binaryHyperVol 10.4783
additiveEps 0.73913
entropy 0.509891
archive 21
2
4 25  100 0110100000010010010000011001101010101110000101100000100110011010111010010000111000010111001101000001
2 31  100 0111101000010000001000011000000000101110000101100001101110011010111010010010111000010111010010001001
runNumber 22
genCount 5204
elapsedTime 599.912
unaryHyperVol 135
binaryHyperVol 8.32258
additiveEps 0.677419
entropy 0.5994
archive 22
3
5 26  100 1000101001010101101000111110101010100101011000000000101100011001111010111010001101000101110000001011
3 30  100 1000101010010100011001100010101010010111111000000000001100011001101010110110110101000101110000011110
2 39  100 0100101001010000110110111010000110101111010111010011000000011001101010000010010111001101111100101101
runNumber 23
genCount 5015
elapsedTime 599.982
unaryHyperVol 208
binaryHyperVol 9.66667
additiveEps 0.684211
entropy 0.5994
archive 23
3
5 21  100 0100010000110001000111010101101010010110000100100000100000011001111010010000001000000101001100001110
3 22  100 0111010100101001010111110101101010010110000100100000100000011001111010010000000000100101001110001110
2 27  100 0101101000010010011110110101101010010110000100100001100000011001111010000110001000000101001000001110
runNumber 24
genCount 5219
elapsedTime 599.993
unaryHyperVol 162
binaryHyperVol 8.616
additiveEps 0.68
entropy 0.472411
archive 24
4
7 23  100 1000011001010001011101110110001001010110000100010000111100110001001010001010111010000101110001000001
5 26  100 1000011001010001001111001110101000101110000100110010111001110001001010000010111110000101110001000001
3 30  100 0100101010110100101001000110110110101110100101010001111100011000001010010010111000010101110001111011
2 33  100 1000101001010011100101000110111000100100000100010101110001111001001010001010111010110101110001111001
runNumber 25
genCount 5191
elapsedTime 599.899
unaryHyperVol 235
binaryHyperVol 9.66667
additiveEps 0.6875
entropy 0.509891
archive 25
2
3 19  100 1000101011100100101000000101011000101110000100100010101110111001111010011010110100000101100001110010
2 24  100 1100101010010001110110000111101010101011000100101100100110111001111010001010110000000001100001010010
runNumber 26
genCount 5066
elapsedTime 599.908
unaryHyperVol 175
binaryHyperVol 12.4815
additiveEps 0.888889
entropy 0.599401
archive 26
3
5 24  100 1000100001010011011111010101111001101101000100110011101110000001111010011010001000000101100000000011
4 25  100 1000101011110100101011111011110001101101000100110010101000000011110010011010001000001101100000000010
2 26  100 1000101001010011101111011110011001101101000100010011011010000010111010011010001000001101100000000011
runNumber 27
genCount 5042
elapsedTime 599.956
unaryHyperVol 114
binaryHyperVol 10.9259
additiveEps 0.777778
entropy 0.509891
archive 27
2
3 29  100 1000101000010001101000110101101000101100001101000000101010011000011010110000000111101010001000010010
2 35  100 1000101000010001101001110101011100100001000101000011110100011000111010100010001111100000001101000000
runNumber 28
genCount 5031
elapsedTime 599.96
unaryHyperVol 184
binaryHyperVol 11.7593
additiveEps 0.888889
entropy 0.599401
archive 28
3
5 23  100 0100100001010001100011000110000110010110000100000000101010001001011010010100011100001000100001000001
4 25  100 0100101001110000001011000101101010010110001100010000101010011000001010110110110000001101100001000110
2 26  100 1101101001010001010111110111101110010110000100010000101010011000011010010110011010001101100001000101
runNumber 29
genCount 5232
elapsedTime 599.883
unaryHyperVol 118
binaryHyperVol 22.8452
additiveEps 0.952381
entropy 0.509891
archive 29
2
6 28  100 1000010110110101010110010110110101010110010101000101001010011001001010011010011011001101101110010010
3 29  100 1000010110010100010100011110110101010110000100010001011011011011101010011010111011000110110110110001
