OptimalFront
unaryHyperVol 402
Optimal front is obtained by exact method
-------------------------
2
2 9
5 8
runNumber 0
genCount 4988
elapsedTime 599.983
unaryHyperVol 137
binaryHyperVol 9.01852
additiveEps 0.62963
entropy 0.380988
archive 0
5
12 22  100 0000111111101100101000100110000001001011100001101001111100100101010111110010010100010100101000000000
8 25  100 0001111100100100111000100110000001001011100001101001111100100100010111110110010100010100101000000000
5 26  100 0010101001101111101100100110000111001000100001101010111001100100010110100011011011010100101000000000
4 30  100 0010101001101110001101100110000011011010100000010100111100100100000110111011110100010100101000010000
2 35  100 0011101100101100101001000000000101101000001101010101101000101000010100110111010100010100101000000000
runNumber 1
genCount 5057
elapsedTime 600.039
unaryHyperVol 96
binaryHyperVol 27.5238
additiveEps 0.952381
entropy 0.509891
archive 1
2
5 28  100 0010111100100011000000110010000001101000101001010111110100000011000110100001010110010100010100101001
3 29  100 1110111100100101100100110110001001011000100000000111110010101011001010100001000110010100010100101000
runNumber 2
genCount 5042
elapsedTime 599.907
unaryHyperVol 111
binaryHyperVol 14.6623
additiveEps 0.904762
entropy 0.468496
archive 2
3
13 26  100 0110100100101111111000110111000000001011011010000100111110101001001111010001111101110100101011110000
4 28  100 0010011101101011111000000101010010111011101101000101011100001001011111100101010101010110101010100000
2 29  100 0010011101101011111000000101010010111011101111000101011101101001001111100101010101010110101010100000
runNumber 3
genCount 4947
elapsedTime 600.047
unaryHyperVol 108
binaryHyperVol 12.4808
additiveEps 0.730769
entropy 0.5994
archive 3
3
8 27  100 0000101101101000101000000111010001001000100001110000110001001010100110110010011000110001101000101001
3 28  100 0000101101101100101000000001100000000001100001110000111111101010100110100010011001000001101000101001
2 34  100 0000101101101000101000000111010001001000100001110000110001101010101010001010111000010101101011001001
runNumber 4
genCount 4997
elapsedTime 599.923
unaryHyperVol 109
binaryHyperVol 14.113
additiveEps 0.826087
entropy 0.472411
archive 4
4
7 27  100 1010101000100011101010110110000010111011111101000000110000101010001110100111010000000000010110010101
6 28  100 1010101000100011101010110110000010111010110101000000110000101010001110100111010000000000010110010101
3 29  100 0010001100100000101000111010001010101001111101000100110001101001001111001101011010000001101010101001
2 31  100 0011101000100011101010110110100111111011111101000100010001101001010111000011111100010111101011111001
runNumber 5
genCount 4911
elapsedTime 599.933
unaryHyperVol 141
binaryHyperVol 15.0469
additiveEps 0.625
entropy 0.478871
archive 5
4
10 23  100 0010101100101111111010110111000010101000010101111011110100000001100111000001011001110000011000101001
7 24  100 0010101100101111111010110110000110101000000101111011110101000001000011000001010000100000011000101001
4 28  100 0010100100101111101100110110010000111000000101110111001001000001000011010001011001100001011011101001
3 32  100 0010101110101111110011110110000011101000010101111101110100101011010111000001011110000001011011101001
runNumber 6
genCount 5179
elapsedTime 599.958
unaryHyperVol 103
binaryHyperVol 14.1449
additiveEps 0.833333
entropy 0.472411
archive 6
4
8 27  100 0010101101101101101100110110100000000010000100100010110000000001111111000010011000110001101000101001
7 28  100 0010101101101101101100110011100011000010000100110010110001000001111111000010011000110000101000101001
5 29  100 0110101001101110001000110010100010011011000101110001110000000011111111000010010100010100101000101001
2 31  100 0110111001101110001000110011100010011011011101001111000010101001110100110010110100010100101000101001
runNumber 7
genCount 5051
elapsedTime 600.069
unaryHyperVol 251
binaryHyperVol 14.1944
additiveEps 0.833333
entropy 0.509891
archive 7
2
4 18  100 0110100100011111001000110101000010111011100011111000010110101001010111100010010000010100101000100000
2 20  100 0110101101101101011000110101000010111011100011111000010110101001010111100010010000010100101000100000
runNumber 8
genCount 5167
elapsedTime 599.946
unaryHyperVol 200
binaryHyperVol 9.71014
additiveEps 0.565217
entropy 0.509891
archive 8
2
3 21  100 0110101101011111101000010101000011000000100001001100110110101001000111110010011011010111101000101010
2 31  100 0110101101101001101001000101100110101001011000110000110110101001001110100001011000010111101000101010
runNumber 9
genCount 5028
elapsedTime 599.967
unaryHyperVol 120
binaryHyperVol 13.9773
additiveEps 0.818182
entropy 0.54796
archive 9
4
10 26  100 1010001100101100001101111110000010011011110101000000110000001001110111100101011011011000011000001001
5 27  100 0010001100101100011101100101000010101010100101000000110100000001110111100001111111011000011000001001
4 28  100 0010001100101111100001100100000010101010000001000000001100000001111111110101010111010100011000001001
2 30  100 1010001100101100001101110110010010111011110101001001010001101001110110000001010111010111101000101001
runNumber 10
genCount 4924
elapsedTime 600.024
unaryHyperVol 128
binaryHyperVol 14.6095
additiveEps 0.857143
entropy 0.5994
archive 10
3
7 26  100 0000101100100111100001110101000011111011110010101000001111000001100100001110000000010100101011101000
3 27  100 0101101100101111100001110101000011111011110011101000001111101010110100110001010000111001101011101001
2 29  100 0101101100101111101100110100010010101011110010100100100111101000100111101110000000010100101011101001
runNumber 11
genCount 4937
elapsedTime 600.027
unaryHyperVol 209
binaryHyperVol 10.9649
additiveEps 0.789474
entropy 0.54796
archive 11
4
5 20  100 0001001111101000101000111010000110001011100011001000111110101001000111100010011001110100101000001001
4 24  100 1101100001011100100100111010000110000000100000001101111110101001000111010010011000110001101000001001
3 25  100 0001001111101000101000111010000110000001100000001000000100101001000111110010011000110001101000001001
2 27  100 1100101000101100101000101010001110000001100101001010011110101001001111101010011001010100101010001001
runNumber 12
genCount 5224
elapsedTime 599.897
unaryHyperVol 130
binaryHyperVol 13.3333
additiveEps 0.782609
entropy 0.509891
archive 12
2
3 26  100 0100100000100111101000100110110010000001100001011000110001101000000111010001101000010100010100011001
2 31  100 0010100000101011101110110110000010001001100011011001010100101000000000110110111011010110101010101001
runNumber 13
genCount 5056
elapsedTime 599.858
unaryHyperVol 126
binaryHyperVol 14.6667
additiveEps 0.952381
entropy 0.509891
archive 13
2
5 26  100 0010011111011100000101011110000100111001100001010011111110101011000111010001011101110100011000101000
2 29  100 0001111111100100100000111110000101011001100010100100111111101001011011110001011000010111101000100000
runNumber 14
genCount 5248
elapsedTime 599.961
unaryHyperVol 176
binaryHyperVol 15.0196
additiveEps 0.882353
entropy 0.509891
archive 14
2
4 23  100 0011101100101110100000110110000011001000010011001000111010101010000100010010011001110000101000001001
2 25  100 0000011100101111101101110001000110111010010011111000111110101010000100010010011001010100101000000000
runNumber 15
genCount 5012
elapsedTime 599.978
unaryHyperVol 118
binaryHyperVol 13.3804
additiveEps 0.782609
entropy 0.472411
archive 15
4
10 26  100 0001101100101011001000111100000010111011001101001001111110101010000111000011110110010101011001000000
8 27  100 0001101100101010101001000000000010111011000111001000111100001011000111000001010100010101011001001001
3 28  100 0001101100100010001000110101010010111011001101001001101111101001100101010001001000010111011001000000
2 31  100 1111011110100000000000001010010011011011100001101000111100101011000011000001011100010101101000101010
runNumber 16
genCount 5052
elapsedTime 599.988
unaryHyperVol 180
binaryHyperVol 16.9333
additiveEps 1
entropy 0
archive 16
1
2 23  100 0110101100101111111001010001010000111011010001001010111110101001000111100000011000010101101001110000
runNumber 17
genCount 4930
elapsedTime 600.024
unaryHyperVol 114
binaryHyperVol 15.4286
additiveEps 0.952381
entropy 0.509891
archive 17
2
5 27  100 1110010000100010110000110111110000010111010101010000110110101001000011100000011000010100101000101000
2 29  100 0110010000100111011001101010000100111000101111110000111010101001010110100001011000010100101000101001
runNumber 18
genCount 5278
elapsedTime 599.993
unaryHyperVol 157
binaryHyperVol 13.6833
additiveEps 0.85
entropy 0.5994
archive 18
3
5 24  100 0101011100100011001000110111010011000011010001001001110110101011110011100011011000011000101000101000
3 26  100 0101011101010110001000110111010011000011010001001001110110101011110111100011011000010100101000111000
2 28  100 1101011100100011111100010011000110001011010001001001110110101011110111100001011001010100101000011000
runNumber 19
genCount 5169
elapsedTime 599.889
unaryHyperVol 150
binaryHyperVol 16.9412
additiveEps 1
entropy 0
archive 19
1
2 25  100 0110100100100101101000110110000001111001101001000000111110101001000111001111001100010111101001110000
runNumber 20
genCount 4992
elapsedTime 599.957
unaryHyperVol 270
binaryHyperVol 16.8889
additiveEps 1
entropy 0
archive 20
1
2 17  100 0010101100101111001000000110000010111011000101000000001110101001000111100010010000010100101000101001
runNumber 21
genCount 4887
elapsedTime 599.987
unaryHyperVol 69
binaryHyperVol 15.625
additiveEps 0.958333
entropy 0.509891
archive 21
2
5 30  100 1101100000100000111000111100000101111010100000101000100100001001101111000001011000010100101000011001
2 32  100 1101100000101110010100111011110000111010010100001000110001101001101011010001011011010111101000010000
runNumber 22
genCount 5016
elapsedTime 599.989
unaryHyperVol 162
binaryHyperVol 26.2917
additiveEps 0.875
entropy 0.5994
archive 22
3
8 22  100 0110101100100001100001110110000010101011100010001000000010010101000101000000010000111000101001001001
7 23  100 1100101111100000100001110110000010101011100010001000000010010101000101000000010000111000101001101001
4 24  100 0110101100100011000001110110000010111011100000011011000000010100001111000000010001111000101011101000
runNumber 23
genCount 4972
elapsedTime 599.957
unaryHyperVol 128
binaryHyperVol 10.8444
additiveEps 0.703704
entropy 0.599401
archive 23
3
7 25  100 0010110011101111101000000110110111000011100000001000100001101001000111000011111100110000101000101001
3 28  100 0011110011101111101000000100010000000000100101001100110101101001000111000010111110110001101000101001
2 35  100 0001111011101111110000000110010000000000100101001100011100101011110111011101111101010111101000111011
runNumber 24
genCount 4979
elapsedTime 599.942
unaryHyperVol 113
binaryHyperVol 12.822
additiveEps 0.75
entropy 0.472411
archive 24
4
13 26  100 0110101100011111011100111001000001001000010101001000010001001011100100010010011000010111101010101000
9 27  100 0110001100011111110000111010000001001000000101001010110000001011100100010010011011010111101000111000
3 28  100 0110101101011110110000111001001100101011011101001000111000101011100101010010011000010111101010101000
2 32  100 0110101001101101110000111010000001111000001101101000110000101011100101010010111000010111101010011011
runNumber 25
genCount 4973
elapsedTime 600.015
unaryHyperVol 147
binaryHyperVol 14.4474
additiveEps 0.947368
entropy 0.509891
archive 25
2
8 24  100 1010001100101011101000110110000010111010100101011010100111101001100111000001010001110110101000100000
2 27  100 1000101010101011101000110110000010111010101101000111001110101000000100100001010110010110101001111000
runNumber 26
genCount 4937
elapsedTime 599.847
unaryHyperVol 138
binaryHyperVol 13.1156
additiveEps 0.857143
entropy 0.5994
archive 26
3
9 24  100 0010101111101111100000110001000010111000100001001101111101100101010101001111010100010110101000110000
5 27  100 0010101111101110100000110001000010111000100001001101111101000100011111001111101010010110101010011000
2 29  100 0010101111100011101110110001000010111000100001000111110011101000110110001110011100010110101000001011
runNumber 27
genCount 5084
elapsedTime 599.943
unaryHyperVol 228
binaryHyperVol 8.47619
additiveEps 0.809524
entropy 0.456486
archive 27
3
5 18  100 0010111100001101000001110110000010111000100000011001011110101001000111100010001000111000101000101000
3 26  100 0000111101101000010001110110000010111000100000011001111101101000100110010110001000111000101000101000
2 29  100 1100011101101000010001110110000010111000100000011001111101101001100111110011001000010100101011000000
runNumber 28
genCount 5072
elapsedTime 599.977
unaryHyperVol 128
binaryHyperVol 14.7182
additiveEps 0.772727
entropy 0.380988
archive 28
5
17 24  100 0010101100001111111101110111100011011001001111001000111110101001001111100001011010010111010100100000
10 25  100 0010111100001111111101110101000100001001001111000000111010101001000111100001011000010011010100101000
5 26  100 0010111111001111110101110111000001111010011101001001100110101001001111100001011000010111010100000000
4 27  100 0000111100001100111100111111000000111010011101001001000110101001001111100001011000010111010100001000
3 30  100 0001101101101101111111110111000001111000010101100101000100101001001111100001011000010111010100001000
runNumber 29
genCount 5059
elapsedTime 600.025
unaryHyperVol 102
binaryHyperVol 14.7826
additiveEps 0.869565
entropy 0.509891
archive 29
2
3 28  100 1111011100101100100000000111100001001010110000101000110010101001000111100010111001010001101000101001
2 31  100 1111111100101101101101011011000110011011000000101000010010101001000111110110011101010101101000101001
