OptimalFront
unaryHyperVol 474
2
8 7  100 1001101001110000001100111001011111000111101110000110101101010000001110101111000001101011101001001110
2 9  100 1001101001110000001100111001011111000111101110000110101101011000001110101100010001010111101001001110
-------------------------
runNumber 0
genCount 5190
elapsedTime 599.912
unaryHyperVol 134
binaryHyperVol 26.7101
additiveEps 0.782609
entropy 0.509891
archive 0
2
6 25  100 1001010101100000100111101101010000110100001100000110010101011100001110101100010001010101101001001110
4 30  100 1001010101000110100100001011110101011001000000101010101101011100001110101000010001010101101001001110
runNumber 1
genCount 5325
elapsedTime 599.974
unaryHyperVol 190
binaryHyperVol 12.5972
additiveEps 0.625
entropy 0.472411
archive 1
4
8 22  100 1001101011110000001100001001001100110101110000000010101100011010101010101111000011010100101001001110
5 23  100 1001101001110000001100001011001101011000100000010100001100111010100010101101000001010111101001001110
4 27  100 1001101011110000000011001101011100010101010000000010101001010100011110101111000111010100100100011110
2 31  100 1001101011111111011100001001001100110101100000000010001001000010110110100100010001010100100101000110
runNumber 2
genCount 5122
elapsedTime 600.025
unaryHyperVol 240
binaryHyperVol 16.25
additiveEps 0.8125
entropy 0.509891
archive 2
2
6 20  100 1100101001110000001000110001001101000111100101110010101101001000001110101100010101010111101001001101
2 23  100 1100101001110000101000110001001101000111100110100010100101011000001110111100010101010111101001001101
runNumber 3
genCount 5505
elapsedTime 599.978
unaryHyperVol 164
binaryHyperVol 13.6267
additiveEps 0.68
entropy 0.380988
archive 3
5
7 24  100 0001011001000000000100011001000100101110011101000110101101011000011110101100011100010100101001001010
5 25  100 0100011001000001000100110001000110111111011100000110101101011000001010101100010101010100101001001111
4 26  100 0000101000010001000100011001000100111111011101000110101101011000011110101100011100010100101001000010
3 28  100 0000011001000001010100111000110000001110000010010110101101011000001010101100010101010100101001001111
2 32  100 0000101000010001010000111000000100101111110110000110101101001000101010100100010101010100101001001011
runNumber 4
genCount 5179
elapsedTime 599.922
unaryHyperVol 197
binaryHyperVol 18.7157
additiveEps 0.941176
entropy 0.509891
archive 4
2
3 23  100 1001101001010000110001111001011111100101101110000110101010011010000000010100010001101011100001011111
2 24  100 1001101001010000010001011001011111100111101110000110101110011010000000010100010001010101100001000001
runNumber 5
genCount 5296
elapsedTime 599.972
unaryHyperVol 180
binaryHyperVol 19.8824
additiveEps 1
entropy 0
archive 5
1
2 24  100 0110101001110000010111001001011101001000111110000110101110011110001110101100010001010101101101001110
runNumber 6
genCount 5403
elapsedTime 599.904
unaryHyperVol 251
binaryHyperVol 18.4405
additiveEps 0.928571
entropy 0.509891
archive 6
2
3 20  100 1010101001110000001100111001010011000111100000000010101101010111001110111100010010010001101001101101
2 21  100 0010101001110000001100110001010011000111100000000110101101010111011110111100010001010100000001001101
runNumber 7
genCount 5307
elapsedTime 600.054
unaryHyperVol 151
binaryHyperVol 18.8611
additiveEps 0.85
entropy 0.5994
archive 7
3
20 24  100 1100101001010000101100111001011111000111101110000110000000111100011100000011101001010001100001001101
4 25  100 1100101001110000001100110100001111001101010110000110110001011100001110000010100001010001101001001101
3 27  100 0011101001010100101100010001011111000111011110000010110001010100011110100010101010010101101001001101
runNumber 8
genCount 5276
elapsedTime 599.945
unaryHyperVol 233
binaryHyperVol 18.5444
additiveEps 0.933333
entropy 0.509891
archive 8
2
3 21  100 1001011001111100010100011011101111000111101010000110101101010100001110001100010001010101101001011101
2 22  100 1001101011001100001100111101001111000111000110000110101100010000001110001100010001010101101001011101
runNumber 9
genCount 5112
elapsedTime 600.021
unaryHyperVol 252
binaryHyperVol 9.73913
additiveEps 0.652174
entropy 0.599401
archive 9
3
6 18  100 1001101000110000110100011001011011000111101101000110100001010001000110101100000001010101101001000010
4 24  100 1001101000110000110000000001011000110111011110100110100001000001001110101100000001010101101001000010
2 30  100 1001101001100011100000000001011000110111011110100110100001001010100000001100010001010100101101110010
runNumber 10
genCount 5161
elapsedTime 599.875
unaryHyperVol 252
binaryHyperVol 19.8462
additiveEps 1
entropy 0
archive 10
1
2 20  100 0101101001110100001011001001111111000111100010000110101101001000001110101100010001010100101010001100
runNumber 11
genCount 5179
elapsedTime 599.903
unaryHyperVol 154
binaryHyperVol 14.9722
additiveEps 0.75
entropy 0.5994
archive 11
3
5 25  100 1011101001110001001100000011011011010111001100100010111101011000001110011100011101010111101000110110
3 26  100 1000010101010000010110000011011111010111101110100010111101010000001110011100011101010110101001001110
2 31  100 1010101011110000000100111001000100111010111010100010111101010000001110000100011111010101101010111110
runNumber 12
genCount 5119
elapsedTime 600.026
unaryHyperVol 153
binaryHyperVol 15.6304
additiveEps 0.782609
entropy 0.5994
archive 12
3
4 25  100 1001101011100000101110111000111111000110100000111110110001010001101110101111000011010100101001111110
3 29  100 0101101001010001101100111010011101000101101010110110100101010001101010001000010100100001000001001101
2 30  100 1111101011100000101100111000011100000101010010100110101101110101001110000000010010010101100000001101
runNumber 13
genCount 5310
elapsedTime 599.942
unaryHyperVol 232
binaryHyperVol 17.3958
additiveEps 0.875
entropy 0.509891
archive 13
2
3 21  100 0011101011110000001101111001011110000111101110000010101101101000001110101100011101010001101000011101
2 23  100 0000101011110000001101111001010100000111101110001110101101101000001110101100011101010101100000011111
runNumber 14
genCount 5268
elapsedTime 599.959
unaryHyperVol 184
binaryHyperVol 22.2895
additiveEps 0.842105
entropy 0.509891
archive 14
2
4 23  100 1011101010010100001100001001011101000111101110000110011110011000010000010001101101100000011001000001
3 26  100 1011101010010100001100001001010101000111101110000110110001011000100000000101101101000001101001000001
runNumber 15
genCount 5383
elapsedTime 599.934
unaryHyperVol 216
binaryHyperVol 19.8667
additiveEps 1
entropy 0
archive 15
1
2 22  100 1001101001010001001100110001011100000111010000110110101101001000001110000000010001010101101011001101
runNumber 16
genCount 5207
elapsedTime 600.053
unaryHyperVol 156
binaryHyperVol 12.6667
additiveEps 0.62963
entropy 0.5994
archive 16
3
5 24  100 1010101001110000101100111000100011110111101010000110101000010000011110100111010011010110000001001101
3 31  100 1010101001110000101100111000100011110111010110111010110001011001010000001000010010010001000000001101
2 34  100 1000101001111100001100110101000111110010111110111110001010110001011110000000010011010100000000001101
runNumber 17
genCount 5254
elapsedTime 599.906
unaryHyperVol 228
binaryHyperVol 17.4375
additiveEps 0.875
entropy 0.509891
archive 17
2
5 21  100 0000101001100000001100111000000011010111101110100010100001001101001110101100000001010111101001001110
2 23  100 1001101001110010001100111001100011010111101110100010000001011010000110000000010001010100101001001100
runNumber 18
genCount 5437
elapsedTime 599.96
unaryHyperVol 232
binaryHyperVol 13.0667
additiveEps 0.666667
entropy 0.5994
archive 18
3
6 20  100 1000101001111100000111111010010000010111101101000110101111111000001110100100010001010100101001001110
4 23  100 1000101001111100000111111001000111100101110101000110101111011000001110100100010001010100101001101100
2 27  100 1000101001111100000110110110010010010111000010000110011110011010001110100100010001010100101001111100
runNumber 19
genCount 5274
elapsedTime 599.999
unaryHyperVol 160
binaryHyperVol 18.8596
additiveEps 0.947368
entropy 0.509891
archive 19
2
4 25  100 0001101001111000001101011001011100010111100110000100111101011000010010101100010100010101000001011101
2 26  100 0001101001111000001101011001001100010111101110001010111101100000000000100100010101010100100001001100
runNumber 20
genCount 5151
elapsedTime 600.002
unaryHyperVol 228
binaryHyperVol 19.9722
additiveEps 0.722222
entropy 0.509891
archive 20
2
5 20  100 1001101001110110000001011011011111000111101110000110101000010110001100110111010001001011101001001110
3 25  100 1001101001110111000001111000010011001111101010000110101001011000011110010100010001001001100011000010
runNumber 21
genCount 5401
elapsedTime 599.994
unaryHyperVol 186
binaryHyperVol 17.7778
additiveEps 0.888889
entropy 0.5994
archive 21
3
11 23  100 0101101001110100001100111100011111010111101110001010001101001000001110100100010100110100101001000100
5 24  100 0100101001110100001100110111011111000110101110000010011111011000000110101100010001110111100000010001
2 25  100 0101101001110100001100111100011111010011001110001010001101001000001110100100010000010101100001000101
runNumber 22
genCount 5230
elapsedTime 599.921
unaryHyperVol 180
binaryHyperVol 19.8824
additiveEps 1
entropy 0
archive 22
1
2 24  100 1010101001110000001100000001010011000001000000110010101101011000000010010000010001010111100001001100
runNumber 23
genCount 5233
elapsedTime 599.979
unaryHyperVol 196
binaryHyperVol 18.7255
additiveEps 0.941176
entropy 0.509891
archive 23
2
4 23  100 1001101010000000111100011001000111110111001101000110001101011001000110010000010001010101101001001101
2 24  100 1000101001010000101100111000011011000011000000110110001111011000000010011100010001010110101001001100
runNumber 24
genCount 5245
elapsedTime 599.985
unaryHyperVol 246
binaryHyperVol 16.1875
additiveEps 0.8125
entropy 0.509891
archive 24
2
4 20  100 1001101001110000001100111001111011000111101110001110101001001100001110011100011101010001101001000111
2 23  100 1001101001110000001100111001111011000111101110000110101000001100011110011000010100010111100101000101
runNumber 25
genCount 5316
elapsedTime 600.017
unaryHyperVol 194
binaryHyperVol 15.05
additiveEps 0.75
entropy 0.472411
archive 25
4
12 22  100 0101101001110101000100111001111111000111011110000110101101000100001100101100010110010101000001001111
11 23  100 1101101010010100001100110001011101000011101110000110101101100000001100001110100100010111000001001010
3 24  100 1001101010010100001100111001111111000111011110000110101101001011011110000010101110010111000010000110
2 27  100 0101101001110000000010001111100111000011101010000110101101111000010000001100011100010111000001000110
runNumber 26
genCount 5369
elapsedTime 599.895
unaryHyperVol 196
binaryHyperVol 18.7255
additiveEps 0.941176
entropy 0.509891
archive 26
2
4 23  100 1001101001110000001100110101001101001001101110101110100000010000001110100100010101110011000001111110
2 24  100 1001101001110000001100111010001111001011100010000110110100110100000000000100010001010111000011111110
runNumber 27
genCount 5338
elapsedTime 600.009
unaryHyperVol 234
binaryHyperVol 19.8571
additiveEps 1
entropy 0
archive 27
1
2 21  100 1101101000110100001100111001010111000111011110010110100001011000001110100100011101010110101011001010
runNumber 28
genCount 5392
elapsedTime 600.004
unaryHyperVol 149
binaryHyperVol 15.6576
additiveEps 0.782609
entropy 0.54796
archive 28
4
10 25  100 1000101001111101001100111101011111010100101110000110101001010100000001010000010010010101000001110011
4 26  100 1001101011011000001100111101111100011111101110100100100001010010001110010011010001100001000011111101
3 27  100 1001101011110000011100011111011010010100101110000110101001010101000000010000010001100001000001000001
2 30  100 1001101000111101001100111100111111010100101010010010100001011010001110010000010001010101000011111011
runNumber 29
genCount 6035
elapsedTime 599.912
unaryHyperVol 215
binaryHyperVol 11.2467
additiveEps 0.56
entropy 0.5994
archive 29
3
4 21  100 1001101001110001001000001011000111110111101101000110101100101000011110101100010000100001100001001101
3 29  100 1001101001111001001000001011000111110111010010010010101100101000011110101100011000100001100101000101
2 32  100 1001101001011111111000001001110011001110100110110010101100000110000110011100010000010101101101001101
