OptimalFront
unaryHyperVol 304
Optimal front is obtained by exact method
-------------------------
3
2 8
4 7
6 6
runNumber 0
genCount 5207
elapsedTime 599.937
unaryHyperVol 100
binaryHyperVol 11.9286
additiveEps 1
entropy 0
archive 0
1
2 27  100 0011101011010000010011101100110001100100001111000111011001011000001010011010001001000101111001110010
runNumber 1
genCount 5333
elapsedTime 599.989
unaryHyperVol 130
binaryHyperVol 11.9167
additiveEps 1
entropy 0
archive 1
1
2 24  100 0011101011010001010011100010000110100100101000010010010001111010101010100110010001101111111000011110
runNumber 2
genCount 5357
elapsedTime 599.985
unaryHyperVol 148
binaryHyperVol 7.78182
additiveEps 0.636364
entropy 0.481574
archive 2
3
7 20  100 0000101000010001100011101110110111001000010111001010000010011010001010010000001101000110000000011001
4 22  100 0000101010010001100011101110100111101000011001001001010001011010001010110000001111000111110010011001
2 28  100 0000101000010011010100011000100010101001010111000010010001011001001010010010011101100111101000010101
runNumber 3
genCount 5204
elapsedTime 599.938
unaryHyperVol 142
binaryHyperVol 8.29091
additiveEps 0.681818
entropy 0.493798
archive 3
5
7 21  100 0000101001100101011001101110000100000100110011010010011001011001001010001010001101000111101000001101
6 22  100 1000101011110001010011111010000101000100111011101010010001111001001010001010001101000110111000111110
4 23  100 1100101001100101001111111010000000010100111011101010110001011001001010001010001101000111111001001110
3 27  100 0000101001100100110111101100100101100001110011000011010001011011011010101010001101000111101000001111
2 28  100 1001101011010001001100111001100000010100110011101010010001111001001010001010001101001111111001011010
runNumber 4
genCount 5121
elapsedTime 600.073
unaryHyperVol 178
binaryHyperVol 6.92857
additiveEps 0.571429
entropy 0.481574
archive 4
3
4 18  100 0000101010100101010011101100000010010100011011101010010101011001001010011010001101001111010100011110
3 21  100 0000101000100100010000100000000110010100010111100010010101011001001010011010001100111011010100011110
2 27  100 1000101000010010110011111100000100010101001011101010010101001001001010011010001101001011000100111100
runNumber 5
genCount 5349
elapsedTime 599.867
unaryHyperVol 140
binaryHyperVol 9.65
additiveEps 0.8
entropy 0.481574
archive 5
3
5 22  100 0001101001010101100001100100110111010100010111001010011010011001001010011010000010000111111011011111
4 24  100 0001101001010101000001100100000011010101011101001010011000011001001010011010000010000111111011011110
2 26  100 1001101001010001000001100100000111010101010111001010011010011001001010011010000011000111001001011010
runNumber 6
genCount 5501
elapsedTime 600.029
unaryHyperVol 159
binaryHyperVol 7.95
additiveEps 0.7
entropy 0.529986
archive 6
4
7 19  100 0000011001100101010100000000110100100100011111001010010001011010001010011010001101101011011000011110
5 22  100 0000011001100101010100000100110000100100011111001010010001001010101010011010001101001111011001011110
3 23  100 0000011001100100010111010111110100100000011111001010010001011010001010011010011101101011011000011110
2 26  100 0001101011010010100110101111101010100100011111001010010001011000101010001010101101101011001001001110
runNumber 7
genCount 5253
elapsedTime 600.005
unaryHyperVol 125
binaryHyperVol 8.25
additiveEps 0.68
entropy 0.481574
archive 7
3
4 23  100 0000101000100101100011101110000000100000011111000100010001011010001010001010111101111101000000010000
3 30  100 1100101000100100100000100110010011101000011111000001100101000001001010001010000001110100011100010001
2 31  100 0001101000010000100101000110010011101010011111000110010001011000101010001010001110111100001001010010
runNumber 8
genCount 5112
elapsedTime 599.912
unaryHyperVol 123
binaryHyperVol 9.82955
additiveEps 0.818182
entropy 0.529986
archive 8
4
5 24  100 0011101000000101010000100100110111010111101001000001010010011001001010011010011101000101011000011000
4 25  100 0011101000100100010001101100010101010111011000000111110011011001001010011010001110000100111101011000
3 26  100 0100101000100100010001101100010101010111011000000111110011011001001010011010001110001100111000010011
2 28  100 0011101000010010100001000100000110010111101001000101010011011001001010001010000011010101001000011000
runNumber 9
genCount 5273
elapsedTime 599.992
unaryHyperVol 176
binaryHyperVol 7.3
additiveEps 0.6
entropy 0.481574
archive 9
3
4 18  100 0011101000100100100001101111000110010100011011000101011111011010100101110110011101001011111100001110
3 24  100 0000101000100100100001101111000110010100001011000101010111000010101010001010011101001011111101001110
2 26  100 0000101010010011110001101111000110010100011001000100011011011010101010010110010001001111100100011110
runNumber 10
genCount 5319
elapsedTime 600.054
unaryHyperVol 102
binaryHyperVol 16.1452
additiveEps 0.580645
entropy 0.449615
archive 10
3
6 24  100 0101000000010001011111001101000000010100010000001010010101011001000010010010001101000110111000011010
4 25  100 0101000000010001011111010001000000010100010000001010010101011001000010010010001101000110111000011010
3 37  100 1001011011010011010111110101000000100011110110101011010101011001011010110010001001000111000111011010
runNumber 11
genCount 5113
elapsedTime 599.872
unaryHyperVol 208
binaryHyperVol 9.91667
additiveEps 0.833333
entropy 0.49717
archive 11
2
3 16  100 0000101010100100100011101110000010100100011010001010010001001010001010011010001101110111111100111110
2 18  100 0000101001010000100011101110000010100100011010001010010001001010101010011010001101110111011000011110
runNumber 12
genCount 5330
elapsedTime 599.997
unaryHyperVol 107
binaryHyperVol 9.94348
additiveEps 0.826087
entropy 0.449615
archive 12
3
12 25  100 0011101000100101011100111001001010100100011001101010010001000001001010010000001001100010001001101100
3 26  100 0011101000010001000100101101101010101110010100000001010001011001001010010000001001100101001000111101
2 29  100 0011101010010001000101001100001010100000011110001010010011001000001010010110000001100111001001111001
runNumber 13
genCount 5329
elapsedTime 599.937
unaryHyperVol 104
binaryHyperVol 10.9167
additiveEps 0.904762
entropy 0.49717
archive 13
2
10 25  100 1111000000010001010000100111110110100001000111001011010001101000001010011010001101001011000100110110
2 27  100 1111101011010000000000100001110110100000010111001001000000101010001010011010000001100111000100110110
runNumber 14
genCount 5336
elapsedTime 599.949
unaryHyperVol 129
binaryHyperVol 8.00725
additiveEps 0.73913
entropy 0.431679
archive 14
4
8 21  100 0011101000100101010100001010000100010100011001010010010001011000000010001010001101000111011010110111
4 25  100 0111101000010001000100011100110101000000011001000010110101111000001010011010000101000111000000011010
3 28  100 0100010101000100010100000000000000010101011001010010110001111010001010001010001101000111000000011010
2 29  100 1111101000010001010101000000000100100000011001010010110001111010001010001010001101111100111000110000
runNumber 15
genCount 5341
elapsedTime 600.055
unaryHyperVol 158
binaryHyperVol 9.97059
additiveEps 0.882353
entropy 0.49717
archive 15
2
6 20  100 1111101000010001010000101110100101010101011011000010100001011011110101001110111101110111111000010110
2 23  100 1111101000010001010000101110100101010101011011000010100101011010111010001110111101110111111000010111
runNumber 16
genCount 5326
elapsedTime 599.939
unaryHyperVol 90
binaryHyperVol 9.32051
additiveEps 0.769231
entropy 0.449615
archive 16
3
8 26  100 0000101000010000000011111110000100101010011011001101010000011000110010011010010001010110111000011101
4 28  100 0111000000010001101011011110000101101011011011000100000000111010111010111110010101000011111001101110
2 32  100 1000101000010001101011011110000101101011011011100001011000111011111010000110001100000100100010001110
runNumber 17
genCount 5215
elapsedTime 599.976
unaryHyperVol 91
binaryHyperVol 7.82581
additiveEps 0.645161
entropy 0.449615
archive 17
3
7 26  100 1000010100010001100011101110101101010100010011001010111101011011001010000100111101110101000000000010
3 28  100 0000101000010001101011011111100001010100011011001011011000111010001010100000111101010111000011100010
2 37  100 1000101000010001101011011101101101010100111011101111011101111001001010100010111011101101110001001001
runNumber 18
genCount 5281
elapsedTime 599.951
unaryHyperVol 169
binaryHyperVol 10.437
additiveEps 0.866667
entropy 0.481574
archive 18
3
11 19  100 0000101000010001100011101010000110100101000111001010010001011011000101111010000000000111111100010011
4 20  100 0000101000010100000000101001110110100100010111001010010001011011000010010010011101000110101000010010
2 21  100 0001101011010001100011100000000110100100010111001010010001011000101010011010010101000110110000011010
runNumber 19
genCount 5243
elapsedTime 599.945
unaryHyperVol 122
binaryHyperVol 16.4571
additiveEps 0.8
entropy 0.529986
archive 19
4
7 22  100 0000011000100101010100100110000100100100011111001110100101111001001010011010001101000101010010011111
6 24  100 0000011000100100010100100100000000000100011011101001010111011001101010011010000101000111010010011111
4 25  100 0000011000100100010100100100000000000100011011010101010111011000101010011010000101000111010010011111
3 27  100 0000011000100100010100100111000100100100010111001101100011111001101010001010000101000111010010011111
runNumber 20
genCount 5218
elapsedTime 600.027
unaryHyperVol 74
binaryHyperVol 9.18966
additiveEps 0.758621
entropy 0.481574
archive 20
3
6 28  100 0000011010100101001111001110111010101000001001101000000101000000001010001010000101000111011000001110
4 29  100 0011010101100100010100101110110100100100000000101001000101001001011010001010010111000111110000001101
2 35  100 1100101001010011011111000000111010100100001100001001000101011001011010011010000111100011011000001111
runNumber 21
genCount 5154
elapsedTime 599.992
unaryHyperVol 132
binaryHyperVol 7.59167
additiveEps 0.625
entropy 0.447913
archive 21
4
12 21  100 0000101000100101000101100100000101000100010111010111110000011010011010011010001101000111001000010010
8 22  100 0000101000100101000101100100000101000100010111010011110100011010111010011010001101000111001000010010
3 24  100 0000101000100100010001100110000101101111011100010001010001011010111010011010111101001111001000010010
2 30  100 0001101010010011010011010100011010100111010100000001110001011010111010010010101001000111011000010010
runNumber 22
genCount 5300
elapsedTime 599.922
unaryHyperVol 156
binaryHyperVol 7.08333
additiveEps 0.583333
entropy 0.449615
archive 22
3
5 20  100 0000101000100101011011101101000001001100011111000111110001011010001010011010101101111011111000011110
3 22  100 0000101000010100101100101100000100100100001001000100010001011001001010011010001101110101000100011101
2 30  100 1000101001010010011001101100000100100101101000000100010001011001011010011010001101110010111000000001
runNumber 23
genCount 5346
elapsedTime 599.958
unaryHyperVol 124
binaryHyperVol 8.94203
additiveEps 0.73913
entropy 0.449615
archive 23
3
8 23  100 0011101001100100101000000011111111000101010111001000000110011010000000011110001101000100111010011110
4 24  100 0011101001110100101000001011000011010101010111011001010010011010000010011110001101000100111110011110
2 29  100 1000101011010010111000101101000111101100000101001001010000011000111010011110001100000100110110011110
runNumber 24
genCount 5197
elapsedTime 599.943
unaryHyperVol 118
binaryHyperVol 9.80952
additiveEps 0.809524
entropy 0.481574
archive 24
3
10 23  100 1111101001110010100000010101001010100101010011000010010001001010101010011110001101000100111000010010
5 25  100 1111101000110010100011010101001010100101011011000110010001000000111010011010001101000000111000001101
2 27  100 1111101011010010010011010101000011100101010011000110010001001010101010010110001111000100111000011101
runNumber 25
genCount 5147
elapsedTime 600.021
unaryHyperVol 129
binaryHyperVol 8.92391
additiveEps 0.73913
entropy 0.529986
archive 25
4
6 23  100 0011101000000101010001101111000101001100011100010101010001101010101010101010111101011011111000011100
4 24  100 0011101001100101010111000110000000010101011011010001010001000010101010111010001101001011111000011111
3 26  100 0000101001010100100010010011000101010100010011100001000101011001101010111010001101000111101000001110
2 29  100 1000101001010000100010010010001000100011100001100001010001001010001010111010001101001011111000001110
runNumber 26
genCount 5304
elapsedTime 599.94
unaryHyperVol 100
binaryHyperVol 7.92857
additiveEps 0.75
entropy 0.449615
archive 26
3
6 24  100 0011011000100100001111001100110001010100011011001001000010011010111010111010110010001011111000011110
4 29  100 1111011001010000101101000010000001010111001011001011000010011010111010111010001110010100011100011110
2 34  100 0011101001010000101101000010000001010100011111100100110110111001001010111010110010000000010100010010
runNumber 27
genCount 5191
elapsedTime 600.054
unaryHyperVol 184
binaryHyperVol 8
additiveEps 0.666667
entropy 0.49717
archive 27
2
3 18  100 1100101000100100010100001101000100100101011001101010011001011010001010011010001101000111111000011110
2 24  100 1100101000010001010001001101110100100000010100111110111001011010001010011010000101000111111000011110
runNumber 28
genCount 5275
elapsedTime 599.985
unaryHyperVol 156
binaryHyperVol 10.5588
additiveEps 0.882353
entropy 0.49717
archive 28
2
4 21  100 0011101000010100100111011110100111010100011011001111011101001010000010101010000001000111110001011110
2 23  100 0011101000010011110011011110100111010100101011000111010101011010011010101010000001000111110001011110
runNumber 29
genCount 7086
elapsedTime 599.903
unaryHyperVol 187
binaryHyperVol 10.2321
additiveEps 0.857143
entropy 0.449615
archive 29
3
4 18  100 0001101010010010100000101110000110010100011111001010011001011010000010010000000101000101000111011110
3 19  100 0001101001010010100000101110000110010100011111001010011001011010001010010000000111000101000111011110
2 20  100 0000101010010010100000101110000110010100011111001010011000011010001010001010001101000101000111010110
