OptimalFront
unaryHyperVol 292
3
5 6  100 1010011100001010011101011011101110101000010010000000101101111101101000000111000100101000100100001001
4 7  100 1010011100001010011101011011101110101000011010000000101101111101101000000111000100101000100100001001
2 8  100 1010011100001010011101011011101110101000011010000000101101111101101000000100010100101000100111001001
-------------------------
runNumber 0
genCount 5394
elapsedTime 599.93
unaryHyperVol 52
binaryHyperVol 11.8889
additiveEps 0.916667
entropy 0.449615
archive 0
3
4 28  100 0010001100010110101101110000101101011000011010000001010101111101010011001100010100010101100110001011
3 29  100 0110001000010110001101010100100100111000001010000011101101111101110101000101101001111101101111001001
2 30  100 0010001000110110011101011011010000111001011010000011010100111110010101000100011000010101101111001001
runNumber 1
genCount 5292
elapsedTime 599.951
unaryHyperVol 44
binaryHyperVol 12.9275
additiveEps 1
entropy 0
archive 1
1
2 29  100 0000000000100000010001011100110001111000111010000100101101011111001000111000011100101000100101001001
runNumber 2
genCount 5396
elapsedTime 599.954
unaryHyperVol 65
binaryHyperVol 10.7562
additiveEps 0.818182
entropy 0.529986
archive 2
4
13 24  100 0000011111001010001111010111101101110001101010010011001101110101101001000100010100101000100111110000
9 26  100 0000000111001010000101011011000000110001101010010000010101110101101001010100010100101000100111111001
7 27  100 0000010011001010011100011011000100110000101010010011010000110111101001000100010100101000100101111000
2 28  100 0010110111000010000111010001111101011010011010110010001101011101101001000100010100101000100111111001
runNumber 3
genCount 5388
elapsedTime 599.949
unaryHyperVol 142
binaryHyperVol 9.89062
additiveEps 0.75
entropy 0.481574
archive 3
3
10 18  100 1010010000010110011111011011101100101000011010001101101100111101000000010101000100001000100101001001
7 19  100 1010010000010110011111011011101100101001011010001100101101001101000000010001000100001000100101001001
2 22  100 1010010000010110011111011011101100101000011010011101101100111101001000000000010100001010100101001001
runNumber 4
genCount 5378
elapsedTime 600.094
unaryHyperVol 93
binaryHyperVol 9.30833
additiveEps 0.708333
entropy 0.481574
archive 4
3
7 23  100 0000111110001000010100101111110000100100011010000000101101111111101010000100010100010010000011001001
4 24  100 0010010100110110011001100111100111100100011010000000100100101101101010000100010100010010000011001001
2 30  100 0110010100001000010101000111110101111001011010110001010100001110001000000100010100011000000011001000
runNumber 5
genCount 5357
elapsedTime 599.915
unaryHyperVol 125
binaryHyperVol 9.10526
additiveEps 0.789474
entropy 0.431679
archive 5
4
8 19  100 0000010100000001011110011011101111011000010010000000100010111101001000000111010010111000100110001001
5 23  100 0000110000000000011110011011101110011000010010000010100010111101011000010101101100001001100101101001
4 24  100 0000010000000000011110011011101110011000001010001000110000111101101000010101101100001011100101101001
2 25  100 0000111000000001011100011011101110111000011010000110001101111101111000100000011111000010100111001001
runNumber 6
genCount 5272
elapsedTime 600.041
unaryHyperVol 107
binaryHyperVol 12.2407
additiveEps 0.944444
entropy 0.49717
archive 6
2
5 23  100 1010010000001000101101111011011101101000010000010010101001010101101001110100010100011011100101001001
2 24  100 1010011111110001011101111011011101111000101010000010100001111101101000110100010111100010100101001001
runNumber 7
genCount 5267
elapsedTime 599.948
unaryHyperVol 84
binaryHyperVol 10.3188
additiveEps 0.913043
entropy 0.49717
archive 7
2
5 24  100 0010111100001010101001011011101110101000001010001101001001110101101011000111000110011111010100011010
2 29  100 1110111100100000001100010011101110101000001010000101101100111101100101110100010000111111100001001010
runNumber 8
genCount 5175
elapsedTime 599.934
unaryHyperVol 96
binaryHyperVol 10.0635
additiveEps 0.857143
entropy 0.481574
archive 8
3
8 22  100 1010011100010110011101011011000001111000011010110001100001011101101010000111010100101101000011001000
3 26  100 1010011101010110010101011010110100101000011010110001100001111101101001111111101001111000101111001000
2 27  100 1010011100001011111110000101100000101000011010001100000001111001101000110000010100010110101111001000
runNumber 9
genCount 5335
elapsedTime 599.968
unaryHyperVol 108
binaryHyperVol 12.2222
additiveEps 0.944444
entropy 0.49717
archive 9
2
4 23  100 0000011111110000011111011101101010101001111010000000101000111101101010001111101100101000100111111001
2 24  100 0000010111110100011111010111101110101000011010010000001000011110101000000000010100101000100111101011
runNumber 10
genCount 5243
elapsedTime 599.961
unaryHyperVol 106
binaryHyperVol 10.5079
additiveEps 0.809524
entropy 0.49717
archive 10
2
3 23  100 0000011110010100011101011010100100101000001010000100101100111100101011000011100000001010100111001001
2 27  100 0000010100010100011101011011101010101011001010000100101101101100101010100100010000111111101010001011
runNumber 11
genCount 5520
elapsedTime 599.919
unaryHyperVol 184
binaryHyperVol 11.7576
additiveEps 0.909091
entropy 0.49717
archive 11
2
5 16  100 1010011100001010111100011011101101101000010000000001001101111101101000000100010100000000100100111001
2 17  100 1010011100001010111100011011101101101000011010001100001101111101101000000100010100000000100100111001
runNumber 12
genCount 5253
elapsedTime 600.032
unaryHyperVol 118
binaryHyperVol 16.3452
additiveEps 0.857143
entropy 0.481574
archive 12
3
6 19  100 0000011100010110001101101011100100110100011010001000101111111101010000110111100100011011100111001000
4 26  100 0000010100010110001111101011100100110100011010001000101111111111110101011011100100011011100111011000
3 27  100 0000010100010110001111001000100101101000001010001000101111111111110101011011100100011011100111001010
runNumber 13
genCount 5250
elapsedTime 599.941
unaryHyperVol 88
binaryHyperVol 12.9123
additiveEps 1
entropy 0
archive 13
1
2 25  100 0010011100010100001101011011100110011010011010110001101101111100011010000000010100111100100111011001
runNumber 14
genCount 5221
elapsedTime 599.946
unaryHyperVol 105
binaryHyperVol 10.5375
additiveEps 0.9
entropy 0.49717
archive 14
2
6 22  100 0010011100011000101101111000100001101000010101000101011101111101001000000100010100111100100111001001
2 26  100 1010010111100001111101011000100001101000011010000001111100011101001000000000010100011100100101001001
runNumber 15
genCount 5213
elapsedTime 599.983
unaryHyperVol 103
binaryHyperVol 10.5476
additiveEps 0.809524
entropy 0.449615
archive 15
3
6 23  100 1110011010010110011101001011001110101000011010000001001101101010101000000111001100100100101100101001
3 24  100 1110011010010110011101001011001110101000011010000001001101101010101000000111101100100100101100101001
2 27  100 1010011101001010010110000011011110101000011010000001001101111110000101110100011011111100101011101000
runNumber 16
genCount 5320
elapsedTime 599.96
unaryHyperVol 93
binaryHyperVol 11.1587
additiveEps 0.857143
entropy 0.49717
archive 16
2
4 24  100 1010001000100001011101011111101010101001011010000001101101111101011000110011010101001011000011001011
2 27  100 1010001000100001011101011111101010101011011010000001101000011001011011000100010100001011000011001011
runNumber 17
genCount 5248
elapsedTime 599.959
unaryHyperVol 109
binaryHyperVol 9.56061
additiveEps 0.727273
entropy 0.49717
archive 17
2
4 22  100 0010011110101110011101011011101111001000111010000000100101001100011011001111000100101101100100001001
2 28  100 1110001100011100001111101010101111001000111010000000101101001101001001001100010110101111100101001001
runNumber 18
genCount 5369
elapsedTime 599.987
unaryHyperVol 195
binaryHyperVol 7.13333
additiveEps 0.666667
entropy 0.49717
archive 18
2
4 14  100 0000011101110111001101011011101110101000011010000000111101111110101000000111000100101000100100001001
2 21  100 0000011011110111001101011011101110101000011010000000111100111110101000111000010100101000100100001011
runNumber 19
genCount 5568
elapsedTime 599.941
unaryHyperVol 41
binaryHyperVol 10.2346
additiveEps 0.777778
entropy 0.506429
archive 19
4
8 27  100 0000010000010100011101010111110011011000010000011111100101010000101000110111011101101000101111001000
6 28  100 0000010000010100011101010111111011011000000000011111100101010000101000110111010100001001101111001000
5 32  100 0000101101100100001110010111000110011000000000110001011000111100001000110100011000101011101110101001
2 33  100 0000111101111101011101010101110100111000011010110100110000011100101000010100011011000101100111101001
runNumber 20
genCount 5224
elapsedTime 599.985
unaryHyperVol 184
binaryHyperVol 7.5
additiveEps 0.666667
entropy 0.49717
archive 20
2
4 15  100 1110111100001011011101000001101110101000010000000000101101111101101000000100010100001001100111001001
2 22  100 1010101100001011011101000101101010101011111010110010010101111101101000000100010100101011100111011001
runNumber 21
genCount 5174
elapsedTime 600.04
unaryHyperVol 94
binaryHyperVol 9.76812
additiveEps 0.826087
entropy 0.449615
archive 21
3
5 23  100 1010011101000011101101010011011100111001010010001100111111111101101000000100011100010100101011001001
4 27  100 1010100101111111101101010001011100111001010010001100111111111101101000000100011100010100000011001001
2 29  100 1010001101110110000111010001100000001000011010001100111111111101101000000100011001000111000011001001
runNumber 22
genCount 5227
elapsedTime 599.897
unaryHyperVol 76
binaryHyperVol 11.2803
additiveEps 0.863636
entropy 0.481574
archive 22
3
8 25  100 1001111100001010001101110011000111011000001010010001101110111000000000011001000100001000100101001001
5 26  100 1001001100001010001101001111000111011001001010010101101101111100000001001000000101001000100100001001
2 28  100 0000011100001010001101011011000001011000001010010101100010110100001000011100010101001001100101001001
runNumber 23
genCount 5247
elapsedTime 600.012
unaryHyperVol 159
binaryHyperVol 11.1667
additiveEps 0.857143
entropy 0.49717
archive 23
2
5 18  100 1010011100001011010001010011011110101000010010000000100001101101001010110100010100011100100111001001
2 20  100 1010011100001011010001011111100100101000001010000000000001101101001000110100010100101011100111001001
runNumber 24
genCount 5437
elapsedTime 599.986
unaryHyperVol 150
binaryHyperVol 23.5278
additiveEps 1
entropy 0
archive 24
1
3 18  100 0110011100010110011101111011101110101000011010000100101111111100101000000101101101101000100111101001
runNumber 25
genCount 5306
elapsedTime 600.012
unaryHyperVol 176
binaryHyperVol 12.8485
additiveEps 1
entropy 0
archive 25
1
2 17  100 1010010100000110101101011011101110000000011010100000111101110101111000000100010100101000100111111001
runNumber 26
genCount 5271
elapsedTime 599.944
unaryHyperVol 89
binaryHyperVol 10.7121
additiveEps 0.818182
entropy 0.481574
archive 26
3
5 24  100 0010011100001110011101101011101101110100010000100011110100011100000101011100010100101000101111001000
4 26  100 0000010110101010101101100111100001110100000010010011110001011100010101011100010100101000100111001001
2 28  100 0000010100001010101100101001101000111001101010111000100010100101100101010000010000101000100111001001
runNumber 27
genCount 5302
elapsedTime 599.89
unaryHyperVol 148
binaryHyperVol 10.5833
additiveEps 0.8125
entropy 0.49717
archive 27
2
4 19  100 1010011100001010011101011011100001101010000000100101100101011100101000000100010110100000100111001001
2 22  100 1010100100001010011101011111100001001000001010101100110101111100101000000100010110001000100111001001
runNumber 28
genCount 5198
elapsedTime 600.027
unaryHyperVol 81
binaryHyperVol 12.3643
additiveEps 0.95
entropy 0.49717
archive 28
2
9 25  100 0000011100110101011101010101001101101000010000000011110101110111011000000010100100100111100110001011
2 26  100 0000011100110101011101011010100010101000111010000011110011111110011000011100010100110100100100001011
runNumber 29
genCount 7511
elapsedTime 599.969
unaryHyperVol 151
binaryHyperVol 8.36842
additiveEps 0.666667
entropy 0.49717
archive 29
2
4 18  100 1010011100111010011111011011011010101000011010000001101101001101010011001101000100111100100100001001
2 25  100 0000001000111010001101011011101110101000001010000101101111001101011001010100010000111100100101001000
