OptimalFront
unaryHyperVol 394
Optimal front is obtained by exact method
-------------------------
2
2 6
4 5
runNumber 0
genCount 5271
elapsedTime 599.916
unaryHyperVol 218
binaryHyperVol 12.3056
additiveEps 0.875
entropy 0.468496
archive 0
3
11 19  100 0111010110010011010111011000111100101101100001101101111111100101011010011110010011011111101111110110
3 20  100 1011010110010011010111011001000010101101100010101110110011111011011010000110010111011111111111111110
2 21  100 0111101001010011000111010101001010101101100010101110110011111001011010010110010011011111111111110110
runNumber 1
genCount 5236
elapsedTime 599.967
unaryHyperVol 167
binaryHyperVol 11.0273
additiveEps 0.954545
entropy 0.509891
archive 1
2
7 22  100 0111101001010011100111010100110000011101010001000101110101011010011010001110100011011100001011110110
2 27  100 0111101010010001000011000001100011010101001111000101110101101011111010001110110011011111001100010110
runNumber 2
genCount 5229
elapsedTime 599.984
unaryHyperVol 160
binaryHyperVol 33.641
additiveEps 0.961538
entropy 0.509891
archive 2
2
5 21  100 0100010110010000000010011101000000100001011101101101111000000111110101000010100010010100111111110010
4 31  100 1100010110010001000001110100000010100001011100001101110000000000110101010010100111110110001011111001
runNumber 3
genCount 5331
elapsedTime 600.024
unaryHyperVol 147
binaryHyperVol 12.2754
additiveEps 0.956522
entropy 0.509891
archive 3
2
5 25  100 0000101010000100000100010001000001001101000000010001010011000111001010001110010011011111111001010110
2 28  100 0000101010010011010110110001000011101000001111000001000111000001001010001010010001011001111011110110
runNumber 4
genCount 5291
elapsedTime 599.94
unaryHyperVol 193
binaryHyperVol 10.675
additiveEps 0.833333
entropy 0.478871
archive 4
4
8 20  100 0111101010010111011111000001110000100101011111011101110111111001011010101110100011111100111011110111
7 22  100 0011101011010111010111100001010000101101011000001101110110111001011010101110100011011100110011110001
3 24  100 0000101001000100011110100001010000101101011000001101110110111001011010101110100011011100111011110101
2 25  100 1011101011010011010111100001010000101101011000001101110110111001011010101110100011011000001111111001
runNumber 5
genCount 5440
elapsedTime 599.953
unaryHyperVol 175
binaryHyperVol 31.7222
additiveEps 0.944444
entropy 0.509891
archive 5
2
4 22  100 0011010111010101010111100001000010101001000001010011001001101000001010001110010010011100011010110110
3 23  100 0100010111010000010111100110000010101101000011010001001001111011011010000110010010011100011010110111
runNumber 6
genCount 5512
elapsedTime 599.981
unaryHyperVol 195
binaryHyperVol 10.1508
additiveEps 0.761905
entropy 0.54796
archive 6
4
8 20  100 0100011001010100000101101011000100001101000010101001110100001001001010000110010010011100100011110110
5 22  100 0100011001010101000111101001000000001101110100110001000111000001011010001110010011110000100011111010
4 23  100 1111101010010011000111101001000000001101110101100101110110000001011010001110010011110011010110111011
2 26  100 0000101010010001110001101001000000010101000111101001110101001001011010001110010010001100010110100001
runNumber 7
genCount 5296
elapsedTime 599.956
unaryHyperVol 196
binaryHyperVol 10.575
additiveEps 0.8
entropy 0.380988
archive 7
5
14 20  100 1111011000010101010111000101000001000001000000101101110101111001011010001110110010011100101001001101
6 21  100 1000010100000100010111100001000001000001011101101100110111111001101010001110101010011100101001001110
4 22  100 1111010100010101010111001001000000100001000000101001011001111011011010001110110010001100101011000101
3 23  100 1000010100000100010111100001000100100001011101101100110111111001101010001110101010011100101001001110
2 25  100 1111101000010011010111000001000100100011001001101100110111111001101010001110101010011000101000001010
runNumber 8
genCount 5487
elapsedTime 600.036
unaryHyperVol 213
binaryHyperVol 11.6944
additiveEps 0.833333
entropy 0.509891
archive 8
2
3 20  100 0100101001010100011010001001001001101101001001110001110101000001011010001110100010011100111011110010
2 23  100 1111101010010011001110000101000011100001110110101000110101000001011010001110100011011100111011110001
runNumber 9
genCount 5291
elapsedTime 599.903
unaryHyperVol 212
binaryHyperVol 9.5
additiveEps 0.714286
entropy 0.472411
archive 9
4
6 19  100 0000101010000100010011100101000001000101000001011101110111101000011010011110100010101100011011110101
4 21  100 0101101010010101011011100101000001101101000001011111100011001001001010001110100010011101000111110100
3 24  100 1100101011010100110111101101100001100001000011001111110011111001001010001110100011011100110111110011
2 26  100 1100101010010001010011101011000100100101000001011101110011001010001010101110100110011100011000010000
runNumber 10
genCount 5200
elapsedTime 600.008
unaryHyperVol 99
binaryHyperVol 9.05387
additiveEps 0.727273
entropy 0.380988
archive 10
5
11 26  100 0000101010010101010011010011110000001101000101010001110100011011101010110110101010011100011000111110
5 29  100 0100101001110001010100000111110101001101000011010011100100111011011010001110100000001110111011111110
4 30  100 0000101001010100010010000011110100001101000101010101110100011001101010010110100001000101111010111110
3 37  100 0000101001010100010010111101100101010111010000111001101100011011101010010110100000010010001110111110
2 38  100 1111101001010001011010111001111000100110110101010001110000101000101010110110101010000011010010111100
runNumber 11
genCount 5319
elapsedTime 599.915
unaryHyperVol 166
binaryHyperVol 13.3
additiveEps 0.95
entropy 0.509891
archive 11
2
4 24  100 0101101001010010000111100001100001100001001101011111110011111001111010000000110010011101110011110110
2 25  100 1111101001010010000111100001100001100101010011001101110111000001101010000010100100110101111011110110
runNumber 12
genCount 5359
elapsedTime 600.032
unaryHyperVol 228
binaryHyperVol 13.9286
additiveEps 1
entropy 0
archive 12
1
2 19  100 0110101001010011000011100101000010100100000001101101110101111001001010111110000011001100001011110111
runNumber 13
genCount 5194
elapsedTime 599.992
unaryHyperVol 237
binaryHyperVol 11.4062
additiveEps 0.8125
entropy 0.509891
archive 13
2
3 18  100 0111011010010011010111100101000010100101010001001101110101111001011010001110001101011100001010100110
2 21  100 1101101010010011010111100101000010100101010001001101110101111001011010001110001101011100001010100110
runNumber 14
genCount 5445
elapsedTime 599.982
unaryHyperVol 204
binaryHyperVol 29.0263
additiveEps 0.947368
entropy 0.509891
archive 14
2
4 19  100 0011010111110100010111101001000010101111100001101001110110111000001010001110010010011100111111000100
3 24  100 0000010111110100010111010001000101101100000001100001110100111001001010000110010010011000111111100100
runNumber 15
genCount 5363
elapsedTime 599.841
unaryHyperVol 180
binaryHyperVol 13.9444
additiveEps 1
entropy 0
archive 15
1
2 23  100 0111101001010011000111000111110110101101001101010011110011111001011010001110001110011100111100000110
runNumber 16
genCount 5569
elapsedTime 599.977
unaryHyperVol 180
binaryHyperVol 10.4928
additiveEps 0.826087
entropy 0.599401
archive 16
3
5 22  100 1100101010010101010110001001000001001101000001011001110110111001001010111110100110011110101011100101
3 25  100 0000101010010100000010001011000010010101000001101001110100101000001010001010010101010100101011010101
2 28  100 0000101010010001010000000101001101101101001001101001110110111001001010111010100000000010111111010101
runNumber 17
genCount 5195
elapsedTime 600.078
unaryHyperVol 191
binaryHyperVol 13.1944
additiveEps 0.944444
entropy 0.509891
archive 17
2
3 22  100 0100101000010100010011100001000001101100001110011110110101011001101010001110100010011110111011011010
2 23  100 1111101000010000000011100001000001101100001110011110110101001011011010001110100010011110110011001110
runNumber 18
genCount 5383
elapsedTime 599.917
unaryHyperVol 149
binaryHyperVol 29.0761
additiveEps 0.913043
entropy 0.599401
archive 18
3
6 22  100 0000010100010001001110000001000010100001000001101101100000000001110101001110100011011100111000111000
5 27  100 0100010100010001001101110110111000100001111101100101111000001001110101001110100011010100111000110100
4 28  100 0000010100010101000110100101000010100010010001101101000000001001000101011110100000110110111100011101
runNumber 19
genCount 5345
elapsedTime 599.996
unaryHyperVol 164
binaryHyperVol 10.16
additiveEps 0.72
entropy 0.472411
archive 19
4
9 23  100 0100101011000101010011110101000000001101000000010001110111111001001010000110010110011100110010100010
4 24  100 0000101000010001000111101100110001001101000000010001110111101001011010001110011010011100110110111000
3 27  100 0000101010010100000110111100001100100001000000010001110111111001001010001110010010010100110000001011
2 30  100 1100101010010001100000100101111110101101001011101111110110111010001010000010110101000100111000011011
runNumber 20
genCount 5449
elapsedTime 599.919
unaryHyperVol 168
binaryHyperVol 28.3
additiveEps 0.96
entropy 0.509891
archive 20
2
4 22  100 0011010101010100010111100001001010100101011111010101110101111001001010101010100010011101111001110110
3 30  100 1000011010010100010100110101111011100101011100111101100101011001101010101110100010011100100011001101
runNumber 21
genCount 5284
elapsedTime 600.004
unaryHyperVol 172
binaryHyperVol 9.80769
additiveEps 0.692308
entropy 0.509891
archive 21
2
3 23  100 0100101010010100000000100001000010101000011101101001110111111010011010111010101010011110010101111110
2 31  100 0111101010010010110111000011110111101110000011101110100111111011111010001110101000101001110010010000
runNumber 22
genCount 5317
elapsedTime 599.945
unaryHyperVol 173
binaryHyperVol 10.9286
additiveEps 0.772727
entropy 0.5994
archive 22
3
9 22  100 0111101000010111110111101011001110100101001001101101110111011000011010000101110000011111110100110010
5 23  100 0111101000010111110111101011001110100101001001101101110111011000011010000001110110011111110100100010
2 27  100 0111101011010001110110001011001110100101001001100111110111011000011010001110110001010100011100000110
runNumber 23
genCount 5262
elapsedTime 599.911
unaryHyperVol 205
binaryHyperVol 10.65
additiveEps 0.85
entropy 0.5994
archive 23
3
5 20  100 0000011010010100000011110101000010101000000001001111111011101001001010000110100110011100101001110110
3 23  100 1100101010010100000011110101000010101001000001011111110111011011111010000010101110011101101111000101
2 25  100 1100101010010000000011110101000010101001000001011111110111011001001010010110001110010101101111000110
runNumber 24
genCount 5405
elapsedTime 600.036
unaryHyperVol 177
binaryHyperVol 8.39918
additiveEps 0.666667
entropy 0.599401
archive 24
3
11 21  100 0100010110110100000101100100110000001101000001100111111110111000011010010010100010011100110110110100
3 23  100 0100101001010100100011010101110000101001000111101100110111111000011010010010100010011100011111110101
2 32  100 1110101001010001010011010101110000101000000111101100110110111010011010000010101111010010001101100101
runNumber 25
genCount 5291
elapsedTime 599.985
unaryHyperVol 225
binaryHyperVol 11.5588
additiveEps 0.823529
entropy 0.509891
archive 25
2
3 19  100 0000011001010011010111000100110000101101001010101101110111111001001010001110100010011100111011111110
2 22  100 1011101001010011001011000101100000101101001010101101110111111011001010001110100011011110011111110100
runNumber 26
genCount 5317
elapsedTime 599.915
unaryHyperVol 219
binaryHyperVol 8.67391
additiveEps 0.608696
entropy 0.509891
archive 26
2
3 19  100 0110010110010000010111101001000001010111110001100011110110111010011010001110100010011100111000010100
2 28  100 0010101011010000010110001100000001010111110001100001110110111010011010001110100011100011111000110110
runNumber 27
genCount 5389
elapsedTime 599.893
unaryHyperVol 194
binaryHyperVol 10.1058
additiveEps 0.777778
entropy 0.599401
archive 27
3
11 20  100 0100010110010101001111011101110100010101110001011101010111111001011010101110100100101100101011110110
3 22  100 0100010100010001010111101101110100010101110001011101010111111001011010101110100100101100101011110110
2 26  100 0111101011010000010100011010000000010101111001010101111011111001011010101110101111001100111001110100
runNumber 28
genCount 5349
elapsedTime 600.073
unaryHyperVol 200
binaryHyperVol 13.2059
additiveEps 0.941176
entropy 0.509891
archive 28
2
6 21  100 0111101000010011100011000101010110011100000000101101110100111001011010101110101110011100001111010111
2 22  100 0111101000010011011111100001100010101110110001000101110100111001011010000010101110010100001111010110
runNumber 29
genCount 5277
elapsedTime 599.958
unaryHyperVol 201
binaryHyperVol 12.4722
additiveEps 0.888889
entropy 0.599401
archive 29
3
4 21  100 1111011001010101100101101101000001010101000001100100110111001001011010000010110001101100111011111010
3 22  100 1011011001010011010100101101000001010101000001100100110111001001011010000010110001101100111001110010
2 23  100 1111101001010001100101101101000011010101000001100100110111001001011010000010110001101100111011111010
