OptimalFront
unaryHyperVol 357
2
6 9  100 1010000000010101111111010010100011100011101000011111110001001011001110000101101011100000001101000001
3 10  100 1010000000101001110001011110100011100011101000011111110001001011001110000100011011101000001101000001
-------------------------
runNumber 0
genCount 5326
elapsedTime 599.959
unaryHyperVol 203
binaryHyperVol 10.1389
additiveEps 0.722222
entropy 0.54796
archive 0
4
7 21  100 1010000000100101111111011101100111010100001000011111110101001010001010000000010111100000111101000001
5 23  100 1010000000100101111111010101100011010100101000011100110011010001000000000000010111100000111101000001
4 24  100 1010000011101101111111010101100011010100101000011101111001001110000000010000010111100000111101000001
3 27  100 1010100000100101001011011100100011010101101000011101111001001001000000010000011001100001110011000001
runNumber 1
genCount 5450
elapsedTime 599.987
unaryHyperVol 118
binaryHyperVol 9.95402
additiveEps 0.666667
entropy 0.5994
archive 1
3
5 28  100 0110000100101011111111101100000000010111101000010011110111011100100110001000010101100000001111000001
4 32  100 0000100100001100011111011001101010100011000100010111110111111100011110001100010111100001101101100001
3 38  100 0110100110101010110000110000000000100010001000000001110011110100100010001000010110100001001001111001
runNumber 2
genCount 5345
elapsedTime 599.969
unaryHyperVol 178
binaryHyperVol 10.6833
additiveEps 0.85
entropy 0.599401
archive 2
3
6 23  100 0000000111101000010001011100000001000111101010010111111101001111001110000100011011101010001111000001
4 27  100 0000000111001100010001011000000001100111101011010001111111100011011110000100011011101000001101000001
3 29  100 1010001111100100010001010100000001100111101011010001111111100011001110000100011011101000011101001000
runNumber 3
genCount 5370
elapsedTime 599.92
unaryHyperVol 118
binaryHyperVol 9.06389
additiveEps 0.633333
entropy 0.54796
archive 3
4
15 27  100 1010010000101001111111011100100011101111100100000110111101001010100000010101000000100001111100111001
5 28  100 1010000000100000100000010100000011000011101000000101011001001000000000010100010000100000111100110001
4 31  100 1010000000101001111111011100100011101111110000000101011000110001010000010101000000100001111100111001
3 39  100 0010011010101101010010011100000011101111110111000001011001000000010000010100010000100001110100010001
runNumber 4
genCount 5323
elapsedTime 600.002
unaryHyperVol 161
binaryHyperVol 14.1513
additiveEps 0.941176
entropy 0.509891
archive 4
2
10 25  100 0110110001010101110111011011100011100011111000011111110101011000001110000011010110100000111100000001
3 26  100 0110110001010101110111011011100011100001111000010111110100001011010000000001101110100001001101000101
runNumber 5
genCount 5524
elapsedTime 599.939
unaryHyperVol 127
binaryHyperVol 24.5072
additiveEps 0.782609
entropy 0.509891
archive 5
2
5 27  100 0010000000101001111111111110101101100011010000011100110001111101000101010100010100010101000101011100
4 32  100 1110100001101001111111110101100111100010011011011101001001001011100000100011010100010101000101010000
runNumber 6
genCount 5361
elapsedTime 600.054
unaryHyperVol 109
binaryHyperVol 10.5604
additiveEps 0.769231
entropy 0.380988
archive 6
5
10 27  100 0000101100101001110011111110100011100011011111011011110001111101010000000101000000100000010100000001
8 30  100 1010001010101011011101011110100011100111011111011001010001111101000000000101000101100000111100111001
5 32  100 0000001100101001110011100001101000100111010111011111000001111111010000000101000100100001011100011001
4 33  100 1110111010100001111101011110100011100011001101010001000001111101010000000101000100100001110100100101
3 35  100 1110101100101111010101011110100011100011111100010001000001111101010000000100010000100001111000111001
runNumber 7
genCount 5336
elapsedTime 599.846
unaryHyperVol 190
binaryHyperVol 13.1042
additiveEps 0.875
entropy 0.509891
archive 7
2
4 23  100 1010010000000101111111011100100010101111101000110111110001110001000110000100000000100001001001000001
3 25  100 1010000000100001111111011110100111100100011000100011110001110001000110000000010011100001001001001001
runNumber 8
genCount 5331
elapsedTime 599.992
unaryHyperVol 113
binaryHyperVol 20.6273
additiveEps 0.863636
entropy 0.599401
archive 8
3
8 28  100 0000001001101011111100011111100101100011100000010011110101111110001100000001000100100000111100001101
6 29  100 1010010000101011111100011010100111101111100000010011110101011110100000000101000000100000111100110111
4 31  100 0000000011101011111000011111100110100111100011000011110001110010100000000101000111100011000100000101
runNumber 9
genCount 5450
elapsedTime 599.95
unaryHyperVol 198
binaryHyperVol 11.5294
additiveEps 0.764706
entropy 0.5994
archive 9
3
5 22  100 1010000000101011011111010110010111100011111100011101010001000001000000000100011001100001001101000001
4 24  100 1010000000100000011111010010100010100011111100011101110001100000000000010000011011100000001101010001
3 26  100 1110000000101000111111010110100011100001101100010101110001100000000000011000010101100001001101001001
runNumber 10
genCount 5249
elapsedTime 600.033
unaryHyperVol 165
binaryHyperVol 27.6
additiveEps 1
entropy 0
archive 10
1
4 24  100 1010000000100001111110011110100011100001101000010101110010000001001110000010000000010100010100010001
runNumber 11
genCount 7367
elapsedTime 600.766
unaryHyperVol 155
binaryHyperVol 23.5873
additiveEps 0.857143
entropy 0.599401
archive 11
3
6 24  100 1110000000100001111111110110101111100011100100010011000001001001011010000100011001010011000101000101
5 28  100 0000000000100001000110011010101011100011101100101111010001000000011110100100010000010111000111000001
4 30  100 0000000000100000111111111000101011100011110000000011010001111001011010000100010100010111000101010001
runNumber 12
genCount 20944
elapsedTime 746.361
unaryHyperVol 146
binaryHyperVol 16.0132
additiveEps 0.894737
entropy 0.468496
archive 12
3
11 23  100 1010000001101001101111011101100011000000011000001101010001111001010110000100010000010100000101000001
6 27  100 1010000001101001101101101110100001100011001000010101000001111001010110000100010001010101100001000001
4 28  100 1010100001101001001101111110100000100011001000010100110101110011000110000100010001010101000110000101
runNumber 13
genCount 5370
elapsedTime 599.95
unaryHyperVol 204
binaryHyperVol 14.9231
additiveEps 1
entropy 0
archive 13
1
3 22  100 0110011101010101111111011110100011100011101000010101110001010001001110001111101011100001111100000001
runNumber 14
genCount 5326
elapsedTime 599.956
unaryHyperVol 176
binaryHyperVol 9.31884
additiveEps 0.666667
entropy 0.5994
archive 14
3
5 23  100 1010000000101011011101010011100010101111101000000011111111011001111101010100011011101001001101000001
4 30  100 1010001011101011001101101101100110101111100000000011110010001010111110110011010011100001000101000001
3 32  100 1010101011101011001101010011100010100011101100000011110111111011100110001100010011100001010111000001
runNumber 15
genCount 5279
elapsedTime 600.06
unaryHyperVol 144
binaryHyperVol 12.0955
additiveEps 0.8
entropy 0.472411
archive 15
4
14 25  100 1010000001100011111101011111100000010111111000011011110001101111000010000100010100010101011101000001
9 26  100 1010000001100011111101011111100000010111111000011011110001101111000010000000000100000000110101110001
4 28  100 1010000001100000111101001111100000100011101000011101101001110001011110000100000001100001110001000001
3 29  100 1010000001100011111101011111100000010111111000011011110001000101111010000100010101100001110101111101
runNumber 16
genCount 5291
elapsedTime 599.965
unaryHyperVol 171
binaryHyperVol 12.358
additiveEps 0.9375
entropy 0.509891
archive 16
2
14 22  100 1010000000100001001101011100100100100011001000010111111001001001001110000100011111010101011101000001
3 25  100 0010000001101101111110011101101011100011011011011110111010001111011110000100011111100001011101000001
runNumber 17
genCount 5628
elapsedTime 599.938
unaryHyperVol 151
binaryHyperVol 12.1167
additiveEps 0.85
entropy 0.472411
archive 17
4
9 25  100 1010000010101111111111001111100011100011100111110100110101001011000001010000011010100001001101010001
6 27  100 0110000011101101111111101111100011100010100111110111110000011011001101010000010110100001001101010101
5 28  100 1110111010101101111111001111101011100011100111110100110101001011000001010100010110100001001101110001
3 29  100 0110000010101101111111001011101011100011100111111100110101001011100110010100010110100001001100001101
runNumber 18
genCount 5379
elapsedTime 599.998
unaryHyperVol 185
binaryHyperVol 9.95
additiveEps 0.75
entropy 0.380988
archive 18
5
7 22  100 1010000000101101111111101110100111100011001000011100110001000100100110000000011011100000011101111101
6 25  100 1010000000101010111111101110100101100011000000011100100011110110111110000100011011100000001101111110
5 26  100 1010000000101010111111101110100100100010111011110111110011010110101110000100011011100000001101111110
4 27  100 0000010001101001111111101110100110100011001000110000110011010011000000010100011011100000101101110101
3 29  100 1010000000101010111111101110101111101100110011110101111101000100001110001000011010100001101101111101
runNumber 19
genCount 5400
elapsedTime 599.927
unaryHyperVol 215
binaryHyperVol 8.63889
additiveEps 0.777778
entropy 0.472411
archive 19
4
7 19  100 1010000000100100111101011100000011100001100111010011110001001001001110000000011011101000001101010001
5 24  100 0110000000100100011101011100000001100001110000000111110001001001001110000100011111101011001101001101
4 26  100 1010000110101000101100001100000001100001100000011011110001000001011110000000011011101000100001001101
3 27  100 1010010000100100111101011100000010100001110100000111110001001001001110000000010101100001111101010001
runNumber 20
genCount 5396
elapsedTime 599.975
unaryHyperVol 216
binaryHyperVol 8.84211
additiveEps 0.666667
entropy 0.5994
archive 20
3
5 20  100 1010000000100001110001011010010111100011101000011101000000101010001010000100010011101000001101000001
4 24  100 0110000000000101100001010010010111100001001000001111110010001010001110001100001111000001111101001001
3 28  100 1010100000100011100001111100000111100010001011011101000000101010001010000100010011101010001101000001
runNumber 21
genCount 5398
elapsedTime 600.066
unaryHyperVol 190
binaryHyperVol 13.9778
additiveEps 0.933333
entropy 0.509891
archive 21
2
5 23  100 1010000100100100011101111110100001100000101010010111111001001001111110010100011011101000001101000011
3 24  100 1010000010100101100001110100000001100000101010010111110001001001111110010100011011101000001101000010
runNumber 22
genCount 5314
elapsedTime 599.918
unaryHyperVol 172
binaryHyperVol 13.3088
additiveEps 0.941176
entropy 0.509891
archive 22
2
7 24  100 0010000000101001110011011100100011100001100000011111011101011010011110000000000000100000000101110001
3 26  100 0010110000101101110011011010100011100001101000010011110001110110011110001000010110100001011101110001
runNumber 23
genCount 5350
elapsedTime 600.033
unaryHyperVol 120
binaryHyperVol 26.9
additiveEps 0.95
entropy 0.509891
archive 23
2
5 28  100 0000000000101001000111011110101011100011101010000110011100000001010110000100010111010101100001000001
4 29  100 0000100010101001011111110110101011100011111000010011110111000011000110000011010101010101000001001110
runNumber 24
genCount 5464
elapsedTime 599.975
unaryHyperVol 99
binaryHyperVol 16.1304
additiveEps 0.869565
entropy 0.54796
archive 24
4
12 27  100 0000111101001101001101010011000001000001101100010101110001011111000110000000011001010100000101000001
9 30  100 0000001100001101011111000111000101000001100010010001010101011111000110000011011101010000001101000101
8 31  100 0000000001001100010111000011100100000001100010010111110001111111000110101000011001010100011010000001
4 32  100 0000010101100001001111010011101100000101101100010101110001111111000110000000011101010100001011000101
runNumber 25
genCount 5309
elapsedTime 599.894
unaryHyperVol 174
binaryHyperVol 12.5556
additiveEps 0.833333
entropy 0.509891
archive 25
2
5 24  100 0000000000101100011101011110100011100011010011010011110001101011000000010000011010101000001111000101
3 27  100 0000111001101101111101011010100011100011010010010111110001011011000000010000010100100001001101000001
runNumber 26
genCount 5437
elapsedTime 600.001
unaryHyperVol 256
binaryHyperVol 10.1389
additiveEps 0.666667
entropy 0.509891
archive 26
2
5 17  100 1010101000101001001111011110100011100011101000011111100001001111001101010100011001100001001111000001
3 21  100 1010101000101001001111011110100011100011101000011111100010011101000110000100011001100001001101110001
runNumber 27
genCount 5521
elapsedTime 599.966
unaryHyperVol 192
binaryHyperVol 14.9286
additiveEps 1
entropy 0
archive 27
1
3 23  100 0000001010100001111111011110100011100100101000010010110101001100001110001000010011100001001101000001
runNumber 28
genCount 5096
elapsedTime 599.941
unaryHyperVol 193
binaryHyperVol 11.6275
additiveEps 0.882353
entropy 0.599401
archive 28
3
6 22  100 1010011100101001111111111100001111001011101000011111110010001010110010000100010111010101001111001101
5 25  100 1010000000101001111111111110100011000001010000001111110010101011011010001100010101100001001011011001
3 26  100 1010000000101001111111111010100011010110001000001111110000001011011010001100010101100001001011011001
runNumber 29
genCount 5355
elapsedTime 599.976
unaryHyperVol 143
binaryHyperVol 10.2667
additiveEps 0.68
entropy 0.599401
archive 29
3
9 26  100 1110100000000111111111010101100001100011100000110111100001001011100000000000011100100000000101000101
4 27  100 1110110000010101111111100101100011100011100000110111100001000011100000110000011001100001001101000101
3 34  100 1010010101100100001111110101100001100111100011010111110101001011100000010000011100100001100101001101
