OptimalFront
unaryHyperVol 295
Optimal front is obtained by exact method
-------------------------
3
3 7
5 6
6 5
runNumber 0
genCount 30031
elapsedTime 599.996
unaryHyperVol 107
binaryHyperVol 9.46667
additiveEps 0.76
entropy 0.481574
archive 0
3
6 23  100 0110010100110100101110000101010111010100101000100110010010010111001010100000100011100001001011000111
4 26  100 0110010100110100101110100111011111010100011000110110010010010111011110110000010011111110001011000111
3 30  100 0100010101100000100000000101001111101011101000100110010000100101010110100000010011101001001011000010
runNumber 1
genCount 29680
elapsedTime 600
unaryHyperVol 129
binaryHyperVol 17.369
additiveEps 0.761905
entropy 0.481574
archive 1
3
7 19  100 0100010101110110111110000111011011010100010101111011110001100011101010011010100001100010111011110111
5 23  100 0100010101110100000110100111000011010100001101110101110101100111000110010110100001110010111011100110
4 26  100 0101010101010110001010100111011011010100010101111010110100100011110000011110100001100010111011110010
runNumber 2
genCount 30366
elapsedTime 599.987
unaryHyperVol 132
binaryHyperVol 8.30556
additiveEps 0.666667
entropy 0.49717
archive 2
2
5 20  100 0100010101110100010011001001011110101001001001101010110000100111001010111010100010100000111011110100
3 29  100 1100001001010111001011010010110100101001100011101010010000100111001010111010100010100000111010100110
runNumber 3
genCount 30052
elapsedTime 600.013
unaryHyperVol 130
binaryHyperVol 12.902
additiveEps 1
entropy 0
archive 3
1
3 22  100 0100010101010100011110011100010011101001111101010110011111010111001110101010100001110010111011110101
runNumber 4
genCount 29874
elapsedTime 599.993
unaryHyperVol 121
binaryHyperVol 9
additiveEps 0.727273
entropy 0.493798
archive 4
5
11 20  100 0100010101111101111111000111011111101001001001000111000001100111011001000100010001001001000011110010
10 22  100 0100010101110101011111000101010011101001000101000101010001101001001001000000011101010001001011110010
5 23  100 0100010101101101111111000111011111101001000101111110010001000111001001010000011101011100000011110010
4 25  100 0100010101110101011111000101010011101001000100000101010001101011000000010000011101001000000011110011
3 27  100 1111010101111010111111010011011111101001001001000110011001100111000000010000011101011001001001010010
runNumber 5
genCount 30089
elapsedTime 600.008
unaryHyperVol 124
binaryHyperVol 8.46667
additiveEps 0.68
entropy 0.529986
archive 5
4
6 21  100 0111011000110110101111010101011111101011111001000110010001100111000000110110100101010011001011010111
5 24  100 0111011001110101111111110111011011101010001001000110110001101111000010100110100111010011001011110110
4 25  100 0111010000010110101111010111011011101010001001000110110101101111000000110010100011010110001011111101
3 30  100 1010101001010110101111010101111111101010001001100010110111101111000110110110100111010001011011111001
runNumber 6
genCount 30366
elapsedTime 599.98
unaryHyperVol 80
binaryHyperVol 8.91071
additiveEps 0.7
entropy 0.529986
archive 6
4
13 24  100 0100011001010100011110000101011111101001001001000011110101101100001100000010100100011001111011110110
7 25  100 0100111001010110101110000101001000001001001011010011010100010111100101010010100000100101111011110110
4 29  100 0100011000010000101110000110000001101001011010100010110000010110011010010010100100101101111011110110
3 33  100 0100111010010111110100101000011011101001000100000011101100010110010110010010100101011001111011110110
runNumber 7
genCount 29815
elapsedTime 600.002
unaryHyperVol 79
binaryHyperVol 8.84444
additiveEps 0.733333
entropy 0.529986
archive 7
4
6 25  100 0100011001010100011010000000010000000001111101111010010111100011000010111110100001010000010111110110
5 29  100 1100011001010100011010000000010000000001111101111010010111100011010110111110100010001010111000110101
4 32  100 1100011001010100011000010000011000001001111100110101010110100011000110111110100001110000011011011001
3 35  100 1100011001010100011000101001101101101011111010001010010110100001010110001010100011010100010111100111
runNumber 8
genCount 29945
elapsedTime 600.012
unaryHyperVol 140
binaryHyperVol 12.8958
additiveEps 1
entropy 0
archive 8
1
3 21  100 0111011001010111101110000000111111101001000001000101011001100111110010111010100101110010111011011101
runNumber 9
genCount 30046
elapsedTime 599.991
unaryHyperVol 138
binaryHyperVol 11.5
additiveEps 0.888889
entropy 0.49717
archive 9
2
4 21  100 0100011001010110101010110100000010101011001001111110011101100111111010111010100000101110010011110001
3 23  100 1100011001010110101010110100000010101011001001111110011101100111111010111010101001100011111010111101
runNumber 10
genCount 30115
elapsedTime 600.003
unaryHyperVol 119
binaryHyperVol 8.7619
additiveEps 0.666667
entropy 0.485314
archive 10
5
10 21  100 0100010101010110011110000101100000100101001101100101000101100011000010111010100001100010111001100110
9 22  100 0100010100010110011111000111110010010101001101001101000101100011000110111010100001100110011011110110
5 23  100 0100010100010110000010000101010010100100001000000010101101100011011010101010100001100010111001100110
4 25  100 0100011001110000011010000111010000101001001001110101000101101101010110011010100101100010111001100110
3 29  100 1111011001010110010010000101010000101001001000110101000101101100010010001010101101100010011001111100
runNumber 11
genCount 29782
elapsedTime 599.991
unaryHyperVol 103
binaryHyperVol 11.2576
additiveEps 0.863636
entropy 0.481574
archive 11
3
6 24  100 0100011001110100101100000100011111101001111101001110010101101100001110000100010001111110101001100101
5 25  100 0100011001110100101100000100011011101000000101000110011001100110101110100110100111111100001001000110
3 27  100 0100011001110110101100000100011111101011101111000101010101101110101110000000010101111100001001000110
runNumber 12
genCount 29727
elapsedTime 599.996
unaryHyperVol 82
binaryHyperVol 11.4167
additiveEps 0.875
entropy 0.449615
archive 12
3
6 26  100 0101001001110111011110011101000100001001001110010010010001100111001110111010101111000010001011100110
5 28  100 0101001001110101000111010010111010101000001010010010010001100111001110111010101111000010001011100110
3 29  100 0000011011010101000111011100000011101000001100000010010001100111001010111010101101110101101011101111
runNumber 13
genCount 29971
elapsedTime 600.003
unaryHyperVol 81
binaryHyperVol 24.254
additiveEps 1
entropy 0
archive 13
1
4 26  100 0100011001110001100110000000110000101011001101010111010011100001001010111010000000000001111001000110
runNumber 14
genCount 30088
elapsedTime 599.997
unaryHyperVol 149
binaryHyperVol 9.15
additiveEps 0.7
entropy 0.449615
archive 14
3
9 19  100 0100110001010100001111000000111100101001011001000110010010100111000010110010100000100010110011110010
4 20  100 0100011000010100101111100101010100101001001101000010010010100111001110011010100011100010110011110010
3 25  100 0100001001010110011111001100010101101000000001000110011010100111000010011010100000100001010110111000
runNumber 15
genCount 29877
elapsedTime 600.011
unaryHyperVol 58
binaryHyperVol 12.44
additiveEps 0.96
entropy 0.49717
archive 15
2
5 29  100 0011011011100000010010000111110000001001011111010101010000100001001110111110100001100010111000110110
3 30  100 0011011000010110011101010010010001101011110001000001111101101101001110111110100001100010101000110110
runNumber 16
genCount 29548
elapsedTime 600.003
unaryHyperVol 101
binaryHyperVol 11.2532
additiveEps 0.863636
entropy 0.449615
archive 16
3
10 24  100 1100011001111100101110000101111111010101001101001111110101100101001010100000011001000101000011110010
4 25  100 0111011001111010101000000111011111101000101001001001011010101111000010010000010001010011000011110010
3 27  100 1111101000111100000010000111011111101001001101001110000101100111000110110000010001010011001011110001
runNumber 17
genCount 30314
elapsedTime 599.995
unaryHyperVol 108
binaryHyperVol 11.7143
additiveEps 0.904762
entropy 0.49717
archive 17
2
4 24  100 0100101001010110100010000111011111101011100001110111100010101000111001010110100011100010111011000101
3 26  100 0100101001010100101111000111111111101010000001000000001101100100001010000110100010111110111011000101
runNumber 18
genCount 29746
elapsedTime 599.989
unaryHyperVol 92
binaryHyperVol 10.3819
additiveEps 0.791667
entropy 0.449615
archive 18
3
9 24  100 0100010101110110111111011000011111101001001101101101111100000111001010000000010001100001001001110110
5 26  100 0100010100110110001111011000011111101001001101101111011101000011101010000000010011100001001001110110
3 29  100 0100010101110100101111010001011001101001101001111101111101100011101110000000010001100001001001100110
runNumber 19
genCount 29953
elapsedTime 599.995
unaryHyperVol 112
binaryHyperVol 9.03846
additiveEps 0.692308
entropy 0.49717
archive 19
2
4 23  100 0100011001010100101011100000011111101001001001110110010001100111000101010000010000111110001001000101
3 31  100 0000011000010001101110000101110111101001000011110110011001100001111110110000010000111111001011000111
runNumber 20
genCount 29995
elapsedTime 600.01
unaryHyperVol 133
binaryHyperVol 9.42857
additiveEps 0.75
entropy 0.529986
archive 20
4
7 20  100 1101110100010101011111000100011011101001001001000110011001100111111010110010100001100010001011110010
6 21  100 0111011000110101111111000101100011101001001001000110011001100111111010110010100001010010101011010101
5 24  100 0111010101110101111111000100111011101001000001110100111101100111111010110110100001100010001000011101
3 26  100 0111011011010110011111000100100111101010000100000110000001101001000010111110101001101110001011010101
runNumber 21
genCount 30162
elapsedTime 600.001
unaryHyperVol 188
binaryHyperVol 11.8333
additiveEps 0.916667
entropy 0.49717
archive 21
2
5 16  100 0100001001110110101110001001001111101001001001000110010001100101101010110000100001101110001011111110
3 17  100 0100011011110110101110001001001111101001000101000110010001100101001010110000010011101110001011110110
runNumber 22
genCount 29957
elapsedTime 599.99
unaryHyperVol 120
binaryHyperVol 12.9074
additiveEps 1
entropy 0
archive 22
1
3 23  100 0101010111110110011111000100111100101001000110001010100101100101001010100000010001101010001011110110
runNumber 23
genCount 30047
elapsedTime 600.006
unaryHyperVol 202
binaryHyperVol 9.07692
additiveEps 0.692308
entropy 0.49717
archive 23
2
5 14  100 0100011001110110101110000111011011101001000101000110010000100111001010011110101101100010111011110100
3 18  100 0101011001010110111110000111011011101001000101100110010000100111001010011010101101100010111010110101
runNumber 24
genCount 29419
elapsedTime 599.995
unaryHyperVol 110
binaryHyperVol 12.9123
additiveEps 1
entropy 0
archive 24
1
3 24  100 0101011001100110101111000100011100101001001001000110010001100100000110000000010101111100001001001101
runNumber 25
genCount 29855
elapsedTime 600.005
unaryHyperVol 117
binaryHyperVol 10.5873
additiveEps 0.809524
entropy 0.529986
archive 25
4
9 22  100 0100100001110110010011010111110011101001001101101110100001100111000000111010100001000011110011110011
6 23  100 0101101001110110111110000011110011101001011101100000100001100111000000111010100001101011110111110010
5 24  100 0111011001110110110111000111110011101001100001110100000000101011000010000110100001100110110011110010
3 26  100 1100101001010110101011000111110011101001010101111100110001100111000000000010100001000010111011110011
runNumber 26
genCount 29518
elapsedTime 599.992
unaryHyperVol 121
binaryHyperVol 9.95
additiveEps 0.85
entropy 0.449615
archive 26
3
9 20  100 0101111001110110101110000100011111101001000101010100100001100111001100010010100101111100001011110110
8 24  100 0010011011110110101110000100011111101001000001010100100001100111001100000000010101111101001000110101
3 25  100 0010011001110110101110000100001101101000000101000110100001100001100110110000011101111000001011110101
runNumber 27
genCount 29851
elapsedTime 600.004
unaryHyperVol 150
binaryHyperVol 12.8889
additiveEps 1
entropy 0
archive 27
1
3 20  100 0100011001110100101111000111011111101001000010000110010100010100001010110000010001100010001001100110
runNumber 28
genCount 29848
elapsedTime 599.994
unaryHyperVol 91
binaryHyperVol 9.23077
additiveEps 0.884615
entropy 0.481574
archive 28
3
7 23  100 1111011001000000101110111000010100101001001101000100010001101100000000111010100001100011010111110100
4 30  100 1100011010100000101010101000010100101001011101000010100011101100101010111010101011100110010111110000
3 31  100 1100111001010101010011000000110100101001010111100100000001101100001010011010100001000011010111010100
runNumber 29
genCount 30172
elapsedTime 600
unaryHyperVol 93
binaryHyperVol 10.4267
additiveEps 0.8
entropy 0.481574
archive 29
3
5 25  100 0100111001110110000101000100011101101010001001111110010101100101001110001110100010010010010111011111
4 27  100 0100001001110100000101000100101111101010001001000110001101100101001110011100010111101100011011111101
3 30  100 0111001001010101000001000100011101101010001001100000110101100101001110001110100010010010010111011111
