OptimalFront
unaryHyperVol 429
Optimal front is obtained by exact method
-------------------------
3
2 9
4 8
6 7
runNumber 0
genCount 5153
elapsedTime 599.954
unaryHyperVol 250
binaryHyperVol 12.7344
additiveEps 0.75
entropy 0.481574
archive 0
3
4 19  100 0100001000010001000111110000100101111011110000010010010111111110011101000000011101110001110000100101
3 20  100 0100001000010011110111101110100100111011110000010010010111111110001101010010011101110001110000100101
2 23  100 0100001000010011110101101110100100111011110000010010010111111010001101101110011100010111100000100101
runNumber 1
genCount 5101
elapsedTime 599.988
unaryHyperVol 159
binaryHyperVol 12.75
additiveEps 0.75
entropy 0.49717
archive 1
2
3 25  100 1101001001010011010110010000000110101011000000000010000111001110000101101010011101000001001100000101
2 31  100 1101110101010011100110110000000101011001110000010010001110011110010110001110000001010101110100100110
runNumber 2
genCount 5283
elapsedTime 599.954
unaryHyperVol 171
binaryHyperVol 11.6909
additiveEps 0.727273
entropy 0.447913
archive 2
4
17 22  100 0100111001010001000110110000010100101000110000000010011111011100010101100010010000110110110001001010
7 23  100 1100011000000101010111110000000100101000110000110010000111110110000101100010010001110110110001011010
5 26  100 1100101110010001010110110000000100011001100000010010000111110110000101100010010001110110110001001010
2 29  100 1110001001010000010100111000000000011001110110001110010111011100010101100010010000010111001101100101
runNumber 3
genCount 5293
elapsedTime 600.024
unaryHyperVol 183
binaryHyperVol 12.4182
additiveEps 0.727273
entropy 0.529986
archive 3
4
7 23  100 0111001001110011101101011100010110000011110000010010011000011110000101110010011110010101111000110101
4 24  100 0110001001010011101011001010010110000011110000000010100011110001000101100010001100010001111100110101
3 26  100 0110001001010011001011001010100110000011110000000010100011110001000101100010001100010001111100110101
2 29  100 0110001001010010000100001000001110000000110000010010000011010001000101100010011100010111111110110101
runNumber 4
genCount 5081
elapsedTime 599.962
unaryHyperVol 165
binaryHyperVol 16.9167
additiveEps 1
entropy 0
archive 4
1
2 25  100 0100001001010011001110110000000101011001110000010010000111110010000101100010010100010100101011000101
runNumber 5
genCount 5190
elapsedTime 599.862
unaryHyperVol 228
binaryHyperVol 13.9062
additiveEps 0.875
entropy 0.49717
archive 5
2
6 20  100 1111001000010000100100110000010100011011110000010010110011001100010101000000011100100001000010100101
2 23  100 0111000001010001011000110000001100011011110000000010011111001110000101100010010000010110000100100101
runNumber 6
genCount 5204
elapsedTime 600.07
unaryHyperVol 150
binaryHyperVol 9.54741
additiveEps 0.625
entropy 0.455879
archive 6
6
10 23  100 0011101001010011100111000011000100011011000110011010010001110110000100010010010100100000110000110101
9 25  100 1001001001010011100011000011000100101001000110011110100000100010000100010000010000010000110000100101
7 27  100 1101001001010011100011110000000100101001000110000010000101110111010000001010010000100000110010110101
5 28  100 1110011001010011000111000011000101001011010110011110110001110111000100010000010000100001110010110101
3 29  100 1110010101010011100001000101100100101011000110000010000101110110000100110000010000100001001001110101
2 36  100 0001010101010011100001000101100100101011010110000110000101110111110000101010010000010100100101110101
runNumber 7
genCount 5034
elapsedTime 599.963
unaryHyperVol 139
binaryHyperVol 11.8284
additiveEps 0.692308
entropy 0.447913
archive 7
4
15 25  100 0100001101100100100100110000100100101000000000111110001001110110001000000000010000010100000000101000
5 26  100 0100001101100100000100000000100110101000100000110010011100010110000001100000010000010100000011101000
3 29  100 1100101101100100100100110000100100111000000110110010010101111101111110010000010000010101000011010110
2 33  100 1100011101010011110100110010100101101000110110010110000101110101111001000010010000010100001001010010
runNumber 8
genCount 5264
elapsedTime 599.896
unaryHyperVol 200
binaryHyperVol 13.4511
additiveEps 0.789474
entropy 0.449615
archive 8
3
9 22  100 0100001001011011010111111000010100011001110000010010000100111100110101010000010001010011110001001110
3 23  100 0011001001010011110111110001100100111010110000010010000100111101110101000000010001010101000000001010
2 26  100 0011001001010011100111110001100100011000101010010010110101111111110100000110010000010101100000001010
runNumber 9
genCount 5134
elapsedTime 599.981
unaryHyperVol 192
binaryHyperVol 14.2763
additiveEps 0.842105
entropy 0.49717
archive 9
2
3 23  100 0011000011010000010100110000000101011011100110010110010111110001010101100010111100100001110000100101
2 26  100 0000001001010000000101101000000100111011100110010110010100110001010101100010011100010110010010100101
runNumber 10
genCount 5012
elapsedTime 600.063
unaryHyperVol 162
binaryHyperVol 12.1417
additiveEps 0.75
entropy 0.529986
archive 10
4
7 24  100 1011001001010011101011100010100100101010000101010110010111010010000111010000100100010001000000010101
6 26  100 1011001001010011101011100010100100101010000101010110010111010010000111010000110001010100000000010101
3 27  100 1011001001010001101011100010101100101011011010010110100111010110000111010000100100010001000000010101
2 31  100 0101001010010010101011100010101010101011111010010110010100110000000111110110000100010101000000010101
runNumber 11
genCount 5077
elapsedTime 599.929
unaryHyperVol 237
binaryHyperVol 13.7656
additiveEps 0.8125
entropy 0.49717
archive 11
2
3 20  100 0000000001100100101101000000100100101011000110010010010111110010000100100010011100010110110000001110
2 23  100 0000001001010010101101000000000100101011000110010010010111110010000100100010011100010111010010010010
runNumber 12
genCount 5141
elapsedTime 599.919
unaryHyperVol 197
binaryHyperVol 12.6316
additiveEps 0.736842
entropy 0.485314
archive 12
5
13 21  100 0111000110010111110111110000000100101000111110101010100100111111010100100000011100010011110000100010
9 22  100 1011001000010011111111110000100100011001110000010010100100111111110101100000011100100011000111010110
6 23  100 0101010101010111110111110000100101011001110000000010100100110111010100100010011100100011110000101110
4 25  100 0011000110010011010101000000000100101011100110100010100100111110111110100000111100010111110011001010
2 26  100 0011000110010011010101000000000100101011100110000010100100111110111110100010101100010111110011001010
runNumber 13
genCount 5018
elapsedTime 600.031
unaryHyperVol 153
binaryHyperVol 13.9545
additiveEps 0.818182
entropy 0.449615
archive 13
3
8 25  100 0101001001110011010111000000001100011010001010010010010111110110010100010001110100110001111100100101
4 26  100 0100001101110011010110000000000100011001101110010010010111111110100101011110011001010111111100100101
2 29  100 1101111011010011000101001100000100011011000010100010010111111110100101011110011001010111111100100101
runNumber 14
genCount 5173
elapsedTime 599.991
unaryHyperVol 203
binaryHyperVol 13.4342
additiveEps 0.789474
entropy 0.449615
archive 14
3
6 22  100 0111001001010001100011000000100100101000110110010000010101001111000111101010011100010111100000011010
3 23  100 0011000001010001100111000000000001101000110110010010010101001100100101000000111100010100000000101010
2 26  100 0111100000010001101011000000100001101000110110010010010101001111000111101010011100010111100000011010
runNumber 15
genCount 5339
elapsedTime 599.925
unaryHyperVol 241
binaryHyperVol 14.6286
additiveEps 0.857143
entropy 0.481574
archive 15
3
12 19  100 0100001001000101001111110000000100000011000000010010110011110001001001100000011100010110110000101010
6 20  100 0100001001000101101111110000000100110011010000110010010011110001001001100010010100010110110000101010
2 21  100 0100001001010001000111111000000100111011111010010010110111110011001001100010011101010101110000101010
runNumber 16
genCount 5122
elapsedTime 599.979
unaryHyperVol 164
binaryHyperVol 10.0641
additiveEps 0.769231
entropy 0.481574
archive 16
3
8 22  100 0111001001010011100111000000000110101011001100011010010101110100000100000100000100010101110000100110
3 29  100 0111001001010011100111000000001101101000101010001010011011011101011010000000000100010101000011101110
2 33  100 1110100010010011100111010100000110001011001110000110110101011111100100010010010100010101110011101110
runNumber 17
genCount 5048
elapsedTime 599.937
unaryHyperVol 210
binaryHyperVol 16.9
additiveEps 1
entropy 0
archive 17
1
2 22  100 1000001001010011110011010000000100101011111010101110010111110010110101010010011000010110100000101010
runNumber 18
genCount 5362
elapsedTime 599.999
unaryHyperVol 149
binaryHyperVol 14.6395
additiveEps 0.857143
entropy 0.481574
archive 18
3
9 25  100 0100000110010101100111100000100100001010110000010010100111111010001101010010010100110110010001000010
4 27  100 1100010110010000100111111100000100101011110101000010010110001000000101000010010100010101111101001010
2 28  100 1100001110010000100101111100100100101010110000010010100111111010001101010010010101010101100001010010
runNumber 19
genCount 5157
elapsedTime 599.834
unaryHyperVol 207
binaryHyperVol 14.125
additiveEps 0.833333
entropy 0.49717
archive 19
2
3 22  100 1011000101010011010100010000100100000001110110011110010111101010000001100010111100000001110000100101
2 25  100 1011010101010000000100010000100100000000110110010010011011111110000101100010110010010101110001100101
runNumber 20
genCount 5270
elapsedTime 600.095
unaryHyperVol 333
binaryHyperVol 8.625
additiveEps 0.5
entropy 0.506429
archive 20
4
5 13  100 0100000101100100100111000000100100101011110110010010010111111110000101100110011100100011110011101010
4 14  100 0100010101100100100111000000100100101011110110010010010111111110000101000000011100010110110000101110
3 18  100 0000000101100100100111000000100100101011110110010010010111111110000101001010011000010111110011101010
2 19  100 0100000001010000000111110000100101101001110110010010010111111110000110100010001100010110110011100110
runNumber 21
genCount 5145
elapsedTime 599.961
unaryHyperVol 141
binaryHyperVol 11.5625
additiveEps 0.678571
entropy 0.49717
archive 21
2
3 26  100 0100111101100100000101110101100100011001110010000010010111111110001011100010011100010110110111011110
2 35  100 0100011001010011011110011000100000011001010010000010110100001000111111100010001100010111000111101010
runNumber 22
genCount 5361
elapsedTime 599.873
unaryHyperVol 198
binaryHyperVol 15.0588
additiveEps 0.882353
entropy 0.49717
archive 22
2
8 22  100 1111010101110001110111000000100100011011010010011010010111111110000101100000001100010110000010111010
2 24  100 1111010100010010110111010000100110111001110000010010000111011110000101100010001100010110000000111010
runNumber 23
genCount 5003
elapsedTime 599.968
unaryHyperVol 128
binaryHyperVol 12.0617
additiveEps 0.703704
entropy 0.447913
archive 23
4
8 26  100 1100111001000101001111000000000101101010110000010010011010000110100100100000010000010110110000110101
4 28  100 1111111101000101001111000000000000011010110000010010011010000110100100100000111110010110110010100101
3 32  100 1100111001010000000111000000000101111001010000010110011101001000010001100000010011010110001111100101
2 34  100 1100111001010000000111000000000101101001010000010110011101001000010011110010010011010110001111100101
runNumber 24
genCount 5216
elapsedTime 599.894
unaryHyperVol 154
binaryHyperVol 12.4962
additiveEps 0.727273
entropy 0.455879
archive 24
6
14 23  100 1111100011010011110111110001010100000011100000000110010111110010001111011100011100100001110000000101
12 24  100 1111111011010111110111110000100011011001000000010010010111111110001111011100011100010001100010100101
9 25  100 0101101001110111110101110000010100001011100000010110010110111110101111011100111100010100111010100101
8 26  100 1101101011010011111001110000010100001011100000010110010110111101001101011110011100010001110100000101
5 27  100 1111100011010011110101110000000011011011100001001010011111111010000110101010011100100001110000000101
2 29  100 1000000001010001110100111100100110001001000000010010000111111110011101110110111100010110111000000101
runNumber 25
genCount 5139
elapsedTime 600.023
unaryHyperVol 205
binaryHyperVol 14.1528
additiveEps 0.833333
entropy 0.481574
archive 25
3
4 22  100 0101001001010011000011110000100100000011111110010010110111001100000100010010010101100000000000100101
3 24  100 0001001001010011011011110100100100000011111110010010110111001100000100010010010101100001000000100101
2 25  100 0101001001010011100101110000100101011011111110010010110111001100000100000010111001010100000000100101
runNumber 26
genCount 5139
elapsedTime 600.026
unaryHyperVol 187
binaryHyperVol 15.1296
additiveEps 0.888889
entropy 0.481574
archive 26
3
8 23  100 0100001000010011000111110011101100101011110110101010111011110110000101110000110100110110110001001010
4 24  100 0100001010010011000111110011101100101011110110101010111011110110000101110000001000010111110001001010
2 25  100 0100001010010011000111110011101100101011110110101010111011110110000101110010001000010111110001001010
runNumber 27
genCount 5096
elapsedTime 599.889
unaryHyperVol 177
binaryHyperVol 9.3
additiveEps 0.607143
entropy 0.485314
archive 27
5
7 22  100 0111100001010001101011000100101100101011100110010010010111110110110110001100011101100001110000100101
6 24  100 0111001000010011101001000000101100101011110000110010010011011111110110001100001000010001110000100101
4 26  100 0111111001010010101011100100100000101011010110010010110000111111001100010010100000010000110000100101
3 32  100 0111101000010011001011000001101100101000100110001110100011110011001100010010100011110001110000110101
2 35  100 0111101000010011001011000011101100101011100000100110110000111111101010011010100111010101011100100101
runNumber 28
genCount 5074
elapsedTime 599.954
unaryHyperVol 225
binaryHyperVol 16.8929
additiveEps 1
entropy 0
archive 28
1
2 21  100 1011001101010011100000110100100100101000110000010010100111111110001001100010101100010100010100101010
runNumber 29
genCount 5139
elapsedTime 600.078
unaryHyperVol 270
binaryHyperVol 16.8636
additiveEps 1
entropy 0
archive 29
1
2 18  100 0111001001010001100100010000100100101011111010010010010101111111000101110010011100010110110011111010
