OptimalFront
unaryHyperVol 362
Optimal front is obtained by exact method
-------------------------
2
2 8
3 6
runNumber 0
genCount 5219
elapsedTime 599.99
unaryHyperVol 122
binaryHyperVol 15.1389
additiveEps 0.944444
entropy 0.509891
archive 0
2
6 23  100 1100011001011000101111111100000000100101101010010101101010000000011111010100000001001011100001111110
2 24  100 1100001010010000101111111100000000100111101010010001101000001000011111010100010101111101000001001110
runNumber 1
genCount 5193
elapsedTime 599.941
unaryHyperVol 106
binaryHyperVol 10.3314
additiveEps 0.68
entropy 0.472411
archive 1
4
16 22  100 1000010101000100010011110100000001011100000000000011110100001001001100010100011110100101000010000110
5 23  100 1000010101010100010011110100000001011100000000000111110010001001000100011000011110100101000010000110
4 27  100 0000010101000100110100100001100110010100010010000111110000101001011110010100011010111001100001001110
2 31  100 1000010101010000000011000100000001110111011010100011110100101001011110010000011010111001100110010110
runNumber 2
genCount 5258
elapsedTime 600.057
unaryHyperVol 125
binaryHyperVol 10.5522
additiveEps 0.695652
entropy 0.478871
archive 2
4
12 21  100 1000010101010100101000110100000000101001101010110101101001001010001101000111011001111100100111111101
7 22  100 0000010101010100101000110100000000101001101010110101101001001010001101000111011001111110100111111101
3 25  100 0100010101010100101001110100000010101001001010110101101001001010001111001100011101110001100111111110
2 29  100 0100010101010000000000110001100011101001101010010101101001001010101101101100011000111100100111111110
runNumber 3
genCount 5274
elapsedTime 599.892
unaryHyperVol 147
binaryHyperVol 21.0735
additiveEps 0.882353
entropy 0.509891
archive 3
2
6 20  100 0000011001010101011011110000000101111111101010000101101010001001001111110111101001110110011111001110
3 23  100 0000001000010100010111110000000000111111101010010101101010001001001111010111101000110111010000011010
runNumber 4
genCount 5067
elapsedTime 600.017
unaryHyperVol 153
binaryHyperVol 14.9375
additiveEps 0.9375
entropy 0.509891
archive 4
2
3 21  100 1100010110000100010011111100000000010001011010110001100101000011001111110100011010010101100011011110
2 22  100 1000010101010010101011111100000001010001011010010001110101000001001111110100011010010101100011001110
runNumber 5
genCount 5110
elapsedTime 599.939
unaryHyperVol 105
binaryHyperVol 14.4417
additiveEps 0.9
entropy 0.5994
archive 5
3
8 24  100 1000111001010101000110001100000000000000011010000101100010001001101101100100010110110101100101111101
3 25  100 1000011001110100000000011100001000010001011010000101101010001000011111100100010000110001101001111010
2 26  100 1011011000010001001111010100000100000000011010000101100010001001101101100100010110110101101001001110
runNumber 6
genCount 5005
elapsedTime 599.987
unaryHyperVol 123
binaryHyperVol 20.0595
additiveEps 0.761905
entropy 0.599401
archive 6
3
6 22  100 0100011010010100100000101101100001110100110000000111110100001001001011010000101010110101100001001110
4 23  100 0100011010010100010011000001100001110100010000000111010100001001000011110001101010110101100111011110
3 27  100 0100011010010100100000101101100001110000001010101110110100001001001011010000101010110101100001001110
runNumber 7
genCount 4979
elapsedTime 599.951
unaryHyperVol 183
binaryHyperVol 8.12
additiveEps 0.92
entropy 0.509891
archive 7
2
3 18  100 1100011001000100010000110100100100100100101010000100101110001001001111110100011011000101001111001110
2 31  100 1001001001010011000100111111100110000100101010000110101010101011101111110100011111000101011100110010
runNumber 8
genCount 5145
elapsedTime 599.909
unaryHyperVol 119
binaryHyperVol 11.5417
additiveEps 0.916667
entropy 0.509891
archive 8
2
3 23  100 1000010101100100010010000111100010100111101010010001100111001001001111110100011010110101011110101110
2 30  100 1000010100010010010111001111100001011100111010010011000110001011101111111000011010110101010111111110
runNumber 9
genCount 5162
elapsedTime 600.062
unaryHyperVol 111
binaryHyperVol 10.9667
additiveEps 0.72
entropy 0.472411
archive 9
4
8 23  100 0100110101000100000111111000000100011110001010000001111010000000011111000100011010110101100011000101
5 24  100 1000110110110101000111011100000000010100001010010100101001001001010100000100011010010101100011000010
3 25  100 0100101000000100111011111100001000010100001010010000111000001001010111000100011000110101100001001010
2 31  100 0100010100010000001111011000100100011110001010000001111010000000011111000100011010111111110111000110
runNumber 10
genCount 5104
elapsedTime 599.935
unaryHyperVol 237
binaryHyperVol 14.3
additiveEps 0.9
entropy 0.509891
archive 10
2
3 15  100 0000011011010100110001011100001100100100101010000101101010001001001111110100011010100101110011001110
2 16  100 0000011011010000110011101100001100100100101010100101101010001001001111110100011010000101110011001110
runNumber 11
genCount 5047
elapsedTime 599.974
unaryHyperVol 145
binaryHyperVol 12.5903
additiveEps 0.833333
entropy 0.599401
archive 11
3
10 20  100 1000010101010000101001111100000001111000110000000111111110001001001101110100010100011001100011001110
7 21  100 1000011001010101100011111000000001100110010000000111110111001000011101011000011110000101100011001110
2 24  100 1000010101010000101011111100000001010011001010110111110110001000001101110100010100011001100011001110
runNumber 12
genCount 5078
elapsedTime 599.964
unaryHyperVol 178
binaryHyperVol 9.26984
additiveEps 0.666667
entropy 0.472411
archive 12
4
8 18  100 1000011001001000100011111100000001100101011010001101101010001010000111110000010110000101100101001110
7 19  100 1000011001001000100011111100000001100101011010001101101010001000000111110000010100000101100101001110
3 20  100 1000011001000100100011111100001011100100111010000101111000001000000100000000010100000101100001001110
2 27  100 0101101010010001100011011100000001100100001010000111101000000001001000110100010101000001110001001110
runNumber 13
genCount 5111
elapsedTime 599.908
unaryHyperVol 163
binaryHyperVol 12.9722
additiveEps 0.916667
entropy 0.5994
archive 13
3
14 18  100 1000010101010101100011010100000000100100101010000101101001000100001101110100010101000101100001001110
11 20  100 1000010101010000100011010000000000100100101010001101001001000101001101010100010101000101100001001110
2 21  100 1000010111010001101011011100000000100100101010000101101011011000100011110100010101000101100001001110
runNumber 14
genCount 5167
elapsedTime 600.013
unaryHyperVol 163
binaryHyperVol 11.9474
additiveEps 0.894737
entropy 0.509891
archive 14
2
3 20  100 1000011001000100100100100100000001100100101010000101011100011001111111110000011010110101011111101110
2 25  100 1000011000010000010111100100000001100100101010010101011100011001111111110000011010111101011111101110
runNumber 15
genCount 5078
elapsedTime 599.971
unaryHyperVol 150
binaryHyperVol 12.7368
additiveEps 0.894737
entropy 0.509891
archive 15
2
3 21  100 1000011000010100101111000100000000010110101010000101100010111011001111111100011110100101000011000110
2 25  100 1000101001010010101111000100100001010111101010000101100010111011001110111100011110110101000011000110
runNumber 16
genCount 5134
elapsedTime 599.874
unaryHyperVol 75
binaryHyperVol 12.6739
additiveEps 0.9
entropy 0.472411
archive 16
4
12 24  100 1000011001000100101111110101100010010100111010001101111011011001111111110011010100111101111111000101
6 27  100 1000011001000100101111111110100111100001101010011000101011011001000100011111010110011101110111000101
5 28  100 1000011001000100101111111110100111100001101010011000101011011001000100011111010110011100110111000101
2 29  100 1100011000010011011001111100100000000100111010001101111011011001111111111000010000111101111111000101
runNumber 17
genCount 5227
elapsedTime 599.897
unaryHyperVol 208
binaryHyperVol 46.8
additiveEps 1
entropy 0
archive 17
1
3 16  100 0100101001010100000011111100000011100100101010000101100110000001001111000111101010000101000000001110
runNumber 18
genCount 5286
elapsedTime 599.993
unaryHyperVol 233
binaryHyperVol 10.5
additiveEps 0.857143
entropy 0.509891
archive 18
2
3 15  100 0100011001000100111111111100000010100000101010000101101010111001111111110100011010110100100011000101
2 20  100 1100011001010001100001011100000000000000101010000101101010111001111111110100011010110101001001000101
runNumber 19
genCount 5132
elapsedTime 599.915
unaryHyperVol 163
binaryHyperVol 11.9474
additiveEps 0.894737
entropy 0.509891
archive 19
2
3 20  100 1000001001010100010011111100000000100100101010001101101000001000001110000100010101111101010001000010
2 25  100 0100001001010001100011111100000000010000101010000101100110001000011110000100010101111101011101000110
runNumber 20
genCount 5086
elapsedTime 600.06
unaryHyperVol 146
binaryHyperVol 10.6957
additiveEps 0.913043
entropy 0.509891
archive 20
2
3 21  100 0100010111010100000010000000000000101000111010000110101010001000001111000100010110110101000000001110
2 29  100 0100111001010010000101010100000000010000111010000110101011001000000111000100011000110101100101110101
runNumber 21
genCount 5154
elapsedTime 599.948
unaryHyperVol 168
binaryHyperVol 15.8571
additiveEps 1
entropy 0
archive 21
1
2 20  100 0000111001010000100011111100000100100100101010000101110010001001011100110100011100110110100010001010
runNumber 22
genCount 5105
elapsedTime 599.904
unaryHyperVol 122
binaryHyperVol 14.321
additiveEps 0.888889
entropy 0.509891
archive 22
2
11 22  100 1000010101010100010001110100101000000100101010000101101010001000011111111111001111111111110111000110
2 24  100 0000010111010000100001110000101000100111001010000110101010001001100110100100011011111101101111001110
runNumber 23
genCount 5201
elapsedTime 600.025
unaryHyperVol 108
binaryHyperVol 12.5091
additiveEps 0.818182
entropy 0.472411
archive 23
4
7 23  100 1000011010010000010110110100000000100000101010000101101010001010001101110100010011000101110101111101
4 26  100 1000110100010100010110111000000000110101101010100100101010001001001101110100011000000111111101110101
3 27  100 0000111001000100000110110000000000111010001010001000101010001001011101110100011011110111000101110101
2 28  100 1000111001010001000110100000000010100000101010000101101010000001011111000000010011110101000101110101
runNumber 24
genCount 5152
elapsedTime 599.902
unaryHyperVol 125
binaryHyperVol 11.1932
additiveEps 0.73913
entropy 0.5994
archive 24
3
11 22  100 0011011001000100010010111100000000101000000000001101011001011001001111111010001100010001110011010010
3 23  100 0000011001000100010010101100000000101000111010000110010110011001111111100100010100110100100011010010
2 29  100 0011011000010001010010110000001100100000111010000110000110001010101111100100011100110100100011010010
runNumber 25
genCount 5145
elapsedTime 600.005
unaryHyperVol 182
binaryHyperVol 15.8462
additiveEps 1
entropy 0
archive 25
1
2 19  100 1100011000010000000011111100000000010100101010000111101110000001000110110100011010110110100001001110
runNumber 26
genCount 5018
elapsedTime 600.001
unaryHyperVol 141
binaryHyperVol 11.9774
additiveEps 0.842105
entropy 0.54796
archive 26
4
9 20  100 0100001001000100100011110000001001111000110000001001100110111001001111111000011010001100010011001110
7 22  100 1000011000000100111111110000001000101000110000011101110110001000000011000100011010100101000000101110
5 24  100 0100011010000100011111111110100010000001110000001001100110111001011111111000011010000100010011011110
2 25  100 1000011011010000101111110000001000100100101010101011110111001001000011101000011010100101000000011110
runNumber 27
genCount 5356
elapsedTime 600.063
unaryHyperVol 154
binaryHyperVol 15.8667
additiveEps 1
entropy 0
archive 27
1
2 21  100 1010010101010000010111111100000000101011101010000111111001001011001101110100011010111000100011111110
runNumber 28
genCount 5117
elapsedTime 599.847
unaryHyperVol 261
binaryHyperVol 9.58333
additiveEps 0.833333
entropy 0.509891
archive 28
2
3 13  100 1000011001010100100011111100000000010100101010000101101010001001010011111000011010110101110011011110
2 18  100 0000011011010000100011111100000000010100101010000101101010001001010011111000011010011101110011011110
runNumber 29
genCount 5258
elapsedTime 600.008
unaryHyperVol 140
binaryHyperVol 9.38462
additiveEps 0.615385
entropy 0.472411
archive 29
4
5 21  100 0100011001110100110011111100000001001101001010000001000110001001111111110110101001111101100011001010
4 22  100 0100011011110101110011111100000011100000011010011111110110001010001111110100011011110101110011001110
3 23  100 0100011011110100110011111100000011101100101010011101000110011001000110100100011011111101100011001010
2 32  100 1111001000010000110011111000000011101110001010011101000110011001011110100100010011110110001111111110
