OptimalFront
unaryHyperVol 400
Optimal front is obtained by exact method
-------------------------
3
2 7
3 6
4 5
runNumber 0
genCount 5188
elapsedTime 599.959
unaryHyperVol 170
binaryHyperVol 21.48
additiveEps 0.666667
entropy 0.481574
archive 0
3
5 21  100 0100010111010100110000010110000001101111000001010101111111111001001001001110101010101100110010110111
4 22  100 0100011010010100011011010001000100001101000001010101010111101001001001010110100010101110110000100110
3 30  100 0100011010010100011010010011110100010101000000010011111111101000000101110110100010101111110010110110
runNumber 1
genCount 5067
elapsedTime 600.057
unaryHyperVol 163
binaryHyperVol 11.7364
additiveEps 0.8
entropy 0.447913
archive 1
4
7 22  100 1111010110010011011011101011010010010110001101000101110111000001011000011111100010101100101011010001
6 23  100 1111010110011011011011101011010010010110001101000101110111000001011010111111000010101100001011010001
5 25  100 1001010110010111011011101001101001010110011101000001110111000001011010111111000010101100001111010100
2 27  100 1111011010010011011011101001000000010110001101100001000111000001001010000000011100100000110111010000
runNumber 2
genCount 5196
elapsedTime 599.915
unaryHyperVol 189
binaryHyperVol 16.4833
additiveEps 0.7
entropy 0.492862
archive 2
5
8 19  100 0011011001010100011011011000001000001101100001100111110100111001001000001110100010100100111011110110
6 20  100 0011011001010100011011100001000100001101001101010011110100001001011001001110100010100100101011110111
5 22  100 0011011001010000011010010001000100001101100001100101110100111011111000001110100010100100101011110110
4 23  100 0011011001010100111011100001000001101000100001100101110100001011111000001110100010100100111011111011
3 25  100 1000011001010100011011011000000100100101001111000001110100001001001010001110100010100100111011110111
runNumber 3
genCount 5360
elapsedTime 599.933
unaryHyperVol 191
binaryHyperVol 13.3519
additiveEps 0.888889
entropy 0.481574
archive 3
3
5 21  100 0100101000010100001010001001001111001001000001100001110111000001011001001010100111011010111011111101
3 22  100 0100101010010100001011001011000011101111010001100001110111000001011000000000100010101010111011111111
2 23  100 0100101010010010001010000001000011100001000001100001110111000001001001000000010010101010111011110111
runNumber 4
genCount 5023
elapsedTime 599.989
unaryHyperVol 148
binaryHyperVol 12.9231
additiveEps 0.857143
entropy 0.449615
archive 4
3
15 23  100 0100111011010001001011101001000111010111000001101101000111000100011001001100010000011101010001000110
6 24  100 0110011010010001001010001001000011000111000001101101011110000000011001000000100110101110110101000110
2 26  100 0100011010010001001011101001000011010110000001100001001111000001011001000000010010101010010101000000
runNumber 5
genCount 5154
elapsedTime 600
unaryHyperVol 161
binaryHyperVol 11.3542
additiveEps 0.75
entropy 0.481574
archive 5
3
4 23  100 0000010111100100001011101000000100001100000000100101110100000001010101001100010010100100111111101110
3 25  100 0000010111100100001011101000000100100100000000101101010100000001010101001100010010100100111111101110
2 29  100 0000010111010001001000100000000100100011001100000101110100000001010101001100010010100100111111101110
runNumber 6
genCount 5204
elapsedTime 599.885
unaryHyperVol 145
binaryHyperVol 9.835
additiveEps 0.75
entropy 0.447913
archive 6
4
10 21  100 0111001000010001010011000101000010011101000001000101110111111010010101010100010010101100111011111000
7 24  100 0111001001010001010011000101000010011100110011000111110111111010010101001100010010101100011011111000
6 26  100 0111001000010001010011000011010010011100001100000101110111111010010101010100010010101100111011111000
2 30  100 0111001000010001011011000101000101010100110011000111101111111000010101001100010001101100111011111100
runNumber 7
genCount 5252
elapsedTime 600.012
unaryHyperVol 142
binaryHyperVol 8.90323
additiveEps 0.677419
entropy 0.529986
archive 7
4
6 23  100 1100001010010101010011100001010101001101000011010101010011111010011001001100010011101101111001110110
5 27  100 1100001011010001011011001001000101000101111011000101010111111010011011001100010010101101111011110010
3 28  100 1100001011010100010011100001000111010101000011010011010011111010011001001100010011101101111001000100
2 36  100 0100011011010000011011011000110001010101000011000001010111011010101011110100010011101011010100010011
runNumber 8
genCount 5223
elapsedTime 600.022
unaryHyperVol 145
binaryHyperVol 11.4688
additiveEps 0.916667
entropy 0.49717
archive 8
2
6 23  100 0100111001010101001011101001000010010101000011100000110101100101010101110100010010101110111100000110
2 29  100 0000101011010000111011100001000010010101000011100000010101111000011011110100010010101110111100000110
runNumber 9
genCount 5290
elapsedTime 599.911
unaryHyperVol 144
binaryHyperVol 13.0227
additiveEps 0.863636
entropy 0.481574
archive 9
3
8 24  100 0101011010010011110001100001000110101110001101101101110011111010011000011111010110101101010100100110
5 25  100 0111011011010010000000000101001100100001000101100111100111101001011010001100010110101101110110110110
2 27  100 0111001011010011111010000101001100101001000101100101100111101001011010001000010110101101110110110110
runNumber 10
genCount 5042
elapsedTime 600.046
unaryHyperVol 171
binaryHyperVol 8.72143
additiveEps 0.6
entropy 0.529986
archive 10
4
7 21  100 0100001010010101011011101001000100001110000000010001010111111010011001010100010010100000111011110110
5 22  100 0100001010010101011011001001000001001101010100000000110110111010011001010000010010101100111011110110
3 26  100 0100001010010000010011101111111101101100011000000001010110111010011001000000010010101100111011110110
2 33  100 0100001010010000011010101001000100100101110100000100011000000010011011010100010010100110111111110110
runNumber 11
genCount 5148
elapsedTime 599.942
unaryHyperVol 164
binaryHyperVol 11.7826
additiveEps 0.782609
entropy 0.49717
archive 11
2
3 23  100 0111001010010011010011001001000000010111000001100101010100101001001001001100011100101110110111000110
2 28  100 1101001000010011011011101001000000010111000001101010000101101001001011001100011100101011111011000110
runNumber 12
genCount 5309
elapsedTime 599.989
unaryHyperVol 153
binaryHyperVol 9.08667
additiveEps 0.6
entropy 0.449615
archive 12
3
7 23  100 0100001000010100001000011111110000011101111101101101100101111001011001001110100110100000101011110111
3 24  100 0100001000010100001000011111110110010111001101101101100101111001011001001110100110100000101011110111
2 35  100 1100001000010000011011010111110100010111001101101101111010001000110101001100010000100110011010110010
runNumber 13
genCount 5212
elapsedTime 599.881
unaryHyperVol 173
binaryHyperVol 12.85
additiveEps 0.9
entropy 0.49717
archive 13
2
5 22  100 0111001010010011001001101011000010100101000101100001010000111001011001000110100010100100011110111011
2 25  100 0111001010010010101000001010000010101101001101100001000011111001011001000100010110100000111110111111
runNumber 14
genCount 5142
elapsedTime 599.973
unaryHyperVol 174
binaryHyperVol 10.3
additiveEps 0.68
entropy 0.49717
archive 14
2
3 22  100 0000001011010100001011100100000100101101000101101101110111111001001001001111101101101100110111000101
2 30  100 1000011011010001011000110100000100101111000000101101010111111001001001000100011101100111111111000110
runNumber 15
genCount 5337
elapsedTime 600.065
unaryHyperVol 131
binaryHyperVol 14.3214
additiveEps 0.952381
entropy 0.49717
archive 15
2
14 25  100 1111011001010011110011100101000000101101101100101101111111101001011000000100011101100000111111000101
2 26  100 1111111001010011111011100100100000101101000000101101001111111001011000001100011101100000111111000101
runNumber 16
genCount 5090
elapsedTime 599.994
unaryHyperVol 200
binaryHyperVol 24.8542
additiveEps 0.875
entropy 0.49717
archive 16
2
5 19  100 1100010110010001101011100110000010101110010001001100100111111001001001001110100010101110111011110111
3 21  100 1100010100010100011011100000000010101110010000001100100111111001001001011110100010101110111011110101
runNumber 17
genCount 5180
elapsedTime 599.817
unaryHyperVol 156
binaryHyperVol 14.9211
additiveEps 1
entropy 0
archive 17
1
2 24  100 0111001011010011001011101111000001010101000001001111110111001001101010110000010010101100110100010110
runNumber 18
genCount 5186
elapsedTime 599.922
unaryHyperVol 188
binaryHyperVol 12.1
additiveEps 0.85
entropy 0.481574
archive 18
3
4 21  100 1111011010010101001011101011000000101001001111101100110000101001011001011100010010101110011011110110
3 24  100 1100101000010100001000111001010010101101001101101101110000101001011000001100010110101100111010110001
2 25  100 1111001010010000001011101011000000100100000011010100111011101001011001011100010010101100110010110101
runNumber 19
genCount 4982
elapsedTime 599.945
unaryHyperVol 177
binaryHyperVol 13.4474
additiveEps 0.894737
entropy 0.481574
archive 19
3
6 22  100 0011011010010100111011101001001010100110011101100001110111000000001001001000000011101101111011110110
3 23  100 0100001011110100001010011001000010101101100011100111110111000001001001011000010010101100111011110100
2 24  100 0011011010010011101011111001100110101101100011110110110111000001011001011000010011101110011011110110
runNumber 20
genCount 5125
elapsedTime 599.959
unaryHyperVol 103
binaryHyperVol 20.2029
additiveEps 0.956522
entropy 0.49717
archive 20
2
8 27  100 0000010101010101011000101011000101001000010100010000110101111010010101001110101010101100001011111101
3 28  100 0100010101010100011000101011000101101101101101111111010111111011010101111011100101101000001111110101
runNumber 21
genCount 4998
elapsedTime 599.914
unaryHyperVol 231
binaryHyperVol 12.1875
additiveEps 0.8125
entropy 0.49717
archive 21
2
3 18  100 1100011010010100101011000101000010100001000001100101110111111000011001000010100000101100111111111010
2 21  100 1111011010010000101011000101000010100001000001101101110111111011011001001100011101101101011001111010
runNumber 22
genCount 5353
elapsedTime 599.837
unaryHyperVol 151
binaryHyperVol 11.9022
additiveEps 0.869565
entropy 0.481574
archive 22
3
6 23  100 0100011001010100011011101001000001001101000001101011001000000001011000001100011100100000101011111010
4 27  100 0100011000010101011001100101000001101010000101101110100011000000001000001100010001101111111011010110
2 28  100 0100001010010000011011101001000001101101000001101110100011000000001000001100011100100111101111111000
runNumber 23
genCount 5124
elapsedTime 600.035
unaryHyperVol 182
binaryHyperVol 14.9118
additiveEps 1
entropy 0
archive 23
1
2 22  100 0111011001010011001010011101000010010110110001101101100111111001011001001100011101101101111001010100
runNumber 24
genCount 5274
elapsedTime 599.907
unaryHyperVol 133
binaryHyperVol 11.1759
additiveEps 0.740741
entropy 0.449615
archive 24
3
6 25  100 0100001001010100101011101001010110100101110001100101110111010101011011111100010010100100010010000101
3 26  100 0100101000010100001011101001010110100101110001100101110111111011011011111100010010100111000100001010
2 32  100 0000111000010000101000001000000001100001110001101101011111000001011011111100010010100111001101100100
runNumber 25
genCount 5085
elapsedTime 599.925
unaryHyperVol 182
binaryHyperVol 14.9118
additiveEps 1
entropy 0
archive 25
1
2 22  100 1000010110010001001011101010010110101100000001101001110111111001001001100000010010101100110101100010
runNumber 26
genCount 5080
elapsedTime 600.048
unaryHyperVol 150
binaryHyperVol 11.4167
additiveEps 0.791667
entropy 0.529986
archive 26
4
6 23  100 0000101010010101110010000001000000001100000000000101100111110101010101001100010011101100010001110110
5 26  100 0100101010010001111011001011000010101101000000001101010111000011110101101100100011101100111001000001
4 27  100 0100101000010101110011000001000010101101000001010110100100000010010101111011100111101100010001110110
2 29  100 0000101010010001111011000011000010101101000000001101010111000001010101101100010101100101010001110110
runNumber 27
genCount 5114
elapsedTime 599.911
unaryHyperVol 149
binaryHyperVol 13.0152
additiveEps 0.863636
entropy 0.481574
archive 27
3
5 24  100 0100010100010100001011100001001110100101110001001101011111110100011001100011010010100100001100000100
3 26  100 0100010110010100001011101101001110101011100001011101100010001001101001101000010010100100001000000100
2 27  100 0100010111010000001001101001000010101101010100011101011111000001000101001000010010100100000100100100
runNumber 28
genCount 5142
elapsedTime 600.022
unaryHyperVol 113
binaryHyperVol 13.7708
additiveEps 0.916667
entropy 0.49717
archive 28
2
4 27  100 0111001001110101101010101001000010101101001100011101111110011001010101000100011100101100110101000010
2 29  100 1100011011010000101010101001011010100111000011001101110111101001010101011100011100101110111100010110
runNumber 29
genCount 5260
elapsedTime 599.937
unaryHyperVol 240
binaryHyperVol 10.4306
additiveEps 0.75
entropy 0.529986
archive 29
4
11 16  100 0111001010010011010011101001000001000101000001001101110111111010111001001100010000101000111011110101
7 17  100 0111001010011011101011101001000001000001000001001101110111111010111001001100010000101000111011110101
4 18  100 0111001010010011101011101001000001000001000001001101110111111010111001001100010000101000111011010101
2 21  100 0111001010010011001011101001100000101101010100011101110111111010111001001100010000101000111011010101
