OptimalFront
unaryHyperVol 387
2
5 8  100 1000001000100101010110000010101100010101110101011001010100000011010000110001100010010100101111110101
2 9  100 1000001000100101010110000000001100101001000101011001010100000011011000110001100010010100101111110110
-------------------------
runNumber 0
genCount 5167
elapsedTime 599.887
unaryHyperVol 140
binaryHyperVol 13.5812
additiveEps 0.95
entropy 0.509891
archive 0
2
10 26  100 1000001000100011010101001000100100101001000101000110011010100111010101110001010000010100111100110110
2 28  100 1000001000100011010010001000001100101001000100000101011000111001100101110100110000010100011100110010
runNumber 1
genCount 5184
elapsedTime 599.942
unaryHyperVol 208
binaryHyperVol 8.79048
additiveEps 0.619048
entropy 0.54796
archive 1
4
7 20  100 0101000100100101000100000000000011100101000101111101011000111011011000010001101111001000101111110110
5 22  100 1000011110100100010100000101100100100101001101111101011000111011011000000001101111001000101111110101
4 24  100 1000011101100110010100000101101100101001000101111101011000111011011000001101100001010011101111110101
2 29  100 1000011001100110010000000101101100101000000001110001011000111011011000001101100001010110100100010101
runNumber 2
genCount 5193
elapsedTime 600.017
unaryHyperVol 212
binaryHyperVol 8.92481
additiveEps 0.736842
entropy 0.380988
archive 2
5
9 19  100 1000001000001101011111010000000000001001000001010001010100000011011000110010100010010110001100110110
8 21  100 1100011000001101011111000000000100001001000001010001010100000011011000110010100010010110101000100110
5 23  100 1000001000001101010110011000000000101000010001010001000101000010011000111000101110010100101100110110
4 24  100 1000011100101101000110010000000100101001001011010001000100000011010010110110101000010111101111110110
2 27  100 1111110100101111001111000000000100101001001101010001110100000010011000111001101010010100001100110110
runNumber 3
genCount 5188
elapsedTime 599.811
unaryHyperVol 179
binaryHyperVol 8.01449
additiveEps 0.652174
entropy 0.380988
archive 3
5
14 20  100 1000001010100101001101000011100000000001000111010001010000011011010000110001100000010111111111110101
8 23  100 0000000110100101100101110110100000000001100111010001010100011011010010110001100111010101101111110101
4 24  100 1001101010100101000111110010100001000001100111010001010100011011010010110001100111010001101111000101
3 30  100 1101001010100101001101000001100101101001111101101011010100101011011010110010110000110001101110010101
2 31  100 1000001110100111001101100000100101101000111101010010010100011001011001010011100110010101111111110101
runNumber 4
genCount 5208
elapsedTime 599.981
unaryHyperVol 244
binaryHyperVol 13.75
additiveEps 0.916667
entropy 0.509891
archive 4
2
5 19  100 1000001010100101011010110000000101001001000100010001010110011011001000110001100010010100101110110101
2 20  100 1000001011100001011010110000001110101001000010010001011100011011011000010001100010010100101110110101
runNumber 5
genCount 5007
elapsedTime 599.884
unaryHyperVol 199
binaryHyperVol 9.00758
additiveEps 0.590909
entropy 0.599401
archive 5
3
8 21  100 0000001000101001010101001001100001101001000101010101110100111010010000010001100000000000101101110101
4 22  100 0000000000101001010100000011100001101001000101010001110101011000011000010001100001000000101100110101
2 30  100 1100011100100111010101011111100001101001000101010011100101011000001000010010000001010100101101110101
runNumber 6
genCount 5337
elapsedTime 599.88
unaryHyperVol 221
binaryHyperVol 14.9231
additiveEps 1
entropy 0
archive 6
1
2 21  100 1000101100100010111110000011101111101001010101011001010100000011101000110001100010010101101111111110
runNumber 7
genCount 5055
elapsedTime 599.991
unaryHyperVol 195
binaryHyperVol 7.79487
additiveEps 0.666667
entropy 0.509891
archive 7
2
4 21  100 1010000100100101101111000010101100000001100101010101110100000010011011111101100110010100101111110100
2 34  100 1000000101100001000100000100100111101001110111110010000101111011111011001101101110010100101101000010
runNumber 8
genCount 5369
elapsedTime 599.966
unaryHyperVol 195
binaryHyperVol 14.9333
additiveEps 1
entropy 0
archive 8
1
2 23  100 0111001100100101010110011100101100101001001001010101010001111000011000100001100001010100101111110101
runNumber 9
genCount 5205
elapsedTime 600.041
unaryHyperVol 156
binaryHyperVol 14.9444
additiveEps 1
entropy 0
archive 9
1
2 26  100 1001011000100110010100011101100000101001001101010110010100011011010101010001100001010100010011000101
runNumber 10
genCount 5342
elapsedTime 599.893
unaryHyperVol 221
binaryHyperVol 14.9231
additiveEps 1
entropy 0
archive 10
1
2 21  100 1000000100100111010110001000101100101001101101011101010111011010011010010001100010010100111111110101
runNumber 11
genCount 6425
elapsedTime 731.096
unaryHyperVol 241
binaryHyperVol 11.8571
additiveEps 0.785714
entropy 0.509891
archive 11
2
4 19  100 1000001000100101010110010000001100101001001101110001010100011010101000010101100011010000111111110101
2 22  100 0100001011100001010110010000001100101001001101110001010100011010101000010101100011010100111111110101
runNumber 12
genCount 5396
elapsedTime 648.632
unaryHyperVol 173
binaryHyperVol 13.375
additiveEps 0.888889
entropy 0.468496
archive 12
3
10 24  100 0111100100100110010101000011001100101001001101000001100000011011101000010001111110010100101111110101
3 25  100 0111100100100110010001000011101100101001001001010001000000011011101000010001011010011000101111100101
2 26  100 0111100100100110010101000011101100101001001001010001000000011011101000011001011010010100101111100101
runNumber 13
genCount 5237
elapsedTime 600.007
unaryHyperVol 189
binaryHyperVol 8.528
additiveEps 0.6
entropy 0.599401
archive 13
3
7 22  100 1000000110100011010110000000001111101001001101011001010000011010101000000001000010110000100011000101
3 24  100 1000000110101010010110000000001111101011000101011011010000001011011000000100100010110001100011000101
2 33  100 1000000101100011001010000110101011101011000101011011110101011010001001001000111101010100100011000101
runNumber 14
genCount 5326
elapsedTime 599.933
unaryHyperVol 193
binaryHyperVol 11.2632
additiveEps 0.947368
entropy 0.509891
archive 14
2
5 22  100 0100010100100101010110010000101000101001110101011001000100000011011000110101100011000011110001110110
2 27  100 0100100110100101010000000000000001101000110101011001000100000011011000110100111010010100000101110110
runNumber 15
genCount 5149
elapsedTime 600.027
unaryHyperVol 224
binaryHyperVol 7.06818
additiveEps 0.545455
entropy 0.504277
archive 15
3
8 18  100 0111000100010101000110000000000000000001000100010001001100011011010000110001100000010100101111110110
4 21  100 0101000101011101010110000000000000101001000110010001010110001011010000111010100010010110101111110110
2 30  100 1111011100101101010111010100000000101000000010010001000110011011110101111010100010010110101011110110
runNumber 16
genCount 5088
elapsedTime 599.932
unaryHyperVol 226
binaryHyperVol 12.0833
additiveEps 0.8
entropy 0.478871
archive 16
4
6 20  100 1101001000101001010001000010101111100100011101011001010100000010101000000001100010001000101110010110
5 21  100 0100001001101001010001000010101100101011000101111010110100011010101000000001100010011000101110110100
3 22  100 1001001000101001010001000011101110101010001100011010110100011011101000000001100010011000101111010110
2 23  100 1101001000101001010001000010101100101010000101011011010000011010101000000001100010010110101110010110
runNumber 17
genCount 5194
elapsedTime 599.945
unaryHyperVol 195
binaryHyperVol 14.9333
additiveEps 1
entropy 0
archive 17
1
2 23  100 0100001000100001011001000010101000101001010111100101011010000011111000000001100010010100001111110110
runNumber 18
genCount 5163
elapsedTime 600.002
unaryHyperVol 271
binaryHyperVol 13.4667
additiveEps 0.9
entropy 0.509891
archive 18
2
4 17  100 1000001000101101100110000010101100101001000101011101010100000000011010111101101110000011101011110101
2 18  100 1000001000101101100110000010101110101001000101011001010100000000001010111101101110010100101011110101
runNumber 19
genCount 5162
elapsedTime 599.946
unaryHyperVol 161
binaryHyperVol 13.4868
additiveEps 0.947368
entropy 0.509891
archive 19
2
6 25  100 0100010100100101011001101111000100001001001101011001010100110011010101000101000001010101100011110101
2 27  100 0110110110100101010100100010100100101001001101010001010000011001101010000000100010010101100011110101
runNumber 20
genCount 5245
elapsedTime 599.8
unaryHyperVol 205
binaryHyperVol 12.3529
additiveEps 0.823529
entropy 0.509891
archive 20
2
3 22  100 1100000100100111111010000010101100101001000101111001011011011000111000000001100000000001011111110101
2 25  100 0010011000100111001110000000001101101001000101011001010100011000011000011111110010010101010101110101
runNumber 21
genCount 5265
elapsedTime 599.966
unaryHyperVol 188
binaryHyperVol 13.2745
additiveEps 0.882353
entropy 0.599401
archive 21
3
8 23  100 0100001111001101010001000001100100101001000101011001110101001001011000110001100010010100100000100100
3 24  100 0100001011100101100001000000100100101001000101011011110100011011111000110011000010001011110000110010
2 25  100 0100001111100101100001000000100100101001010101011000010100011011111000110011000010010100100000100110
runNumber 22
genCount 5182
elapsedTime 600.023
unaryHyperVol 174
binaryHyperVol 12.0833
additiveEps 0.8
entropy 0.509891
archive 22
2
4 24  100 1111010100100101100100000010100100101001000111000000110100011011011000001101100000011000101101110100
2 28  100 1011010100100101100100001000000000101000000101000010000100111011011000001101100000010101101101000110
runNumber 23
genCount 5401
elapsedTime 599.993
unaryHyperVol 163
binaryHyperVol 7.6381
additiveEps 0.566667
entropy 0.472411
archive 23
4
9 23  100 1000011011100101010001010000000000001001110101010001010101010111001010110001110001011011011111110110
8 25  100 1000101110101010010001000000000001101001011101010101010101010111011010110001110010001011011111000101
3 26  100 1010101010100101000001000000000001101001110111010001010101011010001010110001000001001000001111111110
2 38  100 1000101000100000010001010000000101101010010100100000111100011010101011110011010100010101000010011110
runNumber 24
genCount 5192
elapsedTime 599.884
unaryHyperVol 218
binaryHyperVol 13.9286
additiveEps 0.928571
entropy 0.509891
archive 24
2
5 21  100 1000000111100101011010000010101100101001000110011001011000011000010101100001000010000011100100100101
2 22  100 1000000111100101011010000010101100101000000110011001011000011000010101110001100000010111100100100101
runNumber 25
genCount 5323
elapsedTime 599.954
unaryHyperVol 209
binaryHyperVol 7.92
additiveEps 0.52
entropy 0.509891
archive 25
2
3 21  100 1000001010100111010110000010100101101000000110011001010000000000011000010011110010000001101100110101
2 33  100 1001001000100101000110000010100111101011000100011111110001111010101010011111101011010111001101000101
runNumber 26
genCount 5291
elapsedTime 599.916
unaryHyperVol 234
binaryHyperVol 14.9167
additiveEps 1
entropy 0
archive 26
1
2 20  100 1111001010100100010101000010100100101001000101111001010110011011011000110001110001010100101111010101
runNumber 27
genCount 5219
elapsedTime 599.879
unaryHyperVol 183
binaryHyperVol 7.65714
additiveEps 0.571429
entropy 0.472411
archive 27
4
7 22  100 1000011011100101011010000011101100101001001101011011010100111001011000000000100100000000101101000101
6 24  100 1101101010101101010110000110101110101000000101011001010100110001011000000000100100010000101101000101
3 25  100 1000001100100101011010000000101110101001001111011011011100111001011000000001000000000001100100000101
2 36  100 1101001010101111100100010101100110101000001111011011010000111001111000010011000000010100000111010101
runNumber 28
genCount 5238
elapsedTime 599.916
unaryHyperVol 118
binaryHyperVol 13.7045
additiveEps 0.954545
entropy 0.509891
archive 28
2
8 28  100 1001010101000101000110011000000010101001000110001011010011011011010011000001011101000000110111000101
2 30  100 0000100001100100000101000100100000101001000010011011010110011001011001101101011110010100101111000101
runNumber 29
genCount 5549
elapsedTime 600.099
unaryHyperVol 203
binaryHyperVol 13.0769
additiveEps 0.866667
entropy 0.599401
archive 29
3
15 21  100 1111101000010110100111000000000101101001001100010001010000011011010000110001100010010111101111110110
7 22  100 0101001000010110100110000000000100001001101000010001010100011011011000110001101100010111101111111110
2 23  100 1111000100100110101100000000000100101001000100100001010100001011011000110001100010010111101111110010
