OptimalFront
unaryHyperVol 395
Optimal front is obtained by exact method
-------------------------
3
2 9
4 8
5 7
runNumber 0
genCount 5381
elapsedTime 599.999
unaryHyperVol 128
binaryHyperVol 17.902
additiveEps 1
entropy 0
archive 0
1
2 24  100 1010101111011110010000011010001110101010011001000011101011110110011000001110000101101000110111111001
runNumber 1
genCount 5312
elapsedTime 599.975
unaryHyperVol 195
binaryHyperVol 15.4857
additiveEps 0.857143
entropy 0.481574
archive 1
3
12 19  100 1010101100001000100000011001011110000000011011000000100001111101000000000110110100011001100111000001
5 20  100 0000100100001010010000011001011110000000010011000010100001111101001000000110100100101101110000000101
2 21  100 0000100100001010010000011001011110000000011011000010100001111101001000000110100100101101110000000101
runNumber 2
genCount 5347
elapsedTime 599.888
unaryHyperVol 135
binaryHyperVol 15.101
additiveEps 0.833333
entropy 0.529986
archive 2
4
13 22  100 1010101100001000010000011001011111101000011011000001100001111101000111000100100100101001000111010110
12 23  100 1010101100001000010000011001011111101000011011000001100001111101000111000100110000101001000111010110
6 24  100 1010101100001000010000001001011111101000011011001011100001111101100111010110110100101001000111010110
2 25  100 1010101100001000010000011001011111101000011011000001100001111101001011010110100101101001000011010110
runNumber 3
genCount 5428
elapsedTime 600.044
unaryHyperVol 112
binaryHyperVol 12.35
additiveEps 0.68
entropy 0.529986
archive 3
4
6 24  100 0010100100111010011110011010011110101000001011001110101011011101101011000110000100110000111111010001
4 26  100 1100100001000001010000000110011100101000101011001100100001001001101000000110010100111000111111001011
3 28  100 1110100100111110011110011010011110101001111001010010100101001101111001001110000100010001110111000011
2 32  100 0010000010111001000000011010100100000001001010000000101001011101101011110110010000110000000011001101
runNumber 4
genCount 5426
elapsedTime 599.922
unaryHyperVol 105
binaryHyperVol 12.9375
additiveEps 0.75
entropy 0.481574
archive 4
3
6 24  100 0000101100001000101001010010100111000001101001010001100100110001000011000110000100101000010111001001
5 26  100 0000100100001100011101010010100110000000001000110111100000011100010011000110110100101000110001001001
2 31  100 0000101100001001100000010110100110000000001001110011000001000001111011000010100011101010110101101001
runNumber 5
genCount 5256
elapsedTime 599.992
unaryHyperVol 88
binaryHyperVol 16.3095
additiveEps 0.904762
entropy 0.481574
archive 5
3
8 26  100 0110100001001010110101111010100101101000101000110000111001110101110101000110000101101001010111001001
4 27  100 0110101111000111001101110101010010001000101011000000011101011101110101000010000101100100000110001001
2 28  100 0110101100001001100000100101010010101000101000110000101001110100000101000010000101100100000111001001
runNumber 6
genCount 5223
elapsedTime 600.042
unaryHyperVol 156
binaryHyperVol 14.193
additiveEps 0.789474
entropy 0.49717
archive 6
2
3 22  100 0000101001001000010000111001011110101000011000000000100000110001101000000000110100011000000111001001
2 26  100 0000101000111011010000101001011110001000011000000000100000110101101000010010000110100101000111111001
runNumber 7
genCount 5340
elapsedTime 599.965
unaryHyperVol 207
binaryHyperVol 11.0833
additiveEps 0.625
entropy 0.447913
archive 7
4
10 18  100 0000101100001010011110001010101111101000000101000100111101111101000000000110010100100101000111001001
4 19  100 0000101100001010011110011010110111101000000101000100101101111101101011000110010100100101000111001001
3 22  100 0010100000001000011110011110101011101000000101000000101101111101101011000110000100010010110111011101
2 25  100 0110101000000100010000101010101111101000101001000000101101111101101011000110000100010101100111100111
runNumber 8
genCount 5363
elapsedTime 599.877
unaryHyperVol 165
binaryHyperVol 12.0952
additiveEps 0.666667
entropy 0.449615
archive 8
3
5 21  100 0000100101111010011101011010101110000000101011001100100001110111101000110100000110101000100100001011
3 23  100 0010010100111011010101001010101110000000101011001100100001111100101000110110110100101001110010001011
2 28  100 0000100101111011010000010010101111000000101011001100100001110111101000110110010110101000000100011011
runNumber 9
genCount 5234
elapsedTime 600.093
unaryHyperVol 89
binaryHyperVol 15.5143
additiveEps 0.857143
entropy 0.529986
archive 9
4
12 25  100 0110100111001010010101011101010100000000010111010010100101111100101000000110111100101011110011001101
11 26  100 0010100100001000010101000000101110000001010111010010100101111100101000000110001100010010000011001010
6 27  100 0110100101001010010101000101010100000100011011100010011110110101111000000110001100001010000111001101
2 28  100 0110100101000110110000000101010100000000010101010000100101111100101000000110001100101010000111001101
runNumber 10
genCount 5042
elapsedTime 599.639
unaryHyperVol 147
binaryHyperVol 14.9321
additiveEps 0.846154
entropy 0.481574
archive 10
3
15 21  100 1010100100001000010000011010101110001000011010000110010001111101101000010100110101101010110111001001
5 23  100 1010101100001000010000011010101110001000010010000110010001101100101000011010000111100101100111001001
2 24  100 1010101100001100010000010110001110001000011000000010010001111101101000011010000111100101100111001001
runNumber 11
genCount 5187
elapsedTime 599.97
unaryHyperVol 35
binaryHyperVol 17.2441
additiveEps 0.956522
entropy 0.49717
archive 11
2
15 29  100 1101100000111101010000000001010100011001011011010000111101111100001000111010010100101000110111001101
2 30  100 0000101111011001010000000001010101011001011011010000111101111001011010100010000100000100100110001001
runNumber 12
genCount 5278
elapsedTime 599.976
unaryHyperVol 110
binaryHyperVol 15.4083
additiveEps 0.9
entropy 0.49717
archive 12
2
8 24  100 1010101100101110010000011010101101111011011000000011110101010100010000000110000100101000000011001010
2 27  100 1010101100001110010000011010101101111011011000000011110101101000101011010010010100101000000111001110
runNumber 13
genCount 5409
elapsedTime 599.959
unaryHyperVol 192
binaryHyperVol 17.8718
additiveEps 1
entropy 0
archive 13
1
2 20  100 0000100100001010010000011010101110011000011011110000101101111101100101010110001100101011111011111100
runNumber 14
genCount 5313
elapsedTime 599.988
unaryHyperVol 108
binaryHyperVol 15.4127
additiveEps 0.857143
entropy 0.481574
archive 14
3
4 25  100 0000101100001010001110100010111100101001001011010000101101111101111000000010110111010101111101001001
3 26  100 0000101000001010011110010010011100111001111011010000101101011111001000000110111010010001110101001001
2 28  100 0000101100001010010000100010101100101001111011010011110001011001101000000010111001100100010111010101
runNumber 15
genCount 5285
elapsedTime 599.96
unaryHyperVol 76
binaryHyperVol 15.6377
additiveEps 0.869565
entropy 0.481574
archive 15
3
4 27  100 0110100100011111000000100001010000001000010001000000101111111110101000010110000110101000110111010001
3 28  100 0110100100011001011001000110111011011000101011010000001101111111001000000110000111111000100111110101
2 30  100 0010100100111101010000010001010100001011101011000000100101110011001000000110000111101010100111110101
runNumber 16
genCount 5400
elapsedTime 600.015
unaryHyperVol 118
binaryHyperVol 15.3417
additiveEps 0.85
entropy 0.449615
archive 16
3
8 24  100 0010100100001010000001010100110010011001101011000001100101110100101000001010000100101000111001001001
4 25  100 0000100100111010011001000110100100101010000000100000011101011101101000001010100101100000111001001001
2 27  100 0010100100001010000000000110100110101011101011000001000001011101100101000110001100111010111001001001
runNumber 17
genCount 5149
elapsedTime 599.995
unaryHyperVol 190
binaryHyperVol 15.5333
additiveEps 0.866667
entropy 0.49717
archive 17
2
3 20  100 0000100100001010100001000110101100011000011011000000101101111110101010001010100100100100111111001001
2 22  100 0000100100001010100000100010001100011000011011000000101101111110101010001010100100100100111111001001
runNumber 18
genCount 5213
elapsedTime 599.974
unaryHyperVol 148
binaryHyperVol 12.9683
additiveEps 0.714286
entropy 0.49717
archive 18
2
4 22  100 0000100101001001000001010010100010000000011000001000101101111001101000000110101000101000110111011010
2 28  100 0000100100110101010000010110001000001001011000000000100101011101111011000110000110101001110111011010
runNumber 19
genCount 5427
elapsedTime 599.91
unaryHyperVol 106
binaryHyperVol 12.0859
additiveEps 0.708333
entropy 0.485314
archive 19
5
18 23  100 0000101000001010010000101010011110101000011011000100101100111101000000000000110101111111000101000101
12 24  100 0000101100001010010000011010111111101000011011100010101101111010000000000110100000111111000001000001
6 25  100 0000101000001010010000101010011110101000011011000110101100111101000000000000100000111111000100000100
3 27  100 0000101000001010010000011010111110101000011011100010101101111010001001000000010011101101000001001101
2 31  100 0000101101101010110000101010001110101000011011101001101100010110001001000110100000111101010100000101
runNumber 20
genCount 5288
elapsedTime 599.965
unaryHyperVol 192
binaryHyperVol 17.8718
additiveEps 1
entropy 0
archive 20
1
2 20  100 0000101100001100010000011010001110101000111001000011101001011101101000000010000100101001110111001011
runNumber 21
genCount 5278
elapsedTime 600.022
unaryHyperVol 129
binaryHyperVol 13.4641
additiveEps 0.818182
entropy 0.481574
archive 21
3
13 21  100 1010101100101011010000010101011110101001010011000001101101111101101010000010000100100100011111010101
11 22  100 1010001101111010010000000001011110101001010001000000101001110100101010000010000100100100110111000101
2 26  100 1010101100111011010000010101011110101011000101001001101101111101101010000010000100100100011111110111
runNumber 22
genCount 5187
elapsedTime 599.998
unaryHyperVol 121
binaryHyperVol 13.9394
additiveEps 0.772727
entropy 0.481574
archive 22
3
4 24  100 1100100101001010011101000010100110001001010101000001100101111111101000000110000100100000011000100101
3 26  100 0010100101000010010101001010011101111010001011001000001111010101101000000110000100100000000111000101
2 29  100 0010101101000000000000001010110001111000001011001000101111010101101010000110000100101111110111110101
runNumber 23
genCount 5222
elapsedTime 599.844
unaryHyperVol 190
binaryHyperVol 16.6429
additiveEps 0.928571
entropy 0.49717
archive 23
2
4 20  100 1010101100001010010000011010101110101011011000000010101101111111101000110000001011111100110011001001
2 21  100 1010101100001010010000011010101100011000101000000000101101011101111010010110100000011000110011001001
runNumber 24
genCount 5279
elapsedTime 599.997
unaryHyperVol 100
binaryHyperVol 14.0833
additiveEps 0.863636
entropy 0.449615
archive 24
3
8 24  100 0000100100001110010000010110010110101000010011000000100101011100110101110010100100101000010001001001
6 28  100 0010101100000100010001010001010100101001010011010111110101111101000101110010010100101000111111001100
2 29  100 0110100100001110010000010110011101101001011001010001100110111100000101000010100100101000111011001100
runNumber 25
genCount 5393
elapsedTime 599.833
unaryHyperVol 122
binaryHyperVol 14.5417
additiveEps 0.85
entropy 0.449615
archive 25
3
8 23  100 1010101101111010101101111010001100101000001011000000110001111100011000000010100100101100111100001001
6 26  100 1010100101111001001100101010001100101000001010000000111101111100101000000000101000111000000100001001
2 27  100 1010101101101001010000100110001100101000001000000000010001111100101000010010100100101100000100001001
runNumber 26
genCount 5261
elapsedTime 599.934
unaryHyperVol 119
binaryHyperVol 13.3623
additiveEps 0.73913
entropy 0.449615
archive 26
3
4 24  100 0010100100001000001101001010110110111000011001000001101101001101010010110110110100101000110111101111
3 27  100 1010100100011010010001001010110110111010111001000011100001001100001000110110110100001001110111111001
2 30  100 1010100100001100000000001010110110101001011001000001011110100000101010101010000100101000000101111001
runNumber 27
genCount 5360
elapsedTime 600.054
unaryHyperVol 189
binaryHyperVol 15.5556
additiveEps 0.866667
entropy 0.449615
archive 27
3
4 20  100 1110100011000100010001011010101010000000011011000000101101111101101011000110001101100100010111001001
3 21  100 1110100101000111010001001010101010000000011011000000101101111101101011000110001101100100110011001001
2 22  100 0110101100100011000000011010101010001000011011000000101101111101111011000110001100100111110111001000
runNumber 28
genCount 5422
elapsedTime 599.932
unaryHyperVol 172
binaryHyperVol 16.7833
additiveEps 0.933333
entropy 0.49717
archive 28
2
6 21  100 0000101100001011010001010010101110000001111011000001101101001101101000000110010100000101000111101001
2 22  100 0000000000001001110000010010101110000001011011000001101101011101101000000110010100000111000111001001
runNumber 29
genCount 7508
elapsedTime 599.951
unaryHyperVol 141
binaryHyperVol 15.1228
additiveEps 0.842105
entropy 0.49717
archive 29
2
3 23  100 1010100100001010010001001010100001101000011001010010111101110101100101000110001110011100000111001001
2 26  100 1010100100001010110000011010010101011000001000000010111101110101100101000110001110011100100111001001
