OptimalFront
unaryHyperVol 500
2
6 7  100 1000001000100101010001000010001100111001000101011001010100000011010000110001100010001000010111110111
2 8  100 1000001000100101010110000010001100111001000101011001010100101011010000110001100010010100101011111011
-------------------------
runNumber 0
genCount 5260
elapsedTime 599.853
unaryHyperVol 230
binaryHyperVol 18.75
additiveEps 0.9375
entropy 0.509891
archive 0
2
6 22  100 0100001100001100000111110010001100111001000101011111000100101011100000000011100001000000101011001010
2 23  100 0100000110101101001111010010000100111001000101010001010100101011010000000010100101010100101011001011
runNumber 1
genCount 5191
elapsedTime 600.015
unaryHyperVol 214
binaryHyperVol 15.883
additiveEps 0.842105
entropy 0.468496
archive 1
3
11 22  100 0111001000100001010001000110001101110101100001010101111000101010000011010001100010011000101011111011
3 24  100 1100110000100100010001000110001100011001000110010101011001101000010001100001100011001000101010101011
2 26  100 0001101000100110010001001101100100011011000110010001011000101010010001110001100010010100101011111001
runNumber 2
genCount 5344
elapsedTime 599.843
unaryHyperVol 201
binaryHyperVol 16.9579
additiveEps 0.947368
entropy 0.509891
archive 2
2
7 23  100 1000011010100101010110000110001100011001001100011010010100101011100101010011010001110100101011001011
2 26  100 0000001011100101010110110110001111011010100011010111010100101011010100000001000000010100101011001001
runNumber 3
genCount 5153
elapsedTime 599.98
unaryHyperVol 147
binaryHyperVol 14.0321
additiveEps 0.769231
entropy 0.382563
archive 3
5
8 25  100 1011001000100101010110001110000001111001000111010001010000000001110101000011000000110001101011001001
6 28  100 1011001000100101010101110110001001111000001101011000010000000000110100010011000101110001101011001001
4 31  100 1101001000100101010010001110000000000001000110110000100001000011001000001100011001110001101011011001
3 32  100 1011001000101101011010000010100101011001010111010010011110101000001000000001000100110001101000011001
2 33  100 1011001000101101011010000010100101011001010111010010011110101000101101110111000110010111101001011001
runNumber 4
genCount 5266
elapsedTime 599.962
unaryHyperVol 216
binaryHyperVol 13.7955
additiveEps 0.727273
entropy 0.599401
archive 4
3
6 22  100 1001000100100101010010100100001101001001000100011001010100101011010000000101111100000000101010010111
4 24  100 1001000100100101010010100100001101001001101101011001010100101001010000011101011100000000101001010111
2 29  100 1000000100101001010010101001001110111001000100101010110100101011110011011100000100010111101011101011
runNumber 5
genCount 5187
elapsedTime 599.866
unaryHyperVol 194
binaryHyperVol 18.8889
additiveEps 0.944444
entropy 0.509891
archive 5
2
6 24  100 1000011100100101011000000100001111001001001101011000000000000011110000010001100010010101101001011011
2 25  100 1100010000101101000001001010001011001001001101011100011000101011010100110001100010010100101011111010
runNumber 6
genCount 5266
elapsedTime 599.95
unaryHyperVol 277
binaryHyperVol 19.5521
additiveEps 0.75
entropy 0.472411
archive 6
4
8 18  100 1011001000100101110001000010001100110101000111101001011001101010010000000001100000010000010111110111
7 19  100 1011001000100101010001000010001100110101000111101001011001101010010000000101100000010101010111110111
4 20  100 1011001000100101110001000010001100011010000111101001011100101011010000010001100000110001010111110111
3 23  100 1011001000100101110001000010001100011010000111101001011100101011100000010001101010010111010101111011
runNumber 7
genCount 5221
elapsedTime 599.979
unaryHyperVol 236
binaryHyperVol 12.8636
additiveEps 0.75
entropy 0.599401
archive 7
3
5 21  100 1010000101100111011101000000000001000001010101000001010100101011010000111101100010001011101011111011
3 25  100 1010000101100111010001010000010001000001010101100011010100101011010000111101000010001011101011111011
2 29  100 0000001000101110011100010000000001000011010101010001000100101011010000111100111101010101101011011011
runNumber 8
genCount 5208
elapsedTime 600.01
unaryHyperVol 222
binaryHyperVol 10.2321
additiveEps 0.571429
entropy 0.472411
archive 8
4
6 21  100 1100001000100101000101100010000100101001000100010101010100000010011100000101101010110000101011111001
4 24  100 1100001100100101010001100111000100111001000101011001110101000011100100000001100001100001101010111001
3 31  100 1100001000100101000111000111010110101001000110011111011001101010000110000001101111000001101011011001
2 35  100 0010010001101101000111001111111101000011000100011011010100101011010101000101011101010110101000001010
runNumber 9
genCount 5308
elapsedTime 599.914
unaryHyperVol 206
binaryHyperVol 18.8588
additiveEps 0.941176
entropy 0.509891
archive 9
2
12 23  100 1000000011010001010100110010001100101001010101011011010010101011100010100101100010010100101011111001
2 24  100 0000000101100011010110110010001100001001010100011101010010101011101100000001100010010100101011111001
runNumber 10
genCount 5279
elapsedTime 599.937
unaryHyperVol 157
binaryHyperVol 15.8438
additiveEps 0.791667
entropy 0.509891
archive 10
2
3 26  100 0111100101011100011110000010001100111001000101001011010011101011110000010010100010010110101011000000
2 31  100 1101111010101010011100010001000100111001001101001011010001101011110000011111100010010100101001101001
runNumber 11
genCount 7341
elapsedTime 660.426
unaryHyperVol 198
binaryHyperVol 19.9412
additiveEps 1
entropy 0
archive 11
1
2 24  100 0100001000101111110100000010001000011010010110011000110100101011011110110001000010010100101011111000
runNumber 12
genCount 6613
elapsedTime 801.044
unaryHyperVol 232
binaryHyperVol 12.5159
additiveEps 0.666667
entropy 0.472411
archive 12
4
14 20  100 1111001000010101011010000101001101010101001101011001010100101010011100110001100001010100101011001000
7 21  100 0101011000011101011010000001001101110101001101111001010100101010010000111000100010010100101011101001
4 25  100 1111001000010101011010000101001101000001001100100001100100101011011100110001100001010001101011101001
2 28  100 1111001111100010011111000001000100000001001100011001100100101011010010111000100011010100101011011001
runNumber 13
genCount 5158
elapsedTime 600.007
unaryHyperVol 229
binaryHyperVol 15.4603
additiveEps 0.761905
entropy 0.290265
archive 13
6
11 19  100 0100111000100100010110110000000000110001000101010001010000000010010000010001100100010100010111110111
10 21  100 0100111101100001010110010000000000110001100101010001010000000010010000110001010110010100010111110111
9 23  100 0100111111100100000110110000000000110001100101010011010000000010010000110001100100010100010111110111
7 24  100 0100111111100100010110110000000001110011001101010011010000000010010000110001100100010100010111110111
4 25  100 0100001001100000001110110010000000011001110101010001010110101010111001110001100001010100010111110111
3 28  100 1101110011100101001110110010000000111001100101010001010101101010111000110001010100010100010111111001
runNumber 14
genCount 5149
elapsedTime 599.905
unaryHyperVol 304
binaryHyperVol 18.2917
additiveEps 0.916667
entropy 0.509891
archive 14
2
4 18  100 1100001100001100010110000010000000111001001101011001010010101011010000111001100000010100101011011011
2 19  100 0100000100101100010110000010000000111001001101011001010010101011010000111001100001010100101011011011
runNumber 15
genCount 5239
elapsedTime 599.935
unaryHyperVol 252
binaryHyperVol 19.9286
additiveEps 1
entropy 0
archive 15
1
2 21  100 0100011010100101011001000011110000111001000101010001010100101001011100010001101010010100101011111011
runNumber 16
genCount 5198
elapsedTime 600.042
unaryHyperVol 290
binaryHyperVol 11.7368
additiveEps 0.684211
entropy 0.54796
archive 16
4
5 18  100 1000010111100101010000000010000000110101000101010000011000101011011000000001100000001001101011111011
4 21  100 0101110100100101000100000010000000111001000101011000011001101011011100110001000010001000101010101001
3 23  100 1000111110100101000001000010000000011001000101011000011001101011011100100111000010001000101011101011
2 26  100 0100111100100101000100000010000000111001000101010000100000101000101100010001000010010100101010101001
runNumber 17
genCount 5224
elapsedTime 599.988
unaryHyperVol 115
binaryHyperVol 25.9
additiveEps 0.954545
entropy 0.509891
archive 17
2
7 28  100 1100001000100110010101000010001101101010000100011000110100100100000000000111110001000001010101011001
3 29  100 1100111100101101010101000010101100011010000100011011010101101010000010100001110001010100010101101001
runNumber 18
genCount 5142
elapsedTime 599.888
unaryHyperVol 161
binaryHyperVol 21.963
additiveEps 0.666667
entropy 0.509891
archive 18
2
4 25  100 1001001000100101001101011010000000001001000101010001100101000011011000010001110000010101010111001011
3 34  100 1000001000100100001101110101001000101000011101010010110100101001000100000001110100010101010100001011
runNumber 19
genCount 5163
elapsedTime 600.016
unaryHyperVol 212
binaryHyperVol 13.8409
additiveEps 0.75
entropy 0.472411
archive 19
4
6 22  100 1010000001100001011100010001000100110101001101101001010100001011010100010001100010010000101000111001
5 24  100 1100101001100101111000010001011100000001001101111000010100000011010000010001100011010000101000111001
4 28  100 1100001010100100111000010110001110000001000101110001010101000011010011010001010100010100101001101001
2 29  100 1010000100100101111000010001011100000011001111001000111111101001010000010001100010010100101001111001
runNumber 20
genCount 5286
elapsedTime 599.936
unaryHyperVol 167
binaryHyperVol 15.5364
additiveEps 0.772727
entropy 0.472411
archive 20
4
17 24  100 1111001010001101010100010000000100000001100101011010011001101011110000010001100010010101101011111001
8 25  100 0000000000001101010100100111000100000001100111100101000101101011010000000001100000010100101011111000
4 27  100 0000011010001100010100010010000100000001100100111101000001101010110000010001100010010100101011111000
2 29  100 1111010000100101010100110010000100000001100101111100011001101010110001110001101000010100101001111001
runNumber 21
genCount 5166
elapsedTime 600.046
unaryHyperVol 273
binaryHyperVol 13.9514
additiveEps 0.6875
entropy 0.468496
archive 21
3
11 18  100 1111000100010101010100000001001100110100000100011001010100101001010000110110100010010100101011110000
8 19  100 0111000100010101010100000001001100110100000100011001010100101001010000111010100010010111101011111010
2 23  100 1001110100100101011101000101000001111001110101011101010100101000010000110010100010010100101001110000
runNumber 22
genCount 5359
elapsedTime 599.919
unaryHyperVol 261
binaryHyperVol 15.3676
additiveEps 0.764706
entropy 0.472411
archive 22
4
5 20  100 1011001000100001010100111110001100000101000101011001011000101011010100001101001110010100101010111011
4 22  100 0100001001010111011000110010001100000001000101011101010100101011010000010101110110010000101010111010
3 23  100 0100001001010111011000110010001100000001000101010100010100101011010011001101010010010100101010111010
2 24  100 1011001000100001010100111110110100000011000101011001011000101011010100001101001110010100101010111011
runNumber 23
genCount 5148
elapsedTime 599.919
unaryHyperVol 229
binaryHyperVol 16.6806
additiveEps 0.833333
entropy 0.5994
archive 23
3
4 22  100 1000001011100101100100000001000100111010000101100111110101001011010000010011100001010100101011111011
3 24  100 1000001101100001101111000001111100111000000111011101010100101000010100110001100001010001101011111001
2 25  100 1000001011100101100100000001000100111011001111010001000101101011000000010010110001010101101011111011
runNumber 24
genCount 5430
elapsedTime 600.068
unaryHyperVol 129
binaryHyperVol 17.4281
additiveEps 0.869565
entropy 0.5994
archive 24
3
15 27  100 0100000101011101001011000111110001110101000001001101000100101011011000110001101010010100101011000000
3 28  100 0100000101011101001101010110010100001000010101011001000110101011011100110001101010010100101011000000
2 30  100 0100001101101000011011000111111001011001111000010001110100101011001100110001100010010100101011010000
runNumber 25
genCount 5253
elapsedTime 599.851
unaryHyperVol 264
binaryHyperVol 14.4722
additiveEps 0.722222
entropy 0.599401
archive 25
3
4 20  100 1000000111100100011110000010001100011001000100110010010111101010010000011001100010000000101011111011
3 21  100 1000000111100100011110010010001100111001000100110010010111101011010000000001100010010100011011011011
2 25  100 1001110111100100011110100011001100011001000100010001010010101010010000000001000010010111101011111011
runNumber 26
genCount 5077
elapsedTime 600.064
unaryHyperVol 176
binaryHyperVol 16.3636
additiveEps 0.818182
entropy 0.509891
archive 26
2
3 25  100 0100001000100011011110000010001110111000010101011001100110101010010010000010000011100001101011111001
2 29  100 0100000100101110011010000010001111111010010001010111000110101011110010000010101010010101101010111001
runNumber 27
genCount 5244
elapsedTime 599.91
unaryHyperVol 260
binaryHyperVol 14.5278
additiveEps 0.722222
entropy 0.509891
archive 27
2
4 20  100 1000001001100101110110000010001100000001000111010001110101000010011100010001100101000000101010111001
2 25  100 1000001001100101110110100010001010000001000111010001011010101000011100001001101101010100101011111001
runNumber 28
genCount 5219
elapsedTime 599.996
unaryHyperVol 143
binaryHyperVol 15.0764
additiveEps 0.777778
entropy 0.33854
archive 28
6
20 25  100 1110001001100101000101000010001100000000011101010011110100101011100000011101000000000000101001110110
12 26  100 0110001001101100100110000010000100000000010101010011110100101000100010000101100001000000101011111011
6 27  100 1110001011100101000101100010010100000000000101010001110100101011100000001101000000000000101001001001
4 28  100 0110001010101100100111000010010101000000000111010011110100101011100000010001100001110000101011111010
3 30  100 0101001010100101110001100101101110000000011101010011110100101001100000011101100000111000101011111011
2 31  100 0101000101100101000111000010001100000000011101011011110101101001101000010001000101010110101011001001
runNumber 29
genCount 5308
elapsedTime 599.938
unaryHyperVol 208
binaryHyperVol 18.8529
additiveEps 0.941176
entropy 0.509891
archive 29
2
10 23  100 1111001000010101001100010001001100000001001101011001110100101001011100010001100010010100101011001000
2 24  100 1111100000100101111100000010001100000001000101011001110100101001011100010001110011010100101011001001
