OptimalFront
unaryHyperVol 413
4
6 7  100 1000101000010101010000000010001100110101000101011010010100010011010000110001100010001000101011111011
4 8  100 1000101000010101010000000010001100110101000101011010010100010011110000110001100010001000101011111011
3 9  100 1000101000010101010000000010001100110101000101011010010100010011011010110001100010001000101011111011
2 10  100 1000000000000101010000000010001100110101000101011010010100010011011010110000010010001000101011111011
-------------------------
runNumber 0
genCount 5339
elapsedTime 599.976
unaryHyperVol 215
binaryHyperVol 8.83333
additiveEps 0.625
entropy 0.446543
archive 0
4
5 20  100 1001100100010101110101000010001100110101000000010000010111010011001010110001100000001010110111001011
4 25  100 1001100100010111010001001110001100100101000000011010010010000010001010110001100000001010110111001011
3 27  100 1111100100010111010001001110001101100101000000011010010010100010001010110001101010100000010111111011
2 31  100 1101100100110101100000000001101110110101000010000110000100000011001010110000011100101111010111111011
runNumber 1
genCount 5415
elapsedTime 599.876
unaryHyperVol 215
binaryHyperVol 13.2059
additiveEps 0.823529
entropy 0.446543
archive 1
4
6 21  100 1000100100001100010101010000111100110101000111011010110101001011010000001100010011001000101011111011
5 22  100 1000100100000111000101000011111100011101000100011010111000011010010000001100010011001000101011111011
4 23  100 1001100100000101110000001000000000110101000001011010011000100000000000011100010001000000101011111011
2 24  100 1001100100000101110000000000111101110101000100011010010100011110001010011100010001000000101011111011
runNumber 2
genCount 5286
elapsedTime 599.946
unaryHyperVol 224
binaryHyperVol 15.875
additiveEps 1
entropy 0
archive 2
1
2 21  100 0100101000110101010000111010001100110101000101111110010100010111011010110000010101001000001001111011
runNumber 3
genCount 5280
elapsedTime 599.949
unaryHyperVol 155
binaryHyperVol 11.8081
additiveEps 0.777778
entropy 0.509891
archive 3
4
11 23  100 1111001100001001010101010010001100110001100111011010010100010101011010000000010110000100011011001011
9 25  100 1111001100001001000101010010001100110001100111001010010100010101011010000000010110000100011011001011
4 28  100 1011101100111001000001010010001100110000000101111010000100100101101010100000010010000101101011111010
2 29  100 1011101000010110100000110111001100000101000111111010010100100101101010000000010010000101001011111010
runNumber 4
genCount 5287
elapsedTime 599.938
unaryHyperVol 129
binaryHyperVol 11.4643
additiveEps 0.714286
entropy 0.427067
archive 4
3
6 27  100 0000101000000101001100000110101101110101010101101010010010100011011010110000011101111101010100111011
3 28  100 1001100100000101011101001110001110110101010101111010000010100011011010100000011101101101010100111011
2 35  100 0000101001000101010000110110111101010110011111101010001011100011001010110000011101111101101001001001
runNumber 5
genCount 5364
elapsedTime 599.979
unaryHyperVol 228
binaryHyperVol 16.1868
additiveEps 0.846154
entropy 0.427067
archive 5
3
16 18  100 1111011100110101010101000000111100110101000111011010010100010011011010110001100011001010010111011011
9 19  100 0111010100110101010101000010011101100101000111011010010100010011011010110001100011001010010111011011
3 20  100 1111010100010101010101000001001100111101000101110110110111010011011010110001100011001000010111001011
runNumber 6
genCount 5270
elapsedTime 600.023
unaryHyperVol 211
binaryHyperVol 11.8684
additiveEps 0.736842
entropy 0.446543
archive 6
4
6 21  100 1000000000110101010000010101001101110101000101010110010100110100011010010001100010111000101001001011
4 23  100 1000000000110101010000000010001110110111011101010110011110100011110000110100010000011010101011011011
3 25  100 1011000000010101010000010101001110010011011101010110010100110000011010010001100010001000101011001010
2 26  100 1000000000110101010000000010001110110111011101010110011110100011111010000100010000011010101011011011
runNumber 7
genCount 5291
elapsedTime 599.633
unaryHyperVol 175
binaryHyperVol 11.7636
additiveEps 0.772727
entropy 0.427067
archive 7
3
7 23  100 1000000000100100010000000010000100010100000001011010000100010000000000111000000000000000110100111001
4 26  100 1000000000100101010000000001001100111100001101011010010100101111011010111000000110010010010100101000
2 29  100 0100000000010110010000000000001101010101010101000010010111101101011010111100010010000011010101111000
runNumber 8
genCount 5281
elapsedTime 599.734
unaryHyperVol 201
binaryHyperVol 10.0208
additiveEps 0.625
entropy 0.475082
archive 8
2
3 22  100 1000100111010101010101000010000110111101000100001010110000010001011010110101100110001000101001111001
2 31  100 0100100100110010110000001010000110111001010101101010011000010111011010110100010110000001101001101001
runNumber 9
genCount 5366
elapsedTime 600.048
unaryHyperVol 235
binaryHyperVol 14.7857
additiveEps 0.928571
entropy 0.475082
archive 9
2
5 20  100 1000000000010111100000000110001000010101000110101010000100010000010000110101101000111000101011111011
2 21  100 1100000000000101010000100001000000111101000101101010000010010011011010010000010001001000101011111011
runNumber 10
genCount 5894
elapsedTime 599.669
unaryHyperVol 230
binaryHyperVol 9.7875
additiveEps 0.75
entropy 0.478842
archive 10
3
5 19  100 1000101000000101010110100110000100011000010101111010010101010011010000111000010110010000101011111011
3 26  100 1000101000000101111010100100101110111000011111011010010101010011011010011100010001010000101011111011
2 27  100 1000101000000101010000110010001111111100011111010010110110110001001010010000010010000000111011101011
runNumber 11
genCount 8675
elapsedTime 732.523
unaryHyperVol 190
binaryHyperVol 11.5833
additiveEps 0.75
entropy 0.478842
archive 11
3
6 22  100 1000100100001101010001000010001100010001010100010001110010010100010000111001000001000000101001111011
5 24  100 1000100100101101010001000010001100010001010100010001110010100110010000111001000001000000101001111011
2 28  100 1000100100000010100000000001101100000000000110010110011010100111011010000000010010001000001001111011
runNumber 12
genCount 5383
elapsedTime 645.198
unaryHyperVol 238
binaryHyperVol 15.8654
additiveEps 1
entropy 0
archive 12
1
2 20  100 1000000000001001000000010010111100100101000101011010000100100000011010110000010000001000010111111011
runNumber 13
genCount 5279
elapsedTime 600.048
unaryHyperVol 193
binaryHyperVol 13.4211
additiveEps 0.842105
entropy 0.475082
archive 13
2
3 23  100 1000100100010100000001000110010001110101001100011110010100010010011010110000010010001000101011011011
2 26  100 1000100010110100010000011011011100000101101100010110010100010100011010110000010010001000101011011011
runNumber 14
genCount 5388
elapsedTime 599.943
unaryHyperVol 118
binaryHyperVol 13.45
additiveEps 0.84
entropy 0.475082
archive 14
2
4 28  100 1000011100000101000000000110110100110110000100011010010110000000011010110100000101111010010100110000
2 32  100 0111100100000100000000100111110000110101000101000010000100000000011010100100010001001100010100110000
runNumber 15
genCount 5412
elapsedTime 599.933
unaryHyperVol 152
binaryHyperVol 11.5714
additiveEps 0.72
entropy 0.446543
archive 15
4
9 25  100 1000000011001001101101110010011111110111000101100010010100010000011010110000010101000000000011001011
4 26  100 1000000011001001001101110010011111110111000101100010010100010000011010110000010101000000001001001011
3 29  100 1111100011000101011110001010110100100011000101100010010100010010011010110000010101010010111011011011
2 32  100 1111000011000111100000000010111111000001001111011110100101010010001010110000010101010000111011001011
runNumber 16
genCount 5345
elapsedTime 599.976
unaryHyperVol 259
binaryHyperVol 9.77778
additiveEps 0.611111
entropy 0.475082
archive 16
2
3 18  100 1000000000010101000110000010000100110101000101011010000101010011011010110101101101010011001011111011
2 25  100 1000000000110011000000000010010100110101000101011010010100011111011010110000011111110010001010101011
runNumber 17
genCount 5225
elapsedTime 599.898
unaryHyperVol 197
binaryHyperVol 8.74359
additiveEps 0.615385
entropy 0.427067
archive 17
3
8 21  100 1000101000010001010110000010000100111101100101010110000100010011110010111011101101010000001011011011
3 24  100 1000101000010001011110000010000100111101000101010110100100010000011010000000010101010001001011011011
2 33  100 1000101000000001010000000010000111011100001001000010100111110110101010100000010101111111101011001010
runNumber 18
genCount 5141
elapsedTime 600.035
unaryHyperVol 188
binaryHyperVol 7.56333
additiveEps 0.5
entropy 0.410646
archive 18
5
12 21  100 1000101010001001010110000011000100111101000101011010001000010101010000010000010110000100101010011010
5 22  100 1000101010001001010110000011110100010101000101011010001000010100010000010000010110000100101010011010
4 26  100 1100100110010101100000001011110100010101000101011010010100010011000000101100010101000100001011111000
3 29  100 0000101111001100010110000111110101110101000101010010010100010000111010001000010000010001001011101011
2 37  100 0000101111011100010000010111110101110101000010111010110100011000111010001000010000010001001011101011
runNumber 19
genCount 5182
elapsedTime 599.895
unaryHyperVol 218
binaryHyperVol 11.1875
additiveEps 0.7
entropy 0.475082
archive 19
2
3 21  100 1000100101010101010101000011000011110100000101011010010100010001011010101111100010000000001011001011
2 27  100 1000100101110001000000001111000011110101001101011010010100010011011010110000010001111111101000001001
runNumber 20
genCount 5352
elapsedTime 600.002
unaryHyperVol 114
binaryHyperVol 11.9222
additiveEps 0.740741
entropy 0.468496
archive 20
6
12 27  100 0100100100110101010001010010000111110001010111010110010100100000000010111000000101001000101001001011
8 28  100 0000100101100101011001010010000100000101010101010110010101000000000010010001000001001001111001101000
7 29  100 0111100101100101010001010010110000000001011111010110000111100000000000110000010001001000101011001011
4 30  100 0110100100110100010000011010000100000101010101010110000110110001000010010000010101001000101001001011
3 31  100 0000100100110101010001000011110011010101010101010110000100000000101010110000010100011010101001001010
2 34  100 0100100011100001010000010010100000100101010100010010010101101000011010111000010011010000001000101010
runNumber 21
genCount 5260
elapsedTime 599.986
unaryHyperVol 217
binaryHyperVol 11.7111
additiveEps 0.8
entropy 0.478842
archive 21
3
7 20  100 1010000000000110010110000001001100111101000101111010011000010011111010001000010010000100010111111010
6 21  100 1010000000000110010110000001001100101100000101011010011011010011111010001000010010000100010111111011
2 25  100 1010000000000110010000000001001100111100100111101110011000010011111010001000010010000100010111111011
runNumber 22
genCount 5337
elapsedTime 600.044
unaryHyperVol 119
binaryHyperVol 12.4444
additiveEps 0.777778
entropy 0.427067
archive 22
3
4 28  100 1011100101000101010101000101110000111100011111101010010100010000000000010100010001000010011011111011
3 29  100 0011100100000110000101000010000110000001000011000010010100011101011010010000010001001000001000101011
2 34  100 0011101101000110000000000010000110000001000111000010010100011110111010111000010101000010101000101001
runNumber 23
genCount 5416
elapsedTime 599.903
unaryHyperVol 212
binaryHyperVol 11.2625
additiveEps 0.7
entropy 0.475082
archive 23
2
4 21  100 1001101000000101100000000011111100110101001101010110010100011011000000111100011101001010101001111011
2 27  100 1001101000000001010000000011110100110101001101011110010100011001001010011100010001000011111001111011
runNumber 24
genCount 5419
elapsedTime 599.961
unaryHyperVol 178
binaryHyperVol 15.0694
additiveEps 0.944444
entropy 0.475082
archive 24
2
6 24  100 1000000000010100010000000010000000100101001101110110011000001111011001110100010010000100001000111011
2 25  100 0000000000010101010000000100001101011101001101011010000000010110011010010000010010000100101000111011
runNumber 25
genCount 5218
elapsedTime 599.995
unaryHyperVol 117
binaryHyperVol 14.0208
additiveEps 0.875
entropy 0.475082
archive 25
2
5 28  100 1000000011000101000000000101001100010101011100000010110100010001010101010000010001011100101001111001
2 31  100 1000100011000101000000000110000101010111010011010110000000010001011010010000011001111100001011111011
runNumber 26
genCount 5482
elapsedTime 599.803
unaryHyperVol 170
binaryHyperVol 13.6625
additiveEps 0.85
entropy 0.475082
archive 26
2
6 24  100 1000000000000001010110000011001001111100000111011010010000010011011010000000011010000111011001000000
2 27  100 1000100010000011000000110110111111111101000101010010010100010001101010110000010010000111010111001011
runNumber 27
genCount 5218
elapsedTime 599.873
unaryHyperVol 205
binaryHyperVol 22.1618
additiveEps 0.823529
entropy 0.475082
archive 27
2
4 21  100 0101000000010101011100000111010000111101000101010010010101010010011010110001100001001000001011111011
3 24  100 0101000000010101010000000111010000111100000101010010010101010111011010110001100001100100101001111011
runNumber 28
genCount 5276
elapsedTime 599.996
unaryHyperVol 113
binaryHyperVol 11.3492
additiveEps 0.714286
entropy 0.427643
archive 28
6
16 26  100 1100101000110101010000000001001100111000001101000110110100000010010000010100010010101010101001001000
9 27  100 1100101000010101010000000001000100010111010101000110110101001010010000110100010011001000101001000000
6 29  100 1011101100110101010000000010111100110111010101000110111101010000010000001100011000101010001001110000
4 31  100 1011101100110101010000000010111100010000101001011110010101001010000000010000010101000001001001110000
3 33  100 1001100100110101010010001011010010111100011011001010010110000001011010101000010000010000101000110000
2 34  100 1101100001110101010000000010110010110111011101001010010110000001011010101000010000000010001001000000
runNumber 29
genCount 5679
elapsedTime 599.807
unaryHyperVol 164
binaryHyperVol 9.33791
additiveEps 0.653846
entropy 0.447327
archive 29
5
16 22  100 1000000001010100010001110111110101110101100101010010010100010111011010110001100010101000111011111011
11 24  100 1100000001010101011001110111111100110001000111011010110001010001011010110001100110101000101011101011
4 25  100 1000000001010000100000011101111111110101100111011010110000010011011010110001100110101000101011101011
3 26  100 1000000001010110100000110111110101110101100101010010010110011111011010110001100010000011111011111001
2 33  100 0100000001010101010000100111110000110101101101010010010100111111011010110100011101010001111001001000
