OptimalFront
unaryHyperVol 399
3
6 8  100 0101000000010101111111011110110011000011101010011110110001001011001110000101101011000000000001000001
4 9  100 0101000000001001111111011110110011000011101010011110110001001011001110000100011011010100000001000001
2 10  100 1001101000001001111111011110110011000011101010011110110001001011001110000100011011010100000001000001
-------------------------
runNumber 0
genCount 5251
elapsedTime 599.853
unaryHyperVol 92
binaryHyperVol 14.8261
additiveEps 0.869565
entropy 0.481574
archive 0
3
9 28  100 0101101001110101111011011010110011001111101110011110110110001000011010000000011111110100100001010011
5 29  100 0111101000010101100001011010110011001111001010011110110111101011001110111011100000110100100101010011
2 31  100 0110101000110100100011110010000011001111101010011110111100001000010010001100010100010110000001000010
runNumber 1
genCount 5441
elapsedTime 599.974
unaryHyperVol 199
binaryHyperVol 13.8571
additiveEps 0.8125
entropy 0.449615
archive 1
3
9 21  100 0101000000001001111111010010110011110010100010011010001101100111001100100100010000000001101101000001
4 22  100 0101100000001001111111011110110000110111101110010010110000111110001110100100011000110001101101000001
2 24  100 1011101000001001111111001110100000110011101110011010001001100011010110000100011000010100101101000001
runNumber 2
genCount 5394
elapsedTime 599.966
unaryHyperVol 131
binaryHyperVol 13.1818
additiveEps 0.772727
entropy 0.447913
archive 2
4
15 25  100 0101000000010001000001010011000011010011001010011100110001001100011010000100010000110100101101000001
4 26  100 0101100000010101111101010101000011010010001010011110111001101011011110010100010100010101101101000001
3 28  100 0001010100010110010101010110011001000011011010011010111001001011011110010100010010010100101101000001
2 30  100 0101101011000111000101010101000001001011010110011010110001001011101110010100010100010100101101001101
runNumber 3
genCount 5358
elapsedTime 599.842
unaryHyperVol 206
binaryHyperVol 14.7
additiveEps 0.866667
entropy 0.49717
archive 3
2
4 21  100 1110000011000001111100011110110011000001000000011110110000000110001110100100011000010001101101000001
2 23  100 1010101010101011011101111110110011000001100000011110110000000110001110010100011000010100000001000001
runNumber 4
genCount 5289
elapsedTime 599.804
unaryHyperVol 202
binaryHyperVol 10.8363
additiveEps 0.684211
entropy 0.449615
archive 4
3
11 20  100 0111101000111111111101010010110011010011100000010010110001001011001110001000011011001000000000000000
3 22  100 1111101000001111000001010000110111000011100000011010110001001011001110001000011011001000000011000000
2 27  100 1111101000001110001101010101110011100011100000011010110001001011001110001000010010010101000010100000
runNumber 5
genCount 5190
elapsedTime 600.019
unaryHyperVol 117
binaryHyperVol 14.6477
additiveEps 0.863636
entropy 0.49717
archive 5
2
3 27  100 1000101011101001110011011110000101011000001110010110100001001011001110000100011000100001000001110001
2 30  100 1000101010001000110011001111011000010011000000010110100111001111001110000100010111010111000001111101
runNumber 6
genCount 5398
elapsedTime 599.864
unaryHyperVol 149
binaryHyperVol 15.1481
additiveEps 0.888889
entropy 0.481574
archive 6
3
17 24  100 1000101000111100111101000111110001000011100000011110110001011000110101010100011011010100000001000101
3 25  100 0011101000011101010001001110010011110011100000011110010001010011111110000100011011101010101001000001
2 26  100 1001101000111111111101001110010011110011100000011110110001011001001010000100010111010110101000000111
runNumber 7
genCount 5290
elapsedTime 599.984
unaryHyperVol 210
binaryHyperVol 16.8846
additiveEps 1
entropy 0
archive 7
1
2 21  100 1001101000001101111101010110110011110011001010010010000001101011001110000000010001010100000001000001
runNumber 8
genCount 5363
elapsedTime 599.831
unaryHyperVol 132
binaryHyperVol 11.2308
additiveEps 0.653846
entropy 0.506429
archive 8
4
6 25  100 1101000000110100001111011100110000110111010110010010101001001010011110000101000100000001000001000001
4 26  100 1001101010011001001110010000010011110010100000010010110011001110001110100010001111000001000001000001
3 32  100 1001101000101001011111111100110000110111010110010110101011001110101110010000010001010001000001001001
2 34  100 1001101001101111001111000011010000111111010000010010000101001010001110101100010000010101000011010001
runNumber 9
genCount 5376
elapsedTime 599.864
unaryHyperVol 181
binaryHyperVol 12
additiveEps 0.7
entropy 0.481574
archive 9
3
5 22  100 1010101000001001111011101101110011100001011010010110111001001011011101000100011011110001101100100001
4 24  100 1001101000001011111111101101110011001000111110010010010101001011011101010000011011010110101111000001
2 28  100 1001101010001111111011100101010011000000011010010010010001001011011110001100011010010110101111100001
runNumber 10
genCount 5515
elapsedTime 599.979
unaryHyperVol 165
binaryHyperVol 16.9062
additiveEps 1
entropy 0
archive 10
1
2 24  100 1001101010010101111111011111110011000111100000010110111101001000011110010000010100010100000001001001
runNumber 11
genCount 8127
elapsedTime 683.587
unaryHyperVol 176
binaryHyperVol 17.0711
additiveEps 0.866667
entropy 0.481574
archive 11
3
17 21  100 0101000011000001111100011111110011110101101010011110100001001011110010000001101010010100000000110001
9 22  100 0101000011000001110100001111110011100011101010010110110011011011101010001001101011010100000000110001
3 23  100 1001101001010100110000001111110011000011101010011110110011011000111110001001101111010100000001110001
runNumber 12
genCount 5225
elapsedTime 646.702
unaryHyperVol 71
binaryHyperVol 14.3654
additiveEps 0.846154
entropy 0.49717
archive 12
2
3 30  100 1011101010010001001101000010010000000011101010010110000001111001001110110000011011010001000010101101
2 34  100 1001101010111100010010001011010000111111101010011110110101110001000110110100011001010111000001101101
runNumber 13
genCount 5229
elapsedTime 599.993
unaryHyperVol 76
binaryHyperVol 19.7619
additiveEps 0.875
entropy 0.449615
archive 13
3
9 29  100 1111101000111001110100111110110100010011100010011010110001000100011010010100010000111000101001110001
4 30  100 1111101000111001110001111011111100010011100000011110000001000100011110110100010100001000011000011001
3 32  100 1111101000111001110001001010111000101001000010011110000001000100011110110100010100001000100001011001
runNumber 14
genCount 5362
elapsedTime 599.946
unaryHyperVol 139
binaryHyperVol 10.75
additiveEps 0.62963
entropy 0.481574
archive 14
3
4 25  100 0111100000010101000111010010110011100111010000001110000001000100000110000101101011010101000000000000
3 26  100 0001101000010101000111010010110011100111011010001110000001001100000110001001101011010101000000000000
2 35  100 0001101011000011011111110010110011100111011010010110100000001101011010100000010101010101100000000000
runNumber 15
genCount 5340
elapsedTime 599.976
unaryHyperVol 246
binaryHyperVol 10.6719
additiveEps 0.625
entropy 0.449615
archive 15
3
4 18  100 1001101000010101111111011101110011010011100000111010110001111011001110000101100011010100011001001001
3 21  100 1001101000010101111111011111001111001011110000111010110011011011001110000001101011010100011001000001
2 24  100 1001101001010101111111011101110011010011100000101010100001111111000110000100010111010100000010000000
runNumber 16
genCount 5301
elapsedTime 600.024
unaryHyperVol 101
binaryHyperVol 18.1182
additiveEps 0.863636
entropy 0.449615
archive 16
3
12 27  100 1000010100000000011101011101111000010001000010011110110001001011110000000000011111110000100001000001
4 28  100 1011010111000000010101111110110100010111101010011110110001001011110000010100011111110000100000000001
3 30  100 1000010100000000010101011101110000001101000010001110110001101011000000000000011111110001100010000001
runNumber 17
genCount 5316
elapsedTime 599.933
unaryHyperVol 102
binaryHyperVol 14.75
additiveEps 0.869565
entropy 0.49717
archive 17
2
3 28  100 1001101000100001111010011101000011111011101010011110110000011111001010010000010101000001101101111101
2 31  100 0101101000110001111111010000110011010001101110010110111100011010000010001000010110010101101100111101
runNumber 18
genCount 5335
elapsedTime 599.965
unaryHyperVol 178
binaryHyperVol 23.375
additiveEps 0.875
entropy 0.481574
archive 18
3
6 22  100 1001101001100001011101010110111010000011000000001110000001001011101110000101100111010000011101001101
4 23  100 1101101001010101111101000110000011000011000000010110110001001010001110000101100111010100010101100101
3 24  100 1101101001010101111100000110000111000011000000010110110001001010001110000001101011010100010101100101
runNumber 19
genCount 5292
elapsedTime 599.933
unaryHyperVol 198
binaryHyperVol 10.5952
additiveEps 0.619048
entropy 0.449615
archive 19
3
5 21  100 1001100011000010110000011110110011100000110000001110110001111011111110000100011000001000101110100001
3 23  100 1001101000001010110001011110110111100000110000001110110001111011110110100100011000001000101110100001
2 29  100 1101101011000110110000011100110011001000110010001110110001001111111010000100011001010100100110100001
runNumber 20
genCount 5406
elapsedTime 599.964
unaryHyperVol 130
binaryHyperVol 14.5595
additiveEps 0.857143
entropy 0.481574
archive 20
3
4 26  100 1000010100011001000100010100110010110011100000011110000001001011000000011000011011010111100101100001
3 28  100 1000011001011101010100010100110010110011100000011110000001001011000000011000010011010111101101100001
2 29  100 0010101001011101011100011000110000111111010000011110000001001011000000011000010011010111101101000001
runNumber 21
genCount 5170
elapsedTime 600.02
unaryHyperVol 164
binaryHyperVol 12.6725
additiveEps 0.789474
entropy 0.481574
archive 21
3
11 22  100 1001000011000011111100010110010111000001001010011110110001001011110110100100011011010000100001000000
4 25  100 0001100011000101010100010110110011001111001010011110110001000111110010100000011011010100100001000000
2 27  100 1001101000010111010100010110110011001111001010011110111001000111010010100000011011010100000001001000
runNumber 22
genCount 5268
elapsedTime 599.948
unaryHyperVol 178
binaryHyperVol 9.50568
additiveEps 0.727273
entropy 0.431679
archive 22
4
10 20  100 1001100011000001001101011110100100111011101010111110110001001011001110000101101001010001000000000001
5 25  100 1001100011000011110101011110010000000111001010110010110001011011001110100101101000000001100100101001
3 26  100 1001101000100001001101010110100100111011101010111110110001001011001110000100011100010001100100000001
2 30  100 1001101001000011110111011110100100100111101010101110111000001011001110001000011100010101100000101001
runNumber 23
genCount 5381
elapsedTime 599.845
unaryHyperVol 108
binaryHyperVol 12.98
additiveEps 0.76
entropy 0.49717
archive 23
2
4 27  100 1011100011000001111101010101110001011111111010011110111101001111000110001100011011010101000011111001
2 33  100 1110101001110101111111010101100000010111011110001110101001001001100010001100011011010101100101100001
runNumber 24
genCount 5298
elapsedTime 599.934
unaryHyperVol 205
binaryHyperVol 12.2639
additiveEps 0.722222
entropy 0.49717
archive 24
2
3 21  100 1001101000010101110100011110111011000011101010011110000001001101001110000110101110010111101101000010
2 26  100 1001101000010101101100011110010011100000100000010010100001001101000110000100010100010100100101000000
runNumber 25
genCount 5319
elapsedTime 600.097
unaryHyperVol 199
binaryHyperVol 9.66304
additiveEps 0.565217
entropy 0.481574
archive 25
3
4 21  100 1001101000010101100000010000110001000001100000011110110001001011000010000101101011010100010011001001
3 22  100 1001101000010101000001011101110111101110101010101110110001001011010010000101101001011000000001001001
2 31  100 1001101000010101100000010000110001111101110000010010010001011010000110001000011111010100000011001001
runNumber 26
genCount 5107
elapsedTime 599.754
unaryHyperVol 146
binaryHyperVol 11.9068
additiveEps 0.714286
entropy 0.449615
archive 26
3
9 24  100 1001101000001001010111110110110011000000100010010110111001110100010001000000011011000001000000000001
3 26  100 1001101000001101011111010111111011000101100000011110111001010100000110010000010111000001101001000001
2 31  100 1001101000000001010111010110110011001111010000001110111000110110010010010000010010010101100000000001
runNumber 27
genCount 5323
elapsedTime 599.922
unaryHyperVol 137
binaryHyperVol 11.63
additiveEps 0.68
entropy 0.447913
archive 27
4
6 25  100 1001000001001100111100010101111111000001010000010110110001010111001101000100010011010001100100111101
5 26  100 1001101010001100111100011101111111000001010000011110111001011011011101000100010011010001100110110101
3 27  100 1001101010001100111100011101111100000011000000011110100001111000001110000100010011010001100100110101
2 33  100 1000101000101110001001011100111111000001010000011110101001011111100110110100011111010101101110110101
runNumber 28
genCount 5335
elapsedTime 600.05
unaryHyperVol 169
binaryHyperVol 10.5652
additiveEps 0.695652
entropy 0.449615
archive 28
3
6 22  100 1001101011100001111111010000110000001111100110011110110001011011001110000101101111010101101001011101
4 26  100 1000101000010000001101010001000000001011100110011110110001011011001110001101101011010101101101110100
2 31  100 1001101011100001001100010011110000001111100110011110010001011111110110001100010111010101101001011101
runNumber 29
genCount 5620
elapsedTime 599.85
unaryHyperVol 100
binaryHyperVol 16.181
additiveEps 0.952381
entropy 0.49717
archive 29
2
7 28  100 1001101001001000010010011100000111100011000110011100000001111011110000000000011000010000101001000001
2 29  100 1001101001001000010010101100110101100011000110011110100001101011110000010000011011010100101100000001
