START at Tue Sep  3 16:01:33 2013

genCount 1
1
277.18 277  200 11101010001100011000110001000111101001100010000110000101000001111110010011111100000000010001001010010001001010101110011101100010000100011010000110101011001011101001111010100000000010001010000010111000
genCount 2
1
275.18 275  200 01000101100100001001100010100011010101101011110011001111011000001110111011010011110010101010001110000000110110111001110010100001110101111110111010100001100111000101010100010111101100001010110110100100
genCount 3
1
262.17 262  200 11101010001100011000110001000111101001100010000110000101000100001010000010011000010101001101110010000000001010101110011101100010000100011010000110101011001011101001111010100000000010001010000010111000
genCount 4
1
247.16 247  200 10001011010101000000000000111000011111000110111011100111101011001110011101011111111011000111100110101101000000011010001011000011011011011010011001100010010110010110010110101001110101111100100011000001
genCount 5
1
245.16 245  200 01000101100100000001100000111000100010011110100110110100110100100101011111111011001000010001001010010001001010101110011101100010000100011010000110101011001011101001111010100000000010001010001010100100
genCount 6
1
230.15 230  200 11000101100100001000001001110011010101101011110011001111001000001110101100100100000000010001001010010001001010101110011001100010000100011010000110101011001011101001111010100000000010001010000010111000
genCount 7
1
200.13 200  200 11000101100100001000001001110011010101101011110011001111001000001110100010111000010101001101110010000000001010101110011101100010000100011010000110101011001011101001111010100000000010001010000010111000
genCount 10
1
185.12 185  200 01000101100100001000001001110011010101101011110011001111001000001110100010111000010101001101111110000000001110111010110100001111100101011010000110101011001011101001111010100000000010001010000010110100
genCount 11
1
172.11 172  200 11000101100100001000001001110011010101101011100011000111011000001110011011010011010101001101110010000000001010101110011101100010000100011010000110100011001011101001111010100000000010001010000010111000
genCount 12
1
157.1 157  200 11000101100100001000001001110011010101101011100011000111011000001110011011010011010101001101110010000000001010101110011011000011011000011010000110100011001011101001111010100000000010001010000010111000
genCount 14
1
142.09 142  200 11000101100100001000001001110011010101101011100011000111011000001110011011010011010101001101110010000000001010101110011101000010000101011010000110101111001011101001111010100000000010001010000010111000
genCount 16
1
127.08 127  200 01000101100100001000001001110011010101100110110011000111001000001110100010111000010101001101110010000000001010101110010100000010000101011010000110101111001011101001111010100000000010001010010010110100
genCount 19
1
125.08 125  200 01000101100100001000001101110011010101100110110011000111001000001110100010111000110101000101110010100000001010101110011111000010000101001010000010101011001011101001111010100000000010001010000010110100
genCount 20
1
112.07 112  200 01000101100100001000001001110011010101100110110011000111001000001110100010111000010101001101110010100000001010101110010100000010000101011010000110101111001011101001111010100000000010001010010010110100
genCount 23
1
97.06 97  200 01000101100100001000001001110011010101101010100011000111111000001110100011011000010101001101110010000000001010101110010100000010000101011010000110101111011011101001111010100000000010001010000010110100
genCount 29
1
82.05 82  200 01000101100100001000001001110011010101101010100011000111111000001110100011011000010101000101110010000000001010101110010000000010000101011000000110101011001010101010111010100000000010001010000010110100
genCount 35
1
67.04 67  200 01000101100100001000001001110011010101101010100011000111111000001110100010011001110101010111110010100000001010101110010110000010000101011100000110101111001010101010111011100000000010001000000010110100
genCount 39
1
65.04 65  200 01000101100100001000001001110011010101101010100011000011111000001110100011011000010101000101110010100000001010101110010110000010000101011100000110101011001010101010111010100000000010001001000010110100
genCount 52
1
55.03 55  200 01000101100100001000001001110011010101101010100011000000111000001110100011011000010101000101110010100000001010101110010110000010000101011100000110101011001010101010111011100000000010001010000010110100
DONE after 53 generations.
Finished computation at Tue Sep  3 16:01:39 2013
elapsed time: 6.01947s
